8.770454798970263033e-01
8.872057256440609718e-01
8.985568497421130285e-01
8.954142495304250327e-01
8.959486456678732447e-01
9.026083784797216403e-01
8.973134018873376583e-01
8.875282493747640444e-01
8.922307578836019548e-01
8.923610737225946554e-01
9.278433177493345951e-01
9.100970777398348366e-01
8.958246678344804481e-01
8.879860952423423992e-01
8.898730207813264625e-01
9.154910702507236264e-01
9.043218081102840644e-01
9.229430075751230422e-01
9.110265779577798595e-01
9.004742622190426982e-01
8.868333239560887149e-01
9.236973253043562204e-01
9.020680624278115678e-01
9.081985657088792463e-01
9.152805634514815658e-01
9.399716372456150548e-01
9.265965133680146293e-01
9.019985641782458652e-01
9.197655724380109366e-01
9.197335734701380661e-01
9.125678145659854579e-01
9.136132356932438192e-01
9.238358230864129883e-01
9.089336172525933621e-01
9.346292274005320033e-01
9.229542277390130334e-01
9.100172707818892093e-01
9.224269395858781806e-01
9.188762870085471768e-01
9.257158244324987795e-01
9.235271854948591264e-01
9.224976586730396777e-01
9.225481276355204097e-01
9.303246568370157066e-01
9.206965026879033731e-01
9.149838415443641848e-01
9.294798891179606448e-01
9.326541176987470649e-01
9.262793339407690008e-01
9.309540106189517772e-01
9.297442770890755881e-01
9.270678933646092634e-01
9.228072230198666182e-01
9.130326621606777993e-01
9.358438914125112307e-01
9.377377992531424900e-01
9.255102015464266030e-01
9.161178253359624213e-01
9.284696714757455505e-01
9.290159827199123699e-01
9.256564139654157586e-01
9.232488686767191810e-01
9.187377020836801078e-01
9.075988557595365824e-01
9.253707044996117848e-01
9.247273631145468409e-01
9.244387881291032949e-01
9.269615920558875732e-01
9.253118439614316237e-01
9.265043048090566558e-01
9.320997015210896741e-01
9.236964447724014260e-01
9.271406220433364709e-01
9.305057846539053212e-01
9.336742721567260483e-01
9.305139751670832293e-01
9.242622003990434987e-01
9.223722582789478652e-01
9.256005485559871682e-01
9.272602728399516048e-01
9.340301333476062062e-01
9.227242355914946348e-01
9.230887289463421963e-01
9.278866429345639100e-01
9.384014890893584981e-01
9.436701236267505122e-01
9.290771922724782028e-01
9.304395030036348713e-01
9.352241989888960827e-01
9.259302280029317878e-01
9.257673779115084267e-01
9.382149831969508469e-01
9.313225868860993684e-01
9.388749397940735486e-01
9.320665225405535548e-01
9.307511148781570931e-01
9.164174954121088179e-01
9.350045712252136321e-01
9.364746959248090308e-01
9.336061031877356253e-01
9.376947515124459676e-01
9.374524268777729707e-01
9.256962612710134541e-01
9.342272570615910432e-01
9.363273480596159271e-01
9.326033523695811400e-01
9.315603394221523281e-01
9.349241095778273447e-01
9.378097375451502904e-01
9.342648309922904071e-01
9.378693237298965091e-01
9.242834493857546851e-01
9.200321902839929677e-01
9.322311264509938189e-01
9.254158402104899483e-01
9.351510948042563998e-01
9.375063964055356802e-01
9.379504887655270018e-01
9.326895782445399075e-01
9.419207883445936957e-01
9.350721868232121370e-01
9.383073921976544662e-01
9.367308811391310552e-01
9.340145764726969224e-01
9.268111344166857224e-01
9.439985475778466251e-01
9.436299536590319059e-01
9.292822145184341798e-01
9.345629785729617778e-01
9.230084137683338685e-01
9.336125048696111151e-01
9.412937400504339802e-01
9.317974126826084058e-01
9.252163473088518275e-01
9.317305881257476052e-01
9.444090775876567978e-01
9.303005101266644816e-01
9.379613246990003983e-01
9.252543657954950262e-01
9.356553148528360397e-01
9.305971254044871355e-01
9.389561536369015471e-01
9.238189258140522275e-01
9.392744163065532836e-01
9.348368037975616218e-01
9.346642327512997284e-01
9.346649056932924138e-01
9.412715953756024545e-01
9.413950820084395765e-01
9.286583928441385360e-01
9.338372749212047186e-01
9.270302963676310126e-01
9.286142636684275864e-01
9.290579648310206551e-01
9.419713823272206632e-01
9.464547750629113132e-01
9.321746022869658033e-01
9.332613704788644826e-01
9.329226115233787420e-01
9.478531184206960836e-01
9.360824410134677143e-01
9.498505985420427900e-01
9.475538500058003910e-01
9.346506236741773943e-01
9.287220347714086888e-01
9.426665734856931600e-01
9.324824678773776521e-01
9.447067257946479835e-01
9.341574692384142509e-01
9.356422821589340799e-01
9.414055899411063466e-01
9.453221805531422106e-01
9.447138535551519167e-01
9.359390612548657007e-01
9.332784127848816613e-01
9.304533013042814993e-01
9.405392470931183135e-01
9.385885315574075127e-01
9.382137597272142138e-01
9.261694830952165169e-01
9.359037021436236170e-01
9.357758422551780697e-01
9.323409973439200638e-01
9.500450456566775781e-01
9.372480239631832966e-01
9.202632918232854786e-01
9.414513423617456578e-01
9.313797389077937972e-01
9.403399205234636016e-01
9.254082585092214819e-01
9.385991105821718250e-01
9.347124373096555860e-01
9.385646459891279214e-01
9.368406770156115781e-01
9.374049247158174891e-01
9.429361488010319370e-01
9.364726326884819096e-01
9.448013648050005431e-01
9.449119370169227761e-01
9.398194418623575519e-01
9.343048525993020714e-01
9.364429773081585084e-01
9.397028234934944324e-01
9.352157885885706845e-01
9.504870757342135379e-01
9.320136449138501922e-01
9.420655087623639456e-01
9.412822738463413330e-01
9.281640084723972173e-01
9.400578748374486260e-01
9.426283961736762196e-01
9.427731274098297698e-01
9.419790624898038978e-01
9.400982641812011265e-01
9.451487713650531530e-01
9.387246192933456079e-01
9.374427939736138526e-01
9.393660747230286878e-01
9.367450106790201625e-01
9.414218444715725109e-01
9.404752187775652361e-01
9.339242520955047810e-01
9.475341797683366485e-01
9.367561839749315444e-01
9.279013198813913510e-01
9.276719204046767198e-01
9.296444106823282816e-01
9.356976700349067810e-01
9.494424308306698146e-01
9.291696077013124055e-01
9.441152243681645295e-01
9.483782209263567076e-01
9.371114326999634425e-01
9.421869014228283490e-01
9.451753092750450058e-01
9.433014974049305224e-01
9.438652633739772480e-01
9.325541962284860098e-01
9.383132174385064861e-01
9.478725429236136701e-01
9.294960151381408409e-01
9.413000141993450587e-01
9.414510063183915145e-01
9.432655409238783761e-01
9.352060603708494124e-01
9.417036568034364841e-01
9.334168938269782334e-01
9.494261278984315044e-01
9.434615036434376156e-01
9.431870000728889147e-01
9.448983637737444763e-01
9.416616622551231552e-01
9.445973952749041613e-01
9.394791592172155870e-01
9.409112699075887765e-01
9.314864715249281391e-01
9.333398940818704581e-01
9.323354470336084887e-01
9.328416382327706646e-01
9.345353369531969046e-01
9.357009845121514457e-01
9.354823787502839494e-01
9.384112173617463748e-01
9.407089634296263991e-01
9.351724571662952679e-01
9.402126487996211868e-01
9.353534209992944159e-01
9.419162470917021857e-01
9.401730553815010882e-01
9.362149213313476492e-01
9.300118486283557306e-01
9.423340950492585799e-01
9.461728433171495700e-01
9.387807584060002819e-01
9.315759192459974747e-01
9.366558112355353183e-01
9.412376799705967079e-01
9.309418573342714831e-01
9.414127165590366886e-01
9.380102939003136520e-01
9.326840589050452435e-01
9.378295633937916431e-01
9.360081482039072087e-01
9.425166000837665869e-01
9.315401522312426463e-01
9.289015870998537094e-01
9.341826951484658581e-01
9.366298579234920707e-01
9.416051766021844571e-01
9.408329201125852359e-01
9.347943331547048373e-01
9.366402229269926716e-01
9.274650802555681750e-01
9.364316754132410159e-01
9.378023692241845843e-01
9.419179560101729187e-01
9.446220812962857760e-01
9.330847619500843848e-01
9.420516376287472182e-01
9.374696681142864474e-01
9.369764796826635100e-01
9.435283103836233920e-01
9.304375501246182623e-01
9.402918037997511913e-01
9.408348747356503061e-01
9.309134299813861535e-01
9.429659701113561887e-01
9.406476080324128741e-01
9.303421149613665397e-01
9.419691654990103302e-01
9.426704616555808824e-01
9.474961812071646117e-01
9.430449975439226806e-01
9.336455110071155694e-01
9.390403948724624916e-01
9.401204892504414490e-01
9.323791436419354151e-01
9.483469593014447474e-01
9.448744502706685200e-01
9.364440824540349873e-01
9.341179273281380313e-01
9.277412800779256674e-01
9.353890638393390633e-01
9.293026555711469960e-01
9.429562687346588756e-01
9.387829452897673566e-01
9.357229012547131353e-01
9.418366689402278835e-01
9.280345285964163304e-01
9.372715353674883065e-01
9.404664622699996368e-01
9.350983733964091105e-01
9.469404303305245518e-01
9.373060200126327457e-01
9.381737563418355297e-01
9.410380797301884925e-01
9.411062546287738417e-01
9.368413680734803961e-01
9.433092796753860254e-01
9.482823563008547785e-01
9.391105220923043895e-01
9.383819297057862663e-01
9.457975627120730477e-01
9.501423332435899871e-01
9.344197620139849114e-01
9.306728494605104318e-01
9.345337350429586687e-01
9.422899721545482388e-01
9.410838336294107265e-01
9.447083785697543146e-01
9.342007784010047944e-01
9.336657541372153091e-01
9.450721931744167081e-01
9.457734861228749290e-01
9.533205711350559719e-01
9.468500587355872522e-01
9.320998801106948894e-01
9.463246541584928728e-01
9.389210096949878182e-01
9.280745087840501784e-01
9.395134734403862709e-01
9.359757102816103069e-01
9.452124430434685198e-01
9.413122936135464025e-01
9.362413493155237187e-01
9.355998451404484717e-01
9.407457044087813580e-01
9.320951961300543154e-01
9.435686633413321589e-01
9.401351168760051502e-01
9.432255612222653074e-01
9.297062188104230351e-01
9.447956935713439641e-01
9.447000830824547890e-01
9.571389681561747187e-01
9.414046185941589151e-01
9.366731709590903066e-01
9.378054156732842372e-01
9.559969127336566119e-01
9.488334147807739871e-01
9.393365996840833398e-01
9.462580279967532926e-01
9.452849827721976350e-01
9.501863045999868751e-01
9.443850964329055797e-01
9.461815929769502587e-01
9.467023800378643328e-01
9.454067465442588247e-01
9.373425563161436047e-01
9.355122338467904974e-01
9.401025183441896749e-01
9.326631417013255820e-01
9.403136150453228481e-01
9.500407524885358113e-01
9.386102389310119198e-01
9.356965555710448079e-01
9.349975824511161937e-01
9.531310428273145341e-01
9.431935210562574223e-01
9.415413949319325626e-01
9.531940119132820133e-01
9.414579024164448917e-01
9.453893545140767962e-01
9.466757204848237350e-01
9.434071971472768325e-01
9.456477512616331405e-01
9.493027410865566562e-01
9.549523146473275492e-01
9.453794243056194979e-01
9.514442090248926842e-01
9.391076389236512334e-01
9.421784342781404087e-01
9.415011588447019797e-01
9.333389075309377336e-01
9.585074049428744525e-01
9.393687415562639309e-01
9.426437450571463206e-01
9.450276484056923110e-01
9.441857479479858206e-01
9.392082867515422206e-01
9.469521419329796075e-01
9.391218163167942556e-01
9.384913001122329179e-01
9.465668268599624069e-01
9.479724792800751088e-01
9.436519931864140176e-01
9.436897283440258688e-01
9.428274570450573266e-01
9.402727819636715889e-01
9.460860550457209639e-01
9.495387203773261175e-01
9.429684485040915609e-01
9.384281972370418501e-01
9.407130488035728710e-01
9.429484379168516783e-01
9.547708600813487045e-01
9.379077791168259903e-01
9.392598816057273758e-01
9.409280302065000656e-01
9.403409539534481887e-01
9.392038990639690610e-01
9.491885615372219753e-01
9.420425246572676770e-01
9.454132699980958288e-01
9.335235979309325360e-01
9.528406577625383456e-01
9.403279886063196091e-01
9.510487194982510939e-01
9.436107111796466773e-01
9.530680553198012106e-01
9.484745922865219780e-01
9.389992726965948888e-01
9.549327241610293671e-01
9.422645021981562730e-01
9.495567504367729006e-01
9.389600416275289962e-01
9.501852004245806560e-01
9.403191557489271046e-01
9.451425800709282177e-01
9.428033596589123766e-01
9.501664382499314110e-01
9.411581510717558219e-01
9.403754810543746290e-01
9.324350402048667830e-01
9.397438805928374217e-01
9.331176154239354537e-01
9.507509881611985181e-01
9.384302024003338127e-01
9.474575954139975442e-01
9.370375213658220792e-01
9.402317893468529197e-01
9.367495792042229708e-01
9.474831718411007575e-01
9.489634009204245269e-01
9.417291319155718377e-01
9.546495576312000741e-01
9.274972292745776725e-01
9.454476443682778841e-01
9.477407154928251254e-01
9.376258344294094993e-01
9.481113780576991834e-01
9.329429544818823583e-01
9.398038332612109746e-01
9.440977927784298673e-01
9.373290715596990230e-01
9.337040384249424285e-01
9.480295594764566181e-01
9.308392036281777360e-01
9.368608635904175364e-01
9.456490501959671224e-01
9.261076672853241210e-01
9.374526049752909262e-01
9.398962499760997735e-01
9.519681284304231106e-01
9.466381942231634206e-01
9.418417601087063495e-01
9.458278255954080116e-01
9.419470425260294544e-01
9.441192228254655650e-01
9.391072762997290102e-01
9.306353852284661166e-01
9.448330334954562204e-01
9.504418039019231212e-01
9.520210452158088810e-01
9.510836534429114586e-01
9.436571274904133055e-01
9.347462496166509816e-01
9.553143578426295246e-01
9.493938188657539134e-01
9.547221612860857798e-01
9.461618888678217099e-01
9.394592516732238607e-01
9.358452978934608257e-01
9.377820872581782430e-01
9.463691744384206128e-01
9.519850741889617218e-01
9.500601983033427622e-01
9.472460999722025488e-01
9.397510753394974214e-01
9.484870745542787196e-01
9.469927669063238351e-01
9.473874942064496318e-01
9.507589097229272035e-01
9.476655694682284414e-01
9.455452894956383192e-01
9.566397772840801172e-01
9.430192491093013496e-01
9.410078850261146544e-01
9.511625675561767856e-01
9.418050793096593987e-01
9.375431867349263149e-01
9.363911089086655037e-01
9.447061838170379700e-01
9.488920372484385135e-01
9.448584134312448812e-01
9.527052679275596070e-01
9.432369505748691152e-01
9.389428504911986328e-01
9.526158760724989794e-01
9.512434976391866970e-01
9.392926115372652873e-01
9.364553699901690953e-01
9.477477893611268023e-01
9.541365183756408408e-01
9.505214249398893367e-01
9.421967710932110940e-01
9.466311094025969819e-01
9.405735929597801581e-01
9.484416434334032031e-01
9.359410724131312920e-01
9.395045835765648556e-01
9.408139861370951040e-01
9.435350134774869169e-01
9.354331165393263703e-01
9.400392305889032629e-01
9.525412881239355700e-01
9.487497201677095315e-01
9.463019767528326742e-01
9.305499446974715427e-01
9.479957011491638719e-01
9.470504521985567692e-01
9.488227384849478030e-01
9.385089112801794364e-01
9.537789596900424494e-01
9.481214659305355896e-01
9.498816588817401430e-01
9.423992248919601522e-01
9.427009422567843577e-01
9.503848148980451604e-01
9.450815145839446263e-01
9.467403444848616623e-01
9.560933498525646668e-01
9.403994559973098966e-01
9.431490870922450975e-01
9.422590642115221682e-01
9.506073389173655963e-01
9.483222158877573360e-01
9.358149259577959178e-01
9.485854031938079078e-01
9.501347399039202779e-01
9.401849634612261530e-01
9.392475828258930459e-01
9.494638178984708965e-01
9.463707211033499656e-01
9.380645804720079139e-01
9.430514101674871696e-01
9.589811758554382948e-01
9.452293482814269066e-01
9.458806015212349871e-01
9.421015599766824344e-01
9.469871290924397611e-01
9.454836472432850414e-01
9.476427256654988973e-01
9.450365277231843608e-01
9.508326856112175873e-01
9.582266684942329915e-01
9.435028598535862843e-01
9.545856422389608076e-01
9.482883143861273734e-01
9.300778097293133095e-01
9.419308782783221146e-01
9.436209498167477117e-01
9.533316032455370070e-01
9.383012864377415774e-01
9.446613133141079643e-01
9.423972075280206973e-01
9.519853225736489843e-01
9.501662019584464769e-01
9.532813957150814144e-01
9.521161016290454748e-01
9.540513001049975017e-01
9.369497824923449514e-01
9.380594745300047110e-01
9.522872789058840493e-01
9.424859117043408174e-01
9.432226844412234801e-01
9.500465205508199507e-01
9.438053848929431888e-01
9.530039350946492016e-01
9.512631936778158659e-01
9.405782130407359665e-01
9.536381875861397184e-01
9.523066001297437744e-01
9.499826581108941070e-01
9.454685483474836172e-01
9.494388564482147963e-01
9.489134548022986060e-01
9.308570940420038964e-01
9.412407589259705887e-01
9.403858606323147740e-01
9.383561884813523823e-01
9.407570632970501112e-01
9.478668877732768783e-01
9.364330745032991565e-01
9.414425150651289931e-01
9.544791241407417637e-01
9.518694333031696431e-01
9.503215418368455847e-01
9.445740344475146433e-01
9.332439341191635096e-01
9.421618113727509014e-01
9.527086105385113024e-01
9.508378831940109688e-01
9.493176374442028331e-01
9.404252620611748270e-01
9.470163508482529746e-01
9.576456661996463060e-01
9.525360622961670520e-01
9.425337206392707667e-01
9.427201294025374656e-01
9.463552209958382422e-01
9.373655622348383565e-01
9.462719988425540851e-01
9.434125312660038842e-01
9.492752009803551161e-01
9.524401468638724610e-01
9.438654921656345342e-01
9.558015313189011097e-01
9.569077386499312832e-01
9.421328629779029962e-01
9.398679398708833510e-01
9.620408178658389486e-01
9.377347241127099720e-01
9.356719706668455983e-01
9.368519735694131878e-01
9.525711943328536435e-01
9.579330187454825341e-01
9.464777465657903122e-01
9.486236304037133360e-01
9.486748076728760415e-01
9.470208557678878591e-01
9.568753344614211453e-01
9.420870650877684049e-01
9.421766057401721461e-01
9.586931856098303006e-01
9.447981452365855626e-01
9.451352151027612170e-01
9.327345185009278117e-01
9.425692021658126363e-01
9.474042574006550366e-01
9.401253067559186549e-01
9.444033285895137020e-01
9.467861900473024672e-01
9.442187467768019538e-01
9.450166094369761849e-01
9.420651744157537699e-01
9.532559907960969081e-01
9.409641001396883420e-01
9.494300417670166192e-01
9.529017300432588433e-01
9.448026980858864610e-01
9.556534349928317296e-01
9.454903508631750109e-01
9.603196788086565405e-01
9.505555699076415621e-01
9.427356412270340158e-01
9.541630038198863906e-01
9.442784694236848742e-01
9.479230242023436448e-01
9.399804820711631370e-01
9.586375965380760089e-01
9.450383500935017889e-01
9.457383232522360572e-01
9.570639789785269080e-01
9.380180249567883211e-01
9.530907448926991821e-01
9.309365798508097978e-01
9.424865719399616593e-01
9.456971093684315433e-01
9.406003311084115692e-01
9.480613979112355594e-01
9.522143685642980859e-01
9.493360857596299107e-01
9.397584518381688623e-01
9.481134349728904676e-01
9.440728759389923619e-01
9.406668820269572517e-01
9.563597456146881726e-01
9.439592459500864008e-01
9.500887189008263567e-01
9.341827266778683914e-01
9.445272090685291611e-01
9.495549716556523911e-01
9.523424737922836503e-01
9.398638285425983119e-01
9.501098631697830754e-01
9.514947515306380055e-01
9.420816136262925022e-01
9.530460095822762545e-01
9.513118032182732442e-01
9.425419720167442783e-01
9.380119173508461028e-01
9.553014093224311276e-01
9.474541605726399807e-01
9.508693809753273607e-01
9.468390451457457946e-01
9.520011151805561900e-01
9.526131465659064546e-01
9.490977199617752769e-01
9.469419180435855177e-01
9.565950848252569028e-01
9.430375695121483437e-01
9.452509414271872412e-01
9.600413732635090236e-01
9.475314948758883915e-01
9.478894930941987873e-01
9.476139528308678006e-01
9.515521026308360053e-01
9.585670438851763286e-01
9.341081264437453013e-01
9.527137316214200347e-01
9.538938760884441148e-01
9.434547116718505766e-01
9.420318287183164774e-01
9.486660126293644524e-01
9.470493786726243979e-01
9.438914314153562524e-01
9.521251601649726171e-01
9.507627832440205262e-01
9.450284261942184516e-01
9.480988533701364407e-01
9.477930328575966401e-01
9.517664386987485514e-01
9.454954859831353753e-01
9.486237561758695813e-01
9.442712579572706266e-01
9.443149799653427490e-01
9.507983556719281637e-01
9.558020377646362364e-01
9.427731390671033607e-01
9.458881734637923921e-01
9.477591481666035600e-01
9.513523143813712446e-01
9.399390685062900541e-01
9.466149748435550570e-01
9.490447176295936371e-01
9.498037524764266770e-01
9.478602008524776856e-01
9.516721778180609048e-01
9.445659668175199197e-01
9.480479338114871091e-01
9.581067440681981795e-01
9.437676460894129926e-01
9.410216167366464157e-01
9.496138340769638697e-01
9.511067244018021061e-01
9.458381249779154176e-01
9.468235496318319067e-01
9.620050155976350714e-01
9.536887974114024447e-01
9.508255442358227727e-01
9.499500448693833921e-01
9.433545430739139759e-01
9.491461247784401811e-01
9.471773589317891151e-01
9.489099312406259479e-01
9.568201222882781742e-01
9.461528251134700973e-01
9.369776356066594758e-01
9.439121258967436701e-01
9.587162622825942115e-01
9.486258374692450035e-01
9.528621149118885469e-01
9.476134672949172444e-01
9.515447801302421293e-01
9.543166973365040384e-01
9.507317177425542720e-01
9.484774339735949633e-01
9.436173803535388149e-01
9.493597700744245138e-01
9.502254673204072466e-01
9.498117868313105117e-01
9.478766548003036974e-01
9.422769173732059578e-01
9.585786631906383359e-01
9.564255601880595759e-01
9.480352956007379595e-01
9.342399583135638785e-01
9.418431311907423664e-01
9.414093142462097719e-01
9.368457078670318072e-01
9.481696789299778327e-01
9.401105568410719204e-01
9.475250573839217871e-01
9.544293584799532493e-01
9.486841883022856248e-01
9.489253036291168675e-01
9.380428377452932898e-01
9.416084992736246662e-01
9.377577159203026591e-01
9.339205641290828641e-01
9.557161174304671380e-01
9.481824309581241561e-01
9.382942749671311367e-01
9.481071444936796100e-01
9.334953154655039054e-01
9.533834964492797770e-01
9.421456651780951708e-01
9.469359462290418694e-01
9.526764699141971882e-01
9.516714826455193732e-01
9.434724061035208997e-01
9.484554789641288508e-01
9.517151048096305077e-01
9.501463109867702705e-01
9.532217346524941570e-01
9.437912654815124869e-01
9.438221679390749186e-01
9.377298271237282101e-01
9.366325919013758217e-01
9.356818537578796002e-01
9.575110422619220740e-01
9.519838743491001454e-01
9.281929545473579513e-01
9.482653717396651860e-01
9.567147243942594192e-01
9.469159109671915209e-01
9.537860976605463392e-01
9.476542000453028747e-01
9.416002222447318326e-01
9.510436946310111272e-01
9.473784859455490759e-01
9.393622789235146486e-01
9.453642550607489481e-01
9.380276780316600949e-01
9.547060333638625051e-01
9.498964631306856532e-01
9.384039504940244747e-01
9.503521880814218559e-01
9.445887079027092126e-01
9.499689248812152043e-01
9.415463412725546544e-01
9.458921885594854251e-01
9.503721037013751483e-01
9.480759081431002766e-01
9.543426017781330151e-01
9.599071775466090362e-01
9.425961579665712575e-01
9.499894586117324513e-01
9.526979711497045589e-01
9.478699721823580226e-01
9.490839500015819663e-01
9.426102119767536536e-01
9.516234083433624535e-01
9.441867617814608815e-01
9.587815510430348631e-01
9.494833970196654427e-01
9.503828603904438399e-01
9.477091321457074002e-01
9.500656331469697902e-01
9.392461170952938199e-01
9.412919379942400466e-01
9.463031564033629328e-01
9.527848968031554788e-01
9.577380547029680224e-01
9.409623996077126629e-01
9.403558115568040332e-01
9.596895208294298207e-01
9.515496570301594792e-01
9.491209256413156714e-01
9.537722717043511933e-01
9.462210528504609863e-01
9.446414751626288631e-01
9.420933753027478375e-01
9.545740497586737705e-01
9.403516070626608547e-01
9.429768869845388535e-01
9.469092043377810297e-01
9.458336583927535735e-01
9.498405349992841140e-01
9.465538991743503994e-01
9.556993581765802492e-01
9.489388736474770880e-01
9.466002294181592447e-01
9.486543616855737104e-01
9.484367932025871140e-01
9.487114224597875678e-01
9.507931911516446233e-01
9.419743062014298562e-01
9.533885211818093897e-01
9.495322419147451676e-01
9.444940931104562898e-01
9.482360241214901064e-01
9.459578578378894376e-01
9.555278647510923040e-01
9.463107443940065311e-01
9.526569107011624293e-01
9.428536587181542972e-01
9.421575835218451989e-01
9.519956950108970917e-01
9.515863133562583176e-01
9.406226184486395914e-01
9.425342613850353768e-01
9.380315963103711407e-01
9.468299604347154563e-01
9.478765512470406218e-01
9.442945004655234342e-01
9.455733396587998607e-01
9.400587331564297378e-01
9.438100508260081067e-01
9.445255848122547926e-01
9.532833598165351141e-01
9.554232292311261032e-01
9.586224064335978623e-01
9.572586456296025004e-01
9.326465461650684796e-01
9.513289712908294948e-01
9.566205456653839034e-01
9.455349364860640149e-01
9.525330269511533832e-01
9.413245174637558943e-01
9.474262171196372595e-01
9.413153312629845004e-01
9.453276538304674625e-01
9.421583866168744548e-01
9.499942632595873571e-01
9.445209614506332452e-01
9.482691958683302502e-01
9.443541258471873645e-01
9.450597976539417688e-01
9.348181821174381678e-01
9.516256532684974623e-01
9.505935210439937499e-01
9.489808121357293791e-01
9.570629821925714653e-01
9.413536469100887150e-01
9.451494593321201343e-01
9.483268490154421748e-01
9.506033173155029603e-01
9.504389366675571882e-01
9.486645856631662488e-01
9.443774457331877148e-01
9.378768362270113457e-01
9.352414860483984071e-01
9.529942144951908389e-01
9.419165959460645832e-01
9.355499663924524700e-01
9.463610383207966548e-01
9.434362101959118396e-01
9.565772431632990624e-01
9.549460228119684979e-01
9.474161315169902231e-01
9.514832333850599122e-01
9.622994116994830760e-01
9.546686027936758245e-01
9.329096941152288380e-01
9.543628897226507091e-01
9.596205562966129143e-01
9.521321309431718394e-01
9.449884838373986407e-01
9.535540586904092120e-01
9.514669658483078107e-01
9.427244841441178025e-01
9.477648536724381234e-01
9.527572185781124636e-01
9.520081949657948073e-01
9.461687798876212696e-01
9.422833652986720709e-01
9.473510825914860378e-01
9.581652070175159519e-01
