8.716618031161182945e-01
8.994061834754084606e-01
9.046620165631413801e-01
9.187523883068797748e-01
9.218404446416310627e-01
9.125890490017133372e-01
9.114496565094560854e-01
9.029069695360754100e-01
9.077369370203548504e-01
9.250080916848805179e-01
9.165792073590179889e-01
9.091018067467292463e-01
9.093505685244041015e-01
9.102491845737742393e-01
9.156592307193595071e-01
9.161779905256263179e-01
9.119651328012459146e-01
9.097327988695691481e-01
9.224603813711991229e-01
9.213098940610167098e-01
9.189199677742061478e-01
9.100832895770563091e-01
9.025631680886208041e-01
9.157453081026655228e-01
9.170711464276267710e-01
9.236876397419253593e-01
9.112471548985640046e-01
9.127177428458896902e-01
9.238332877942069254e-01
9.046413972663615022e-01
9.040955035806240714e-01
9.127742152148953236e-01
9.196800340043060906e-01
9.242299761381832512e-01
9.201977338232869563e-01
9.215859532513640540e-01
9.142592400549753862e-01
9.158046979935974274e-01
9.174082423131921793e-01
9.149898029695612278e-01
9.198118725077167879e-01
9.133340114898451656e-01
9.276877926213233927e-01
9.041511636932361151e-01
9.283009616255333274e-01
9.217708850318612201e-01
9.328111570113090112e-01
9.144468690423592783e-01
9.290100077242807730e-01
9.310709380219210907e-01
9.268308811064069896e-01
9.294359463767384311e-01
9.278182898690272573e-01
9.327628457755227087e-01
9.243784791272762202e-01
9.136341045370244274e-01
9.243586863140457188e-01
9.289924304620132967e-01
9.342896071456131546e-01
9.343721874634788316e-01
9.356076371710335682e-01
9.276464725728540417e-01
9.230362709985966418e-01
9.180298490522958987e-01
9.209799437448914494e-01
9.273176267141286511e-01
9.335807891929658320e-01
9.350743995536002773e-01
9.226227300607153792e-01
9.281122194091331323e-01
9.366773308102480655e-01
9.383167918873978053e-01
9.319239289698642015e-01
9.246052928064384391e-01
9.377026035612723298e-01
9.315828345698531354e-01
9.296569182522940178e-01
9.344618431102130751e-01
9.261938799285914792e-01
9.336727804246275353e-01
9.414263179693884709e-01
9.279955345361351471e-01
9.356426064920871921e-01
9.306501477471923467e-01
9.315467074240127987e-01
9.291478551329253044e-01
9.354062665855130687e-01
9.312173853648775257e-01
9.286617310857049334e-01
9.341623346803475947e-01
9.362325811157237165e-01
9.378561216762946184e-01
9.343705957261001505e-01
9.370735470247524290e-01
9.329250724210830237e-01
9.355729545424279481e-01
9.371091946264380468e-01
9.335914849305799734e-01
9.397663876544684047e-01
9.369107145681097037e-01
9.384709439938325737e-01
9.328691874526211514e-01
9.414661759243548866e-01
9.389877202553584823e-01
9.362288045414288717e-01
9.364821676091800162e-01
9.353295342458902706e-01
9.293518809972124428e-01
9.344994639419650362e-01
9.432595641422940602e-01
9.316883981688658389e-01
9.271742183248836700e-01
9.384541599722888705e-01
9.362870442508852697e-01
9.382460085736122890e-01
9.353438596933761895e-01
9.384792543858193614e-01
9.372185114189605093e-01
9.435243583583189375e-01
9.294984870248481634e-01
9.278851520033678524e-01
9.451557243626338423e-01
9.362192691925176335e-01
9.272234099208912506e-01
9.321377618062548498e-01
9.382758635932559876e-01
9.246853752740753496e-01
9.340418185200732859e-01
9.417571344659834143e-01
9.449404136541204036e-01
9.392564824734901396e-01
9.380307313283270387e-01
9.324797455911082444e-01
9.428788364570853675e-01
9.288872894808430924e-01
9.324676408034445751e-01
9.371632694497162852e-01
9.410402064741054673e-01
9.386428819067748064e-01
9.454805473810179439e-01
9.314555354539325593e-01
9.230249960182398405e-01
9.396852919586287101e-01
9.344287074660302395e-01
9.349833177212211188e-01
9.368920420849498054e-01
9.480442673316282765e-01
9.418900469606147352e-01
9.330986940704300014e-01
9.415131695142058277e-01
9.363414669109789701e-01
9.278420840563383898e-01
9.394776437997265361e-01
9.468907785668950750e-01
9.412995206300585060e-01
9.270932663782762706e-01
9.409497235823338634e-01
9.370531208947743274e-01
9.368509777357667545e-01
9.322944567182034348e-01
9.371762702416006618e-01
9.441005929421083520e-01
9.343902069636496055e-01
9.362052004310483788e-01
9.354430516745019242e-01
9.419101226782773395e-01
9.348933526913757452e-01
9.324893851802223965e-01
9.330039311154370019e-01
9.276139859961728407e-01
9.347477963098081988e-01
9.374999783344832860e-01
9.332941266573471228e-01
9.350239449313558771e-01
9.315120215394923076e-01
9.327053959803615069e-01
9.343127940486430916e-01
9.469222549491024266e-01
9.359410182212919427e-01
9.494826413232969609e-01
9.403271040514928902e-01
9.357101251786077434e-01
9.383145812895407056e-01
9.412358964004681194e-01
9.363760072283164870e-01
9.391366796020264029e-01
9.372354913149668620e-01
9.333857399221341389e-01
9.415150867892390085e-01
9.342514053959983800e-01
9.336793073410758481e-01
9.331152130815675294e-01
9.270261334561028521e-01
9.330390379227343489e-01
9.331393221872970045e-01
9.402958153289798782e-01
9.378280522037479860e-01
9.380982630126163402e-01
9.408091395994110373e-01
9.293675002228972692e-01
9.324399981894002654e-01
9.419565558832591057e-01
9.429328271359402880e-01
9.315346467747034342e-01
9.352196650000719202e-01
9.291537321342897560e-01
9.266754662099764284e-01
9.415347644134680616e-01
9.412977600543116496e-01
9.372391505119516131e-01
9.407498525561008851e-01
9.424648428122970323e-01
9.295273762678474272e-01
9.384918844043831365e-01
9.365910935889714128e-01
9.375947570081021309e-01
9.384224255053321695e-01
9.317869836290876284e-01
9.364310140123578430e-01
9.371906366990979675e-01
9.336715392044780959e-01
9.509970054523086969e-01
9.377785731833335747e-01
9.383294405723566767e-01
9.374053472946889398e-01
9.418202255053533811e-01
9.452196681132473133e-01
9.401376481924141881e-01
9.327749655479852242e-01
9.385603804183912935e-01
9.413441172415393243e-01
9.511522153520409750e-01
9.321149089175350122e-01
9.365341575801360285e-01
9.420277354679624793e-01
9.340368280824640213e-01
9.378316076968349346e-01
9.284056000822710208e-01
9.347921858205175960e-01
9.388283279003402093e-01
9.379719515009482533e-01
9.407007679539052258e-01
9.360595525880897050e-01
9.348348081035281476e-01
9.404360755515221992e-01
9.363710254910442288e-01
9.469155752484063049e-01
9.368871230208000167e-01
9.386627289113689265e-01
9.397295908693813482e-01
9.514203552365009253e-01
9.321411270175699038e-01
9.415430388875971612e-01
9.480094853945395528e-01
9.399087391395931634e-01
9.424989631090577857e-01
9.353691318864596482e-01
9.420417421301660044e-01
9.402739398433133111e-01
9.364055588986502920e-01
9.399616730329930503e-01
9.386007572030092838e-01
9.413624244779553729e-01
9.430332669119576572e-01
9.355339946370182513e-01
9.454557763013751170e-01
9.446742586792078455e-01
9.264740657558957482e-01
9.444460090446666900e-01
9.374213416605415850e-01
9.408441927105508640e-01
9.370262681952641337e-01
9.419800985294601858e-01
9.342149201353138199e-01
9.446016225123810006e-01
9.490615702781199925e-01
9.355888473385119974e-01
9.371123649546210244e-01
9.384111926743464727e-01
9.355563864727841628e-01
9.413751987899380280e-01
9.467787092155465212e-01
9.386550835286197048e-01
9.455029313604741414e-01
9.440206901000440798e-01
9.384485750448606778e-01
9.398371715864578535e-01
9.416173114039625425e-01
9.377324093757960499e-01
9.373294767586440868e-01
9.405816541695802835e-01
9.403717848444909100e-01
9.401884211964435245e-01
9.426327279937689596e-01
9.323921519083278042e-01
9.397889262828507118e-01
9.425653148937258585e-01
9.362064556208901100e-01
9.430661828934571167e-01
9.373311183103251176e-01
9.316382922455708204e-01
9.361004987752039597e-01
9.393582314538926337e-01
9.399748433603444253e-01
9.362325073020110189e-01
9.369956161624566349e-01
9.524828270832637056e-01
9.344507450879064869e-01
9.366065378043475498e-01
9.274076886671364095e-01
9.444626928365259522e-01
9.363186836751222764e-01
9.420169704753760254e-01
9.388648611881909023e-01
9.454161194048357197e-01
9.482477758320828620e-01
9.287025054775230881e-01
9.420937232153141494e-01
9.441334604253514007e-01
9.399428039605950413e-01
9.361244349244960405e-01
9.478485844029033158e-01
9.373443953709451604e-01
9.446827798790244923e-01
9.298331997832641749e-01
9.341406133614092999e-01
9.414927962435493125e-01
9.419888852416380409e-01
9.326119668347121472e-01
9.361662729297078878e-01
9.429397025938258681e-01
9.356925626410476093e-01
9.387612696601581597e-01
9.416931188864332558e-01
9.471856328027074001e-01
9.455251105229223185e-01
9.408207283069309756e-01
9.355551112880169384e-01
9.383881899863638631e-01
9.371442217917907991e-01
9.451504428418131543e-01
9.397312665094126327e-01
9.451643460808780706e-01
9.381107264436842064e-01
9.426894926581175227e-01
9.397448276696319658e-01
9.401369464871046633e-01
9.423437461691708261e-01
9.386370492064989302e-01
9.385402637366226930e-01
9.396935819958607272e-01
9.421949474453927831e-01
9.431795413442383147e-01
9.471903944323872837e-01
9.356543150011037424e-01
9.451831839269680957e-01
9.429887185114808057e-01
9.408143681023518612e-01
9.399079056392978249e-01
9.453591819781308470e-01
9.398032587463686083e-01
9.374372517092559587e-01
9.444449785006382436e-01
9.514900661766340084e-01
9.394281595884795832e-01
9.456085073449110867e-01
9.322148505595889700e-01
9.366711212204030801e-01
9.311422431168080438e-01
9.473875770565208798e-01
9.349002974391963372e-01
9.420475278153304100e-01
9.409837815602254407e-01
9.356312544495294370e-01
9.399094380208425914e-01
9.377387482614781833e-01
9.382793639170521338e-01
9.357848748504714598e-01
9.429988193251658268e-01
9.452940673435914487e-01
9.453499316393886298e-01
9.337054775824149555e-01
9.486510520126085755e-01
9.450470831392729920e-01
9.408078072491538046e-01
9.416797014325694049e-01
9.341378545390597310e-01
9.465034392180391443e-01
9.496327260172371387e-01
9.379521460549312684e-01
9.463345100024119771e-01
9.296626689678646471e-01
9.334877080415857620e-01
9.341995162513637707e-01
9.400274858084306517e-01
9.393124600139458602e-01
9.440565239213999371e-01
9.454865704267931825e-01
9.430910069928190032e-01
9.399744115517220111e-01
9.382873632779532569e-01
9.420783642721276552e-01
9.343746247356498058e-01
9.339048205105346945e-01
9.457294376288670756e-01
9.390457185696541309e-01
9.446576107422227642e-01
9.433030185430691938e-01
9.436728960044729053e-01
9.379344421515277697e-01
9.393931281827769819e-01
9.360430137094409853e-01
9.467830386265625453e-01
9.452051299731552003e-01
9.388933263510697014e-01
9.303760420267798148e-01
9.366001757964801389e-01
9.415485180596820936e-01
9.349292344651497499e-01
9.463379314281999966e-01
9.451010414907967672e-01
9.373824039384262008e-01
9.396814870988056123e-01
9.372411201786775559e-01
9.498801229765451160e-01
9.316490876304607260e-01
9.365917530011078629e-01
9.381009645508981976e-01
9.349301676507402181e-01
9.375721200486569762e-01
9.354943440105258912e-01
9.425911629402747849e-01
9.420703079056427232e-01
9.472150036644175763e-01
9.406238893691445391e-01
9.334689643009617122e-01
9.436457240295429427e-01
9.487927500545351167e-01
9.331049534037159088e-01
9.493975638217510005e-01
9.359158640138102170e-01
9.387500766582772549e-01
9.448338478458468970e-01
9.393540298759236462e-01
9.463577804002134553e-01
9.403382515204146141e-01
9.405186088779121656e-01
9.371370084402264045e-01
9.431326941876306824e-01
9.382224525889545363e-01
9.329811845682703941e-01
9.431503551272271135e-01
9.384341548217891571e-01
9.417347740731795147e-01
9.360933364393482226e-01
9.344977330504826707e-01
9.467959011009697834e-01
9.402938131026581381e-01
9.426528598518700841e-01
9.420943100198377884e-01
9.336283333976492793e-01
9.387160122888714708e-01
9.465104222614267870e-01
9.329113565059574675e-01
9.373830433404335416e-01
9.409567182052042122e-01
9.432932426549264227e-01
9.426838470158607208e-01
9.402260537870741341e-01
9.387086054736043517e-01
9.445856518829802706e-01
9.384321046921130227e-01
9.406513675630658877e-01
9.398282501682208023e-01
9.341894885683672545e-01
9.413458522460639299e-01
9.403940644273395266e-01
9.380602044901147352e-01
9.351422217430007677e-01
9.338193828674141717e-01
9.382530588420433526e-01
9.438976041619073776e-01
9.478541766889624354e-01
9.435437164667693777e-01
9.341387857997589528e-01
9.370459945612990005e-01
9.405355605744520897e-01
9.363672202154360580e-01
9.469683861575671768e-01
9.385606131355983539e-01
9.401838020686263953e-01
9.390851233062845749e-01
9.378069492069636137e-01
9.385895474190187882e-01
9.434032782928837291e-01
9.416707434116875497e-01
9.441964940262405070e-01
9.318710041307873837e-01
9.446066994149627805e-01
9.448581358101261207e-01
9.422137087466804228e-01
9.415483491369698310e-01
9.472428811244162361e-01
9.381688204258606945e-01
9.394430521405170431e-01
9.340404575247773789e-01
9.415615736734630481e-01
9.403487634337995837e-01
9.423426711033211500e-01
9.412343453200926469e-01
9.351331182730688862e-01
9.388208399661053249e-01
9.294641911287964131e-01
9.427259179485176777e-01
9.366241949393461219e-01
9.421707916645010172e-01
9.399544966820009284e-01
9.310161073874134718e-01
9.404527012644394723e-01
9.538272129851109726e-01
9.396575120418824145e-01
9.383454647169715557e-01
9.380880712074454175e-01
9.242217502590485134e-01
9.445038525586417766e-01
9.288471952553514210e-01
9.415676620689934495e-01
9.240672431289549404e-01
9.271616845688344100e-01
9.427280583962617255e-01
9.387197727426275229e-01
9.464219953041198563e-01
9.421896688176529810e-01
9.437953045064617630e-01
9.392565663989748126e-01
9.474427663615908601e-01
9.377895905876145743e-01
9.423439955965128290e-01
9.451918106825002441e-01
9.416041430865736972e-01
9.462085667579510639e-01
9.322720409756738436e-01
9.408208347493380863e-01
9.432356054826362968e-01
9.320574156235780228e-01
9.398726745472133492e-01
9.376665495195503075e-01
9.355884185222700378e-01
9.477566014890076440e-01
9.413884076846551485e-01
9.401746590500100753e-01
9.416303512291959166e-01
9.397026610647166711e-01
9.405347274756501452e-01
9.293417781649735421e-01
9.483160622239524828e-01
9.480812525685373693e-01
9.359237613764076480e-01
9.372691584957236755e-01
9.438567067126223398e-01
9.463932266192246479e-01
9.483259716332952394e-01
9.352579730082767329e-01
9.392199901705496901e-01
9.502408274570341984e-01
9.292397146242010741e-01
9.521288312161532152e-01
9.353992362093993540e-01
9.407992672647152999e-01
9.469809255562191552e-01
9.426780200588007474e-01
9.361296190655810090e-01
9.347730289583155994e-01
9.439217821274925591e-01
9.400621694319798438e-01
9.521215166110087447e-01
9.407584477213213336e-01
9.416291883242773331e-01
9.396752073448222387e-01
9.342437710259966499e-01
9.263088786149986653e-01
9.503632834880789693e-01
9.418528208207590513e-01
9.379367956057212963e-01
9.369453453460796499e-01
9.432770133395622647e-01
9.301857235459658479e-01
9.412082283810778716e-01
9.445332803184679493e-01
9.413374300058445776e-01
9.469219005756057683e-01
9.474798571744885711e-01
9.446838188386434965e-01
9.326909359879465011e-01
9.403043217039650514e-01
9.375170277206668068e-01
9.471258220279726858e-01
9.428596530744666193e-01
9.420043707665857191e-01
9.375215719086469335e-01
9.396920021571308901e-01
9.464705649458674541e-01
9.354202575674502862e-01
9.454826778120762887e-01
9.437475973817321950e-01
9.406180154010266303e-01
9.414592195903135341e-01
9.322269937561300512e-01
9.408544869715268488e-01
9.418453356670604126e-01
9.376042649860003575e-01
9.376737145768195836e-01
9.415259880333748388e-01
9.346485342472226066e-01
9.342735141719965553e-01
9.350624490043244474e-01
9.403385836192192926e-01
9.394876646334542336e-01
9.446860384491556628e-01
9.335843180885202708e-01
9.479992308880254015e-01
9.484387715720007384e-01
9.423880047728910858e-01
9.394298898909333451e-01
9.339210468424004041e-01
9.431678589838603521e-01
9.430019948402978969e-01
9.370411646179371834e-01
9.391165232344104163e-01
9.412968230332241504e-01
9.261302883948380194e-01
9.412523139382966697e-01
9.491644274650411495e-01
9.446921218233179651e-01
9.400042111101050146e-01
9.386154927534064996e-01
9.378064548615226981e-01
9.430611143955113240e-01
9.422814973142373818e-01
9.310455166972659846e-01
9.303819361359494389e-01
9.430193636412140812e-01
9.460413524590869372e-01
9.394063555121826559e-01
9.420414997502301047e-01
9.425543148803678939e-01
9.411163055317028903e-01
9.424278621339715611e-01
9.399512962630020008e-01
9.340576621871253815e-01
9.448179487844012847e-01
9.312790833681018343e-01
9.471816413721625416e-01
9.355066429757356028e-01
9.394535138059545432e-01
9.388463398402255855e-01
9.498750397882547158e-01
9.374500306090185475e-01
9.337889558858250005e-01
9.542308570195275896e-01
9.426311409710099731e-01
9.451477314578125011e-01
9.307571725193487522e-01
9.360619275750043933e-01
9.434705979992432656e-01
9.440002519442307616e-01
9.358115064553299556e-01
9.414496050749324718e-01
9.556537224249878060e-01
9.492400343909810356e-01
9.377030936622046120e-01
9.481863259252897302e-01
9.420596388307158620e-01
9.431598282920853338e-01
9.424203621704562162e-01
9.407483394546863886e-01
9.386369435680648188e-01
9.448290163241490625e-01
9.436173466451823755e-01
9.378103200228353753e-01
9.385564330227788021e-01
9.349334157462793060e-01
9.394311024979487001e-01
9.451917739916155803e-01
9.482604891328390018e-01
9.445185578748762634e-01
9.406250286047815878e-01
9.453632145817222332e-01
9.436883423923018155e-01
9.423917694915562304e-01
9.467099375898274660e-01
9.456976244381897212e-01
9.361101620454875816e-01
9.477307636217590092e-01
9.469553395845720090e-01
9.450713149280705050e-01
9.398032562015923297e-01
9.367343922252332478e-01
9.489065836290869749e-01
9.351911163447123032e-01
9.448389364456870609e-01
9.444267607256264796e-01
9.421379571372533457e-01
9.387776613148713922e-01
9.466016157884711291e-01
9.374105473939502442e-01
9.461759437547041518e-01
9.360689077802628599e-01
9.420070689424936417e-01
9.425591385759101160e-01
9.419645520460625532e-01
9.416362158875106747e-01
9.400024223405201163e-01
9.443230005058724785e-01
9.378154261539402015e-01
9.493605207458328810e-01
9.415315716573781080e-01
9.478377054113111821e-01
9.407611892498737305e-01
9.453949069095388680e-01
9.452797649436098792e-01
9.420183135575763700e-01
9.457830675807558096e-01
9.437958525148547606e-01
9.428582067127487809e-01
9.406479586974524354e-01
9.435946370765472269e-01
9.434511636826705683e-01
9.389847425930508695e-01
9.464170368978540582e-01
9.428832274250749101e-01
9.373748164722460752e-01
9.493425115656480839e-01
9.392597911467643890e-01
9.392179482657668776e-01
9.435365152762625884e-01
9.373462570527459903e-01
9.568244477793743652e-01
9.466511037059920364e-01
9.383797782919865993e-01
9.404862552852570889e-01
9.502445954187885846e-01
9.485833746000037481e-01
9.438935401138369707e-01
9.390032051785192069e-01
9.495987706311792564e-01
9.359094906249743051e-01
9.326848853171256781e-01
9.471842929578354608e-01
9.343699425138622949e-01
9.418461241064528533e-01
9.391482130628884262e-01
9.537988885778457826e-01
9.397536861701781818e-01
9.374494864137994377e-01
9.485965481068256988e-01
9.419193227193936035e-01
9.407897467907360145e-01
9.438273426242844710e-01
9.429723931383812152e-01
9.396336065022492523e-01
9.397719497106643560e-01
9.377823831834966040e-01
9.462018849456486080e-01
9.346276513673400510e-01
9.434184434638779315e-01
9.494536258361182535e-01
9.420072667574835856e-01
9.437938796682360243e-01
9.328397313779054345e-01
9.400405164259655333e-01
9.495768537757510730e-01
9.439373660176707537e-01
9.422148180316937127e-01
9.449262286992179405e-01
9.512121831259541249e-01
9.400475741978400190e-01
9.438600107950130269e-01
9.464381053498651664e-01
9.411613371341920331e-01
9.406402077892005442e-01
9.418148465914222278e-01
9.391703037369812934e-01
9.479931236438916553e-01
9.422891531740511528e-01
9.387172856869550053e-01
9.394917195863662362e-01
9.418017421966655700e-01
9.497571279912858655e-01
9.336745506167651865e-01
9.453836424215006362e-01
9.444481388547242284e-01
9.420549411972127807e-01
9.377872727891670701e-01
9.508581092160937054e-01
9.462177444501942425e-01
9.439335756443568703e-01
9.375399705536705541e-01
9.406310479221154930e-01
9.457840028278720057e-01
9.425456880461723363e-01
9.464804961097809111e-01
9.372528565582647353e-01
9.422623185123731870e-01
9.481359880241396754e-01
9.464490876397411157e-01
9.402094250975013834e-01
9.471754403183224591e-01
9.530713497827087988e-01
9.319107610944483699e-01
9.447524031735828887e-01
9.422032561134912054e-01
9.466132108531460920e-01
9.387749391120833176e-01
9.477046125184476200e-01
9.443894488539672505e-01
9.367174575239322065e-01
9.359390396426274794e-01
9.377071735974387146e-01
9.407480867837254568e-01
9.383871021489744724e-01
9.473077501684392665e-01
9.453991614842024438e-01
9.521361002457017220e-01
9.357393733224916854e-01
9.405266857200591524e-01
9.408749267300821062e-01
9.420282925611447311e-01
9.331046985335298416e-01
9.462459115828576461e-01
9.406885701624838614e-01
9.427212898288768184e-01
9.386678403831806294e-01
9.409883080767581509e-01
9.467932569474102333e-01
9.393311419884505797e-01
9.461094485763985595e-01
9.449361101144249098e-01
9.462759265536314635e-01
9.391917949894081907e-01
9.525034657563209439e-01
9.476683349048180549e-01
9.377904136879060548e-01
9.385085959113879106e-01
9.470242436381403062e-01
9.332021973590246544e-01
9.486941197698383066e-01
9.386515736346909833e-01
9.502828840276587030e-01
9.482310152307700246e-01
9.460567864681691530e-01
9.404173247582950923e-01
9.376091233341583564e-01
9.437914257857649147e-01
9.436571483623200640e-01
9.462619799434109913e-01
9.425282729696463635e-01
9.490870648242939467e-01
9.461783556621403690e-01
9.418142901771002773e-01
9.424677709914246471e-01
9.457362667142130697e-01
9.481262549664363215e-01
9.432071537973643061e-01
9.428806196215582247e-01
9.389226533210840442e-01
9.422478833226139994e-01
9.325664333140248896e-01
9.366366810380641894e-01
9.380736275997153539e-01
9.456762411441056448e-01
9.352610514222924332e-01
9.409606866598488883e-01
9.453269195465039409e-01
9.439787553251305363e-01
9.406021312357331077e-01
9.467415767535543036e-01
9.484657333585679861e-01
9.376634851423361061e-01
9.425421964064202296e-01
9.431568416586059156e-01
9.472523799174590309e-01
9.411485033879448681e-01
9.474929042648237987e-01
9.345371844255951910e-01
9.367550205778565342e-01
9.487731101102228060e-01
9.422753691796511566e-01
9.471545230305986607e-01
9.393699983862520142e-01
9.477806814678568781e-01
9.476184185275523530e-01
9.381581353122876443e-01
9.472708109215300931e-01
9.357813977524811477e-01
9.437789678060473086e-01
9.394656501349573086e-01
9.493171175070423962e-01
9.462600904782196842e-01
9.436478617592226614e-01
9.433297214846294576e-01
9.441807121586980323e-01
9.381444268861449665e-01
9.374210843958177275e-01
9.464807471541418771e-01
9.461294615235779082e-01
9.423106741713555001e-01
9.489276908924455523e-01
9.478985931685376398e-01
9.510715906042837009e-01
9.419998377629267283e-01
9.475360799975542925e-01
9.388819046796154089e-01
9.336988368402162619e-01
9.438175424228956167e-01
9.491523078170760463e-01
9.504058943195055065e-01
9.536326827453054378e-01
9.451786216508863969e-01
9.403888682265661991e-01
9.463522018774789268e-01
9.518561769729708688e-01
9.415648485851491056e-01
9.447347089001750797e-01
9.359774989794480415e-01
9.455061699692481891e-01
9.467011287723408053e-01
9.431097430865843512e-01
9.471321190502288712e-01
9.546081023340482474e-01
9.497752380032717934e-01
9.487493635369210754e-01
9.491770783238147047e-01
9.463269294742084892e-01
9.472543269634168261e-01
9.502605476509708993e-01
9.458496238887019736e-01
9.446284076286733944e-01
9.394623187639856710e-01
9.442708006522650965e-01
9.399535949057845619e-01
9.421607582560319605e-01
9.414690349189881458e-01
9.529416929651669532e-01
9.458700591864461771e-01
9.390986128728694426e-01
9.399442233906828426e-01
9.439136610170355546e-01
9.424107942706096974e-01
9.424370922735806344e-01
9.411811393142049953e-01
9.420934575980909331e-01
9.380336690703682256e-01
9.466626445921738631e-01
9.456265456615621234e-01
9.412663733827190127e-01
9.376524179779553991e-01
9.420481200179170456e-01
9.454503483017643317e-01
9.475231034079401038e-01
9.478241267639496703e-01
9.391204528929706363e-01
9.401957401685632210e-01
9.414183570439527138e-01
9.396152494855904980e-01
9.487225209863158204e-01
9.409608816559029698e-01
9.352003270393658418e-01
9.454901627846011847e-01
9.485035688115265318e-01
9.514011819157400796e-01
9.400706487074355078e-01
9.374937432921113256e-01
9.496577161405209688e-01
9.461903301069698458e-01
9.451529291582195791e-01
9.378934240533867150e-01
9.407230531563207654e-01
9.488472542513750607e-01
9.404048144386507602e-01
9.423710520572242677e-01
9.412097583759491126e-01
9.371603353718596097e-01
9.452439335561263478e-01
9.473728759857601434e-01
9.473942873072018767e-01
9.446383809161474909e-01
9.416631747059217572e-01
9.357173414041304316e-01
9.482511415296255297e-01
9.459875631226891679e-01
9.466838876676151315e-01
9.479510213632064142e-01
9.395635244358306881e-01
9.452797799285562741e-01
9.393267680146607512e-01
9.403761648195554379e-01
9.356074595326289156e-01
9.414075648645447991e-01
9.406922008152746040e-01
