8.595823156136843668e-01
8.842945405715574303e-01
8.945837870209645271e-01
9.065325426316859225e-01
8.960512739256760728e-01
8.902703228297609295e-01
9.078877427643454734e-01
8.955124496640549658e-01
9.004997940096540754e-01
9.028985505090600938e-01
8.980313188308176597e-01
9.017818439073391756e-01
9.116794306656056390e-01
9.025048220485881734e-01
8.998188068228230030e-01
9.063892384736269570e-01
9.149732545656786842e-01
9.122527171954811775e-01
9.135231983082711116e-01
9.171989278484186103e-01
9.238158381187888679e-01
9.157944869179373004e-01
9.187978013785124132e-01
9.169260874700448927e-01
9.143777755431081733e-01
9.298730641762444904e-01
9.306205217061076507e-01
9.167100120698163934e-01
9.202786903479244218e-01
9.280289710344921117e-01
9.306416287642581553e-01
9.209604186192382747e-01
9.324530725447930379e-01
9.202215915970568538e-01
9.194835795022920921e-01
9.317755149981040708e-01
9.172321414189846811e-01
9.217502809814306364e-01
9.290388701993786968e-01
9.227745366679017680e-01
9.339448613405140209e-01
9.138798981358106088e-01
9.241156496204671056e-01
9.279142032024637610e-01
9.253512755626747133e-01
9.235026929991754230e-01
9.333791367203161382e-01
9.230471732267211404e-01
9.340715417322209557e-01
9.277520799790306416e-01
9.333970555248906065e-01
9.289273462766439726e-01
9.282714622642460611e-01
9.140687511324067094e-01
9.248233833642386381e-01
9.210007603540029120e-01
9.310059610518730544e-01
9.360482858910194048e-01
9.453987512115091807e-01
9.296005100888666828e-01
9.232873552535301176e-01
9.254283046105915567e-01
9.272025132360891542e-01
9.351882076508648556e-01
9.354982614798637020e-01
9.264763030710514435e-01
9.285427431951274180e-01
9.262924918162176446e-01
9.287789684046490191e-01
9.357016856228719259e-01
9.385974726507810839e-01
9.304165367110325269e-01
9.275358189793601049e-01
9.331076328423102417e-01
9.427508147220571288e-01
9.330286606702574703e-01
9.227719292531719741e-01
9.205085557606794699e-01
9.297676597489885619e-01
9.299501028439519645e-01
9.334846649121122386e-01
9.306583844053020194e-01
9.354843566026564972e-01
9.222571079348489409e-01
9.283496725075954803e-01
9.313515144390928091e-01
9.361442483517177227e-01
9.289722826879847073e-01
9.341761663505337987e-01
9.261013766729377927e-01
9.309583209882881238e-01
9.359618150941716452e-01
9.370589689186268334e-01
9.291443748669159231e-01
9.238671015760094862e-01
9.237659654428407308e-01
9.294089176420825549e-01
9.437161131989322271e-01
9.231088728031129342e-01
9.366467752184449713e-01
9.285761810222874502e-01
9.267628909942183801e-01
9.324741180653388639e-01
9.258201181550314018e-01
9.365442258073072290e-01
9.346884611866844716e-01
9.204516430495617296e-01
9.272012669126767914e-01
9.301965904148309372e-01
9.285546878465469334e-01
9.385111932648554367e-01
9.375296769146251874e-01
9.295055582495325153e-01
9.347182305649437417e-01
9.236323974683463556e-01
9.252187375243284828e-01
9.255496080554361793e-01
9.323264040823260324e-01
9.362629242933050433e-01
9.372235094650585019e-01
9.367357023757566514e-01
9.371596401782791297e-01
9.398229464659816346e-01
9.451635240459630438e-01
9.378623158489345357e-01
9.360561640063254085e-01
9.326325127246681834e-01
9.367707612466721345e-01
9.245423835596240369e-01
9.317376469531327698e-01
9.415725640219276826e-01
9.351546240298678203e-01
9.318607791011462860e-01
9.316605515845659546e-01
9.285024366089151826e-01
9.349058700947030509e-01
9.365924593813198529e-01
9.378703350021937446e-01
9.444138416301585126e-01
9.338592289020263282e-01
9.424879980113994860e-01
9.305197631660609980e-01
9.469382240137265150e-01
9.424776076155023663e-01
9.322339822648632035e-01
9.310030266851403447e-01
9.393563921267497063e-01
9.393299813413052979e-01
9.447624199917470378e-01
9.420645203537947321e-01
9.372966480152712387e-01
9.386224146556514381e-01
9.257490294899278771e-01
9.382893527128092215e-01
9.428790223306294793e-01
9.369015181208940612e-01
9.339889380296171328e-01
9.307039003241603936e-01
9.341746881765946586e-01
9.383000637763839746e-01
9.370511743848441988e-01
9.388714993667419684e-01
9.422887086083383545e-01
9.346632310011644407e-01
9.325423194267170590e-01
9.362668547570643929e-01
9.301456485173864586e-01
9.313545150450334154e-01
9.467658361376216636e-01
9.318316311585768119e-01
9.436464114269575987e-01
9.417493081652494880e-01
9.322276597819717514e-01
9.363911827246766961e-01
9.315554563645623842e-01
9.318022495888115264e-01
9.368600128857130782e-01
9.455989551165824292e-01
9.406964776964137354e-01
9.347142164722600510e-01
9.487076572902103377e-01
9.374478937882506635e-01
9.346014458931649616e-01
9.425080310669359251e-01
9.390993453566502946e-01
9.357750800671955638e-01
9.368466319901652684e-01
9.376955291378387125e-01
9.341391183562025580e-01
9.375639263204560425e-01
9.382070602198152587e-01
9.455295891749200266e-01
9.345025349125068992e-01
9.387414325232780188e-01
9.317761813925856673e-01
9.413728646740494588e-01
9.486382522194517497e-01
9.378154942171573749e-01
9.277297139967731754e-01
9.369422059585436058e-01
9.416560098224617814e-01
9.331890970992156031e-01
9.341802850563765137e-01
9.381327837690325300e-01
9.393937725612646616e-01
9.432314490945722385e-01
9.448693478038695526e-01
9.405729724819614779e-01
9.353512212145436155e-01
9.391334060815307305e-01
9.397978235746539122e-01
9.345234074039813210e-01
9.360867822032232777e-01
9.237723782450834031e-01
9.363811792075997786e-01
9.329556940179927205e-01
9.438259962534722991e-01
9.356580779998754371e-01
9.310975197844587603e-01
9.415512833135999404e-01
9.380817502375120576e-01
9.512139223723761194e-01
9.421278045703631587e-01
9.323426752514744065e-01
9.424212567913562433e-01
9.500245202914731069e-01
9.387344390834561070e-01
9.389842280163100963e-01
9.366610038580701625e-01
9.504983474863512027e-01
9.406163261458452274e-01
9.503453215657663433e-01
9.286333879421770909e-01
9.382191655982572431e-01
9.358025457822879423e-01
9.392092689424067498e-01
9.360955389028986495e-01
9.367005732083366620e-01
9.328340637505989630e-01
9.389478004329864236e-01
9.399824145687439847e-01
9.320825735892590558e-01
9.489863263751071587e-01
9.408417442499978911e-01
9.421947955440131972e-01
9.435078094928839310e-01
9.348046270299513738e-01
9.374761681793256640e-01
9.400827650114083056e-01
9.500403078663941514e-01
9.361429891432372363e-01
9.330194952162779165e-01
9.326470735923433342e-01
9.340171432664604589e-01
9.438495251169505273e-01
9.489116660815928306e-01
9.495465467693293693e-01
9.312927769150529667e-01
9.461645259244945150e-01
9.436491992828051067e-01
9.425797153800428152e-01
9.413940152349055124e-01
9.399545535751387959e-01
9.288349288876623921e-01
9.428083986232888014e-01
9.372969412273545187e-01
9.297980308029611951e-01
9.445021977257299639e-01
9.446320183571330631e-01
9.413569204594023354e-01
9.379937483455423886e-01
9.416927336233326118e-01
9.329669656347949758e-01
9.250381894518819870e-01
9.389510691217233251e-01
9.478874960491160406e-01
9.372674070974116312e-01
9.382261210698600307e-01
9.381694916962135533e-01
9.490203584418153149e-01
9.348718084269992401e-01
9.517680524706283451e-01
9.410223847592278368e-01
9.467809733779192216e-01
9.466546480790535290e-01
9.350067993190934734e-01
9.475595775949535726e-01
9.424510714839101633e-01
9.352816493902309514e-01
9.368630713993293391e-01
9.373530017983534579e-01
9.417474282409081798e-01
9.364624141893800324e-01
9.435570597955816874e-01
9.492991006815648669e-01
9.417952141259209320e-01
9.453993470901107532e-01
9.428749828883239426e-01
9.367468270966889943e-01
9.410364942590240256e-01
9.376911574454002141e-01
9.408856111446329828e-01
9.348919236707494695e-01
9.302504511229561235e-01
9.398296187276818925e-01
9.423577689393012324e-01
9.385685787245370282e-01
9.320962486338925101e-01
9.384175840040573924e-01
9.333318612122926128e-01
9.399576995521229383e-01
9.429468872124722179e-01
9.344524163414215101e-01
9.338026731631263733e-01
9.401413242731703201e-01
9.436783824786296737e-01
9.426613245454638079e-01
9.509240947184196546e-01
9.390406753426958630e-01
9.438286724179133502e-01
9.387651045113274417e-01
9.435153441200189173e-01
9.325512762612915285e-01
9.319011451363362619e-01
9.277610805757058321e-01
9.443577432218214218e-01
9.473142730429381375e-01
9.294916825559325080e-01
9.484531540980063458e-01
9.464978806965413938e-01
9.405116171050152962e-01
9.366420523299407996e-01
9.398009479209636918e-01
9.449543906155351003e-01
9.392117657583471946e-01
9.502526101313900631e-01
9.427087483982764526e-01
9.358069818047241029e-01
9.367058259457280434e-01
9.247943889472439727e-01
9.248426249216576966e-01
9.422862237104662197e-01
9.457334757116011570e-01
9.484121173789096249e-01
9.422338314988962793e-01
9.381841279683889034e-01
9.342457244549374762e-01
9.431529619378836715e-01
9.429737480254709592e-01
9.297709309086955587e-01
9.430081152955679391e-01
9.382024548426631805e-01
9.433424618876925516e-01
9.373085911869672993e-01
9.251067362621985257e-01
9.389676434170479702e-01
9.477023525219879785e-01
9.397457937826996233e-01
9.366336543754707478e-01
9.343406861961441878e-01
9.362110215521747270e-01
9.466933608803670408e-01
9.246791960948702593e-01
9.440971826965853797e-01
9.432472708411938633e-01
9.393542925142507327e-01
9.450909390670235721e-01
9.339626905368381138e-01
9.339973080485439727e-01
9.429085531414466148e-01
9.440923490507759919e-01
9.456549537161795804e-01
9.428756415173086269e-01
9.381085600951091230e-01
9.457570401032100449e-01
9.398643952455216777e-01
9.379079965372190131e-01
9.452957068993832479e-01
9.413508776616352769e-01
9.448721898657853613e-01
9.387171339831335004e-01
9.330924373963798146e-01
9.432358177274765554e-01
9.438921422749426693e-01
9.413190099235118069e-01
9.388258530062976170e-01
9.386092289250542731e-01
9.318406356052655326e-01
9.379165018683284227e-01
9.274671286294116079e-01
9.358192772916861246e-01
9.443331416555286184e-01
9.367104676543750452e-01
9.382523894658605368e-01
9.421586976142435343e-01
9.433061334750060256e-01
9.370451752357448205e-01
9.414148398734459855e-01
9.460487047354413370e-01
9.381374588011546223e-01
9.389048384145673998e-01
9.442167335645649251e-01
9.415859121034547696e-01
9.458229130594498768e-01
9.378450778193352377e-01
9.408430482336609391e-01
9.443899767462684558e-01
9.363185937944913384e-01
9.363591927626581102e-01
9.330602684600891594e-01
9.371124862466515548e-01
9.368603790391161201e-01
9.377587637007807064e-01
9.420961688647211396e-01
9.339236739885191652e-01
9.380223148642378161e-01
9.406891095446974216e-01
9.513899606055266078e-01
9.391278528648449031e-01
9.437814025592864420e-01
9.345812951148529946e-01
9.417297731082868717e-01
9.382984622864078972e-01
9.301142463559870510e-01
9.340248214455061371e-01
9.388757468583439625e-01
9.466913670444467854e-01
9.418396298061517680e-01
9.436571540384548484e-01
9.392648191082589859e-01
9.458569278919085610e-01
9.381742770736870574e-01
9.456493617264633000e-01
9.464115186920939449e-01
9.347949662826137152e-01
9.457269893643522884e-01
9.427576842939501267e-01
9.389723299771047804e-01
9.399833014973399958e-01
9.426859276189523129e-01
9.339942359372461755e-01
9.355429673215089892e-01
9.346203265530512727e-01
9.447781169724035477e-01
9.430991837832362057e-01
9.480389223452004854e-01
9.351631027063070922e-01
9.408624221535304422e-01
9.423223812894075957e-01
9.346997982778995073e-01
9.488481710906202515e-01
9.338033429787959694e-01
9.485318753513685142e-01
9.418775170200148761e-01
9.345354125215569185e-01
9.312207779861207957e-01
9.498247031659005080e-01
9.527542375047992618e-01
9.361147762176048603e-01
9.423468208409049307e-01
9.416830471918786749e-01
9.379019223296335417e-01
9.468404368736226262e-01
9.438597516176262525e-01
9.361047269286482120e-01
9.308167830622214867e-01
9.459293705961695498e-01
9.402675299692776489e-01
9.470192557052807825e-01
9.333751233493835509e-01
9.411134857954163158e-01
9.442852769012968217e-01
9.411259048677493855e-01
9.474957361850249171e-01
9.416571150499331022e-01
9.473872549985038471e-01
9.446410436394614418e-01
9.456462632348325847e-01
9.407894693172795808e-01
9.359613228554798381e-01
9.368067069479597553e-01
9.364651716469351017e-01
9.422629429124033118e-01
9.350266528663577770e-01
9.441899058804336109e-01
9.431454549896460815e-01
9.434382389166600102e-01
9.430413797183047064e-01
9.400717566570393480e-01
9.401033327196341993e-01
9.436304676574767125e-01
9.403993613587228184e-01
9.410780398919541545e-01
9.489165774428625078e-01
9.459571593549510604e-01
9.422625849000219045e-01
9.343261375327106544e-01
9.352665452566070181e-01
9.366853719769896447e-01
9.452386238698354815e-01
9.390328996250031368e-01
9.498745067035314626e-01
9.326408718204549642e-01
9.451374280392705884e-01
9.454562110715351020e-01
9.381236719336415453e-01
9.423350917202885091e-01
9.482646765239814979e-01
9.399574883368702061e-01
9.384745750028032907e-01
9.444100137015891683e-01
9.321571928713753286e-01
9.391073609525623089e-01
9.515072099846156872e-01
9.383896116237638863e-01
9.400048169154612276e-01
9.434757762169704298e-01
9.390837871443530327e-01
9.410864644223742026e-01
9.358542074177356174e-01
9.377367212322351708e-01
9.374709328852540713e-01
9.301055679963475820e-01
9.306714598578583741e-01
9.409222127030493210e-01
9.385947243692862596e-01
9.455162887937557104e-01
9.483331685414442269e-01
9.433843576142180165e-01
9.436530249654124791e-01
9.411472161077518717e-01
9.416662479005946107e-01
9.482272919184764337e-01
9.356607595564858659e-01
9.383090010557869620e-01
9.398221321329601752e-01
9.327723905402349747e-01
9.351735352836179072e-01
9.379549055207845321e-01
9.405862894628889137e-01
9.311851845219344392e-01
9.382189374100710078e-01
9.378021246176756476e-01
9.393949900788571838e-01
9.373112892723135525e-01
9.437146873522199719e-01
9.466974808889968562e-01
9.392469388105684214e-01
9.367940752739356558e-01
9.387058141263541211e-01
9.372569240540279401e-01
9.372199339235075533e-01
9.332857696023150185e-01
9.470462356940823057e-01
9.444758335436331809e-01
9.390782122951786270e-01
9.417386428270879684e-01
9.423705788289008511e-01
9.467684387698048765e-01
9.304409528995559731e-01
9.388599762762923628e-01
9.426927054254550242e-01
9.368826961071534676e-01
9.476598645819419575e-01
9.432964494225118957e-01
9.388819869249089844e-01
9.410168606604132346e-01
9.385435198399388890e-01
9.371220284492157715e-01
9.323368542220238364e-01
9.388931114311046544e-01
9.329867412193837417e-01
9.374190496642520465e-01
9.376105980116470340e-01
9.369548640400011674e-01
9.359025317709362968e-01
9.405312220450753324e-01
9.454015384813009293e-01
9.473667552469087205e-01
9.402329499709003446e-01
9.413754761156952755e-01
9.357831554958380149e-01
9.463132854326304910e-01
9.360042099550561767e-01
9.364803063122476567e-01
9.417313652731101881e-01
9.426602607697895930e-01
9.335105843926874147e-01
9.423594789233941116e-01
9.420251531708437875e-01
9.526739447080271317e-01
9.455699578279506134e-01
9.481972368143783969e-01
9.456703665445996831e-01
9.402558819194938300e-01
9.372647438521162222e-01
9.436700194032622280e-01
9.418095146971279252e-01
9.434924997683600267e-01
9.330462987827217169e-01
9.485518796117125007e-01
9.414791965671632790e-01
9.457092921408031261e-01
9.442913586042546159e-01
9.371589078029236575e-01
9.336975215136215089e-01
9.366877599816710864e-01
9.481115731841334160e-01
9.517818441479316549e-01
9.500972851274775977e-01
9.383439516064870922e-01
9.316588233009297504e-01
9.350805331244541607e-01
9.321378795127777117e-01
9.399666164413588154e-01
9.414464428987764366e-01
9.423102394409853533e-01
9.435322274272414100e-01
9.432068791354507598e-01
9.557750484495529664e-01
9.454343028170976160e-01
9.423485566263090085e-01
9.468004003685078773e-01
9.473897777345083870e-01
9.444067131761495482e-01
9.392227734881308798e-01
9.498636913490723366e-01
9.492501912022320854e-01
9.482359536646431941e-01
9.400932248589078943e-01
9.405483280612925157e-01
9.389801342982677657e-01
9.388317184321688380e-01
9.513560637128868347e-01
9.384881109715110803e-01
9.407359239385004734e-01
9.381277459127302931e-01
9.410568657996478681e-01
9.430792155979621505e-01
9.468408236185613669e-01
9.407009005772259957e-01
9.470233162969909912e-01
9.378500090329037198e-01
9.362181477023874265e-01
9.457995450506573309e-01
9.352102753360049814e-01
9.464307084676036874e-01
9.414549666854054033e-01
9.391643337852145779e-01
9.394366167650438637e-01
9.411318415318420394e-01
9.378835110629988314e-01
9.503117788461468152e-01
9.361760766743257856e-01
9.317685487641775843e-01
9.383745388219061345e-01
9.376066123738278080e-01
9.334169042753768242e-01
9.444289371803463728e-01
9.340068517044093355e-01
9.321911875287313132e-01
9.380562056869580223e-01
9.375765033631944245e-01
9.403048043634046893e-01
9.527254856168433372e-01
9.400202232850147777e-01
9.397121062175926021e-01
9.351226694829060104e-01
9.345063509876198049e-01
9.478861310561212949e-01
9.436490723529815661e-01
9.393025764682982892e-01
9.415628367004957866e-01
9.392077094621611444e-01
9.445252296472135267e-01
9.428158325951586649e-01
9.450028612009221396e-01
9.418486462662911674e-01
9.370413111638151715e-01
9.337835631233798450e-01
9.331204066020795107e-01
9.367266111399303874e-01
9.258962136962028966e-01
9.448039235247028822e-01
9.466920023144637097e-01
9.302091725841635794e-01
9.288758190287970118e-01
9.453527732851799703e-01
9.429475194613280431e-01
9.338736161856361351e-01
9.442393664148851506e-01
9.442466523014998447e-01
9.400062167448602901e-01
9.452526296228785929e-01
9.383091678185354612e-01
9.321612222958870486e-01
9.378830175310716166e-01
9.446399092308468415e-01
9.347781479296232154e-01
9.388108034096285248e-01
9.406101222517417870e-01
9.474565699736323676e-01
9.387663302309239288e-01
9.331192509902390686e-01
9.450988402897161356e-01
9.480198949099729600e-01
9.497169815209570709e-01
9.409455405060426214e-01
9.283423357917456320e-01
9.407876823516895248e-01
9.461181455873708401e-01
9.453383388148026700e-01
9.381316057978633660e-01
9.357241267016249697e-01
9.376470204551036192e-01
9.394608204138812368e-01
9.534679945573649729e-01
9.370606419043864266e-01
9.374295112383796980e-01
9.359504586161206952e-01
9.405660920774517875e-01
9.380019104370843630e-01
9.440085815048260276e-01
9.493442651644674601e-01
9.448584998007687474e-01
9.464479235159227732e-01
9.418520399572096746e-01
9.507370492242860349e-01
9.313114489823242081e-01
9.411592148996952290e-01
9.321488757018342453e-01
9.395028832649404693e-01
9.405866000401660321e-01
9.372237167135348823e-01
9.389047488676774966e-01
9.417822438331837631e-01
9.333310202291796864e-01
9.457140129271275342e-01
9.432257923441976777e-01
9.309140519905535482e-01
9.460558859151326772e-01
9.390334525277463928e-01
9.361258810299569744e-01
9.369605239310131450e-01
9.434778747231760132e-01
9.426674624766455679e-01
9.404759195791406734e-01
9.414833796856995063e-01
9.417514207688024719e-01
9.459045502462890553e-01
9.418885309519740012e-01
9.297518964401134678e-01
9.469544042578078580e-01
9.407299105533890593e-01
9.380898009050636643e-01
9.451683194188431614e-01
9.314962923836831443e-01
9.373197980533132245e-01
9.334012913791057686e-01
9.376287626765720251e-01
9.287931420087524037e-01
9.371526306989399480e-01
9.368924740526616279e-01
9.263850796336245974e-01
9.384082866579208648e-01
9.367646989534218482e-01
9.367139201175725960e-01
9.432113839448708070e-01
9.445837640701971738e-01
9.473550836223405547e-01
9.231026170975755729e-01
9.486519470124441522e-01
9.518234088758097400e-01
9.384422382819660458e-01
9.370556925697924866e-01
9.454943683657609510e-01
9.350806617248774710e-01
9.456120211923024765e-01
9.381248710544930480e-01
9.395137666264307130e-01
9.405982336858075277e-01
9.410490524502757026e-01
9.457731133424919223e-01
9.292766135751929779e-01
9.367155491782450660e-01
9.455182627180591659e-01
9.359492212079487672e-01
9.342267775855991330e-01
9.350827530748992977e-01
9.316977611737504716e-01
9.420581231236342390e-01
9.491406252319037895e-01
9.362546320843400105e-01
9.466070299090266760e-01
9.332254939162893947e-01
9.322956264054371722e-01
9.338892023060256786e-01
9.309663812074679967e-01
9.373078844343319949e-01
9.387992025126475903e-01
9.457450513820896409e-01
9.367345760773109209e-01
9.440990499433542515e-01
9.429349256654152578e-01
9.381644773657220604e-01
9.393459739229509387e-01
9.474285534777401319e-01
9.449499421168043867e-01
9.408476970207434453e-01
9.416824328987832837e-01
9.327403691791278373e-01
9.336041963225407692e-01
9.372406248897400260e-01
9.362247236041070231e-01
9.406188195912479344e-01
9.368087217134476452e-01
9.270226882625529630e-01
9.402172308578978788e-01
9.469260545854822908e-01
9.397016711641148490e-01
9.390449435549959034e-01
9.465984528626160133e-01
9.328972122831450386e-01
9.364943323224714788e-01
9.362135943669889215e-01
9.398927820742828398e-01
9.301397850264216949e-01
9.501270900645484296e-01
9.371685073902782381e-01
9.381440492977215495e-01
9.416468063738163696e-01
9.451494597988150392e-01
9.329739296447544517e-01
9.450737432988088882e-01
9.420703124666830464e-01
9.287635282260029435e-01
9.497805312037707060e-01
9.327135186633468411e-01
9.407834209120455871e-01
9.460694877558285532e-01
9.447024623287050282e-01
9.334066091936229492e-01
9.361538631135921662e-01
9.360710068152048313e-01
9.411173586642813671e-01
9.368140847278988437e-01
9.431533181368816354e-01
9.435894479801872903e-01
9.322132380138661301e-01
9.449403402982228251e-01
9.385548356730233355e-01
9.269189938461894762e-01
9.401812212029119209e-01
9.342633208865857020e-01
9.445219120599355200e-01
9.368553742164847931e-01
9.316233186181868131e-01
9.384068992913363605e-01
9.425824533039995901e-01
9.392392665310831390e-01
9.411918767266762575e-01
9.300248688156855792e-01
9.439238917281096430e-01
9.398223563572932759e-01
9.408289196260075649e-01
9.442566843866626591e-01
9.396529504476095473e-01
9.335112339430041706e-01
9.447717466675632503e-01
9.378232001940202123e-01
9.441403084801662793e-01
9.480577889409421699e-01
9.458720662379306310e-01
9.423096305541291962e-01
9.309475020756267094e-01
9.422526205959868006e-01
9.407701537185886309e-01
9.428497966320206203e-01
9.304743544614620943e-01
9.375172210275866114e-01
9.432590820061744763e-01
9.421561818931455390e-01
9.305459663304983531e-01
9.436941869556201290e-01
9.371176401235650211e-01
9.286971029092336849e-01
9.329775610643697981e-01
9.418476482655557813e-01
9.384747254775044345e-01
9.395475049578343452e-01
9.391622465538287390e-01
9.350647302336129174e-01
9.441131657823907952e-01
9.395319646634605615e-01
9.462808335411477811e-01
9.360737067442531645e-01
9.399004890658642086e-01
9.437299474883146244e-01
9.448837918262787960e-01
9.387899407291010467e-01
9.446822493173425705e-01
9.439241106815395854e-01
9.409879987442144600e-01
9.381442793304637373e-01
9.391674065374941982e-01
9.479145054326163500e-01
9.304679330462765074e-01
9.421384472869366311e-01
9.391381983394202493e-01
9.567151917551097728e-01
9.389916079993997355e-01
9.443552518512086102e-01
9.381559264442823620e-01
9.488406131946837130e-01
9.318347021520313467e-01
9.418753244397934932e-01
9.406175472256643744e-01
9.402701070946504203e-01
9.409550514466595850e-01
9.450786532743662427e-01
9.438134674570360927e-01
9.388519906893354472e-01
9.407387657543053727e-01
9.352192571774717855e-01
9.363611041770225629e-01
9.375970612887671862e-01
9.358848391436409564e-01
9.524245781685035661e-01
9.426102420923234693e-01
9.315653180693387325e-01
9.427001607368750147e-01
9.438800887702730735e-01
9.319155918855850373e-01
9.374959604858671414e-01
9.372118518231385975e-01
9.350192262393371978e-01
9.384744979422431355e-01
9.414242308101183898e-01
9.420233315753547831e-01
9.351634775675365940e-01
9.342788086254459889e-01
9.372296730199712878e-01
9.335526991749614201e-01
9.443642672268177662e-01
9.360668272315936234e-01
9.399886866653051065e-01
9.429598320889692742e-01
9.352439697515870787e-01
9.454885448729793973e-01
9.371612736248483566e-01
9.420635034213106218e-01
9.437681299660427570e-01
9.326314746588105775e-01
9.459710621705896827e-01
9.431227001413137190e-01
9.378276943774004337e-01
9.455183731510206080e-01
9.353645581705491985e-01
9.311827421217437895e-01
9.285809555252119152e-01
9.459123967336806604e-01
9.387800176347432801e-01
9.411464014615025242e-01
9.457277174912954720e-01
9.456255565152094089e-01
9.370383049673399745e-01
9.379829476772815200e-01
9.378824692208463931e-01
9.373165880088321078e-01
9.377166175119278080e-01
9.456705305701581521e-01
9.347776027114368391e-01
9.491264125940027663e-01
9.420929670410810308e-01
9.416063066228949063e-01
9.428878349310100271e-01
9.340647518118672110e-01
9.368733755848608347e-01
9.303941889252783648e-01
9.321966402376375971e-01
9.430227363907478511e-01
9.392052637628670597e-01
9.422867616530422596e-01
9.454429287548375971e-01
9.392472451035887016e-01
9.461604991279767285e-01
9.414036176263487210e-01
9.328613039651112437e-01
9.403097535537849883e-01
9.469052329793790079e-01
9.412570333111937027e-01
9.269564284567198831e-01
9.387860414902842177e-01
9.403328416393458289e-01
9.406777528086941453e-01
9.255452918297751852e-01
9.380901431431216686e-01
9.376221877572104013e-01
9.389201337321217977e-01
9.346187600357862557e-01
