8.645463012979063278e-01
8.796581768511759769e-01
9.117261997072335644e-01
9.063082924120412498e-01
9.072880682690630527e-01
9.042118296822905243e-01
9.231602633870540364e-01
9.043060932227789950e-01
9.059347740021945761e-01
9.137239425379545255e-01
9.040929389382306169e-01
9.031862536517892837e-01
9.130124679479990624e-01
9.105627345170410614e-01
9.216555113087401274e-01
8.999212237290770133e-01
9.083926113227009935e-01
9.172364810709926486e-01
9.146549803704563386e-01
9.029379066603578918e-01
9.101237925094355363e-01
8.984333539625606324e-01
9.165168627015352065e-01
9.038317545185742263e-01
9.099273605660422870e-01
9.020091619420754769e-01
9.123018060697031251e-01
9.106206856592500287e-01
9.144725140068885594e-01
9.143162139385548892e-01
9.201649896256139938e-01
9.235457663321731125e-01
9.153056104566162920e-01
9.177560457654218018e-01
9.265278979660037662e-01
9.225057480004142940e-01
9.141170361394342914e-01
9.280003719045472055e-01
9.211405219835103741e-01
9.176815939053319937e-01
9.210520429102274642e-01
9.247940079625058818e-01
9.329439382546508286e-01
9.317443895577401936e-01
9.222420907086337216e-01
9.345597482675183088e-01
9.199909376678259143e-01
9.342732358249800084e-01
9.296260525161396115e-01
9.364210298591756354e-01
9.271521733068683879e-01
9.292089197547848123e-01
9.305007603052605214e-01
9.269753721677553848e-01
9.241146400207871370e-01
9.362166929725990183e-01
9.353511061863482023e-01
9.303927195838810338e-01
9.286735966329768832e-01
9.291678433618126842e-01
9.303610438776220848e-01
9.311738570259153747e-01
9.315898790280111585e-01
9.243860297138956073e-01
9.355067633787941261e-01
9.419702258212064860e-01
9.421009262725490441e-01
9.352510515809713265e-01
9.334247639077645209e-01
9.340505916861029378e-01
9.453909777776027257e-01
9.282659037242174671e-01
9.366978903179333793e-01
9.329905255517474405e-01
9.342088432266184572e-01
9.368727792082998107e-01
9.387184794985461433e-01
9.399617753850787460e-01
9.369832181613843014e-01
9.342991353791343379e-01
9.301240393469916157e-01
9.343852042699694049e-01
9.291132189355236770e-01
9.356033759234613223e-01
9.414910996362667595e-01
9.375212318726816596e-01
9.378602071690405051e-01
9.378248555088863903e-01
9.433812738272269183e-01
9.370225863579341175e-01
9.273581037676854599e-01
9.411874149962183855e-01
9.338244088128074827e-01
9.355756557865175793e-01
9.391154965347868755e-01
9.415023453662110242e-01
9.425391288267320755e-01
9.386893113872243344e-01
9.389551949047962864e-01
9.421786912496179500e-01
9.327668815450032014e-01
9.412050315915121423e-01
9.400986418684840196e-01
9.396878479134798123e-01
9.366104787098921136e-01
9.407753327541391597e-01
9.321108818573752286e-01
9.408364462365138570e-01
9.367064089432782792e-01
9.395961492793234449e-01
9.386999060356531199e-01
9.379393121505473774e-01
9.339513136109044433e-01
9.313233593039684788e-01
9.337462306971799908e-01
9.406586844073221432e-01
9.396688315699017746e-01
9.400417284010821328e-01
9.445194229451969736e-01
9.400118279531867183e-01
9.509659505066920815e-01
9.446284275965115551e-01
9.364038448119121893e-01
9.361856905695036257e-01
9.367882692225057983e-01
9.405113704837755328e-01
9.489524454242999063e-01
9.440305490671945243e-01
9.385858466016385737e-01
9.419323306004058205e-01
9.366408378434614157e-01
9.345623519284126379e-01
9.444796140955932229e-01
9.377949177912142664e-01
9.375597485542539467e-01
9.423221619984617492e-01
9.428678053138945803e-01
9.387087681814851869e-01
9.440777127363361165e-01
9.443297910978071252e-01
9.360728512093995368e-01
9.431087057174597499e-01
9.453181907243944915e-01
9.382332521268709202e-01
9.449260400219594569e-01
9.430449307848606244e-01
9.382218054629788417e-01
9.404878552548870951e-01
9.388312245980980908e-01
9.416064527667031836e-01
9.412857128547043040e-01
9.439736584334633696e-01
9.331167809613488684e-01
9.464237332808355108e-01
9.456752205325018590e-01
9.460177022327787011e-01
9.480410872913499487e-01
9.409953871939714665e-01
9.361730308440237014e-01
9.306323749598561790e-01
9.438024486149038106e-01
9.486247216812913052e-01
9.493192929170638505e-01
9.444288254627194457e-01
9.435962846135642623e-01
9.501276114236290038e-01
9.366397249828440907e-01
9.409177073431567173e-01
9.404751719352223427e-01
9.357574788996845250e-01
9.381777670918589607e-01
9.402437248831653216e-01
9.416731725056790570e-01
9.326317102777808010e-01
9.378929250351142333e-01
9.454803310008270678e-01
9.472719520675993987e-01
9.401625895463284754e-01
9.375112841475200520e-01
9.352852876711081898e-01
9.401253663480808598e-01
9.406497605908248349e-01
9.426645654208730685e-01
9.504730089911026525e-01
9.455942906611169985e-01
9.468556502003925290e-01
9.385669312788296192e-01
9.476741476410868170e-01
9.457113471583997732e-01
9.437221293273556633e-01
9.457246935620132744e-01
9.419752470032820568e-01
9.413804380783145076e-01
9.427891679123936441e-01
9.483243008726155443e-01
9.425549623508406860e-01
9.477746173453120981e-01
9.440381939767263919e-01
9.417779424653083264e-01
9.494931429569304360e-01
9.450551786591073755e-01
9.446097460971077941e-01
9.394903204334802416e-01
9.484152147390011445e-01
9.448422488241793316e-01
9.446371581645456317e-01
9.438000116251582527e-01
9.455787642756761091e-01
9.464617282378041674e-01
9.393709286625941957e-01
9.431831365404770295e-01
9.436997855238266064e-01
9.435342700521073267e-01
9.469821817622193771e-01
9.376093058979469985e-01
9.439607823279783094e-01
9.415650444192877888e-01
9.483715435705704078e-01
9.347934575935405999e-01
9.442840369220232288e-01
9.460536981010382318e-01
9.423521252318300956e-01
9.354853922019753520e-01
9.479341630657301954e-01
9.372131713444287193e-01
9.421040280631346464e-01
9.420093753655375268e-01
9.451540613019918657e-01
9.374888008775889015e-01
9.415950861090531809e-01
9.418781188657373571e-01
9.395344012011065393e-01
9.357143182081923971e-01
9.468001761707591779e-01
9.450805741370104096e-01
9.467519857009394357e-01
9.351754238162039989e-01
9.500735912685940310e-01
9.493437514837391733e-01
9.435350527087148498e-01
9.455921211338342847e-01
9.481945064768568798e-01
9.467501308124574022e-01
9.446561369577446410e-01
9.464851663643227830e-01
9.285531726615964265e-01
9.490936184116938179e-01
9.494610967835283022e-01
9.436423286516724129e-01
9.488143656016495564e-01
9.425680599466993437e-01
9.444824502841772107e-01
9.478546163264708335e-01
9.473704831723307462e-01
9.419233854870738831e-01
9.466863082068102120e-01
9.392291107553042417e-01
9.414725985265441910e-01
9.477007403856023693e-01
9.446814361160074114e-01
9.375206196623409038e-01
9.391855488099545290e-01
9.374042058658831333e-01
9.455168621275117369e-01
9.379768749884902501e-01
9.408444082774990447e-01
9.520796459065941075e-01
9.427731614356525958e-01
9.448001137659584048e-01
9.447065710170933217e-01
9.475054883769079561e-01
9.449768137819276603e-01
9.428019300619210341e-01
9.509678611082406086e-01
9.427405323380314561e-01
9.404735471593259621e-01
9.470195683488169536e-01
9.359273688041327421e-01
9.374835100270300092e-01
9.444357321512504289e-01
9.468307351219712453e-01
9.284923682132426581e-01
9.333095755882189204e-01
9.385290371136295606e-01
9.374586202878094632e-01
9.353814439845358208e-01
9.467875380599864998e-01
9.458226638634108507e-01
9.440590037859998285e-01
9.420579218107784092e-01
9.406413578028258726e-01
9.406134113901818417e-01
9.417826907600925779e-01
9.491709116357006648e-01
9.415823734252104504e-01
9.557207979075544868e-01
9.408021338670755629e-01
9.388961250582812390e-01
9.443812990978435185e-01
9.393860726924414539e-01
9.472330499898418132e-01
9.428976490478695460e-01
9.410278042883590821e-01
9.399910622786835646e-01
9.384100359946040415e-01
9.380478594007197746e-01
9.434663542857678609e-01
9.403333348349895981e-01
9.478534020932164461e-01
9.428057625158858812e-01
9.447197352058723796e-01
9.463338128663840720e-01
9.403305927490214211e-01
9.456518770939632557e-01
9.489106313728412623e-01
9.459535711306954475e-01
9.331456320567543816e-01
9.447865359868551360e-01
9.410454150565348286e-01
9.492742063111836437e-01
9.426624106681793513e-01
9.432353669229616155e-01
9.442365159961704224e-01
9.373959764292068009e-01
9.447057680033448257e-01
9.498611236083367437e-01
9.468455821269834427e-01
9.467682050694365969e-01
9.425093217798402589e-01
9.471944751800945861e-01
9.428712142127214646e-01
9.390216228695171807e-01
9.421253051980077453e-01
9.422090450075382151e-01
9.507139067004615196e-01
9.384493182906387121e-01
9.434750881886926344e-01
9.491571453220020160e-01
9.426504855432845664e-01
9.399100266902367107e-01
9.428444250575219732e-01
9.409005169267488089e-01
9.516553946242676254e-01
9.563668495694712668e-01
9.400237776692701441e-01
9.474747675142245473e-01
9.457897997981308258e-01
9.475775189219003414e-01
9.395239487611165563e-01
9.372212621244366826e-01
9.341663048620949539e-01
9.467850653391595150e-01
9.342594813712193913e-01
9.422597311400841003e-01
9.425067571939855782e-01
9.485005856669761481e-01
9.441600799998975946e-01
9.446071795557210438e-01
9.360801754471537173e-01
9.393904561746444504e-01
9.409534192185278201e-01
9.352760586217165883e-01
9.472074835390984493e-01
9.349102336977352934e-01
9.414007103880562832e-01
9.463023442447248135e-01
9.412587776040030052e-01
9.435541955376096634e-01
9.492895360757700463e-01
9.401508261577139480e-01
9.382139695224439579e-01
9.463265367018250940e-01
9.466886547074121472e-01
9.427724509805278652e-01
9.458428496969838450e-01
9.527193616393461184e-01
9.396943423209669355e-01
9.383981714065238178e-01
9.410895562525228852e-01
9.443944723398910446e-01
9.448810424405208463e-01
9.342417859720392181e-01
9.449409089299938280e-01
9.405557750595501254e-01
9.533866701823627832e-01
9.466534081562889558e-01
9.441470098754299878e-01
9.547792927848562927e-01
9.424498333870201527e-01
9.429484734176318828e-01
9.375210957284981772e-01
9.568088310614948355e-01
9.494136918475032383e-01
9.495321166236025956e-01
9.376654269874465930e-01
9.407574781870116087e-01
9.481319687047645717e-01
9.446281428972993499e-01
9.508457834204988579e-01
9.457711950625738995e-01
9.376782285798636041e-01
9.435016976808942024e-01
9.491132661877514920e-01
9.520022636119334081e-01
9.493722349304531960e-01
9.431143798604735284e-01
9.466466603707760497e-01
9.456219729130482810e-01
9.459450320689088976e-01
9.562862030021720416e-01
9.440523409885227535e-01
9.520976130657097247e-01
9.438668283917988067e-01
9.424900491903676070e-01
9.483156590045048739e-01
9.410425259274819432e-01
9.442077745562711399e-01
9.363386980594792242e-01
9.378317710068756474e-01
9.470894776657899916e-01
9.423499665947283610e-01
9.442245423135356974e-01
9.448320682190964881e-01
9.417734864015647744e-01
9.444698126859765175e-01
9.479587041013844972e-01
9.447547936234785837e-01
9.407104072481691226e-01
9.428301568767881724e-01
9.350607154860638426e-01
9.508957300304924365e-01
9.427057331634662862e-01
9.444314091208058093e-01
9.438086615178090666e-01
9.503567056709255612e-01
9.411257599568775278e-01
9.476175170939569181e-01
9.435897744343355598e-01
9.486880332129216109e-01
9.466330793439650115e-01
9.489344341929977222e-01
9.445008810181109160e-01
9.422848751997898731e-01
9.438829085322592016e-01
9.486783709214536842e-01
9.470629178353390243e-01
9.415850732416422009e-01
9.428413049287999170e-01
9.448065087313544108e-01
9.389454433499243580e-01
9.396729607994008804e-01
9.443456448896651034e-01
9.436023202964349821e-01
9.337709453487506028e-01
9.475651654259802381e-01
9.422774637320769919e-01
9.421418770812783894e-01
9.380542790333704639e-01
9.324448905191402570e-01
9.554039818278315943e-01
9.510430679260798437e-01
9.455449355117636623e-01
9.380664017864370763e-01
9.401217736789672097e-01
9.452923313022176810e-01
9.418380926304128486e-01
9.452049955684561633e-01
9.470602076901362132e-01
9.432350244617757618e-01
9.466281755359350347e-01
9.402076077898278150e-01
9.417087666431446236e-01
9.499833443764085228e-01
9.408897994253537789e-01
9.473825930439151444e-01
9.475136781529442942e-01
9.428987842506491024e-01
9.513228716905730575e-01
9.332480840361911945e-01
9.476697477090432198e-01
9.455720977459087795e-01
9.396888899245142701e-01
9.361914739991488155e-01
9.394415822462589549e-01
9.434621005914211045e-01
9.456999230126197364e-01
9.515348184158263223e-01
9.418044864061019261e-01
9.409692485421531361e-01
9.418191549587514588e-01
9.398949458942699176e-01
9.522401979258496851e-01
9.461259919828112208e-01
9.422826298163119452e-01
9.482471066796791526e-01
9.405082885309933305e-01
9.418454899274926184e-01
9.451147058357963759e-01
9.418780841507544688e-01
9.473521812406271447e-01
9.377619932297932559e-01
9.451498789737509121e-01
9.406308387241270053e-01
9.457027853238344495e-01
9.438271182198240128e-01
9.435346579110855947e-01
9.432946779534450155e-01
9.448773949106704650e-01
9.481273897957243069e-01
9.405732093935406102e-01
9.475955955096923011e-01
9.402676901289984679e-01
9.412347053787379902e-01
9.430554059989094684e-01
9.516465011112231753e-01
9.485956838332587626e-01
9.525565337821123579e-01
9.394673768996240071e-01
9.387879253784631173e-01
9.501686880488801057e-01
9.398278782798275000e-01
9.529008483577231514e-01
9.448179984913303020e-01
9.451104948392279326e-01
9.451293957925298583e-01
9.451103528711661816e-01
9.348532577819480549e-01
9.430373620653074163e-01
9.422864955969523226e-01
9.433770446105039786e-01
9.402213123626544933e-01
9.375784534645910107e-01
9.506234017034329575e-01
9.387595950889527918e-01
9.378470853816033292e-01
9.483500416591448268e-01
9.524559489552890668e-01
9.413895273169180511e-01
9.434493132088386247e-01
9.401816563387308534e-01
9.357588944896706451e-01
9.441464942433526186e-01
9.505723299901362999e-01
9.513789127669731727e-01
9.447908276347345424e-01
9.397904058879585909e-01
9.471007844678763776e-01
9.494300089899084805e-01
9.505638185138838292e-01
9.483015222855375459e-01
9.446755101086691253e-01
9.467477679291556036e-01
9.499279233783245457e-01
9.395329845612014896e-01
9.433881864004268758e-01
9.422146205898864757e-01
9.445038897416924151e-01
9.417560176307374631e-01
9.419153232695193223e-01
9.424614454862856316e-01
9.465730613279312866e-01
9.460451050585615418e-01
9.395867408088911521e-01
9.473876417750776158e-01
9.456587944877880014e-01
9.430245379455751698e-01
9.473256700947680908e-01
9.488022948980662230e-01
9.438931814030138145e-01
9.501466724994341861e-01
9.416418993679678273e-01
9.521625940689436574e-01
9.450636139216693765e-01
9.496894772194234280e-01
9.484116056591963551e-01
9.488880253716728275e-01
9.440957470001084539e-01
9.395805323015166133e-01
9.507730861211310947e-01
9.463622759349700209e-01
9.447752360247502201e-01
9.479691758155729397e-01
9.395274070766498342e-01
9.467261376629569902e-01
9.427672523452964581e-01
9.467478187281515023e-01
9.502058586036759014e-01
9.458952397579740712e-01
9.499548778878975641e-01
9.345832049691218391e-01
9.474229423523206073e-01
9.490963034391901587e-01
9.489496136345165755e-01
9.508210618140030546e-01
9.395679790772542006e-01
9.481929345121763442e-01
9.420414190869200732e-01
9.447243807601664045e-01
9.458204458728656228e-01
9.419776333577764005e-01
9.424097866477394447e-01
9.388272042107108639e-01
9.440939578172821145e-01
9.464228312482929617e-01
9.457930200644439900e-01
9.472255785746251933e-01
9.390447289433005995e-01
9.419411413307869907e-01
9.452345106063155811e-01
9.392174728214003343e-01
9.405325094948393527e-01
9.442495564027236776e-01
9.430536163111296055e-01
9.421145525727606662e-01
9.513532505742483547e-01
9.393345090381443052e-01
9.398844832153930851e-01
9.424520885092023681e-01
9.470134987864655685e-01
9.357795519982454735e-01
9.458629931523208079e-01
9.432254658345818887e-01
9.440470557976884391e-01
9.505061055112793422e-01
9.421812494782202396e-01
9.437969132801800054e-01
9.413878067052149357e-01
9.398558146679836245e-01
9.450772142324536107e-01
9.431266178273841616e-01
9.494972324894856985e-01
9.447308035081236621e-01
9.451160776407938613e-01
9.517176858916580606e-01
9.439313263616234684e-01
9.332220104803825578e-01
9.409031053094473185e-01
9.455597770037584837e-01
9.559193713680652627e-01
9.473186326103113508e-01
9.469331695509433100e-01
9.435543682097339291e-01
9.534099776924320757e-01
9.449864963193224110e-01
9.490107776894245450e-01
9.410760609001087573e-01
9.468286187537968690e-01
9.521416828163085100e-01
9.476095893831539829e-01
9.409769280972466454e-01
9.437361985492898064e-01
9.477739117871918362e-01
9.405132872113750597e-01
9.495361782929002681e-01
9.495440646735394674e-01
9.304991337227201953e-01
9.481134739585367344e-01
9.491722644348018489e-01
9.451317158390470929e-01
9.464723560798578017e-01
9.394093963095088151e-01
9.431444686683915224e-01
9.366964585773768226e-01
9.455647363726390475e-01
9.427670076596812443e-01
9.416904027339316752e-01
9.470708175543520735e-01
9.313134399583651302e-01
9.417765099837306364e-01
9.351770348477550510e-01
9.467451055222361189e-01
9.387030051638752814e-01
9.507202767465686710e-01
9.482095007943078802e-01
9.459799134818155375e-01
9.478358522395299302e-01
9.479063031677658069e-01
9.497474712351247073e-01
9.423222905176829034e-01
9.418643289311344757e-01
9.469531909097870237e-01
9.522878724317328514e-01
9.454891927231823257e-01
9.404443624209881669e-01
9.485349649422549767e-01
9.473065920753857005e-01
9.444423452905903460e-01
9.409164199238787551e-01
9.502909831564032572e-01
9.391896348041535170e-01
9.392626590844040946e-01
9.417687350552111925e-01
9.465541302770879017e-01
9.347365296272452939e-01
9.352206726572083184e-01
9.427469658681149056e-01
9.323211116466900705e-01
9.465026790838017012e-01
9.411471466876923930e-01
9.502082842790033901e-01
9.342999551629322941e-01
9.442074539949065759e-01
9.571152385994982081e-01
9.473953161054164962e-01
9.471518432639992602e-01
9.466621500546369417e-01
9.448830071397142927e-01
9.511183719727738239e-01
9.456893440122638994e-01
9.477718078310013450e-01
9.414524883210804163e-01
9.477861272383658608e-01
9.424577778043087273e-01
9.492270603558432551e-01
9.420710523212695309e-01
9.435357909984866120e-01
9.439794268839285518e-01
9.369338560030763263e-01
9.438024658056138883e-01
9.534618025976088207e-01
9.478727326279430265e-01
9.520216745377293455e-01
9.419617291512415447e-01
9.493069675915531969e-01
9.343293183894718634e-01
9.476613482862442650e-01
9.513072144760599258e-01
9.440813610192779759e-01
9.450326274005834692e-01
9.462775609478072392e-01
9.441170319967774338e-01
9.483471808153853821e-01
9.384025771524510118e-01
9.502937721186526243e-01
9.452290545631814034e-01
9.429354441193793512e-01
9.443121178047555464e-01
9.358943649863149528e-01
9.367919728518497857e-01
9.390260561841506926e-01
9.419900473433006072e-01
9.521357442364951629e-01
9.438067484185007627e-01
9.446550218391469578e-01
9.412281264427023730e-01
9.499321698563388816e-01
9.520037219569165154e-01
9.467974928029350146e-01
9.474071051673930155e-01
9.480917932184995678e-01
9.458007352912453092e-01
9.479971001565798971e-01
9.441801425607937448e-01
9.452132864975362203e-01
9.475503849403068557e-01
9.443398401673454012e-01
9.487007043481778812e-01
9.463226309438671491e-01
9.456855826273319332e-01
9.437326936254640808e-01
9.469024138615508290e-01
9.422661073210705229e-01
9.389272693283013949e-01
9.416119167427567938e-01
9.457706723104202240e-01
9.416140049559191816e-01
9.413857752640204524e-01
9.519766778050668954e-01
9.502582263351126990e-01
9.447232185781289093e-01
9.421985157782692966e-01
9.448881797761772283e-01
9.489350763811128520e-01
9.404652740145132972e-01
9.445133823389869621e-01
9.418472836379762070e-01
9.417069810364441240e-01
9.382674052356088090e-01
9.429376321848860210e-01
9.497875322017066413e-01
9.371694161642624143e-01
9.402997132209921505e-01
9.351094749638744208e-01
9.403549041455819824e-01
9.391272916049370201e-01
9.441661393858673534e-01
9.500277608423683962e-01
9.494707356365233997e-01
9.443079882411704595e-01
9.466136250433629939e-01
9.407383772166534319e-01
9.486225496912084054e-01
9.439635947271840521e-01
9.506594908622164608e-01
9.414117637978809405e-01
9.369765859993175461e-01
9.448999314151774742e-01
9.398550337180489045e-01
9.480077426295901999e-01
9.468127032210628125e-01
9.490560861071500875e-01
9.563718084547561116e-01
9.430492914957910866e-01
9.465914255943398414e-01
9.431999890473491410e-01
9.490416578682642212e-01
9.417889349861635617e-01
9.428117085347857973e-01
9.395410797683584336e-01
9.395271731680391314e-01
9.455475096859150552e-01
9.395131621968618729e-01
9.447754241606470815e-01
9.438679606158152380e-01
9.488428769972915289e-01
9.446390864352036676e-01
9.391948072415878812e-01
9.443145235252764502e-01
9.473072978125637311e-01
9.373065037455384774e-01
9.495535624017513721e-01
9.451198368939232042e-01
9.436620308270132762e-01
9.423409731757268482e-01
9.516833328861199481e-01
9.544205070872537888e-01
9.419341631448999719e-01
9.411559690917463694e-01
9.474840800574014787e-01
9.499279696937563688e-01
9.426291009187137693e-01
9.463693337343265233e-01
9.402084639125796173e-01
9.461462853866789979e-01
9.439207362606558682e-01
9.456062597941605752e-01
9.359940139936747672e-01
9.499466104188207805e-01
9.502618931902024890e-01
9.467382957257364229e-01
9.492119465106710896e-01
9.514289857027286024e-01
9.481104833269973220e-01
9.448881633552285164e-01
9.473022041121147430e-01
9.421925555783181583e-01
9.472408079321887886e-01
9.499559981574781098e-01
9.436599778840856212e-01
9.451384486149357889e-01
9.431482022843767909e-01
9.501395961027214732e-01
9.413009076105958162e-01
9.457949337842848081e-01
9.469525346180358572e-01
9.422307659255365619e-01
9.411463302420058907e-01
9.479703553844731623e-01
9.442787027946176748e-01
9.423965717364016781e-01
9.393139056129971021e-01
9.480602300769688240e-01
9.454634074500795071e-01
9.470385332904289744e-01
9.468382476494937583e-01
9.426464676072431326e-01
9.532772456697603536e-01
9.446030884493451518e-01
9.489478273318713297e-01
9.462732776176813188e-01
9.377676751116438281e-01
9.385590244283678052e-01
9.426196499040341292e-01
9.417564627919366993e-01
9.467309065155169456e-01
9.485330454365850095e-01
9.493428437312680934e-01
9.349475044631604392e-01
9.514720888153747058e-01
9.481508620717713498e-01
9.494772684143494290e-01
9.474252427578049307e-01
9.459804099446782466e-01
9.489093663806946743e-01
9.448943515558433370e-01
9.478220309438293301e-01
9.543961525789167455e-01
9.384692693124532248e-01
9.476298397275633167e-01
9.506942792704290435e-01
9.459633316410318571e-01
9.464828547330346176e-01
9.465134923564541003e-01
9.453650483822694239e-01
9.389067298261855044e-01
9.475131074838206713e-01
9.437796383445832271e-01
9.429148087238538034e-01
9.676145124216292137e-01
9.492323793143456756e-01
9.522665589084211568e-01
9.315869582002672677e-01
9.457476818123065065e-01
9.527770621116947725e-01
9.495409798055340911e-01
9.468576525446278369e-01
9.525877122558448207e-01
9.425937210710649827e-01
9.454370070901160217e-01
9.457299540516354019e-01
9.458833456989527155e-01
9.460614248977805563e-01
9.437945245216623480e-01
9.506068927483025677e-01
9.459303555380087491e-01
9.486730283271463948e-01
9.470801411140792325e-01
9.483169471673974504e-01
9.364842102934021195e-01
9.538927616281543953e-01
9.534933900937209161e-01
9.405636092248899072e-01
9.472900963385471051e-01
9.447563077200300530e-01
9.479934725518428529e-01
9.402240693456467291e-01
9.578501099007284969e-01
9.446744435754409475e-01
9.431959948048074249e-01
9.419601717234297178e-01
9.436496146996188328e-01
9.451190853010686954e-01
9.460821468162106118e-01
9.408046138305670159e-01
9.455637562154503017e-01
9.430290843858415428e-01
9.450078397998086244e-01
9.497756785025741610e-01
9.434228128562018867e-01
9.491649580613906734e-01
9.459921253898982973e-01
9.536066576549566687e-01
9.448425424628736913e-01
9.499220710154664404e-01
9.473954227682669371e-01
9.456061996594188335e-01
9.461723170542818417e-01
9.403243418240820883e-01
9.511016679565205134e-01
9.462820364874643397e-01
9.483011739244956440e-01
9.412305156970576236e-01
9.568557885137823904e-01
9.422005027801906296e-01
9.457451596539574457e-01
9.451113913475679418e-01
9.553887912812051297e-01
9.432865363844858964e-01
9.545555591944540064e-01
9.449940127085105779e-01
9.484947546903024218e-01
9.487777428721188011e-01
9.483212138616642362e-01
9.397798909169935433e-01
9.481139006576263517e-01
9.465617916523515474e-01
9.472178159536267517e-01
9.538095891181823660e-01
9.472348267438331915e-01
9.483910028089265198e-01
9.460423692652415451e-01
9.412486544200546756e-01
9.450731682207333950e-01
9.423803276399910223e-01
9.543997560275379044e-01
9.479467981980783664e-01
9.486737004756773395e-01
9.491556579805917604e-01
9.401702032975314260e-01
9.350203464958710686e-01
9.509643110945377176e-01
9.381451533592833902e-01
9.417314187805494452e-01
9.389274334833329627e-01
9.478508889092330802e-01
9.499230229181796492e-01
9.450365325127444427e-01
9.476882493439289235e-01
9.522714645742571538e-01
9.443033087515396717e-01
9.468252932690269796e-01
9.499364399812351145e-01
9.430403518186638578e-01
9.460406356867716582e-01
9.517995338725607768e-01
9.498228088242686162e-01
9.504445841262757488e-01
9.465804348293430648e-01
9.494057060006148019e-01
9.430816691810214314e-01
