8.973705434171774797e-01
9.058961420194315828e-01
9.065864287092968432e-01
9.008191153609313995e-01
8.978620151353922108e-01
8.954423103611119927e-01
8.934438095539571911e-01
9.017219627096109136e-01
9.052771180017903374e-01
9.188044044928596055e-01
9.069998995922228247e-01
8.937597141993829375e-01
9.090860377223978217e-01
9.127657136788326353e-01
9.111385708473239697e-01
9.070094830455307511e-01
9.094291651966136536e-01
9.020540378362166267e-01
9.178514335749055064e-01
9.034534745207960516e-01
9.080336143107012870e-01
9.066425838521916525e-01
9.103060400552313025e-01
9.005776392335951286e-01
9.067331883096469980e-01
9.025625349684578413e-01
9.148193308253855793e-01
9.186640098039319247e-01
9.097707978252063121e-01
9.150441346301495527e-01
9.180126263304451140e-01
9.142092336573537370e-01
9.057963658988238409e-01
9.171449649528825576e-01
9.112102337853563716e-01
9.237917213414754691e-01
9.145145716945993764e-01
9.081742115021621542e-01
9.173269853282421948e-01
9.184304660673641152e-01
9.107510064901731539e-01
9.184827122254921594e-01
9.247981611363387255e-01
9.165426086457100219e-01
9.249886427923869059e-01
9.170359469726204749e-01
9.231578734936195518e-01
9.258582424275624279e-01
9.229229153895114335e-01
9.172198103073168074e-01
9.200754551228463862e-01
9.178195607837935643e-01
9.140493573476166089e-01
9.158727941878777035e-01
9.272871640535400584e-01
9.172940424381951230e-01
9.226876055080884820e-01
9.222468594802013531e-01
9.329957572105886943e-01
9.281531654320022140e-01
9.264421559274067519e-01
9.336347910700308894e-01
9.266120938853116273e-01
9.279920500789402560e-01
9.295505268679482569e-01
9.287591012683213965e-01
9.381456732472223115e-01
9.294594399285344144e-01
9.311778932347140048e-01
9.272393843036874639e-01
9.386572561260146941e-01
9.437810752739916875e-01
9.386692026048446547e-01
9.317529294146984498e-01
9.358675241707909986e-01
9.245192719159800454e-01
9.259898234206030976e-01
9.404479659103900380e-01
9.295327983812963213e-01
9.333936655804793148e-01
9.360973844509892228e-01
9.266246026325544172e-01
9.347140770553795663e-01
9.374673152460414327e-01
9.273788253495736100e-01
9.315131291175812178e-01
9.372922706800690396e-01
9.353392046760093947e-01
9.319819784967083853e-01
9.342462124578871929e-01
9.391732653178435086e-01
9.374773145971799782e-01
9.409869474033339953e-01
9.343379405155393114e-01
9.394164354170611020e-01
9.368259272104033641e-01
9.358135403731998592e-01
9.340579259660439781e-01
9.305136828440491170e-01
9.374122220853942089e-01
9.325668459475519034e-01
9.373735079764539124e-01
9.299791603836883302e-01
9.278865781066434337e-01
9.349249596765516479e-01
9.311780631468097313e-01
9.330050640245376448e-01
9.335734074374479885e-01
9.375193725581381088e-01
9.380657687529576627e-01
9.371473106351407845e-01
9.441295394330829760e-01
9.400521861423528636e-01
9.307993538489371943e-01
9.353515959806315561e-01
9.310788524529374222e-01
9.374848987926277522e-01
9.340221000595809731e-01
9.414091089260573364e-01
9.338807954930757882e-01
9.331054064192422226e-01
9.349225562297250880e-01
9.519809695222256618e-01
9.367906645225266837e-01
9.433968585868655055e-01
9.364344778072335451e-01
9.455616820199458372e-01
9.301211849422682532e-01
9.380608189216818049e-01
9.456963656694409304e-01
9.398241026118688835e-01
9.364356571292254960e-01
9.426946706143740640e-01
9.425574352880561335e-01
9.393381535233475965e-01
9.375828523167397677e-01
9.340047398684524493e-01
9.426731441078528562e-01
9.403555992292816912e-01
9.386722308233776957e-01
9.371502028823204267e-01
9.359295303421367729e-01
9.393171782516621660e-01
9.374802797815624533e-01
9.362674426346073719e-01
9.333393413480767231e-01
9.361229993693480633e-01
9.323773278107738705e-01
9.389674206967495440e-01
9.334452435998449316e-01
9.349293249325344446e-01
9.384548104437619997e-01
9.323370048700178048e-01
9.366358088277584315e-01
9.327986703618377229e-01
9.408914010115168036e-01
9.426003066707813183e-01
9.383550099024395852e-01
9.392590434191738780e-01
9.361830771902216464e-01
9.424354843351540056e-01
9.341929635586638803e-01
9.368228244175229591e-01
9.465525319121401715e-01
9.415157388947156258e-01
9.352275746557334735e-01
9.425986822758364303e-01
9.414708456163231043e-01
9.421794653851077728e-01
9.380381960956664100e-01
9.449686441713059937e-01
9.285824945563621036e-01
9.460647276941724915e-01
9.314256582646670557e-01
9.421472989257874131e-01
9.436122945739592316e-01
9.397615140389165012e-01
9.282877497455005456e-01
9.436883337960216833e-01
9.408930205967093174e-01
9.393053335577715712e-01
9.394407184897221041e-01
9.382669357353471407e-01
9.419854643967663366e-01
9.397639421304171403e-01
9.390218695049489250e-01
9.459834080165977488e-01
9.347379758968500374e-01
9.434329237334415641e-01
9.343243222121684344e-01
9.335312083289751817e-01
9.436879512504706691e-01
9.404537274414391801e-01
9.349488366767040315e-01
9.443591848445069825e-01
9.317063369973844766e-01
9.376778658805901001e-01
9.491659840802024739e-01
9.396990219058412031e-01
9.390194290538856903e-01
9.453313774461722385e-01
9.420529285835052002e-01
9.428141041882500684e-01
9.424575919865536555e-01
9.410550438990881172e-01
9.407350582762172841e-01
9.352217727131086900e-01
9.406502682149253669e-01
9.431147577152902972e-01
9.337092898334466984e-01
9.417807302704115369e-01
9.368358121387727611e-01
9.416970440279854859e-01
9.356546207255859171e-01
9.389323982265104229e-01
9.422021830710306523e-01
9.455902096375755628e-01
9.434574762724914354e-01
9.437285187181232438e-01
9.418384200508448378e-01
9.393637204535680851e-01
9.431116541704639422e-01
9.489639442087924870e-01
9.453393424598126593e-01
9.412901129168819159e-01
9.361823681023929700e-01
9.355447179258058465e-01
9.336922154819633501e-01
9.444848685129898502e-01
9.355356299978389023e-01
9.389742436979851004e-01
9.413240170331710344e-01
9.396465895663942414e-01
9.335637868217315782e-01
9.404349987217500706e-01
9.420616158047491195e-01
9.395573677070153673e-01
9.393881343194894207e-01
9.434642240604190766e-01
9.445813360770993761e-01
9.383084584628040847e-01
9.400722962676352212e-01
9.437584265798993899e-01
9.352251170592833507e-01
9.366188507147488185e-01
9.376966712721358510e-01
9.499389672123571549e-01
9.388019326409012821e-01
9.392825565376680119e-01
9.453641428340487929e-01
9.445495057524341265e-01
9.348901291509464917e-01
9.433718494342913097e-01
9.323473792669845217e-01
9.309084408530563515e-01
9.381711008370186011e-01
9.409831593839769193e-01
9.299842296024440902e-01
9.491840302262023465e-01
9.488099883816589752e-01
9.272693308120301126e-01
9.382375012207403442e-01
9.369701868451910665e-01
9.428551841574424053e-01
9.429900283039448494e-01
9.378808227907764472e-01
9.395504478702116913e-01
9.436880090332487869e-01
9.496190698884088288e-01
9.425879114920812096e-01
9.403611159054554580e-01
9.444883845898759400e-01
9.423288697636390543e-01
9.490525318595750548e-01
9.399024942852133302e-01
9.392932258320371153e-01
9.410874844814854923e-01
9.390357644423084071e-01
9.434812990887467832e-01
9.381453399830949058e-01
9.473394434391506636e-01
9.470278683936105280e-01
9.445481062452413257e-01
9.466039203353485698e-01
9.436079948003823770e-01
9.339988695177666722e-01
9.415612633887678884e-01
9.374273891218771748e-01
9.486829503090015159e-01
9.380581934982479275e-01
9.461978974524296593e-01
9.437441562379880189e-01
9.366643147303820305e-01
9.387428341465029469e-01
9.361574369722649447e-01
9.426526611564268743e-01
9.376457184903087549e-01
9.375056698534514066e-01
9.408076570735441901e-01
9.357269233332615732e-01
9.353270839021670113e-01
9.401778806583187542e-01
9.462430251989405461e-01
9.449175508970897308e-01
9.376512113007321458e-01
9.408974250722726973e-01
9.462483422174373660e-01
9.424927804783369556e-01
9.391657600512060000e-01
9.445528083525239760e-01
9.398840828626867649e-01
9.419673772099365072e-01
9.413959109279460558e-01
9.526013779679225468e-01
9.473465352081053004e-01
9.397127177163798750e-01
9.339788342639033791e-01
9.419900564663830078e-01
9.355921646928463398e-01
9.473147245520556758e-01
9.362374140017147850e-01
9.397221722428582558e-01
9.395559820565266840e-01
9.321879701007854679e-01
9.378730981340006601e-01
9.423985863890901316e-01
9.381546530182184318e-01
9.381247070883220740e-01
9.426838710978415747e-01
9.404231001668911238e-01
9.425931584141470365e-01
9.470418186341862388e-01
9.382058602297890237e-01
9.465034354555352802e-01
9.417986503971715884e-01
9.425754192402469034e-01
9.433074037449367122e-01
9.429154046316209348e-01
9.387184372790495779e-01
9.396726283484444497e-01
9.425821785765912120e-01
9.431468263505147220e-01
9.472190120052874640e-01
9.491236337987750682e-01
9.399932782977462598e-01
9.468303195535880956e-01
9.453680403918605091e-01
9.457568729544064690e-01
9.354910593863352553e-01
9.466268110881402853e-01
9.450937491399539203e-01
9.413600733203160154e-01
9.405832797400056622e-01
9.417197397829092376e-01
9.313675412139708065e-01
9.485846300846035861e-01
9.476466211993442856e-01
9.346283844239432481e-01
9.438798327232916785e-01
9.489394406409102922e-01
9.454232411165355288e-01
9.368856985147528960e-01
9.398881504501978013e-01
9.385557154769602617e-01
9.394898933778220718e-01
9.430692367254868147e-01
9.351929568169937701e-01
9.409227498808475643e-01
9.406575782229590343e-01
9.388418090768407831e-01
9.382008510748447438e-01
9.403124724334043227e-01
9.419278851338994674e-01
9.363504802387869752e-01
9.363719270563948260e-01
9.375457664864714769e-01
9.416569739967118879e-01
9.380072596148436581e-01
9.401222959353279229e-01
9.445010928582937559e-01
9.369856328891442709e-01
9.473457634621519352e-01
9.424110512404527684e-01
9.461123351115381386e-01
9.355374465873329548e-01
9.377215033743588890e-01
9.349690288111159875e-01
9.398533361822046794e-01
9.429715485738363601e-01
9.458308451001796735e-01
9.405741355822434535e-01
9.380130144817476756e-01
9.409240908332346942e-01
9.369593815500588674e-01
9.424753677318135070e-01
9.314790238501028385e-01
9.404348052557527371e-01
9.423145458220300030e-01
9.375040969447547834e-01
9.402346352170571908e-01
9.444054120085998427e-01
9.443223945462585478e-01
9.361263204645764446e-01
9.395910205117152803e-01
9.363116119572789664e-01
9.336125784700816110e-01
9.469079682136518628e-01
9.505330846153980939e-01
9.489700262837709177e-01
9.414573407438107111e-01
9.442136902534207232e-01
9.422588721628195607e-01
9.446370500563768813e-01
9.381614151942545554e-01
9.404285483705404625e-01
9.314880539042040830e-01
9.408146313477196987e-01
9.447474367641671700e-01
9.448472679426044296e-01
9.369694418084651977e-01
9.438485536691106903e-01
9.403214731334130772e-01
9.372277115278444537e-01
9.369723961635934018e-01
9.473681669025961760e-01
9.522903420650824513e-01
9.407717087893269214e-01
9.446281864698868880e-01
9.460921492590211868e-01
9.336020489537955047e-01
9.475308706148011240e-01
9.343603883906382856e-01
9.422086168007041129e-01
9.386014108365116071e-01
9.412836965469175698e-01
9.344761507473799966e-01
9.357609313951826824e-01
9.452185437958392500e-01
9.449913788919361846e-01
9.437986372844701100e-01
9.441306927834063334e-01
9.369766506760320857e-01
9.399987848167615789e-01
9.470608506201285692e-01
9.406661293867146778e-01
9.364861472421242006e-01
9.370213436891602354e-01
9.443572619600665297e-01
9.356788646517000263e-01
9.423300873392791432e-01
9.448935844541224149e-01
9.337315809407534806e-01
9.479231226831739132e-01
9.494754344005363889e-01
9.487566301041688854e-01
9.443755655388769155e-01
9.447863001072618339e-01
9.417453172195796585e-01
9.422620758585894540e-01
9.451534218637337448e-01
9.408271449656411267e-01
9.394430802717890217e-01
9.352499750370156795e-01
9.447087969914754746e-01
9.313268078623719859e-01
9.397754476567596882e-01
9.437250124980843813e-01
9.303459419404644937e-01
9.462169658389339988e-01
9.521543238373639806e-01
9.425221362419715643e-01
9.391180541907994117e-01
9.512373392092566826e-01
9.382480080696697922e-01
9.508620579817070873e-01
9.444535449240284430e-01
9.441843957352858974e-01
9.426592035692177296e-01
9.450900279342216992e-01
9.374652540002610390e-01
9.381363278084380308e-01
9.362703858816913138e-01
9.359226252463511697e-01
9.404553898152294700e-01
9.391153055021925766e-01
9.543249162440239353e-01
9.490193555272357084e-01
9.423364466489846381e-01
9.292948328231713795e-01
9.484399766485683836e-01
9.487208581883110892e-01
9.414434937247571078e-01
9.421482885971823595e-01
9.347841760275141798e-01
9.408902517907347107e-01
9.459128646561203446e-01
9.498967851855149025e-01
9.455742092337472426e-01
9.407766741082977946e-01
9.421330139361502320e-01
9.416875777268507441e-01
9.379225307535614675e-01
9.495067334728378716e-01
9.407058209069043553e-01
9.467113585413815535e-01
9.481854098307270773e-01
9.426208237878445084e-01
9.339822055051409944e-01
9.382265655918869962e-01
9.405684951629127433e-01
9.400965138716401714e-01
9.372117175697775027e-01
9.440948145197567420e-01
9.453110553811312489e-01
9.448896425333588311e-01
9.371485527424954221e-01
9.420355826693836976e-01
9.401023040241964779e-01
9.469616994979923597e-01
9.425387689885518228e-01
9.450491145493592482e-01
9.335076917141662545e-01
9.523173911764435395e-01
9.390762937535687138e-01
9.476893089312286023e-01
9.327575665206601085e-01
9.383946736271105982e-01
9.360611678990194973e-01
9.457537202500532203e-01
9.489947621057989169e-01
9.362467737249983157e-01
9.432389860652774516e-01
9.446600986239437336e-01
9.518521710496640198e-01
9.430829577906920669e-01
9.411749012328654018e-01
9.486305068950212638e-01
9.369070162044149663e-01
9.368073369760131497e-01
9.389022105625912662e-01
9.476855943001987193e-01
9.453592146252721706e-01
9.460007985591749602e-01
9.342834956397055857e-01
9.486115093069809046e-01
9.390573716922275826e-01
9.405279521115530450e-01
9.434915850811959048e-01
9.378233010015400994e-01
9.395219598610726752e-01
9.421808906520279248e-01
9.382590535982836544e-01
9.453057891925117362e-01
9.420819044982700063e-01
9.454119911924248054e-01
9.399499699152279453e-01
9.461078430499729741e-01
9.482640113992008013e-01
9.417856574697451855e-01
9.387657141336366307e-01
9.463485892649623477e-01
9.421613616956165949e-01
9.476830940594156427e-01
9.449382826475439812e-01
9.370595999955446676e-01
9.378661178653224795e-01
9.430649550005347770e-01
9.360971398811771538e-01
9.449282359725217351e-01
9.314004189849613979e-01
9.397744767602574933e-01
9.445968881706217068e-01
9.450189889456370729e-01
9.382653833590959280e-01
9.380365463922116787e-01
9.423696546407797081e-01
9.374732860928213229e-01
9.403761646153495635e-01
9.424732880279680369e-01
9.354428533107868038e-01
9.377842243726486338e-01
9.491420961260704781e-01
9.354116385033830472e-01
9.508840108662862667e-01
9.422603249791147162e-01
9.416410973530570105e-01
9.409343753188964543e-01
9.406190490209480615e-01
9.457180557079507555e-01
9.447394191447493483e-01
9.364535882570713676e-01
9.396957657398382624e-01
9.396557192927968982e-01
9.466826804132685291e-01
9.391294219387377185e-01
9.390052657759617727e-01
9.337078282245715455e-01
9.382378762435381603e-01
9.467055632383909458e-01
9.385682625741235130e-01
9.504755420500337060e-01
9.384762428272531709e-01
9.383149075436638675e-01
9.387674397505088031e-01
9.402754437819954569e-01
9.410139704530260385e-01
9.381648492793089877e-01
9.448365536138036980e-01
9.430793145709113201e-01
9.413706474829264259e-01
9.347364538608465834e-01
9.435325654381385707e-01
9.367754643595971320e-01
9.360400635506048728e-01
9.461377778665785998e-01
9.456899545507846394e-01
9.456413359924892292e-01
9.481402524987970759e-01
9.409365609948133757e-01
9.495038997011636672e-01
9.374525941629060499e-01
9.518944909280290245e-01
9.450299541860317509e-01
9.394126973662048075e-01
9.445696117665066671e-01
9.415723226804947332e-01
9.383444682816229898e-01
9.358078015237658587e-01
9.421502768656213611e-01
9.331735341956891583e-01
9.406541526851103230e-01
9.357224013429875642e-01
9.419205682174534022e-01
9.361804027397804262e-01
9.390259088572204815e-01
9.400256947244099992e-01
9.427223460101465946e-01
9.351106574323049259e-01
9.435983144519493049e-01
9.369589791462190620e-01
9.357413556604899929e-01
9.513403032892420175e-01
9.405472549619396938e-01
9.434206039458605808e-01
9.458591190286560479e-01
9.386111205889295928e-01
9.413691910066690482e-01
9.417788641316900966e-01
9.370169048729499739e-01
9.444237780293509577e-01
9.400196017077279143e-01
9.443774064206426067e-01
9.445667653739061587e-01
9.375075862411255123e-01
9.325077737606005668e-01
9.386509318462411544e-01
9.467467551324441066e-01
9.443657099124855847e-01
9.475977848021678307e-01
9.432125889626504778e-01
9.325532233102141744e-01
9.305870124969294332e-01
9.400701636050519117e-01
9.383360500376639601e-01
9.479367201344004457e-01
9.380658673097922451e-01
9.378943134377548674e-01
9.442077618907600556e-01
9.346408497068678933e-01
9.467911677666779324e-01
9.376419445759934801e-01
9.454183624038471345e-01
9.335448932036943814e-01
9.416521893277234323e-01
9.362792388213295736e-01
9.414419149251738173e-01
9.340437518023437802e-01
9.455494491949046898e-01
9.406588903018868741e-01
9.399174211765631837e-01
9.406376062582887387e-01
9.420950231184668233e-01
9.428707909173809076e-01
9.334013908367860823e-01
9.495406336804691483e-01
9.343048130919120453e-01
9.488398513552018798e-01
9.403079250766479547e-01
9.336497465943947027e-01
9.407456798475246629e-01
9.420403811773648828e-01
9.475658412151806154e-01
9.364932900322713305e-01
9.376496175429409607e-01
9.419898776563319087e-01
9.435039825668068980e-01
9.444702829042193049e-01
9.427900631096612916e-01
9.405373600308746251e-01
9.409268250504081443e-01
9.363728400529198748e-01
9.348949339240709699e-01
9.445101787716916331e-01
9.370851824795358720e-01
9.443705776167071742e-01
9.434165074785834104e-01
9.422984119979954665e-01
9.477395777167607616e-01
9.435761002443234791e-01
9.485648796319327003e-01
9.490957340692440791e-01
9.407941641630078733e-01
9.416394572311395095e-01
9.442280276112255955e-01
9.422433053386116697e-01
9.423330766252624446e-01
9.421756215155049352e-01
9.420598191240311392e-01
9.375864292576345793e-01
9.385391754849778945e-01
9.407471906741265988e-01
9.427170317957228596e-01
9.454389522980582994e-01
9.406017036580860413e-01
9.476138373540788917e-01
9.338374297468204910e-01
9.415587053661214068e-01
9.437711944747116943e-01
9.469492762445735901e-01
9.432590406558811758e-01
9.452581677256197690e-01
9.459878239594605720e-01
9.463606437770532009e-01
9.387228077727597375e-01
9.362950283078845803e-01
9.417464551172212150e-01
9.489255759730069739e-01
9.422118714988977350e-01
9.436670128775204169e-01
9.498871647192876910e-01
9.344730487391050833e-01
9.370727384438052310e-01
9.358741288594656371e-01
9.376227772378712411e-01
9.407604375938137808e-01
9.460623073451359666e-01
9.397063960158164031e-01
9.433356874801971381e-01
9.442288825739327818e-01
9.432112097210524349e-01
9.359888276871061175e-01
9.383480084489340678e-01
9.442649029345523415e-01
9.402417079416457435e-01
9.360731009144303005e-01
9.373100898091267785e-01
9.415117300926236776e-01
9.485658491318043062e-01
9.401316664489397512e-01
9.446580598039495680e-01
9.538344063304594611e-01
9.427128389272104725e-01
9.393056739032963343e-01
9.466343265540179130e-01
9.476494583357135681e-01
9.460605013212756154e-01
9.420713361330573798e-01
9.397436681335673558e-01
9.491592472034851014e-01
9.405310981843187923e-01
9.375521735138069301e-01
9.423311357984769376e-01
9.418234411909603976e-01
9.475834885537293140e-01
9.493589827157253858e-01
9.486713828607982180e-01
9.430298100483728296e-01
9.506672525690105235e-01
9.491228078515980826e-01
9.482176822621198875e-01
9.380031823227262811e-01
9.433526881692140265e-01
9.420931024716263646e-01
9.463799915472086433e-01
9.430203619219615918e-01
9.487672393318171693e-01
9.438688677479938338e-01
9.476984171375995025e-01
9.383211228824929195e-01
9.419945375968954426e-01
9.471494048143895839e-01
9.449471698313621770e-01
9.433033949811090446e-01
9.509061709544398555e-01
9.446071429225141314e-01
9.481391152291517299e-01
9.371276350752623108e-01
9.407042610735595334e-01
9.425590132742801552e-01
9.408454650507671602e-01
9.428429151548405329e-01
9.383255475008590585e-01
9.391877163828461494e-01
9.464702780364114831e-01
9.434253897038685777e-01
9.458423922338263790e-01
9.472123463171918667e-01
9.419574711893968777e-01
9.531080898122462619e-01
9.504009387632558203e-01
9.418905202576338676e-01
9.370002490573017262e-01
9.514855772774172271e-01
9.343912566616759952e-01
9.474126032440933765e-01
9.382060646914274216e-01
9.295470415144706511e-01
9.348554549536299829e-01
9.421994573162025821e-01
9.412907214632526554e-01
9.462831194716975203e-01
9.419715517235184299e-01
9.416563805230678819e-01
9.440645561144153097e-01
9.410712087894202993e-01
9.436455273732833327e-01
9.428286645401218191e-01
9.482034302088487854e-01
9.359695286439080331e-01
9.439576082220076936e-01
9.443897632396839326e-01
9.434322814323458095e-01
9.445343415678749688e-01
9.406265199851209236e-01
9.389605304080330672e-01
9.448589093375849846e-01
9.388714476032418155e-01
9.380395720510267266e-01
9.497787382567578485e-01
9.418637833354046585e-01
9.415120723737244735e-01
9.468097360304754684e-01
9.487079851694246724e-01
9.450251010419838948e-01
9.404915914243437980e-01
9.426928514464525399e-01
9.483673453873752157e-01
9.405223015377255358e-01
9.433941677285402339e-01
9.336505350802534187e-01
9.483577919471675166e-01
9.458791449450094646e-01
9.385196517925697979e-01
9.411387561849803296e-01
9.510445408553078739e-01
9.469691542160935116e-01
9.498568171268891858e-01
9.414384881721937770e-01
9.479200145737972649e-01
9.352946415434523209e-01
9.417262774446111262e-01
9.430300433915321801e-01
9.437648631619868222e-01
9.460742034166060854e-01
9.436431931582464072e-01
9.418516288986558127e-01
9.398614957458667485e-01
9.369173058235642504e-01
9.486735085949123958e-01
9.534508826771848078e-01
9.497345477713281525e-01
9.400197446546711966e-01
9.441570460447862301e-01
9.418260271612188816e-01
9.478862927009734651e-01
9.331790773805040962e-01
9.432098313184679172e-01
9.431398362272976899e-01
9.423698124541588506e-01
9.428990253703969371e-01
9.367515079169832504e-01
9.422033209056067671e-01
9.395730163971888205e-01
9.430891693254384034e-01
9.379225766733307879e-01
9.380649806045689987e-01
9.387360689087591581e-01
9.496465997501618572e-01
9.468451632153436215e-01
9.429961871567253962e-01
9.471188020863533508e-01
9.334534186416334478e-01
9.367398934712564129e-01
9.367384734128245682e-01
9.401323117836032361e-01
9.425897936903980812e-01
9.394244856028179935e-01
9.314769500425001958e-01
9.418239235314622704e-01
9.465855717859400498e-01
9.425794412124384181e-01
9.357957865653423468e-01
9.348406830518968258e-01
9.390725961257909704e-01
9.385183336640945395e-01
9.345335347845068474e-01
9.427742230619817754e-01
9.437542094959441297e-01
9.437475603550927739e-01
9.410530947148069147e-01
9.400640264083365283e-01
9.450763420503837109e-01
9.395962229002988719e-01
9.429292702203916354e-01
9.411583049412787227e-01
9.423576100011301637e-01
9.485791782709022124e-01
9.459861981789949859e-01
9.409705345981491664e-01
9.422561871953356594e-01
9.413518934527504989e-01
9.425359474305878837e-01
9.448238384222694686e-01
9.412543760456193453e-01
9.474001429576529576e-01
9.423800673944541240e-01
9.448681746743210486e-01
9.551853244573742518e-01
9.345037055925229375e-01
9.371826605291598833e-01
9.376282109470777115e-01
9.465427853638543887e-01
9.409423597531353378e-01
9.391601500868353991e-01
9.362909132162716697e-01
9.355075478192182992e-01
9.343005079848404337e-01
9.398437034123873213e-01
9.505567493292186310e-01
9.410697423211368262e-01
9.401103635959953131e-01
9.494454118118824670e-01
9.500178673560958353e-01
9.346835639283098685e-01
9.408014299034331840e-01
9.403154088984984060e-01
9.348113347258759642e-01
9.350403653068881660e-01
9.438020425493942600e-01
9.392175367161783583e-01
9.446166829376752005e-01
9.457059698704195494e-01
9.428350645139836894e-01
9.324536303143315941e-01
9.395008196683217738e-01
9.451635823916763046e-01
9.391050043294977279e-01
9.352344782848338589e-01
9.475633232919403737e-01
9.447432015789490878e-01
9.409183100926321597e-01
9.363816931208239769e-01
9.506084546684026026e-01
9.410622352355570985e-01
9.359966312936540689e-01
9.368157442601372509e-01
9.416898037269578747e-01
9.460849168012991361e-01
9.454517337375994979e-01
9.412528127482601148e-01
9.466990721063129888e-01
9.432289058248085611e-01
9.393090527527409028e-01
9.516222806653702460e-01
9.374554315630142520e-01
9.462855417336721864e-01
9.493724501850253628e-01
9.382057085995656465e-01
9.459881074973623960e-01
9.395635329460917395e-01
9.416188310504668424e-01
9.456423868037052705e-01
9.447453592582327753e-01
9.388424251337360582e-01
9.489317758106821099e-01
9.532256656307684928e-01
9.383212245946599417e-01
9.312427066500217343e-01
9.402460944518583608e-01
9.458940693146072887e-01
9.417189836741458597e-01
9.427179227794028060e-01
9.448442698528283223e-01
9.415167896093465938e-01
9.324457233003344836e-01
9.397399835478911223e-01
9.412688928478307737e-01
9.405037682685509770e-01
9.428668307161238715e-01
9.479614165466148101e-01
