8.802150373726829180e-01
9.138108650561750368e-01
8.996813426727554575e-01
8.970954093883345415e-01
9.049356044723542158e-01
9.045629597272129008e-01
9.085263326169698006e-01
8.988269783999058848e-01
9.060939689663801699e-01
9.042956944104154626e-01
8.929178104915129754e-01
9.061781563538580109e-01
9.059942363337480931e-01
9.061188780943476573e-01
8.966918124840863591e-01
8.975065586838649745e-01
9.011383855116474884e-01
9.028175449949551457e-01
9.157208498531222984e-01
9.069083173192252767e-01
8.979385910169723761e-01
9.053923044161449329e-01
9.138041507669165675e-01
9.029475776677960974e-01
9.043398790482553018e-01
9.096903558641112886e-01
9.096671480599447523e-01
9.078777549174152917e-01
8.998041287994928972e-01
9.100240667160010011e-01
9.003753450687067561e-01
9.087892234758940813e-01
9.001663725658353155e-01
8.967523168860747074e-01
8.999691832112673984e-01
9.178094820771776075e-01
9.082710061168154381e-01
9.052661889956199470e-01
9.025532416766901544e-01
9.000584941229221592e-01
9.129699730496606547e-01
9.105542157132378023e-01
9.106589834393865601e-01
9.147829765440618210e-01
9.121237719674009092e-01
9.055816824475719784e-01
9.022761076812052528e-01
9.153557801229047497e-01
9.202532425703328078e-01
9.155494343499581689e-01
9.126993342703257905e-01
9.130458284395328583e-01
9.163893806140326337e-01
9.281522662085605058e-01
9.246960393221113073e-01
9.081245386022677168e-01
9.064229756147572648e-01
9.251442912288651010e-01
9.169702370546650716e-01
9.203343228675615606e-01
9.206309147631779322e-01
9.250562825562335112e-01
9.155033698931696051e-01
9.341122218194928273e-01
9.197498170051894295e-01
9.156325765708254183e-01
9.089647615510897394e-01
9.141901264933065541e-01
9.129424489306049439e-01
9.234258979834930603e-01
9.183573419861917886e-01
9.197116642689395771e-01
9.302341325836982477e-01
9.384765895456699258e-01
9.338553742942885538e-01
9.306503433023304295e-01
9.220653072973569175e-01
9.275438817219563425e-01
9.328890059081363928e-01
9.304779703692873660e-01
9.232310632205771306e-01
9.232936537023473944e-01
9.258834341424909686e-01
9.350630270324583604e-01
9.356446085397404078e-01
9.265386837168719802e-01
9.369242792858161195e-01
9.334865025810998862e-01
9.398145388378861265e-01
9.274516792232292417e-01
9.244512045903866548e-01
9.329904478980795002e-01
9.300618107170435245e-01
9.295934922021774627e-01
9.268029998854178109e-01
9.383953353072604919e-01
9.385372862092624668e-01
9.306288858862629132e-01
9.286295336213554741e-01
9.332675745931464650e-01
9.283394033355015784e-01
9.358439660773468782e-01
9.343759356202929744e-01
9.368339995202146220e-01
9.391850050018516471e-01
9.372867079133476720e-01
9.381663121366174973e-01
9.418408929812387420e-01
9.276496461416765538e-01
9.388586475023388278e-01
9.303798112965681044e-01
9.284532618700280793e-01
9.355965970626326511e-01
9.348436083871402014e-01
9.382790953541543244e-01
9.284441432821222140e-01
9.383269490794187151e-01
9.409486750892601670e-01
9.309027455822567187e-01
9.420112962971437520e-01
9.390157516032541229e-01
9.359028617168179132e-01
9.358239835571897647e-01
9.398297741304110220e-01
9.323418313489143516e-01
9.339768841584727976e-01
9.367667575295308691e-01
9.317494551080774956e-01
9.430980694403997555e-01
9.250757255173212013e-01
9.339421759122474853e-01
9.399049958908699542e-01
9.335509147596369184e-01
9.387027566428587377e-01
9.354279555591556994e-01
9.363085546098630640e-01
9.344561034510163733e-01
9.392686222241796168e-01
9.319122663903200987e-01
9.367109046740670353e-01
9.385943376857349696e-01
9.418355683600395656e-01
9.378417910896527099e-01
9.360213897143174755e-01
9.327052510011608621e-01
9.382184818863592568e-01
9.325271784305716460e-01
9.386137988634165596e-01
9.363917684239969619e-01
9.422658202717032472e-01
9.324727689602063663e-01
9.285169531635385498e-01
9.411352830099339872e-01
9.365314897467293953e-01
9.365966806703325265e-01
9.306831546492071450e-01
9.453870236917681913e-01
9.379861264356073036e-01
9.410665540481329971e-01
9.347092016866731523e-01
9.393077621268375310e-01
9.393380747860921032e-01
9.432871379359636377e-01
9.342224603566028351e-01
9.395128771721448224e-01
9.297890018458719874e-01
9.398010937160324874e-01
9.396729598919100201e-01
9.394059510395009749e-01
9.399499354675623364e-01
9.366895444874946408e-01
9.404109275382914745e-01
9.310133705902562395e-01
9.305990224222507878e-01
9.369214092596841459e-01
9.433027268907734353e-01
9.372859087241360854e-01
9.397264839477904586e-01
9.377353293675634305e-01
9.397855588469912202e-01
9.432623134045375890e-01
9.320503011726818388e-01
9.340291589427236474e-01
9.287841411120063562e-01
9.468031384612574097e-01
9.356979986715753261e-01
9.374862691736781661e-01
9.328790016638887073e-01
9.311313226999798909e-01
9.378907578988981975e-01
9.292354151216344338e-01
9.397085715153046248e-01
9.301615001705427765e-01
9.364980490368162158e-01
9.382030529745193359e-01
9.320679494386816533e-01
9.395945594083155994e-01
9.415021407260535380e-01
9.395602048301361364e-01
9.311217828829519982e-01
9.337469718212118019e-01
9.300221996830048132e-01
9.301612081197445647e-01
9.425152958859692731e-01
9.323481998630858136e-01
9.410911448139315238e-01
9.413395757358240523e-01
9.321150978113874608e-01
9.434840590005625360e-01
9.432198000546719863e-01
9.308999101587975833e-01
9.365532166926107127e-01
9.415364744578188505e-01
9.336977862545345896e-01
9.337192288554690967e-01
9.362450520416235600e-01
9.317989274163217539e-01
9.462505747633429554e-01
9.368524210660360563e-01
9.391661500735721813e-01
9.303850564591066297e-01
9.359627087026172187e-01
9.379197823801354028e-01
9.441257869465198294e-01
9.509687695163445698e-01
9.268805750800395149e-01
9.345936155557352798e-01
9.328781725414332371e-01
9.454575865157305303e-01
9.422286950725400345e-01
9.398602492095922134e-01
9.371812162169955718e-01
9.453421342651389114e-01
9.358068321509129817e-01
9.372327381737346474e-01
9.352584292160046608e-01
9.379288434308543643e-01
9.372990831346845741e-01
9.417010236344880436e-01
9.398217382610812853e-01
9.383625881216911546e-01
9.402335545734388234e-01
9.395063221836496004e-01
9.493831136949077987e-01
9.341723146161293734e-01
9.270999833392778999e-01
9.402958160506100782e-01
9.389090873433706408e-01
9.474842285600243441e-01
9.382550008471790548e-01
9.360460711223089758e-01
9.281004597011137669e-01
9.361034265137404553e-01
9.362653467623210934e-01
9.361007668281823291e-01
9.318070092555228445e-01
9.368149713801615652e-01
9.324121680913975974e-01
9.329426105297639049e-01
9.323649162735491158e-01
9.349877231536271038e-01
9.361519112810533505e-01
9.364488615598198784e-01
9.348963838356029177e-01
9.355921769544027766e-01
9.372745190307409935e-01
9.496825706562210812e-01
9.327281587317959310e-01
9.406476608402752904e-01
9.322706097048915064e-01
9.388253113278030026e-01
9.384170974108826391e-01
9.377535031693201573e-01
9.389139329161637626e-01
9.390060239077435700e-01
9.427474093427453683e-01
9.386034053016116818e-01
9.370835090422880986e-01
9.345252261833734142e-01
9.328844402983484940e-01
9.350393825554634830e-01
9.395405925529010105e-01
9.391588455144479486e-01
9.376445571481503150e-01
9.452385928449418273e-01
9.380117798528958550e-01
9.324338660848222604e-01
9.441121581034113142e-01
9.438354031470903571e-01
9.338423103478581400e-01
9.374128969772291819e-01
9.379644605080734721e-01
9.329366689934325274e-01
9.330001605760593897e-01
9.402134182517734029e-01
9.269959058514015693e-01
9.288406648371712038e-01
9.401419980024958711e-01
9.420213454841633860e-01
9.437658462793901970e-01
9.368278946481853886e-01
9.342982622180897589e-01
9.349087673347034055e-01
9.290419741129817277e-01
9.388956889478810020e-01
9.412112467305112640e-01
9.317140041955851437e-01
9.397790853220133744e-01
9.352420623360984120e-01
9.368133772097124723e-01
9.432621966405231317e-01
9.332210732470965775e-01
9.339216658355572465e-01
9.368719157269599362e-01
9.402582445502618569e-01
9.396630962952786659e-01
9.382918669231240516e-01
9.436929181875001182e-01
9.401452983192016832e-01
9.374158457569279346e-01
9.301355661796391061e-01
9.362166127808201344e-01
9.351004721505822292e-01
9.346344699160182845e-01
9.336337001176825412e-01
9.337445202518737108e-01
9.354371793487381570e-01
9.432882097511507968e-01
9.250098224332823360e-01
9.329692318808259222e-01
9.407631981767599072e-01
9.364459296819088729e-01
9.353768660940509072e-01
9.419461455920900006e-01
9.341602805850223179e-01
9.392441028788955926e-01
9.390061483432668998e-01
9.350534160186265709e-01
9.391903149143560059e-01
9.407967601939059010e-01
9.401260815857749309e-01
9.389897147834663782e-01
9.402034570259866220e-01
9.246684798398693284e-01
9.382076151890760274e-01
9.402147268630618449e-01
9.379646104829437725e-01
9.421046095730604142e-01
9.396169681641340921e-01
9.360586495103774274e-01
9.406610810526424560e-01
9.351809886463711141e-01
9.366409804207157519e-01
9.381641693444179309e-01
9.335406959049301623e-01
9.298998255339472330e-01
9.340783855876566566e-01
9.507086249749265860e-01
9.388447891420212965e-01
9.362230237130521049e-01
9.401484736683157761e-01
9.439651101378417897e-01
9.377230303922340360e-01
9.361797135270358838e-01
9.361726061312402036e-01
9.502989707239889450e-01
9.378410334526927628e-01
9.388854079866877367e-01
9.330542776635742941e-01
9.486142353464240840e-01
9.490373233928349750e-01
9.401947923056687140e-01
9.430317742270133419e-01
9.360351162377102963e-01
9.419305346125177447e-01
9.386037742420946239e-01
9.431896485271035191e-01
9.489024257207751001e-01
9.409586714623543457e-01
9.342423018128497292e-01
9.375638407661390783e-01
9.342390272286913433e-01
9.375565738221058876e-01
9.428894510695706721e-01
9.442505115793413673e-01
9.294417738564588749e-01
9.426159724078805313e-01
9.388163289771586095e-01
9.437195949870762490e-01
9.418557316350006925e-01
9.387793540387496805e-01
9.374592885558956645e-01
9.485813783848432434e-01
9.399741329999787842e-01
9.452512956912655362e-01
9.479751083656754451e-01
9.314664380333823601e-01
9.348830327488084624e-01
9.375781883810024864e-01
9.438550064841080278e-01
9.476936557806341366e-01
9.392056221485316492e-01
9.369748484565121327e-01
9.330382609177996223e-01
9.459153994514519770e-01
9.422226275804931328e-01
9.410733568664817472e-01
9.412141445714626853e-01
9.360320141163254171e-01
9.261351380779462295e-01
9.412870896069136517e-01
9.377233528756767633e-01
9.393633788136199758e-01
9.366957578501363679e-01
9.496111236143776058e-01
9.436887107886164916e-01
9.424205249067686418e-01
9.332741581842133316e-01
9.438517684732397051e-01
9.354363838506452034e-01
9.345802372739069330e-01
9.383671889515232678e-01
9.399751134822393883e-01
9.393274369949969893e-01
9.357495354056952763e-01
9.375096620287872717e-01
9.331286331002681678e-01
9.336080861874945791e-01
9.409608333980316042e-01
9.414519769489875234e-01
9.388758814884466952e-01
9.408693164081725069e-01
9.368189716526991173e-01
9.458732264682293556e-01
9.387836792092413285e-01
9.378673626835776211e-01
9.570473722822121498e-01
9.356904767210106888e-01
9.388122589695332421e-01
9.455559136259219510e-01
9.353181157140656454e-01
9.392295881530769996e-01
9.319584493098621580e-01
9.346949182522398258e-01
9.380598213427213672e-01
9.370142571172990209e-01
9.345546463874307985e-01
9.357919594029547872e-01
9.322885144837697036e-01
9.333192470036354438e-01
9.412889706009778257e-01
9.411967772985251335e-01
9.419407133317244663e-01
9.370812984551903924e-01
9.406520903442223691e-01
9.373968564432597628e-01
9.236436407585175701e-01
9.377229785174264753e-01
9.421726408633420702e-01
9.441417540130493391e-01
9.330200294870186761e-01
9.378222929334298907e-01
9.312005022925380349e-01
9.366279121064642332e-01
9.367390936848296601e-01
9.389390581893712895e-01
9.386607670677348247e-01
9.420876159294840901e-01
9.327553890529841629e-01
9.342940744009737841e-01
9.416398151013202211e-01
9.321105638849046526e-01
9.417324309955826811e-01
9.322651239162705883e-01
9.383092018624441533e-01
9.371087061601457435e-01
9.316922540756058524e-01
9.368512361650412901e-01
9.320050809143629600e-01
9.333776106440150322e-01
9.310654687471766611e-01
9.474049997517778321e-01
9.408961545223405443e-01
9.302325609706646459e-01
9.424084338499995050e-01
9.346790261430313329e-01
9.389760380302980547e-01
9.418389726924175642e-01
9.405988814912180640e-01
9.486812837714261315e-01
9.441938923871719958e-01
9.322897526304778637e-01
9.383343850089731486e-01
9.358557567143452882e-01
9.337995785299867402e-01
9.304494414301377470e-01
9.386718295190381589e-01
9.409575794458391318e-01
9.348236452773898142e-01
9.388896427364032959e-01
9.407740617266268091e-01
9.366599149728861429e-01
9.362302735375245266e-01
9.467618513258431179e-01
9.349181276848820277e-01
9.340701387252393628e-01
9.356966812310956172e-01
9.455738299520120016e-01
9.389575659542092056e-01
9.441206016060965656e-01
9.336838599989367715e-01
9.457767670359504830e-01
9.388571157688803126e-01
9.383200399417966908e-01
9.328092710218039985e-01
9.364252077023473841e-01
9.408101372142703145e-01
9.387664892589977494e-01
9.405963082461669122e-01
9.394333855305384562e-01
9.411978449428387572e-01
9.294307255375232613e-01
9.357139257086223294e-01
9.415519894541989343e-01
9.303537209497347860e-01
9.447610461067721399e-01
9.392499227060003841e-01
9.435504842142655724e-01
9.338184020338612390e-01
9.445985289272590402e-01
9.494526363435017435e-01
9.423104685147153381e-01
9.416973662749628105e-01
9.355643602315683038e-01
9.373331773650686038e-01
9.356089818350519227e-01
9.405580629814793703e-01
9.449413192788428395e-01
9.373491615141557043e-01
9.412858824606563646e-01
9.438864340102024464e-01
9.465807525835799874e-01
9.369370871134844458e-01
9.317263884769354521e-01
9.416619311952655336e-01
9.276151269531754950e-01
9.349354489802563783e-01
9.333731628673084257e-01
9.343309909720864948e-01
9.464021529463331195e-01
9.435050230768315949e-01
9.362800393360517504e-01
9.364205109710361796e-01
9.429767504026336233e-01
9.342757534117025475e-01
9.505171404302865668e-01
9.350785111541987105e-01
9.425681522479671948e-01
9.341189582053277540e-01
9.373039976275423513e-01
9.400946867262359730e-01
9.434991899488932576e-01
9.464253410856540150e-01
9.385678571392271907e-01
9.387337048680095553e-01
9.412732692484168107e-01
9.354630378801883639e-01
9.410366788336692601e-01
9.298555660686447233e-01
9.342120037893664186e-01
9.339920810058702783e-01
9.344557941159270520e-01
9.396358575311992700e-01
9.371417581076022518e-01
9.338011943572971374e-01
9.394943694352256847e-01
9.393922255734062920e-01
9.432681428785953948e-01
9.401475029358357105e-01
9.428308989414584396e-01
9.421387866667457756e-01
9.341725196927367358e-01
9.404139200335067672e-01
9.394439027587382363e-01
9.351677897101455805e-01
9.469656699997577309e-01
9.430022388943096745e-01
9.368037469012635565e-01
9.414139454423277042e-01
9.335269057049347952e-01
9.310402991346152790e-01
9.461625035762938341e-01
9.440355782321195877e-01
9.434682432843675137e-01
9.435273381417073058e-01
9.455472404778513251e-01
9.396619981160914126e-01
9.436756709827568423e-01
9.413228992958505570e-01
9.426609937692344010e-01
9.416040165236140291e-01
9.395061574654648417e-01
9.398754962327035001e-01
9.480120502162479035e-01
9.406507766109172275e-01
9.429023600045298714e-01
9.347205470548014539e-01
9.371707238037534360e-01
9.405724683100813444e-01
9.431834015923827863e-01
9.379188620124782050e-01
9.348226332391744720e-01
9.431933965352665705e-01
9.460269956237625788e-01
9.368104425883225783e-01
9.424667353801922109e-01
9.311806558403453726e-01
9.434272273112814799e-01
9.386981149963259385e-01
9.522857709831632489e-01
9.340319024535024273e-01
9.489121291422394355e-01
9.470335481502982766e-01
9.379418864833085623e-01
9.487967936961716475e-01
9.447871814376285204e-01
9.417844860147230879e-01
9.444851713004760452e-01
9.445618126723829278e-01
9.467830995359679536e-01
9.376006110777612701e-01
9.405788021185866876e-01
9.458052901381484023e-01
9.455056092972077275e-01
9.351890634036499339e-01
9.436135801860129346e-01
9.414890226004705154e-01
9.420195168462350832e-01
9.384743410274822839e-01
9.403527081238312046e-01
9.523678197979351667e-01
9.346895491785707222e-01
9.415673744272022860e-01
9.445134069947165312e-01
9.470719658283313080e-01
9.447788180685029458e-01
9.415934886616349475e-01
9.488209389438114760e-01
9.410616128566086092e-01
9.436270260347250360e-01
9.408439732498592445e-01
9.455867698921390785e-01
9.360341833832344083e-01
9.410317675824430017e-01
9.410957084550735097e-01
9.490455460782334374e-01
9.388736934943121559e-01
9.501327370800534133e-01
9.307566236251415548e-01
9.367819806155023299e-01
9.481290986039347946e-01
9.365914826638325197e-01
9.420299835080067075e-01
9.446583339332031981e-01
9.487959457050290091e-01
9.427332710828999485e-01
9.407296721232141223e-01
9.448069589570887716e-01
9.441179609561467512e-01
9.518106820819867142e-01
9.359919047162756911e-01
9.427131610904089243e-01
9.399008113748595905e-01
9.433169680492635711e-01
9.415208694016018454e-01
9.444953253422865291e-01
9.364482156867487417e-01
9.416130454153361917e-01
9.464948872479272968e-01
9.324473380767420716e-01
9.433926060671024016e-01
9.379011453424392908e-01
9.379359991560896059e-01
9.424997345183875330e-01
9.397541131398798875e-01
9.378407974769957800e-01
9.342785061592998597e-01
9.367105826433261839e-01
9.400604343571946631e-01
9.480272100171263094e-01
9.459028081563265467e-01
9.439970945577129680e-01
9.461615035407777707e-01
9.374963810037870715e-01
9.508305097563463093e-01
9.418857886350454622e-01
9.357709132162694843e-01
9.496589038714448039e-01
9.333077565679759324e-01
9.382114576328044464e-01
9.377793542783109393e-01
9.415195426820861524e-01
9.512468169724372924e-01
9.375367858948471245e-01
9.421993745180491375e-01
9.446181255760633944e-01
9.380086262417768328e-01
9.435252249891138421e-01
9.368236032123015145e-01
9.349878821165763521e-01
9.470267025220855395e-01
9.402208207345917890e-01
9.340515782434166692e-01
9.439289935899491946e-01
9.399834874144619157e-01
9.482049443121283172e-01
9.338773735790160124e-01
9.500293218037778598e-01
9.472617004390153639e-01
9.475638364618654830e-01
9.410154024010539686e-01
9.351146540989900835e-01
9.379001146186415339e-01
9.405790730768355257e-01
9.379578065649338825e-01
9.440193781871332179e-01
9.411621092632035390e-01
9.379735252095116049e-01
9.450121498128107866e-01
9.218307819491642352e-01
9.447039071607328253e-01
9.414732337620678182e-01
9.432705440046545986e-01
9.384525586472488579e-01
9.452618686534884906e-01
9.363940876913414701e-01
9.497130213668704135e-01
9.462032939095880169e-01
9.344442418467328038e-01
9.408671542000343058e-01
9.364580346564607138e-01
9.416023416902560284e-01
9.423002069640431522e-01
9.467523656922207653e-01
9.348609962830086717e-01
9.418739243672598072e-01
9.449842112645950865e-01
9.417631254116897166e-01
9.391144152672107337e-01
9.447776205589805132e-01
9.335709711425519419e-01
9.466971436610799318e-01
9.368325123824654543e-01
9.347554059830165407e-01
9.454290898304654744e-01
9.397351335271332262e-01
9.266347354761250710e-01
9.453596322057227219e-01
9.365504336622898496e-01
9.367065121593282084e-01
9.391305050309280977e-01
9.443574998198372983e-01
9.470766182960688173e-01
9.365687108732416721e-01
9.387264674533557507e-01
9.403638427207059447e-01
9.414925980481667622e-01
9.396547255452079028e-01
9.444364133525323668e-01
9.436425465147405545e-01
9.342358912526885772e-01
9.473427868917222439e-01
9.498473315713369391e-01
9.375365880269612706e-01
9.422758099074635130e-01
9.292363491226207639e-01
9.551286406204363422e-01
9.415195466816134173e-01
9.464744859231483121e-01
9.406736956464445409e-01
9.392442418249474789e-01
9.388031747221842194e-01
9.433598755575642869e-01
9.329508920973614838e-01
9.405655040790772414e-01
9.390498992629825459e-01
9.352616127686269598e-01
9.370095194411446338e-01
9.376762388790431668e-01
9.397879362447965068e-01
9.408748090907192996e-01
9.382095734676851873e-01
9.363897493057384835e-01
9.345508317782860175e-01
9.416988167724731351e-01
9.441747322114601992e-01
9.394069806086174923e-01
9.319288379240679987e-01
9.452058293713240245e-01
9.423046272021933234e-01
9.396936815567674683e-01
9.347475821223060199e-01
9.412882263878037392e-01
9.361390160465501431e-01
9.467494359044376084e-01
9.334256099092148595e-01
9.452308583998066949e-01
9.389250757733177410e-01
9.415458102349342218e-01
9.383848414655924230e-01
9.363587789524815408e-01
9.358245430437766021e-01
9.384413281228191073e-01
9.396609873330306062e-01
9.525610642199986433e-01
9.479820113734365172e-01
9.454613910540551336e-01
9.475009012526359742e-01
9.452453522256807350e-01
9.401317084029647830e-01
9.364806699321630568e-01
9.365368624779266682e-01
9.384133922656896498e-01
9.406389012924327719e-01
9.350073176545978804e-01
9.320173957067605652e-01
9.407818517100058342e-01
9.439368717999294667e-01
9.457046487111560040e-01
9.443631010091393385e-01
9.431829062405867603e-01
9.384377733958797485e-01
9.379189002878682846e-01
9.411674315554263703e-01
9.389429317041003697e-01
9.485331764897584339e-01
9.360990339740089539e-01
9.320576395793657154e-01
9.419967997568647888e-01
9.386213045698841295e-01
9.414659109131930936e-01
9.367906521933067054e-01
9.445569393371325839e-01
9.370964927170559733e-01
9.336343333284733426e-01
9.395844138649680488e-01
9.405989212638484753e-01
9.324945167177211003e-01
9.437422236210341042e-01
9.430162365734554575e-01
9.394614704268627881e-01
9.457907826631479775e-01
9.417723859892948024e-01
9.454845078272878789e-01
9.461056478257645619e-01
9.445596299110391447e-01
9.432428128865960604e-01
9.419695502446546742e-01
9.426002745833738095e-01
9.478487962691458657e-01
9.317464875162423388e-01
9.401585487802232022e-01
9.382600846687587648e-01
9.331264348192505054e-01
9.445364864555633178e-01
9.400976638969434918e-01
9.362136773212386132e-01
9.429841365657815055e-01
9.365246534770789166e-01
9.435146989041129917e-01
9.423240482728623135e-01
9.466340766585906730e-01
9.366660377011447602e-01
9.427633254666630824e-01
9.516885192244382008e-01
9.318420782867551377e-01
9.341113747206440943e-01
9.454472645588343216e-01
9.385330184781615070e-01
9.395172661741563180e-01
9.425839558624392600e-01
9.341889238725612499e-01
9.367418928629747121e-01
9.411762202468467731e-01
9.393475230039421975e-01
9.387662821297034776e-01
9.464460130100397217e-01
9.463335936091801237e-01
9.365272409187972436e-01
9.407488391200868882e-01
9.378526558563189397e-01
9.448462583945347326e-01
9.484553410820255603e-01
9.394573617401519305e-01
9.426012125608440595e-01
9.419890282514421509e-01
9.444768406397474614e-01
9.344183376298658139e-01
9.379542217188202580e-01
9.335688705640364793e-01
9.397491893618433734e-01
9.415042243527922405e-01
9.413488195711658957e-01
9.483967495101452982e-01
9.334765386154062483e-01
9.465481713425041299e-01
9.390736698847405028e-01
9.388951116176683653e-01
9.397022718641440120e-01
9.399309246688486441e-01
9.457421044910822028e-01
9.386379822257611139e-01
9.394180481788149129e-01
9.410096133845334831e-01
9.408884408724712545e-01
9.375271375380885841e-01
9.395225823109645269e-01
9.402093441583931899e-01
9.361426032812214526e-01
9.321034908846378420e-01
9.371436520253011437e-01
9.403104279073999372e-01
9.412379712165436230e-01
9.492983104386459869e-01
9.401082962856278646e-01
9.438517338561954739e-01
9.386870142714550669e-01
9.371143137476901641e-01
9.374431158640845752e-01
9.283133030492239923e-01
9.381688643933686622e-01
9.381515290227384618e-01
9.380313465328019573e-01
9.369972296495024944e-01
9.448063666194711496e-01
9.377467656486263570e-01
9.420592150271529519e-01
9.410048556234518191e-01
9.384865697777836635e-01
9.432178957880492653e-01
9.388168917346106923e-01
9.422114190791081034e-01
9.393227559426329254e-01
9.347850580342549343e-01
9.432878281109511320e-01
9.416792899930230831e-01
9.448726641829030548e-01
9.339444433937035273e-01
9.428903000563783054e-01
9.453538545648771940e-01
9.465158522411148967e-01
9.477647924721440686e-01
9.420652756153989893e-01
9.422687963655436150e-01
9.332537972472124688e-01
9.430358454581612149e-01
9.409607153197160345e-01
9.427283281697299566e-01
9.385775246490490886e-01
9.312074062413564501e-01
9.347689170034437778e-01
9.383339820532756725e-01
9.430063233225980390e-01
9.358966615122215060e-01
9.469462454509678384e-01
9.471097750972458096e-01
9.360223242980357794e-01
9.359604654919955191e-01
9.397385996102489703e-01
9.503193238762679407e-01
9.405288555241940740e-01
9.375854056087642441e-01
9.427938188264868291e-01
9.411810788099255198e-01
9.433466746097685096e-01
9.406369493509660895e-01
9.429595119888780630e-01
9.461072620052882742e-01
9.378238466560867570e-01
9.445888717047061789e-01
9.493684628787489865e-01
9.388375247160469783e-01
9.368540620752969783e-01
9.383403772478660088e-01
9.491381542484699230e-01
9.397973849551326531e-01
9.411604887017603893e-01
9.425443226431545751e-01
9.429689159793080977e-01
9.369464790130156429e-01
9.471046489690282399e-01
9.372992045045147602e-01
9.428564091279248993e-01
9.470304444756330042e-01
9.461583536735642674e-01
9.516648046463110910e-01
9.435204754874914057e-01
9.389760156175429584e-01
9.390410330805645245e-01
9.546324191081443367e-01
