8.528297439142836778e-01
8.872570471562000183e-01
9.064819803218471250e-01
9.005054682315996040e-01
8.977211869653616283e-01
9.045872784370044828e-01
9.079294784860039158e-01
8.960072527871503212e-01
9.068123174346892634e-01
8.960909115940141056e-01
8.945038126270474788e-01
9.086973328940197714e-01
9.035722621427350054e-01
9.146159427544183762e-01
9.090177007353931193e-01
8.921108128766479517e-01
9.034618352249617068e-01
9.019535844886706899e-01
8.925174416708874237e-01
9.037044774026941063e-01
9.164081469650371403e-01
9.122541148879885764e-01
9.013503517286003408e-01
9.143647965081490581e-01
8.986530506297307763e-01
9.075324904199979503e-01
8.989656198752044025e-01
9.050114762248583355e-01
8.942387369381765705e-01
9.007572738682207980e-01
8.979951258821362581e-01
9.172180966801988244e-01
9.193635172083262086e-01
9.163151063050720690e-01
9.197685807707158823e-01
9.046904033982595683e-01
9.197380065694626960e-01
9.155396488805674915e-01
9.211471780904247897e-01
9.053431266341130934e-01
9.201312392076687052e-01
9.094726489998873342e-01
8.991495050868821837e-01
9.121060035563219870e-01
9.097630946155373932e-01
9.084083228728713211e-01
8.984421539134427315e-01
9.064252884364987217e-01
9.066636545270572167e-01
9.039833201715297140e-01
9.123782275122820362e-01
9.277648737375414623e-01
9.103736102746975423e-01
9.273493651988654607e-01
9.209886218934417723e-01
9.273112269161452037e-01
9.205315624259451379e-01
9.187210972736208348e-01
9.237790831833724292e-01
9.293968013106344017e-01
9.261213201873398360e-01
9.074553237915162773e-01
9.139613124644657693e-01
9.237220360776209338e-01
9.111749738016267086e-01
9.410965257927081939e-01
9.205517387943952246e-01
9.375823280818430527e-01
9.224143002572469108e-01
9.224961371788480413e-01
9.372644043229054756e-01
9.307361206831934464e-01
9.108257251478447669e-01
9.174536696750741349e-01
9.259513691554704939e-01
9.147053134757553439e-01
9.268074037502116447e-01
9.275090191648541760e-01
9.284830101344819786e-01
9.237151169015185292e-01
9.253922391273257109e-01
9.319465183864695801e-01
9.317443812886638810e-01
9.221321050510744577e-01
9.242944840228796144e-01
9.379191279483718446e-01
9.360629952698310552e-01
9.318264498705473020e-01
9.301179707704071431e-01
9.219999222331308752e-01
9.322809209463521762e-01
9.301458595305779342e-01
9.359308388581558669e-01
9.351192118288687016e-01
9.275445163845315033e-01
9.342710126135551629e-01
9.357552302830165480e-01
9.346417910187219125e-01
9.318520231759087613e-01
9.249647080282217271e-01
9.288798629284044095e-01
9.331484750160909947e-01
9.348675864346267517e-01
9.356647049622784929e-01
9.563769196133368178e-01
9.522775661282416593e-01
9.296504781074493851e-01
9.304126475244423045e-01
9.385634814078416266e-01
9.312570223459707419e-01
9.423086685451146360e-01
9.276769817432340970e-01
9.390919994160009665e-01
9.411439133769587961e-01
9.404560647329631706e-01
9.386905631391010418e-01
9.360193851106265450e-01
9.299671993408761272e-01
9.354801498926942349e-01
9.263961365457359376e-01
9.298613658012780947e-01
9.397972592163489347e-01
9.386584474084416208e-01
9.300688486271658784e-01
9.383642619807825991e-01
9.383595527352115440e-01
9.418187945781021364e-01
9.232727531395374942e-01
9.305238644308677642e-01
9.270156117223519177e-01
9.363030171243607036e-01
9.377736403656503628e-01
9.314977924959021438e-01
9.387550903063864860e-01
9.344488226540995646e-01
9.363264314748070971e-01
9.331658531745712359e-01
9.356713256926144640e-01
9.377258988315041455e-01
9.304531614327561373e-01
9.349810888211940174e-01
9.372391645063057330e-01
9.309077307885236241e-01
9.358698837598516951e-01
9.384574453110674508e-01
9.391181896738802770e-01
9.269079610478123676e-01
9.358259245138327298e-01
9.411679414855460557e-01
9.328935088184141522e-01
9.311101951799932719e-01
9.429029225754703702e-01
9.412294398558671560e-01
9.443772466633412188e-01
9.426707334641224456e-01
9.345191079195004358e-01
9.431259631454540493e-01
9.414971748938135709e-01
9.409033127553654285e-01
9.426363163930910893e-01
9.301419087553748355e-01
9.260990084909223041e-01
9.346086666582895663e-01
9.365597619022025810e-01
9.383811822637898592e-01
9.437788779439388875e-01
9.350560125864193495e-01
9.370000563802782789e-01
9.284979864191796883e-01
9.365378613074863967e-01
9.390256877718257122e-01
9.382671961488340262e-01
9.422865349650884070e-01
9.348276827082691032e-01
9.363643991722336857e-01
9.476470658386836332e-01
9.370998781658751442e-01
9.448952575840583457e-01
9.292931497841854238e-01
9.363074971999135743e-01
9.423347769105806515e-01
9.314930632228261009e-01
9.403875674818302777e-01
9.287836586885050982e-01
9.365447833861318960e-01
9.426924152520905764e-01
9.355103237463643362e-01
9.357803945621389063e-01
9.513967426318815646e-01
9.348769729233894488e-01
9.344222131008865784e-01
9.357702291179115228e-01
9.337872401600901817e-01
9.231663612210553316e-01
9.299908691233024216e-01
9.430683714456306044e-01
9.352230815114740414e-01
9.349948573553988895e-01
9.302912167925114773e-01
9.360781730408667123e-01
9.293239485071752570e-01
9.362866685461854743e-01
9.419158089965600222e-01
9.277763575476671853e-01
9.387653304475168659e-01
9.438314406574710436e-01
9.387679513284769017e-01
9.380325109927725169e-01
9.395746964807730750e-01
9.258042244304715007e-01
9.468272991924275850e-01
9.339612002617814213e-01
9.187388147008355155e-01
9.390556845348569937e-01
9.439329197890971024e-01
9.290018672823368018e-01
9.430585264122994804e-01
9.237939289726088132e-01
9.389807557229009616e-01
9.372235842861061927e-01
9.348432696055273272e-01
9.299715226781725130e-01
9.355615125182603631e-01
9.374104399175368085e-01
9.314097122535532902e-01
9.369560756829479198e-01
9.316451695007303968e-01
9.369954325991417532e-01
9.461867907909459197e-01
9.426074288289469916e-01
9.191255587675694061e-01
9.326976431890922070e-01
9.415256021768412253e-01
9.351268896359524740e-01
9.253968433257593329e-01
9.318349351445768258e-01
9.346927659473308614e-01
9.308217842701754785e-01
9.350179174718504793e-01
9.264037923697592269e-01
9.328906386966637765e-01
9.344368186990215097e-01
9.418764244541033559e-01
9.351697982736633108e-01
9.290708475586058057e-01
9.292204330466259377e-01
9.394415950659228409e-01
9.514983589003617181e-01
9.515237138268780592e-01
9.379946015846689633e-01
9.333959165918883638e-01
9.445827064795091488e-01
9.431603028174024850e-01
9.431361142619728577e-01
9.382135975179406451e-01
9.466118168856557658e-01
9.441639397518712951e-01
9.347072844630437416e-01
9.311518778209907365e-01
9.358738955854457586e-01
9.298821154299022895e-01
9.438107281104471946e-01
9.330985459019514039e-01
9.272710652852599322e-01
9.363020537763925288e-01
9.348759650912158436e-01
9.362905033927895193e-01
9.424186292354544969e-01
9.375707670083097689e-01
9.480764783246439231e-01
9.450756333408427690e-01
9.313439902890355837e-01
9.500806108164283614e-01
9.428116282767919909e-01
9.449098390941389480e-01
9.327760588401501352e-01
9.436531675423790455e-01
9.344447741694300591e-01
9.302082771426398722e-01
9.232493900941968201e-01
9.346352131940445229e-01
9.370177756815079029e-01
9.433458005834477467e-01
9.484610447011028178e-01
9.445467902067862243e-01
9.343475616942634732e-01
9.404326378188565538e-01
9.312771577743711449e-01
9.322421621267958924e-01
9.264611461402364467e-01
9.357705724863244479e-01
9.377322238934511223e-01
9.293294219143872770e-01
9.337946304229128858e-01
9.426692066555453220e-01
9.418094602754968347e-01
9.375356035010087297e-01
9.486855976457042594e-01
9.405765425111627387e-01
9.353254299959123941e-01
9.399832367925695653e-01
9.420981830667350954e-01
9.425580694849979846e-01
9.408273683481402916e-01
9.493347114571335510e-01
9.406531029519807907e-01
9.439093023296887264e-01
9.369398715607445416e-01
9.384947811283254060e-01
9.407273483692724092e-01
9.436075231091399784e-01
9.301254717238258696e-01
9.352866407952258321e-01
9.285688918702174055e-01
9.390378250530321269e-01
9.433486069809812191e-01
9.310482766449821312e-01
9.468309243024529698e-01
9.382617669821499140e-01
9.457004734619706143e-01
9.320267223900394749e-01
9.279002384450569796e-01
9.298644743594957074e-01
9.444668821792450153e-01
9.344628243469064177e-01
9.236236879470964833e-01
9.408748804722826264e-01
9.332160117546821620e-01
9.460266454958673465e-01
9.346734472883672096e-01
9.435895593384053814e-01
9.350467864454279354e-01
9.232148189620476009e-01
9.414432769423930480e-01
9.342134302875241270e-01
9.345453745797205336e-01
9.472575218799138552e-01
9.450056512713467249e-01
9.347764515601965085e-01
9.405487381683669268e-01
9.430893618235148823e-01
9.447276879511922187e-01
9.574583322964458354e-01
9.466411369374339024e-01
9.392182657990880701e-01
9.340581912289994682e-01
9.275270351261239998e-01
9.421603550010775319e-01
9.421798040873037294e-01
9.396053028371548210e-01
9.343625087243410121e-01
9.370641399792437598e-01
9.422581005721258895e-01
9.259169663822470753e-01
9.357872320437238267e-01
9.305229107049308723e-01
9.408529058214731844e-01
9.411165297456072221e-01
9.378543948745696746e-01
9.406976014486505555e-01
9.392318722855529378e-01
9.302866928419194492e-01
9.421818551107843387e-01
9.446392064262706389e-01
9.356697118819454762e-01
9.374269668088933694e-01
9.363613325751685146e-01
9.378953337019493297e-01
9.443051840710350309e-01
9.319000955599964220e-01
9.365292213802050014e-01
9.397004816604139776e-01
9.474746062992381868e-01
9.420027666437310598e-01
9.467596233787809457e-01
9.288203077245195116e-01
9.395757247354841191e-01
9.296048556066134338e-01
9.424951357497498572e-01
9.491438652591817071e-01
9.333751510624429537e-01
9.391255933287122604e-01
9.442164369012938652e-01
9.337825535042465486e-01
9.443210886155756212e-01
9.387346991837179910e-01
9.303884906704620317e-01
9.409393358199988899e-01
9.338376983287672850e-01
9.346422581280645625e-01
9.374186662664933944e-01
9.429798535448721264e-01
9.455215612261792524e-01
9.350693355003762974e-01
9.385245517391881398e-01
9.363212590716065709e-01
9.410770777213809390e-01
9.403363630997491063e-01
9.401223134168482654e-01
9.339615617021075344e-01
9.481229537400668317e-01
9.478033472099575141e-01
9.421162244687224518e-01
9.344714021169241436e-01
9.344018781861425094e-01
9.376700566546299909e-01
9.338233518238847619e-01
9.238513559205701053e-01
9.338011545564852689e-01
9.411886843129196878e-01
9.510534148009641697e-01
9.359460687783957011e-01
9.374645664660089528e-01
9.307438567407438912e-01
9.372954143284192297e-01
9.273978323524638689e-01
9.383365454428230779e-01
9.452461885132015240e-01
9.561488767280278411e-01
9.467660575649524679e-01
9.372402714580664318e-01
9.596890592832143518e-01
9.458833829926224235e-01
9.520481519364742962e-01
9.435818535472442203e-01
9.518176542415676122e-01
9.382622219107539241e-01
9.395492776839090565e-01
9.451731871666573248e-01
9.218246488380653636e-01
9.370841903892060953e-01
9.433318508136920855e-01
9.442431624666970391e-01
9.474660853310143960e-01
9.401194190037429621e-01
9.395347722690443604e-01
9.334944650486879381e-01
9.403019029686781050e-01
9.359622610549463984e-01
9.392226247390709215e-01
9.436117726074058076e-01
9.428818187723908562e-01
9.433566513216081750e-01
9.341099046704051112e-01
9.433094231801512075e-01
9.435722690396710632e-01
9.503477505817459203e-01
9.547111341020898534e-01
9.442600884975760334e-01
9.274216612512293789e-01
9.366924149670363686e-01
9.362130802022484710e-01
9.529399146570315393e-01
9.460137022690221498e-01
9.407288128728568122e-01
9.410145891070540447e-01
9.387686009460232128e-01
9.388006419336142327e-01
9.431435235283832652e-01
9.425848655765096673e-01
9.390595576129908695e-01
9.392470555504012220e-01
9.320018530856591932e-01
9.302774883331147437e-01
9.357888821315633043e-01
9.415558708870193083e-01
9.392807130746995137e-01
9.404680886166832954e-01
9.389019931811616315e-01
9.410298341389662369e-01
9.489606233300298399e-01
9.437494152527959868e-01
9.451570416473034086e-01
9.364069354143284007e-01
9.455181138117660922e-01
9.493336267928051964e-01
9.415446343271084428e-01
9.327490442322700082e-01
9.358094025609966504e-01
9.464423805984342186e-01
9.341783354414852081e-01
9.393144762721574725e-01
9.482203382773307654e-01
9.513249107648050762e-01
9.431376520943424158e-01
9.369225320288918635e-01
9.368860744682993014e-01
9.403234901068793228e-01
9.329656611367240782e-01
9.383498923169768524e-01
9.473506032417282618e-01
9.357267294710648331e-01
9.375349149146740002e-01
9.382175699197250474e-01
9.458988443304159333e-01
9.369914152981959621e-01
9.481859248409806318e-01
9.384755453733990560e-01
9.400448511262871065e-01
9.362320945121237470e-01
9.441594081315131115e-01
9.400059243695179090e-01
9.420137086531740200e-01
9.245674396217897772e-01
9.383321727029855230e-01
9.454441619002221797e-01
9.443937948438118068e-01
9.447133516814338883e-01
9.437847715782653468e-01
9.476754134024477638e-01
9.289265017400505364e-01
9.361342529668965629e-01
9.277198737742334833e-01
9.467751014373763097e-01
9.418415136888631523e-01
9.471989617563036923e-01
9.399066331888894510e-01
9.339447140508648770e-01
9.488561131592561093e-01
9.341518789576180870e-01
9.385785671329308633e-01
9.404510356644688596e-01
9.455246092737961128e-01
9.336911153330339497e-01
9.302411441991867980e-01
9.289461705167144645e-01
9.401624573717832778e-01
9.320052815642735355e-01
9.410764692164178546e-01
9.335461660622201840e-01
9.470596875427257366e-01
9.454908198448356282e-01
9.540723155567684133e-01
9.414490132999495664e-01
9.369805365069724390e-01
9.436938239288906738e-01
9.315840999746261009e-01
9.465706529035631256e-01
9.374917805760049072e-01
9.319929115254329544e-01
9.325511568406646967e-01
9.361028998105217491e-01
9.387056927838203224e-01
9.442374157652123623e-01
9.427847975541520098e-01
9.341936599716937906e-01
9.491529074537856658e-01
9.292660461201524003e-01
9.451710244323414667e-01
9.371419253334452026e-01
9.357126480134015933e-01
9.421338346277541298e-01
9.291004115139057662e-01
9.400288869414576975e-01
9.407657666706115140e-01
9.351253660980676230e-01
9.358917678340710200e-01
9.405744385970973287e-01
9.405285174674744564e-01
9.459736022563570712e-01
9.350921555852629297e-01
9.293612869131403498e-01
9.396125778333054290e-01
9.427817308486662329e-01
9.277001941266722618e-01
9.376967134254532432e-01
9.482927923114559121e-01
9.438407210672009606e-01
9.434033903716284586e-01
9.544657730527508210e-01
9.392852573237775449e-01
9.439116141441471486e-01
9.394943171270619953e-01
9.398721972817498660e-01
9.320634763430822867e-01
9.363127052622957081e-01
9.371658312612680675e-01
9.464839719481024094e-01
9.446488116579406791e-01
9.396388559389106110e-01
9.511296799315733796e-01
9.378278240515344200e-01
9.378984140769359712e-01
9.372344100678379197e-01
9.381904156061752209e-01
9.314490371002637215e-01
9.397329712564060911e-01
9.331927195713959344e-01
9.271735491638806170e-01
9.392693799484519435e-01
9.518746086514494609e-01
9.303581924542930759e-01
9.399353302971468205e-01
9.561113024774914315e-01
9.266872433442171486e-01
9.438946800752903155e-01
9.390097793396513515e-01
9.438422301868114594e-01
9.466207144239713323e-01
9.411268198899136461e-01
9.500677817899120248e-01
9.250079700105193758e-01
9.421293595937997312e-01
9.372357034290046407e-01
9.314228889507094600e-01
9.353136563297327344e-01
9.400996655402960034e-01
9.368046071855041790e-01
9.376661199637994493e-01
9.414079480160237878e-01
9.385928811070471944e-01
9.310928581881657840e-01
9.390287170667357408e-01
9.439195815451973948e-01
9.341906313624072089e-01
9.306835245175812954e-01
9.335681602932086598e-01
9.468597724136997851e-01
9.420881296411203198e-01
9.380006954587399859e-01
9.459501858514322015e-01
9.470007188256507336e-01
9.374652975218458195e-01
9.337160739612891946e-01
9.323615800222289085e-01
9.433123507306615529e-01
9.389588948046626582e-01
9.458834237856208471e-01
9.507169162803364992e-01
9.514989576974318686e-01
9.283149971086088748e-01
9.372302758700774561e-01
9.359074376403357931e-01
9.413711854692425884e-01
9.418238018400748590e-01
9.402163539846511986e-01
9.415637573670374572e-01
9.434490864500787444e-01
9.382129597254013076e-01
9.521528847594075140e-01
9.437674444029588994e-01
9.402033296117940919e-01
9.310401534560361902e-01
9.423835111260207009e-01
9.458365602807227157e-01
9.393002077449970066e-01
9.358469524637128556e-01
9.404529360288874651e-01
9.378674805536388881e-01
9.372629632871857241e-01
9.324541537459586360e-01
9.416349115116450230e-01
9.430986052796838104e-01
9.426252432205584064e-01
9.549395817991627178e-01
9.397537338454899913e-01
9.484510363624866214e-01
9.382578672076550275e-01
9.381586206942245099e-01
9.365098452654412320e-01
9.418136913283063905e-01
9.462324429064463693e-01
9.480661482092673786e-01
9.427653071398731655e-01
9.376482545650023370e-01
9.430595884838741672e-01
9.357448350306839524e-01
9.440030890223057858e-01
9.393106138822967521e-01
9.470221484392109534e-01
9.306126354804834522e-01
9.464210255241064518e-01
9.460879853519088556e-01
9.358188252560337705e-01
9.316734716104159153e-01
9.390461278122727018e-01
9.397267250934649985e-01
9.374789387757465065e-01
9.354102232558390018e-01
9.538482960443031011e-01
9.388375627656263545e-01
9.285054443875569996e-01
9.429680620986721218e-01
9.422656470984237531e-01
9.393174691053305381e-01
9.312393069307114413e-01
9.335297622732102729e-01
9.409809936660871177e-01
9.280681065815634678e-01
9.338356282278129639e-01
9.445288699906858598e-01
9.348920098878267249e-01
9.382738203461719051e-01
9.370069780247344271e-01
9.262190577473914388e-01
9.513972537088338788e-01
9.490036574105861211e-01
9.407905408178683926e-01
9.463329566522347136e-01
9.527273194983316706e-01
9.381081218746675221e-01
9.264428054380815514e-01
9.353244256769882581e-01
9.355525153103816383e-01
9.517280975073432181e-01
9.313456762762882812e-01
9.303848328888855157e-01
9.354913166082745590e-01
9.413761453682032432e-01
9.536683213000096693e-01
9.391260870917830239e-01
9.463165651891961572e-01
9.383332825271567534e-01
9.432424569842349227e-01
9.450812023660369876e-01
9.474650429425015563e-01
9.413691908859938007e-01
9.377400664335924230e-01
9.246362683683422290e-01
9.569760586620459364e-01
9.405052399338506008e-01
9.400679865036252192e-01
9.349000768722270927e-01
9.362788985505635653e-01
9.373593533216844076e-01
9.582641901310909871e-01
9.434511684913537977e-01
9.349403922743501072e-01
9.390345769961040423e-01
9.404467702707133281e-01
9.331696563691815882e-01
9.428470114368991961e-01
9.466319106014349227e-01
9.345041195995544836e-01
9.395126348090728774e-01
9.393672860672848124e-01
9.351962649899628888e-01
9.367895142747661996e-01
9.501355166070341030e-01
9.445970898346177647e-01
9.420177054819421913e-01
9.367035900260880510e-01
9.319625358103315049e-01
9.423318024884084210e-01
9.317430801485390157e-01
9.351399435397107496e-01
9.302332679131946058e-01
9.457203470271643431e-01
9.381867632074637475e-01
9.364515227139659226e-01
9.430273359555719770e-01
9.410347679284580824e-01
9.440579956593879718e-01
9.480908015923656951e-01
9.392640502794901147e-01
9.381702566082682493e-01
9.306282669767748095e-01
9.511798739449963680e-01
9.373102682193383828e-01
9.422175602172815356e-01
9.368498281570203368e-01
9.343825478956405695e-01
9.395123427072654687e-01
9.356978938716118410e-01
9.323565546746104271e-01
9.370178004450374631e-01
9.510622850296087671e-01
9.506928672954256809e-01
9.355973531210618477e-01
9.443215561475354347e-01
9.392102719003324607e-01
9.399674030241272904e-01
9.341691552919479946e-01
9.476924002968130090e-01
9.405939437017888372e-01
9.420204868230821482e-01
9.240533587748531730e-01
9.385776690212535023e-01
9.396128915608739085e-01
9.340472137103820183e-01
9.394267318501374753e-01
9.360064379853391126e-01
9.320193109454981695e-01
9.491757378202355655e-01
9.363883227428033695e-01
9.496349906606639246e-01
9.353545244975639550e-01
9.407809326034439756e-01
9.417822774029412924e-01
9.341400357181244285e-01
9.381936838425078973e-01
9.368966224752083294e-01
9.422815684527193758e-01
9.472946365537221469e-01
9.421566298410223306e-01
9.396256275448687800e-01
9.471966508910588667e-01
9.434450899992503636e-01
9.462685841852185309e-01
9.417347963714073344e-01
9.469011191312983744e-01
9.396076535111338446e-01
9.436940800160752429e-01
9.410109780954534209e-01
9.371312398279896261e-01
9.312682307746514843e-01
9.392977342242813110e-01
9.328918254374397590e-01
9.297514768539018037e-01
9.379325074419635477e-01
9.429385655076235606e-01
9.359610973614690410e-01
9.412059201855275115e-01
9.352384415535627271e-01
9.288064421280606275e-01
9.306325022739769803e-01
9.408753548155491808e-01
9.472344469642942633e-01
9.312492117159821836e-01
9.473107165132254037e-01
9.427238240143370751e-01
9.319620400172413666e-01
9.345236719434349970e-01
9.492164214532479161e-01
9.309865269865231774e-01
9.410688048703005348e-01
9.337688915973590964e-01
9.526314578569813341e-01
9.466673486521319791e-01
9.440169561069454707e-01
9.487688950292588741e-01
9.555370988644991126e-01
9.405242546786163338e-01
9.398266536060139176e-01
9.437700356775897692e-01
9.402123682133953775e-01
9.326203737155986939e-01
9.377682743612945071e-01
9.510830737999471651e-01
9.356130446067502104e-01
9.427756923671302136e-01
9.271590421810042004e-01
9.433394548399666180e-01
9.400121925235005449e-01
9.428923700287111798e-01
9.460354633041974104e-01
9.375940152622591617e-01
9.326999345576045819e-01
9.420843428830539823e-01
9.310451362019924737e-01
9.391138960111951040e-01
9.456937373235823063e-01
9.246761238358118806e-01
9.365798929047651766e-01
9.422121563950150991e-01
9.358773089079389651e-01
9.357574196097339092e-01
9.479416814578079942e-01
9.348032643555036492e-01
9.481403447150651420e-01
9.532336262635199287e-01
9.287212498143935235e-01
9.369488253824048707e-01
9.405607134595895813e-01
9.463306727899610804e-01
9.285682274646420709e-01
9.369767903531066588e-01
9.466715099203333317e-01
9.393386332360809110e-01
9.504119402280686302e-01
9.396503792128227950e-01
9.483446338206422688e-01
9.347426826180211812e-01
9.495556914387844882e-01
9.449296300112125513e-01
9.402042930780136754e-01
9.441980021099217746e-01
9.216790463147548351e-01
9.361755198959018642e-01
9.372706843217045725e-01
9.552195699990364552e-01
9.361668904769276933e-01
9.496630826456698982e-01
9.458264195582362088e-01
9.398348101554964140e-01
9.334018451051074861e-01
9.407103374047491862e-01
9.487657618754447020e-01
9.486080768352048720e-01
9.441748662012916515e-01
9.459075525696023501e-01
9.461284946838576237e-01
9.400757090886624479e-01
9.384383573717471894e-01
9.385965979109286428e-01
9.464719198924074206e-01
9.393730065693703946e-01
9.237578695723580591e-01
9.457297049945330158e-01
9.482858675256633507e-01
9.424209326633508077e-01
9.411146655686084550e-01
9.331206513786273193e-01
9.424672036806955866e-01
9.484891380636603087e-01
9.412840588636325334e-01
9.377982440587803170e-01
9.385847058349611194e-01
9.394808525864053461e-01
9.406380059220397216e-01
9.480516397743735668e-01
9.354569663144934877e-01
9.410119033124153543e-01
9.522789682008265810e-01
9.407980546374014041e-01
9.426396900302392856e-01
9.460740944456935697e-01
9.410820057022590834e-01
9.332403792475871818e-01
9.448823156896907216e-01
9.435020201994858136e-01
9.395951016750402340e-01
9.433979888669823399e-01
9.300081576662954097e-01
9.380617557553613262e-01
9.378989753676316710e-01
9.406096608212795029e-01
9.504755183227681092e-01
9.339287189647338394e-01
9.331861670656487195e-01
9.431213715890447435e-01
9.451436348139392596e-01
9.482192072996811216e-01
9.412560541167245276e-01
9.342172060198206118e-01
9.355735816408600192e-01
9.309784839845401949e-01
9.437882903120718980e-01
9.473034312489032605e-01
9.286300745408843094e-01
9.461238713938766587e-01
9.469560663516385368e-01
9.474783968945845736e-01
9.433256004058039323e-01
9.404144696899809919e-01
9.410298827118276366e-01
9.383562768271196397e-01
9.326546295978200840e-01
9.464823704085583156e-01
9.454691658730871584e-01
9.378091546405176171e-01
9.449840394467617921e-01
9.285755718657696667e-01
9.359541528080298489e-01
9.387955254062564370e-01
9.347294584277042739e-01
9.392349011029631489e-01
9.411217346087658031e-01
9.295176626794563468e-01
9.562864942086685138e-01
9.495100750912164322e-01
9.442117321378283856e-01
9.410174641044632970e-01
9.405978835742501154e-01
9.315071961581797844e-01
9.482042588116585957e-01
9.451155174490117883e-01
9.459608103131028622e-01
9.309283688712263194e-01
9.398096322833887628e-01
9.393411625180283497e-01
9.417421979685067779e-01
9.454931044021706033e-01
9.462073679324631836e-01
9.314963924023855757e-01
9.545670669864330105e-01
9.343869962102185900e-01
9.425845822612817226e-01
9.396509517465235772e-01
9.414481911570632411e-01
9.356623436883759748e-01
9.412739349793960431e-01
9.428581750726565680e-01
9.402621906188456391e-01
9.309783947512858537e-01
9.392124155644755445e-01
9.395669117112472879e-01
9.298002705782143495e-01
9.362333400709390574e-01
9.315699598610928112e-01
9.481881140177789158e-01
9.360401669728526386e-01
9.375945969645321787e-01
9.456909684111839409e-01
9.365497452073292539e-01
9.320643198513530736e-01
9.498676116653987922e-01
9.369237176124030064e-01
9.426781708008662442e-01
9.419431532491229220e-01
