8.828757447520423352e-01
8.775136579575627538e-01
8.997363256346625482e-01
9.067096774360158262e-01
9.111462716273015516e-01
9.024082337752108440e-01
8.964432505199633194e-01
9.052519438170079091e-01
9.131757653227304816e-01
8.862343988291927488e-01
8.927064459586461220e-01
8.993538520891689592e-01
9.078095864884274668e-01
8.978468134205364048e-01
9.042591966506547951e-01
8.944457770549091302e-01
9.012366564296299121e-01
9.116669080228944066e-01
8.904610443102065620e-01
9.113778972496393571e-01
8.857110854960511537e-01
9.044025386404375144e-01
9.059600860547041279e-01
9.200090365940711834e-01
8.981829836056857141e-01
9.022108134506048316e-01
9.066898819127873210e-01
9.108836308635218648e-01
9.109721870240510277e-01
9.165444149768984250e-01
9.154862253844032738e-01
9.207614454682100380e-01
9.220333392436371733e-01
9.163330769921576024e-01
9.157149902814665232e-01
9.132897061331570754e-01
9.000163085784669281e-01
9.264571954136507914e-01
9.197555374682544471e-01
9.228976342457190229e-01
9.053147068210498638e-01
9.094762079627978224e-01
9.236251208281643921e-01
9.331051127415491697e-01
9.093829680587235398e-01
9.290046314367609304e-01
9.204411194357957626e-01
9.149885251152766186e-01
9.254406560303294338e-01
9.072075888144047751e-01
9.231417616682390248e-01
9.170657908662492863e-01
9.231455187943963248e-01
9.320886356876089129e-01
9.305654455855214557e-01
9.331040307757105801e-01
9.267309687763719550e-01
9.380920608996532462e-01
9.137858810649759356e-01
9.308378820525109454e-01
9.355202687736625666e-01
9.268120712228593572e-01
9.271912798037392767e-01
9.269052043678133179e-01
9.189537328536697691e-01
9.321297539914064068e-01
9.215199491980677893e-01
9.368600207711291761e-01
9.302779709242636752e-01
9.256873029255078267e-01
9.250473372973597730e-01
9.295861470020584383e-01
9.266693019232933315e-01
9.329633286478837828e-01
9.364697108251474056e-01
9.265244790690028154e-01
9.177921606756952455e-01
9.364816079260791515e-01
9.357940616626845287e-01
9.200491903716909725e-01
9.347935900121479014e-01
9.358733146253241930e-01
9.338434879305704817e-01
9.294679480533437621e-01
9.291051167435636637e-01
9.311175825142113949e-01
9.248914765200566546e-01
9.301123023908052234e-01
9.330857458916335112e-01
9.385751435460794045e-01
9.224199428218571306e-01
9.345839096490274889e-01
9.258445258176156711e-01
9.312662449121528185e-01
9.287294903486135178e-01
9.430090508732271726e-01
9.202550991884037579e-01
9.420620671083876907e-01
9.334414462524699418e-01
9.328158664649802700e-01
9.284712182604760722e-01
9.318714251717205022e-01
9.250187011824452243e-01
9.327385530098625255e-01
9.251261967452448776e-01
9.304914983786245486e-01
9.249497952296097392e-01
9.310735376011000097e-01
9.345659611484939955e-01
9.385834490485401860e-01
9.337057533594398384e-01
9.340549131153008666e-01
9.297705066332296875e-01
9.185137166716046409e-01
9.321413666299127598e-01
9.368792168065316339e-01
9.326995050959800970e-01
9.361107163409377874e-01
9.365321294104080874e-01
9.342537597569876562e-01
9.355358433782418048e-01
9.301969247739185764e-01
9.362691179344148074e-01
9.210597419987781587e-01
9.352195655204634805e-01
9.313739537273731939e-01
9.418287739102493283e-01
9.349411881456138884e-01
9.299903907206611420e-01
9.356977643850049597e-01
9.449627457841445199e-01
9.409446851890994612e-01
9.454037783512372339e-01
9.384207421211752109e-01
9.396831899680677669e-01
9.394893471901225590e-01
9.368892554232459702e-01
9.347183878484150998e-01
9.330139312938277030e-01
9.289088412567384490e-01
9.350477024442662710e-01
9.342384053806280786e-01
9.306388875638522684e-01
9.353537138518869254e-01
9.276048920561784650e-01
9.377403136747335388e-01
9.423511571440049694e-01
9.275359873671621402e-01
9.366918989182124733e-01
9.333957264511826279e-01
9.226532062148264934e-01
9.298211156679180300e-01
9.400926607522924749e-01
9.373293514916827274e-01
9.390186738481428597e-01
9.389240331837146458e-01
9.332178517196115797e-01
9.307720521436366745e-01
9.452953445482751293e-01
9.258724408972530684e-01
9.337519468067166928e-01
9.364863734437447462e-01
9.464768668832357346e-01
9.348918749637619152e-01
9.359972099819426905e-01
9.307530402915284995e-01
9.386780593735670752e-01
9.384917432488051325e-01
9.457006753876089356e-01
9.297882635919728633e-01
9.364522376606078113e-01
9.394956576793400682e-01
9.337524918503737892e-01
9.450416514901175402e-01
9.429826870175097575e-01
9.334814535813025227e-01
9.311889963130768333e-01
9.429391660958664767e-01
9.363704725499316650e-01
9.300656403251766902e-01
9.401423762295436637e-01
9.337678738888357532e-01
9.270374070754694440e-01
9.363818256074739610e-01
9.287634409028420190e-01
9.250379410703908345e-01
9.396341427708929661e-01
9.342017840636949177e-01
9.408565641025248283e-01
9.338472702907730794e-01
9.426974882020862090e-01
9.412680206363173152e-01
9.426458027938865447e-01
9.368494345989671901e-01
9.416515599526432689e-01
9.401730565808964490e-01
9.385047380546065465e-01
9.309907685242623243e-01
9.355047283289493754e-01
9.278371375133306342e-01
9.434079627349895025e-01
9.332579853998039798e-01
9.453586471760361265e-01
9.378270110502426871e-01
9.315427879421814827e-01
9.387432104611509454e-01
9.349297563357155116e-01
9.377430579886707473e-01
9.370323917842087180e-01
9.385526896382684336e-01
9.307797268769740784e-01
9.445871170079378487e-01
9.434080417520828155e-01
9.455791603095415887e-01
9.310573487944411308e-01
9.408822690970422009e-01
9.373773224799383241e-01
9.343586514712599600e-01
9.379392501451023767e-01
9.360152253024246471e-01
9.358963389022793011e-01
9.290742852487346992e-01
9.386482929155112176e-01
9.441276357554204690e-01
9.377890222613050053e-01
9.428909329597398026e-01
9.409236786401454777e-01
9.405571040236483382e-01
9.384927118305033122e-01
9.351854595731439179e-01
9.379453238929541525e-01
9.291612657541111764e-01
9.421754756080670257e-01
9.367128322789318728e-01
9.374829509390758542e-01
9.421745349325699737e-01
9.361370978325357362e-01
9.423037088591043053e-01
9.462275495793995850e-01
9.344018320110411002e-01
9.383886898486618611e-01
9.320555281306329709e-01
9.472276733720568220e-01
9.367849420202567501e-01
9.409372750786099138e-01
9.454434750727733761e-01
9.378926880229332408e-01
9.373674128517777149e-01
9.351684826718734689e-01
9.390101795542953322e-01
9.438598383758395327e-01
9.402299495398405149e-01
9.397585556964525022e-01
9.468971556027079295e-01
9.472623790911843811e-01
9.386773032197360811e-01
9.459231767484461706e-01
9.386486946225829353e-01
9.389627730230952762e-01
9.336906691395284730e-01
9.365548097930997962e-01
9.430481034728934731e-01
9.402231826569966699e-01
9.451121332803168462e-01
9.477708504660173894e-01
9.418476800985263742e-01
9.401027769817315027e-01
9.463755571449435910e-01
9.375557225432744612e-01
9.452383017929831821e-01
9.432164693219157181e-01
9.440720220519138728e-01
9.408588846144300133e-01
9.347619747041407967e-01
9.407681376867367273e-01
9.375658344650112941e-01
9.455460368747600208e-01
9.433342420861605682e-01
9.364459380432890168e-01
9.438484740987981292e-01
9.465513089183247297e-01
9.457921281986260142e-01
9.387328282738282015e-01
9.305071151409529673e-01
9.419762986374705660e-01
9.376814894418543656e-01
9.397832229367583112e-01
9.394789301899565404e-01
9.377953737704907144e-01
9.428491032620240908e-01
9.419799895523931488e-01
9.255384318581149072e-01
9.304330993773494152e-01
9.366922198936101784e-01
9.302984126874239701e-01
9.441164960422337993e-01
9.361628385325999613e-01
9.296439805867171557e-01
9.392868733197498043e-01
9.386968120727248177e-01
9.483695828296754282e-01
9.316690375727425533e-01
9.375518476878471619e-01
9.333392767690439351e-01
9.396522672266551801e-01
9.459974542152707055e-01
9.428965695466368091e-01
9.413586593827011351e-01
9.452813580840937480e-01
9.454596875325584904e-01
9.499885877598492900e-01
9.388801269280200312e-01
9.340714903064984975e-01
9.379037715813061116e-01
9.328375560057616811e-01
9.369884308605409551e-01
9.343113807831892048e-01
9.371866727334605685e-01
9.366300592061145291e-01
9.452002361063981395e-01
9.534972421302182477e-01
9.422981160163057535e-01
9.343989094294655740e-01
9.389614789047676657e-01
9.373933419432625147e-01
9.411241752060557353e-01
9.300323008296763616e-01
9.436689210409322515e-01
9.501604284213672758e-01
9.548251136446139764e-01
9.428680329424666828e-01
9.393300195293692312e-01
9.483826774210816213e-01
9.353347944739496267e-01
9.511719452687030785e-01
9.331368308528839028e-01
9.410470089070692712e-01
9.447003386018765214e-01
9.452163545599323591e-01
9.489562706377876466e-01
9.359028713734661720e-01
9.423693985464415279e-01
9.378461477912458655e-01
9.393766486115793235e-01
9.439782691635701939e-01
9.446483833525886054e-01
9.382184271770137585e-01
9.370589820648734802e-01
9.363454174783077955e-01
9.405134833465398358e-01
9.448323635488524719e-01
9.417424393094886437e-01
9.423082310145567408e-01
9.286161949476020583e-01
9.442431917980161904e-01
9.322586037824635019e-01
9.376895875449516859e-01
9.333078703347377214e-01
9.340028669911139003e-01
9.374574631003710357e-01
9.379283920624724713e-01
9.466833095892595029e-01
9.375051006174990320e-01
9.382553442097790741e-01
9.331292967839042163e-01
9.450643627655184176e-01
9.435428025060828006e-01
9.355746955812085375e-01
9.422001282089975671e-01
9.345905956381455049e-01
9.432754133860872248e-01
9.405976934798533362e-01
9.430290040781877936e-01
9.441306914873851541e-01
9.425953997511836713e-01
9.440548211959480795e-01
9.414129663812538240e-01
9.444626859951545939e-01
9.376975960425844026e-01
9.402293400210751662e-01
9.436278435028606637e-01
9.375211330111541397e-01
9.335990103098522619e-01
9.335748849681319017e-01
9.435699578088209138e-01
9.409082304118837614e-01
9.422973717560736429e-01
9.382052341877594737e-01
9.522005380427559507e-01
9.374757346703437300e-01
9.484220428649134949e-01
9.379347798079732401e-01
9.536156020430013314e-01
9.498518279009793286e-01
9.406090446811341543e-01
9.460235362942505111e-01
9.391968649600523911e-01
9.291040724558915498e-01
9.338435093358635752e-01
9.434775713400028740e-01
9.407333343400854364e-01
9.409894787139644334e-01
9.429977854665773096e-01
9.471804214104693198e-01
9.323534956770952453e-01
9.467400371509339108e-01
9.390255209132797320e-01
9.402414342871362463e-01
9.476780253354505357e-01
9.423111942137325503e-01
9.466421219816263388e-01
9.432453271246684645e-01
9.455779381534054062e-01
9.430686001171654231e-01
9.467729218822706905e-01
9.394819641997433912e-01
9.462009166351919021e-01
9.403746933678082121e-01
9.368609254989941348e-01
9.475966067746145471e-01
9.308824662912589254e-01
9.321414255057348663e-01
9.358830181843920126e-01
9.486656440287177805e-01
9.429049278961002534e-01
9.390555903027810736e-01
9.331203487530993490e-01
9.420232654040883169e-01
9.401772640945267323e-01
9.378953693902117861e-01
9.338812726642814477e-01
9.416243977691430844e-01
9.396622034001658186e-01
9.391869714279793557e-01
9.383787926722325645e-01
9.438785404137345347e-01
9.427141273916151976e-01
9.424118426752725597e-01
9.410566632153192224e-01
9.456979463798153018e-01
9.414152661400494448e-01
9.508803746725107420e-01
9.333563027251257083e-01
9.400240880228936113e-01
9.394714426850200306e-01
9.472271837681230933e-01
9.367519698163759845e-01
9.369233864724750838e-01
9.426157565246974235e-01
9.430903917581945350e-01
9.453301853279915123e-01
9.427173876274301811e-01
9.410536252766600329e-01
9.388043072095699770e-01
9.405589002283007982e-01
9.298750623735989596e-01
9.398802304062999768e-01
9.463560042567913388e-01
9.411622155958725422e-01
9.383130184337575841e-01
9.400715792238907298e-01
9.418130095096642895e-01
9.470200198453321283e-01
9.479974083841576915e-01
9.362691196793732074e-01
9.479890455253483506e-01
9.444785025032923498e-01
9.323133855248605384e-01
9.377052948151336498e-01
9.416874491196923769e-01
9.372777563297371994e-01
9.354373097854095098e-01
9.412778702060244918e-01
9.358009020070547912e-01
9.425709865903507678e-01
9.432166804386575842e-01
9.376666174771877138e-01
9.506215933660626671e-01
9.389877140992939353e-01
9.358893576754754307e-01
9.451325870811472241e-01
9.396082528208907769e-01
9.416999706223075917e-01
9.437554794921859669e-01
9.362469635478443131e-01
9.448325428466998188e-01
9.401614667604178965e-01
9.395875971550736727e-01
9.354421866383916262e-01
9.510446328337930355e-01
9.509190128192954727e-01
9.314188525058945123e-01
9.427910100711138774e-01
9.414954516875989610e-01
9.461984987386112822e-01
9.433844803241668853e-01
9.420675499315216417e-01
9.541048815200876554e-01
9.454048042652902772e-01
9.322692546492077348e-01
9.432505440416772968e-01
9.363001692539715259e-01
9.388013953296598935e-01
9.354515502915411451e-01
9.325328807775554729e-01
9.357961456789269938e-01
9.333643253686604302e-01
9.427477230666855279e-01
9.402490660053065552e-01
9.409914271827006793e-01
9.493381907191722480e-01
9.410285052852279675e-01
9.336120686702339411e-01
9.414854183546086386e-01
9.431873634563018305e-01
9.353311140073938823e-01
9.416772080449886673e-01
9.425020041603339171e-01
9.349188463026391060e-01
9.485755610776422930e-01
9.406006197676411995e-01
9.386437512941948613e-01
9.392794219504740916e-01
9.375207512297666357e-01
9.388500108532707999e-01
9.373126160532350148e-01
9.467565491479380535e-01
9.384343527929562834e-01
9.472728893251586291e-01
9.424842966219005858e-01
9.373325005429903323e-01
9.392421800797511322e-01
9.383700297704641313e-01
9.448909520719287469e-01
9.386796864214792535e-01
9.428525613584741727e-01
9.470294302453652335e-01
9.337276761789251589e-01
9.442443411994346780e-01
9.384409958734195589e-01
9.430515432052635205e-01
9.402428784071176215e-01
9.450053905958887279e-01
9.460083351501857862e-01
9.408680971936178583e-01
9.372104907768183946e-01
9.468678190435427799e-01
9.483577477248534837e-01
9.451861998026762635e-01
9.372840986546014941e-01
9.408012720885022828e-01
9.447444366295123519e-01
9.442031391065287549e-01
9.392619684002633251e-01
9.406813689106165999e-01
9.435422500640623378e-01
9.479771069674168826e-01
9.370847697855444469e-01
9.432690251040918294e-01
9.354146264991283211e-01
9.480157335455252632e-01
9.492738190349490068e-01
9.408033590834585791e-01
9.382824527844800810e-01
9.349434278817865263e-01
9.355455762133852993e-01
9.402944637602950184e-01
9.438168203603646278e-01
9.365565304984589945e-01
9.354208087832014407e-01
9.429169835672824851e-01
9.433336491411493663e-01
9.400518754638916841e-01
9.505969560572020693e-01
9.391741664513575394e-01
9.452947779797107319e-01
9.509631900042578856e-01
9.406739612319425792e-01
9.343162241055986694e-01
9.378036277700465551e-01
9.420972753855971771e-01
9.432112351520810511e-01
9.413172329323959975e-01
9.382562558282281362e-01
9.389966307985839755e-01
9.382794242466152568e-01
9.430140622322400468e-01
9.425388868360723427e-01
9.404888671612803286e-01
9.394146130819136520e-01
9.452177871903404416e-01
9.357466451252508532e-01
9.467200405903656302e-01
9.450180094944872211e-01
9.376938097464427857e-01
9.379601631350140689e-01
9.410610179121725594e-01
9.423532446007254482e-01
9.368568307130727968e-01
9.423304649271639910e-01
9.400935612690781706e-01
9.419923524792075398e-01
9.405356175161098120e-01
9.424940831339587710e-01
9.443681598498108176e-01
9.415051065702837452e-01
9.365465678447962850e-01
9.348755503515338017e-01
9.414673006953419021e-01
9.373655537640765978e-01
9.404331094215266917e-01
9.422418379509724939e-01
9.444020444919091206e-01
9.363864032507387414e-01
9.468450709339417681e-01
9.385233541442373761e-01
9.373094171592230017e-01
9.400900895332039431e-01
9.368288392563924871e-01
9.403818398794385747e-01
9.331463929373086108e-01
9.278674795378415441e-01
9.396701089099981363e-01
9.335195819161432595e-01
9.431160734255830125e-01
9.341606915443935177e-01
9.346999576914177821e-01
9.444812733290022244e-01
9.353720957896008992e-01
9.324770935469905986e-01
9.486325586306351143e-01
9.454571394043473909e-01
9.466196506979938086e-01
9.349160999932908389e-01
9.403817300367052212e-01
9.417694759256740600e-01
9.325772558222813480e-01
9.349127411489049910e-01
9.282524503611780942e-01
9.442892387270037657e-01
9.380593060588288123e-01
9.280218540394060689e-01
9.472109843305710486e-01
9.390258416363345129e-01
9.451577980685205160e-01
9.353265196035738249e-01
9.459989050458065263e-01
9.404128302076073531e-01
9.377993085709905863e-01
9.344714090558129405e-01
9.386400206295203441e-01
9.355227924458250355e-01
9.413979709071920166e-01
9.374797226627804569e-01
9.331917063199748341e-01
9.406897159437580536e-01
9.418309486644337314e-01
9.435102183515903240e-01
9.533045982008993002e-01
9.359148579236586940e-01
9.373784147855148685e-01
9.467447755442053303e-01
9.404893970964350869e-01
9.371568380286532385e-01
9.413897561899637889e-01
9.386195174900306970e-01
9.356643900000131131e-01
9.524985538834096488e-01
9.348222459117908612e-01
9.353887900387914955e-01
9.388605935418520287e-01
9.417345353084543014e-01
9.286681292075863459e-01
9.292947165095725159e-01
9.540105957215567756e-01
9.355922933285981680e-01
9.318427451485653545e-01
9.403153375869045538e-01
9.415072132141267813e-01
9.399387571649474582e-01
9.394140936400706687e-01
9.414227819158174082e-01
9.515304286459439487e-01
9.355916344987806887e-01
9.507997904157334812e-01
9.469594641475137520e-01
9.345945102888113531e-01
9.377597872503895537e-01
9.480275621124014673e-01
9.501698736977156612e-01
9.503580056126584852e-01
9.394511206446124474e-01
9.387349635820726457e-01
9.294153765325647854e-01
9.371668818740068740e-01
9.382379039676428389e-01
9.357362978071007698e-01
9.343049958544963340e-01
9.352169557568295044e-01
9.347606669367425347e-01
9.438541021649531348e-01
9.472764816644014818e-01
9.488659981484792727e-01
9.328782385675602473e-01
9.327628715093341238e-01
9.418310791126809356e-01
9.391221682577095553e-01
9.402129351560617465e-01
9.400057079225270229e-01
9.362239043665917526e-01
9.388980224427918575e-01
9.468704382617834092e-01
9.402677860532092646e-01
9.389280544014191321e-01
9.372830826607027044e-01
9.508535858269034913e-01
9.399185834954536523e-01
9.470365349384235465e-01
9.389022879952070300e-01
9.426539334737797926e-01
9.383020728029382029e-01
9.407329021077416309e-01
9.326719855580758445e-01
9.452572486102061022e-01
9.492496183668011067e-01
9.508674949924532660e-01
9.360607360265491561e-01
9.421599729051163274e-01
9.326153206434587561e-01
9.336717171509627544e-01
9.396817785959217240e-01
9.339600857625649510e-01
9.352109610453243072e-01
9.381916979454808514e-01
9.364558758884408141e-01
9.387244980880024015e-01
9.331104226868476292e-01
9.363779881576939079e-01
9.420027757627351672e-01
9.360785242617170043e-01
9.399699276036119766e-01
9.339017120335322275e-01
9.460023049944034090e-01
9.368712697636654152e-01
9.378820867967392338e-01
9.319092654697658240e-01
9.373678601652026821e-01
9.497633810969251522e-01
9.408401230247172009e-01
9.469366490862869412e-01
9.389997649938689461e-01
9.367313364828372402e-01
9.358378839379996039e-01
9.370827877790520732e-01
9.393343711109584104e-01
9.366122316104045220e-01
9.355364232947480652e-01
9.385441268736038900e-01
9.377972912887380108e-01
9.315668224262542152e-01
9.421199427234923096e-01
9.473014426906074537e-01
9.540351284994177394e-01
9.365426255058760807e-01
9.487769736575788482e-01
9.388589951100543285e-01
9.339151903066365001e-01
9.461394585401156077e-01
9.422446848747118020e-01
9.269489625248195086e-01
9.379417654123903825e-01
9.510275844435577275e-01
9.400068291886815031e-01
9.486573096098730451e-01
9.414279726501126877e-01
9.367431799434955408e-01
9.279032349862681439e-01
9.469079452130041430e-01
9.292669476449850752e-01
9.427700468659709898e-01
9.476550948527757701e-01
9.406894989915879357e-01
9.408228248911352232e-01
9.356270561284464327e-01
9.395831201356665829e-01
9.406668000333882063e-01
9.391250574506289084e-01
9.487581090102031878e-01
9.455241826070923672e-01
9.328247618192997415e-01
9.489571754956233063e-01
9.420360593232729451e-01
9.443478515350633984e-01
9.351530404198122870e-01
9.463757986039728065e-01
9.417803773003796675e-01
9.424618317092640085e-01
9.392626531079852903e-01
9.312765686906897544e-01
9.438520207722903566e-01
9.434943411276399683e-01
9.351701697401165747e-01
9.433924195173518656e-01
9.374939127467841748e-01
9.397350139279148085e-01
9.481461835767439617e-01
9.403746484232990976e-01
9.430735354755864774e-01
9.406630193867607792e-01
9.329101191438077256e-01
9.427987092809378966e-01
9.305990637025703949e-01
9.433656601488400462e-01
9.352932272910087219e-01
9.349529807938812276e-01
9.395937087183299230e-01
9.428264656753070350e-01
9.342843600502283019e-01
9.385816187222650875e-01
9.391753673065030839e-01
9.397421438186475129e-01
9.348622223259472896e-01
9.403001729665340092e-01
9.412104709998999619e-01
9.339910693078929960e-01
9.368262757271591523e-01
9.345887630444786875e-01
9.428948993344874463e-01
9.386339606582567718e-01
9.403208398195499473e-01
9.402604744812376181e-01
9.294192285892237670e-01
9.355967510071142579e-01
9.393960455980590041e-01
9.292915628958777763e-01
9.484074036940617347e-01
9.337774378223296923e-01
9.472674369525472260e-01
9.415138799821420879e-01
9.436290974120447039e-01
9.377984584555879577e-01
9.403018833254743747e-01
9.341510378633194334e-01
9.305562009782635258e-01
9.429372925133776562e-01
9.381060517845272173e-01
9.382085503703103679e-01
9.352650343474734340e-01
9.418752045159207720e-01
9.413899247483600297e-01
9.287609125015933165e-01
9.411009254537984203e-01
9.359342792274039091e-01
9.329732321942216799e-01
9.393763029258527242e-01
9.413965863288651370e-01
9.411344609917136061e-01
9.339942762922412989e-01
9.421398513362676530e-01
9.392097286805314305e-01
9.390619405662564700e-01
9.356555254695620993e-01
9.375083775284881460e-01
9.501600487649537463e-01
9.390808362329966519e-01
9.349971247586911227e-01
9.403325999014799930e-01
9.371381370530409427e-01
9.331872652927302170e-01
9.436370045204550694e-01
9.542960923511362159e-01
9.414419673698429802e-01
9.372450946538094518e-01
9.446451655846779261e-01
9.481504587581512933e-01
9.344840254544587443e-01
9.434902402839497881e-01
9.335077573618478786e-01
9.384711989535375887e-01
9.349183045955361537e-01
9.421730781202604099e-01
9.447825583495711443e-01
9.426722269233779317e-01
9.334072312375036873e-01
9.418302130491064128e-01
9.371601307762063016e-01
9.493211552288458588e-01
9.442852885556086706e-01
9.440836118897862894e-01
9.359125618881282138e-01
9.392825693083980410e-01
9.455858926612101811e-01
9.350691061497252710e-01
9.341263123767350463e-01
9.349690353834495538e-01
9.479968721891151029e-01
9.324880128728710860e-01
9.489402067769998617e-01
9.384364721582981739e-01
9.284664113665133112e-01
9.423481467986429827e-01
9.465536968921968164e-01
9.340286697588869869e-01
9.371949789506949235e-01
9.461119039733968394e-01
9.467505816248987793e-01
9.446322326755252075e-01
9.422235701778383099e-01
9.420067683653136070e-01
9.398956597002553481e-01
9.442743718130784947e-01
9.344890847199057715e-01
9.416636714319031043e-01
9.392076292374258450e-01
9.456525788382604825e-01
9.330828294037523118e-01
9.346677238528620091e-01
9.314757028549019990e-01
9.423680669498386564e-01
9.311297229875477033e-01
9.417402780544397167e-01
9.465092538294740399e-01
9.430719129575153570e-01
9.468591155341010701e-01
9.355897401523707302e-01
9.350636948822126371e-01
9.356060456617936172e-01
9.385688012195264607e-01
9.439838127141839674e-01
9.496550492566175894e-01
9.494968297878805252e-01
9.498106271091958375e-01
9.335940845622501261e-01
9.402626655217803942e-01
9.454321934223055557e-01
9.382652592267274327e-01
9.411122151349764486e-01
9.314634473997100983e-01
9.354431379068880448e-01
9.433714004056487079e-01
9.339794245928481065e-01
9.462136401536043184e-01
9.415093807046395202e-01
9.537382994478441622e-01
9.400934184536098304e-01
9.399031904709806984e-01
9.463566543364980710e-01
9.519880490906104109e-01
9.342069048823082866e-01
9.423243502994531617e-01
9.529059239038286666e-01
9.349953609391599141e-01
9.439510788685914200e-01
9.403789691767948655e-01
9.462713011904716476e-01
9.344766593539879374e-01
9.343919761324712692e-01
9.335804878135310902e-01
9.249188582676960424e-01
9.428457656203024229e-01
9.429118280913850736e-01
9.386342613969249626e-01
9.403580692366090288e-01
9.354389932356346193e-01
9.378125036001172532e-01
9.487204939968695294e-01
9.457195740954154051e-01
9.470793666818458911e-01
9.366213922590724827e-01
9.406292792264995262e-01
9.451566209772951366e-01
9.424356794140911209e-01
9.362427761373781632e-01
9.337555220558645397e-01
9.434819576042903222e-01
9.435526268681936335e-01
9.409340656366431688e-01
9.373228023301024558e-01
9.375953204825185905e-01
9.351134797558283696e-01
9.399662549795476663e-01
9.306099249319378375e-01
9.407904258296986288e-01
9.335371261052317626e-01
9.373387682539520149e-01
9.380957331628192453e-01
9.419589384899037521e-01
9.323321970185923790e-01
9.363902712742975254e-01
9.311661612943568089e-01
9.395578360365078874e-01
9.392300757098023256e-01
9.377556023368434079e-01
9.421853755779507900e-01
9.294720553414631548e-01
9.377921000281574937e-01
9.402514551029941270e-01
9.398876731930768669e-01
9.422641094117293337e-01
9.316397744264380831e-01
