8.806760588950598434e-01
8.908205511043323366e-01
8.709751178556210949e-01
8.999758309751278995e-01
8.986288987655635108e-01
8.759888013282393082e-01
9.067857963548990874e-01
8.830309490154896190e-01
9.148137527856080586e-01
8.853248908748423407e-01
8.934853108700407942e-01
8.924431640052606918e-01
8.890809155716529188e-01
9.120536578290732166e-01
9.073206887115897734e-01
9.100993242203866407e-01
8.938874406689503171e-01
9.106732291639002552e-01
8.822872493649482895e-01
8.996833964614728840e-01
8.877128780495685545e-01
8.933807617219603481e-01
9.053811274836889300e-01
9.069399965093722926e-01
8.913241385221403190e-01
8.998421376079618339e-01
9.035547921157827123e-01
9.068025292587970076e-01
9.065189990263022857e-01
9.012054453478097749e-01
9.011491419805386371e-01
8.967985902399173703e-01
9.161036575532978121e-01
9.116306538053692288e-01
8.967928490244263529e-01
9.209796394708170686e-01
9.117803748695546551e-01
9.156274068961361978e-01
9.093093985504325794e-01
9.206982543477439940e-01
9.193102186249457741e-01
9.068567735404182706e-01
9.154316640945525663e-01
9.252119935863011291e-01
9.392102794869405802e-01
9.321535807429861542e-01
9.349181768741016141e-01
9.374934258422287225e-01
9.236009136409557563e-01
9.251488492157891042e-01
9.170740423762728799e-01
9.332205662349720710e-01
9.313062746711550099e-01
9.279575804184347909e-01
9.355695917385855598e-01
9.326812104626308608e-01
9.328627104864469777e-01
9.325909194632835408e-01
9.199222633594811294e-01
9.296171061748979003e-01
9.287172338490391477e-01
9.341017411032633833e-01
9.243773316521847194e-01
9.236881644034569128e-01
9.308844456400128253e-01
9.265839160270643582e-01
9.422069601791216442e-01
9.237021426194448326e-01
9.409018581323088659e-01
9.462627119632273098e-01
9.356260171312053009e-01
9.319500480457404423e-01
9.403655268875847906e-01
9.345630184490063552e-01
9.341363375069255959e-01
9.313575554858789518e-01
9.307883276995201349e-01
9.368752112938218968e-01
9.295301893543164162e-01
9.401268793401716950e-01
9.403581853698663728e-01
9.353340665155447375e-01
9.384844451120648579e-01
9.370182354506433331e-01
9.470778447205057127e-01
9.421492983365287177e-01
9.254755857631670191e-01
9.208762447661418271e-01
9.365831173274178356e-01
9.388479373800906469e-01
9.239573226339942158e-01
9.395450331027238589e-01
9.343535179106112754e-01
9.339276415232207196e-01
9.310403739357054897e-01
9.318492235778869093e-01
9.327171532991654912e-01
9.345843015803916298e-01
9.120048936114167892e-01
9.406124799874807652e-01
9.289340124412468480e-01
9.436123844790357262e-01
9.443194684315440179e-01
9.389161080911605506e-01
9.261060937017717709e-01
9.366878046284352610e-01
9.332079261097223633e-01
9.333618575022490926e-01
9.316208135766207432e-01
9.325357864959574750e-01
9.379705223823953109e-01
9.272850216391771427e-01
9.420877340180662252e-01
9.284099860411936245e-01
9.300785243904203803e-01
9.351530609887813705e-01
9.290552879654295770e-01
9.320306419860203695e-01
9.323315250959198774e-01
9.344271076987122893e-01
9.344682863379136784e-01
9.435677318370249145e-01
9.336615502388915244e-01
9.382576553755265225e-01
9.348602938739817292e-01
9.370647349421493688e-01
9.303314408652464396e-01
9.428657068586414614e-01
9.394124805971586500e-01
9.325586262292965278e-01
9.205310463132544418e-01
9.344114919526163021e-01
9.429105976375783404e-01
9.338029309955722113e-01
9.393250705764202291e-01
9.437429914630466321e-01
9.437371062078707684e-01
9.408312306799870850e-01
9.256513295200221592e-01
9.346970718788603083e-01
9.299385143477902904e-01
9.249404857641561062e-01
9.357778790007330594e-01
9.255324610655528694e-01
9.435859703770743678e-01
9.326876176558017706e-01
9.328951030855207049e-01
9.370791383036863875e-01
9.392758091904960249e-01
9.432003028278737045e-01
9.441685011323555088e-01
9.375086614206594726e-01
9.300776097936052089e-01
9.349395689901613959e-01
9.361470358350242327e-01
9.317558625394434246e-01
9.329253746188272967e-01
9.355162723007874881e-01
9.254825255334612200e-01
9.367133793234739825e-01
9.465214918074577044e-01
9.347464907484044350e-01
9.396320367855116595e-01
9.377243482887913650e-01
9.417165956585558106e-01
9.333198469735599634e-01
9.403227527137895114e-01
9.378419689643265889e-01
9.382067960353172031e-01
9.331637931661372898e-01
9.419376897303650686e-01
9.345162343527846360e-01
9.418834876528427991e-01
9.324177081941366074e-01
9.377350424762254111e-01
9.355751852545904912e-01
9.332404210986490201e-01
9.482781376142385144e-01
9.454283736793648307e-01
9.388848333119672596e-01
9.270348326990288657e-01
9.298394665526287239e-01
9.311400552399065056e-01
9.407723924690479800e-01
9.375678823501022441e-01
9.370820565753458231e-01
9.381226301419894886e-01
9.354388987732584759e-01
9.509975636127944165e-01
9.383337781990388482e-01
9.351849375940216591e-01
9.305879837216356476e-01
9.412207903268410281e-01
9.393663392442194171e-01
9.310909758125065494e-01
9.281116004204367220e-01
9.296805413271129748e-01
9.312919390781790874e-01
9.419985558389382119e-01
9.404812619040983090e-01
9.411272629568940840e-01
9.363904611294046054e-01
9.364217787055063580e-01
9.294438588389668521e-01
9.480489211906902858e-01
9.413216126385735016e-01
9.412394878701724199e-01
9.374688728691257245e-01
9.413336446639141153e-01
9.393628885412705909e-01
9.285772610048755871e-01
9.377982039356648203e-01
9.396679930263556191e-01
9.345791166119883364e-01
9.321738250482104471e-01
9.403076014430951091e-01
9.438015053340087501e-01
9.365996657626309840e-01
9.411583973259334268e-01
9.354903947795952801e-01
9.386144000525787900e-01
9.300975600214026473e-01
9.400791282168482477e-01
9.384756855469273962e-01
9.408400227418383110e-01
9.344853973949721615e-01
9.436632419954306128e-01
9.443033491733285878e-01
9.345609365648321898e-01
9.245776103891203412e-01
9.451244184247045155e-01
9.486123051340572543e-01
9.267318935706451155e-01
9.381359421096648887e-01
9.398628434915036189e-01
9.387859210387524689e-01
9.434822521466386114e-01
9.444842967527431465e-01
9.329763992464634725e-01
9.484755754076372725e-01
9.476669445127683389e-01
9.336613483333395802e-01
9.335687141562460933e-01
9.371783331030636433e-01
9.335855493151052897e-01
9.416472565482650880e-01
9.355681617853409682e-01
9.399232852804501048e-01
9.448106646485527893e-01
9.370445517452716810e-01
9.394658824172296141e-01
9.386085670323822683e-01
9.378175681343102754e-01
9.405340035802766119e-01
9.460096225937499881e-01
9.458745410236253370e-01
9.349756827124529046e-01
9.332597305827224909e-01
9.407199448353184001e-01
9.406756175086833371e-01
9.444741205225614111e-01
9.381159948748927224e-01
9.505358607776259738e-01
9.507736825751206267e-01
9.362578961193125382e-01
9.422216839514289122e-01
9.398630999254585783e-01
9.397645770581024571e-01
9.412699306641836294e-01
9.381778288711309921e-01
9.354663618824951010e-01
9.319813601961338678e-01
9.375484340546809126e-01
9.399361542147828263e-01
9.367427882194309108e-01
9.416955024515513140e-01
9.434097076756563505e-01
9.408558922108276601e-01
9.441682406697493590e-01
9.299096494496319476e-01
9.330018224568710217e-01
9.344656663498162041e-01
9.384000647333630152e-01
9.443634376284755216e-01
9.488162598853362439e-01
9.375116861869342566e-01
9.265062687304904676e-01
9.297110546608464698e-01
9.386779186898995819e-01
9.407729853002115838e-01
9.429872898761264555e-01
9.381565335365987801e-01
9.339192357055280391e-01
9.352064668956699967e-01
9.381360018254517597e-01
9.382507655289092918e-01
9.365174062068650773e-01
9.343512896452523808e-01
9.426097639304343856e-01
9.322896715125703615e-01
9.345192210811777977e-01
9.406372220067644729e-01
9.404525361247964010e-01
9.458754813407669326e-01
9.339247097199112613e-01
9.358598541575946506e-01
9.307504029116147048e-01
9.268238669867108204e-01
9.381366537401659711e-01
9.400102502485191414e-01
9.436937391204364145e-01
9.344049868158035288e-01
9.296657470535345524e-01
9.339107962451629330e-01
9.424134326956228325e-01
9.539722332688255202e-01
9.455960553949179781e-01
9.360685329145819189e-01
9.377444375284510469e-01
9.441827151924538919e-01
9.456354316470192423e-01
9.397649345980256808e-01
9.545400753639151636e-01
9.398306125213941042e-01
9.393538393549947241e-01
9.369805188248990779e-01
9.483399939335696027e-01
9.360429132914056538e-01
9.431402922594201987e-01
9.407723327689032633e-01
9.301458560614781490e-01
9.415617792637130945e-01
9.391172413273435327e-01
9.408281669114686441e-01
9.405840155330829067e-01
9.534089553305760134e-01
9.410449717908957457e-01
9.415042014847313512e-01
9.448769554798168713e-01
9.387215254599371450e-01
9.375779410421478666e-01
9.410675858740020772e-01
9.416277065664889756e-01
9.440611497632910298e-01
9.433262682642232777e-01
9.385014503249614615e-01
9.410460191509693040e-01
9.306854195317965095e-01
9.325995386836903878e-01
9.297087548667377632e-01
9.560764507416021907e-01
9.409720061992152829e-01
9.357764454975430191e-01
9.400248400702340135e-01
9.331634449307627532e-01
9.471372167086219429e-01
9.358136557977903003e-01
9.422931668499007207e-01
9.414167792614042130e-01
9.359842542202408966e-01
9.370794568241940237e-01
9.341245737788700376e-01
9.424553680724444549e-01
9.412294511803164232e-01
9.407056399943273250e-01
9.331358752983240912e-01
9.362350484722798960e-01
9.450038787596136691e-01
9.355913343023281037e-01
9.392051029667810580e-01
9.414730819054945021e-01
9.431803921996727569e-01
9.395114089738683116e-01
9.461214682696769129e-01
9.430274473345248154e-01
9.294681400437184715e-01
9.458979564523182226e-01
9.414060278438519669e-01
9.384091429102074944e-01
9.304094197314473069e-01
9.371624224945032111e-01
9.380829773705318120e-01
9.349793596997655332e-01
9.391727154621924978e-01
9.328934810372256914e-01
9.418536785488879071e-01
9.288833078164911994e-01
9.416649732021353802e-01
9.416181396312705010e-01
9.343967837161132328e-01
9.325110381255060643e-01
9.459278859316034849e-01
9.406888056845409407e-01
9.456330595161608343e-01
9.358286442181595888e-01
9.423450432264993681e-01
9.445481442170001740e-01
9.296939267902726289e-01
9.355433426206003489e-01
9.383484975483281643e-01
9.419202279343708017e-01
9.416289656720659984e-01
9.382300947842396877e-01
9.471905284804712499e-01
9.331854382276790760e-01
9.387332278180999801e-01
9.456872259182067531e-01
9.423154921200976863e-01
9.364290752825437103e-01
9.439857143489180924e-01
9.424681074075619280e-01
9.440814075679802020e-01
9.343011953453832508e-01
9.404626996314449094e-01
9.423230271361698884e-01
9.504840766569734312e-01
9.388036407582422971e-01
9.371035932307485439e-01
9.393456792062339078e-01
9.463930531037412219e-01
9.446533899236966292e-01
9.428247894755686920e-01
9.437564833181478763e-01
9.409214347050566252e-01
9.508567694921545854e-01
9.345366884255027484e-01
9.402062629568402885e-01
9.371338260253360142e-01
9.332454237120486606e-01
9.427555903641514634e-01
9.397779747937846651e-01
9.315513436656612800e-01
9.514001580487324583e-01
9.427049662070647873e-01
9.410886112063822084e-01
9.399302406658317510e-01
9.460989099806920155e-01
9.396585205079361902e-01
9.349363252983239336e-01
9.480998812535698095e-01
9.423722697560528161e-01
9.459081354835897626e-01
9.414989072060145903e-01
9.395101963675436263e-01
9.437880922082180213e-01
9.417335242735390688e-01
9.361426574587576876e-01
9.443556878732062287e-01
9.415342879176310520e-01
9.393207058690390410e-01
9.364731530892798084e-01
9.394005121152058102e-01
9.356381744611301787e-01
9.350784458080754202e-01
9.317573935228986581e-01
9.356344531119346053e-01
9.384673091763658936e-01
9.383318199241535984e-01
9.411379597889076853e-01
9.333232909872934968e-01
9.384032694804048669e-01
9.358163530201588642e-01
9.429127312614292711e-01
9.425316022091817514e-01
9.323736518423728636e-01
9.218130997947892036e-01
9.390826151050801762e-01
9.291533339471133024e-01
9.445913737004453248e-01
9.347234812369318302e-01
9.472264374663555975e-01
9.367057611186168087e-01
9.333010493101957517e-01
9.395408410821857181e-01
9.417144154094906350e-01
9.371249360617360802e-01
9.400631671400434541e-01
9.296712678964306198e-01
9.439439166134939718e-01
9.354728492383630467e-01
9.370775217667315360e-01
9.424408502517275243e-01
9.399993730921458734e-01
9.327939548111880974e-01
9.334986788724707329e-01
9.408924938943621363e-01
9.410144287766428750e-01
9.443698143241916476e-01
9.355482533362443620e-01
9.344392094961955220e-01
9.354811449469291329e-01
9.422383165988699183e-01
9.408377578372636441e-01
9.377725109635582923e-01
9.309783172078374136e-01
9.382141243845686374e-01
9.433159816353456906e-01
9.394394092180321509e-01
9.442870915930767772e-01
9.498756693489707192e-01
9.463559443047508957e-01
9.307599215246924462e-01
9.483075406521789263e-01
9.427668662261653454e-01
9.430745535329652096e-01
9.241388358514436296e-01
9.386171621305960944e-01
9.453068704726321769e-01
9.405199726912569780e-01
9.423996708313008286e-01
9.354111912152782704e-01
9.422396794739644754e-01
9.340569684816055762e-01
9.406414631405085602e-01
9.420820259188689150e-01
9.419127872198166385e-01
9.342098619677874360e-01
9.473519701435967333e-01
9.340980651959343017e-01
9.337508418168434243e-01
9.455187936464839460e-01
9.332091401589894808e-01
9.403151112741803264e-01
9.418288873567521868e-01
9.445783662188308449e-01
9.450136201350188836e-01
9.255034627515565937e-01
9.370091680793867228e-01
9.531844470043434603e-01
9.384249706426960325e-01
9.404510993162117360e-01
9.444382266255988423e-01
9.237589128269801941e-01
9.403532060010370008e-01
9.219146163137809102e-01
9.387739781327304467e-01
9.449617806769522455e-01
9.385874948028017917e-01
9.416586143951090060e-01
9.394217865134315559e-01
9.418307416279825262e-01
9.477039699334190992e-01
9.358714046203067127e-01
9.424238701522896777e-01
9.394916865200860778e-01
9.415285674483997447e-01
9.388463419411523514e-01
9.391801638939095698e-01
9.298659691804677108e-01
9.376494029947352038e-01
9.450333132339236997e-01
9.459716945485907580e-01
9.495121058984321571e-01
9.302630097353008498e-01
9.399739517851415371e-01
9.511708514977812445e-01
9.332238902589863327e-01
9.377757079503978854e-01
9.469708303273753902e-01
9.417927346844970904e-01
9.307882520416420613e-01
9.402614814458408743e-01
9.490672458406251843e-01
9.406708762406822411e-01
9.437031782557063764e-01
9.422050204582166355e-01
9.483495174103135916e-01
9.490289980631443356e-01
9.384624844227549278e-01
9.405055717830771433e-01
9.376925304050357513e-01
9.382840711390939559e-01
9.391499308809255764e-01
9.303737014901788394e-01
9.367164956330392700e-01
9.418426519539937480e-01
9.407886925649278087e-01
9.372065733751122618e-01
9.400973895534542324e-01
9.435784204481381110e-01
9.364203368262004057e-01
9.297082741066741152e-01
9.393660414458299135e-01
9.308817742435211429e-01
9.382152499870470841e-01
9.307219002604505409e-01
9.362801679433817581e-01
9.380581043437756783e-01
9.435490808813363772e-01
9.357988007345194870e-01
9.348126627912577424e-01
9.266194648038389436e-01
9.423966978442380737e-01
9.328506509728113905e-01
9.394970289387069018e-01
9.479071678440054161e-01
9.432620213498374984e-01
9.367086027366304801e-01
9.389751471762722845e-01
9.491694390958209659e-01
9.300296238042288222e-01
9.496937829174467716e-01
9.333444492388083269e-01
9.473685771568101099e-01
9.375986665743757387e-01
9.348211318785302204e-01
9.373029504394785327e-01
9.424601456952135248e-01
9.531874685504163613e-01
9.377895631157586731e-01
9.361759019211237653e-01
9.362390147763057779e-01
9.366985677734176452e-01
9.442718827079569222e-01
9.314658292922791682e-01
9.494983031191580602e-01
9.287599066957943350e-01
9.371759252332829693e-01
9.393307099689179873e-01
9.361487180201654157e-01
9.513808663412766098e-01
9.382601274871988917e-01
9.438247966019105428e-01
9.381807744562178364e-01
9.332283249259429869e-01
9.256367169563232133e-01
9.334631874162910847e-01
9.409192720637443719e-01
9.292286302609571447e-01
9.451899020430535314e-01
9.301601794803316947e-01
9.319066931587656200e-01
9.421811064791508761e-01
9.402137279807343262e-01
9.318291850945894517e-01
9.309093414018992929e-01
9.389537633964633034e-01
9.388565907734309768e-01
9.420280959576052826e-01
9.418821624008928417e-01
9.425706907228199594e-01
9.393957959586682893e-01
9.388709837459576768e-01
9.514800249249600883e-01
9.416091862980348060e-01
9.485011343425796548e-01
9.439508342900470028e-01
9.440943863348908449e-01
9.353898409893759425e-01
9.520394199441379879e-01
9.440494348059536023e-01
9.407476016879527947e-01
9.396754688020049207e-01
9.366535229489473258e-01
9.421918544426363118e-01
9.430301171097150714e-01
9.354296054486173073e-01
9.274531186161014684e-01
9.449329482098562938e-01
9.302780409741990830e-01
9.441316942059908568e-01
9.475329714531786074e-01
9.224138044347089949e-01
9.206204161134772246e-01
9.316035965143144582e-01
9.367507186607341163e-01
9.467210580027617395e-01
9.352784470316533039e-01
9.464287269154870730e-01
9.380343152250637528e-01
9.292899966561724012e-01
9.337610590011768963e-01
9.340283737336357861e-01
9.412156653009963181e-01
9.290063785529381057e-01
9.485842468256956428e-01
9.418722602522257015e-01
9.361366938358678391e-01
9.244890209631679845e-01
9.442023570192564774e-01
9.458345201365052635e-01
9.340990481057964701e-01
9.371600249494298485e-01
9.496853008614012381e-01
9.383715051692349540e-01
9.409096740510372037e-01
9.399346780070405583e-01
9.362151416353726718e-01
9.392324640967417704e-01
9.330228051740916406e-01
9.468337596350059338e-01
9.352192245692947381e-01
9.401351066837250192e-01
9.305407534850752560e-01
9.354979762505005736e-01
9.443664675227573246e-01
9.328516739535698266e-01
9.398997079669078047e-01
9.545917404897293901e-01
9.480266659874182489e-01
9.264666791330880002e-01
9.337953620268309995e-01
9.383521685700706438e-01
9.373041677387798920e-01
9.395335991450209923e-01
9.464695696424595406e-01
9.313697422473427023e-01
9.463705224119769444e-01
9.290128739334261310e-01
9.324998714305207104e-01
9.262354903347018720e-01
9.385072247567792791e-01
9.382781563761569688e-01
9.286904394174879673e-01
9.397153535921470846e-01
9.256563157038644185e-01
9.373186167523392953e-01
9.367609387230564355e-01
9.460422303217516093e-01
9.366176811079079956e-01
9.302389489550415558e-01
9.387448943293195125e-01
9.401607713199962024e-01
9.395201356603990472e-01
9.426929513226446344e-01
9.441012380719296937e-01
9.440469171615387678e-01
9.411828475996428800e-01
9.335403290728244707e-01
9.469601835833928449e-01
9.389111528545781571e-01
9.386642499295486664e-01
9.543331590842124568e-01
9.405832852882488604e-01
9.453517972283033144e-01
9.360577736330171206e-01
9.365041453903547586e-01
9.447185131775199807e-01
9.279288745759164403e-01
9.405923185469100556e-01
9.482056389416578801e-01
9.333453525067113565e-01
9.285487471992170949e-01
9.557439873227692173e-01
9.469081055817220038e-01
9.322861698494144811e-01
9.331609158254547953e-01
9.371431399302110332e-01
9.383998918994119753e-01
9.416724554721198626e-01
9.324319240369262074e-01
9.527889597407199762e-01
9.394530618929202159e-01
9.357055715688428199e-01
9.370321002231378760e-01
9.381587003397361402e-01
9.331416613547491856e-01
9.450097187743505822e-01
9.414933338828990195e-01
9.377853063964792790e-01
9.408667933224851287e-01
9.364416631273527747e-01
9.315655595620525586e-01
9.408097108174183765e-01
9.403896111466056862e-01
9.402092773797420255e-01
9.496647646765636885e-01
9.285138624210511615e-01
9.410923499034644646e-01
9.419924322890268487e-01
9.490472975669955735e-01
9.407587899508769169e-01
9.293112098062710213e-01
9.427880408541916557e-01
9.478136638139835757e-01
9.433793317429103320e-01
9.380471416423378228e-01
9.505508273050315982e-01
9.319302591557984128e-01
9.405479231456617129e-01
9.280357089185661268e-01
9.301318540295838710e-01
9.359183931823185087e-01
9.326997028369271581e-01
9.440746423861163805e-01
9.400515180684305694e-01
9.482748553774024147e-01
9.347726897294142967e-01
9.447434017405039741e-01
9.326984189395429725e-01
9.327465405614772109e-01
9.356781360407622206e-01
9.458409408305614718e-01
9.470854590904150827e-01
9.279475907658752964e-01
9.349604233348931537e-01
9.331259295123941477e-01
9.231279044504967501e-01
9.424386715477927057e-01
9.418754463878896699e-01
9.361806484997131639e-01
9.402251854185267321e-01
9.342857344123207675e-01
9.370367366707084145e-01
9.286737608632258389e-01
9.337877344233811439e-01
9.336490902743254106e-01
9.370516788881028125e-01
9.368804499289531407e-01
9.285253982120674765e-01
9.321413228851076482e-01
9.356450865419266849e-01
9.394014423782430789e-01
9.353299909571988202e-01
9.338456350533206329e-01
9.346454926596879931e-01
9.418310979011985662e-01
9.398993298592337453e-01
9.425126053440395779e-01
9.395754983870341359e-01
9.459851659373306187e-01
9.335922962723440799e-01
9.398977844332309095e-01
9.417752203698387392e-01
9.351315850130303975e-01
9.442345476548292815e-01
9.295031657428985961e-01
9.421250628494637347e-01
9.351724141991799577e-01
9.417034590986703702e-01
9.360618694727941280e-01
9.323784501887030229e-01
9.344394440425888293e-01
9.325170173879426816e-01
9.371072144186676223e-01
9.511992092970215085e-01
9.457038978020685382e-01
9.440175400094183988e-01
9.460339794271388492e-01
9.212632672218670216e-01
9.363211827760994366e-01
9.392610230773722479e-01
9.470841579309581260e-01
9.383773699030963922e-01
9.445660599455837358e-01
9.432957914379075381e-01
9.406262556329254565e-01
9.469848268104423816e-01
9.296853136661560324e-01
9.327499377959317384e-01
9.425970927347399053e-01
9.345068355015447858e-01
9.331762983107765308e-01
9.309226901450452507e-01
9.514480891612662194e-01
9.460382530510519361e-01
9.458019728102526891e-01
9.446654321180596448e-01
9.447214244985512321e-01
9.396909377034701194e-01
9.376916562440977820e-01
9.392841599580240564e-01
9.396288984121110577e-01
9.282171761117191666e-01
9.374997279527029770e-01
9.378687021875726781e-01
9.321788491378462105e-01
9.403079682780115522e-01
9.320266034878303962e-01
9.347495687165718881e-01
9.352275549828884538e-01
9.385568411883390416e-01
9.419343098604917586e-01
9.325047218833613094e-01
9.376201269856093701e-01
9.348128446259367230e-01
9.431438515665797606e-01
9.476208276904728445e-01
9.298325814187705651e-01
9.290733211988565499e-01
9.339507970223462907e-01
9.378714113722737000e-01
9.389869528879108973e-01
9.462796588581364743e-01
9.421524858821842541e-01
9.377925395642179307e-01
9.281181876686046550e-01
9.446003895377260706e-01
9.478458851874697055e-01
9.447049639032344404e-01
9.338332228030481463e-01
9.304148441524492386e-01
9.424562665684860230e-01
9.359388365834465651e-01
9.394360112467107227e-01
9.335810277110221378e-01
9.412611570523032878e-01
9.378681740133515410e-01
9.403567315523146952e-01
9.534938229388277842e-01
9.345650185865607140e-01
9.316540898962466510e-01
9.356230615689976604e-01
9.374719155791213510e-01
9.347717801719508390e-01
9.318099298024818955e-01
9.407983643459147949e-01
9.372606551913581496e-01
9.426942832603597555e-01
9.235301089582940159e-01
9.331857478456346833e-01
9.337715661371713827e-01
9.399051636186613878e-01
9.278907582767503825e-01
9.412614917058980124e-01
9.401964275648799774e-01
9.400198768516435655e-01
9.284042268806510512e-01
9.451239747108719502e-01
9.443571297498070116e-01
9.476371403418825112e-01
9.372781837287265105e-01
9.299139637641204992e-01
9.362855940278922429e-01
9.296365581991521410e-01
9.407684426591399474e-01
9.391558586589829893e-01
9.262667168758924596e-01
9.393902905996818209e-01
9.300765649355747788e-01
9.453054567091843108e-01
9.419807499599748279e-01
9.283112324971960483e-01
9.427988931593981325e-01
9.388864986629863463e-01
9.371090699177615502e-01
9.354960245067749369e-01
9.373385945720480450e-01
9.472164223460211030e-01
9.460537385907411556e-01
9.298266081704628094e-01
9.393872629000149521e-01
9.321302019639473579e-01
9.463888725202038721e-01
9.452432817727925984e-01
9.447993067225953778e-01
9.387423582135580036e-01
9.423431185352084682e-01
9.468603338261470936e-01
9.355473584613064331e-01
9.381013954771091345e-01
9.334477954248385778e-01
9.307620514567207515e-01
9.460569933120310804e-01
9.340673644312411650e-01
9.399700918478640643e-01
9.374598791460887481e-01
9.328774989263508566e-01
9.308057593036025423e-01
9.399606009838064047e-01
9.447671775496329083e-01
9.462431696628635924e-01
9.384591942787851027e-01
9.386296111177635515e-01
9.435486460804074493e-01
9.367807053499356273e-01
9.330345896792033855e-01
9.425694425019227607e-01
9.263888059737793723e-01
9.333666922427630297e-01
9.506316629404731877e-01
9.357971947113986610e-01
9.361937667376269978e-01
9.386743123189554838e-01
9.481023361050019416e-01
9.386447103008476178e-01
9.304392802341777680e-01
9.333085567164352003e-01
9.466613512813721876e-01
9.405158813224120395e-01
9.387339304756250336e-01
9.381781647051057327e-01
9.445378628544467414e-01
9.308835084477844468e-01
9.350824320469074413e-01
9.470062519792215028e-01
9.360469138412669254e-01
9.428684676798796405e-01
9.433720506332606837e-01
9.463862385157102430e-01
9.356474011239127586e-01
9.333766773953432461e-01
9.440692053712059773e-01
9.244489010650869254e-01
9.403675120516189478e-01
9.463426469656889273e-01
9.407044897094123392e-01
9.409716390395606034e-01
9.319973153795239051e-01
9.455455021084643308e-01
