0.06033204
0.05383506
0.04962791
0.05110461
0.04581100
0.04514020
0.04804122
0.04913816
0.05715014
0.05985215
0.04531644
0.05240262
0.04776312
0.04655380
0.05291906
0.05082635
0.04841137
0.04675611
0.05111288
0.05556865
0.04721554
0.04730409
0.04566367
0.04194675
0.06919329
0.04728137
0.04275964
0.05746443
0.06028772
0.04114217
0.05489816
0.05761906
0.04737164
0.04817653
0.05591613
0.04955187
0.05121185
0.04364536
0.04849023
0.04457669
0.04600808
0.05121185
0.04364536
0.04849023
0.04457669
0.04600808
0.04537187
0.04992115
0.05234992
0.04996501
0.05868170
0.05223727
0.04773484
0.04938864
0.04834207
0.05154428
0.05652191
0.04796832
0.04776579
0.03999888
0.05204766
0.04415903
0.04569242
0.05341007
0.05611629
0.04513921
0.04868020
0.04333814
0.04543175
0.04372009
0.05211481
0.06058541
0.06246692
0.04843529
0.05075059
0.05058601
0.04630645
0.04882923
0.04854145
0.04314514
0.04428975
0.04890632
0.04663732
0.05202661
0.04439786
0.04788656
0.04947229
0.05123498
0.04637860
0.05057624
0.05427023
0.05344338
0.04797505
0.04729352
0.05138988
0.04508035
0.04940519
0.05070881
0.04620066
0.05701390
0.05568062
0.06391774
0.05608613
0.04234407
0.05480271
0.05290180
0.06493043
0.04977973
0.04439553
0.04760487
0.05005085
0.05343494
0.04673213
0.04232679
0.06027042
0.04684633
0.04622619
0.04618260
0.05238381
0.05121185
0.04364536
0.04849023
0.04457669
0.04600808
0.04537187
0.04992115
0.05234992
0.04996501
0.05868170
0.05223727
0.04773484
0.04938864
0.04834207
0.05154428
0.05652191
0.04796832
0.04776579
0.03999888
0.05204766
0.04415903
0.04569242
0.05341007
0.05611629
0.04513921
0.05121185
0.04364536
0.04849023
0.04457669
0.04600808
0.04537187
0.04992115
0.05234992
0.04996501
0.05868170
0.05223727
0.04773484
0.04938864
0.04834207
0.05154428
0.05652191
0.04796832
0.04776579
0.03999888
0.05204766
0.04415903
0.04569242
0.05341007
0.05611629
0.04513921
0.04868020
0.04333814
0.04543175
0.04372009
0.05211481
0.06058541
0.06246692
0.04843529
0.05075059
0.05058601
0.04630645
0.04882923
0.04854145
0.04314514
0.04428975
0.04890632
0.04663732
0.05202661
0.04439786
0.04788656
0.04947229
0.05123498
0.04637860
0.05057624
0.05427023
0.05344338
0.04797505
0.04729352
0.05138988
0.04508035
0.04940519
0.05070881
0.04620066
0.05701390
0.05568062
0.06391774
0.05608613
0.04234407
0.05480271
0.05290180
0.06493043
0.04977973
0.04439553
0.04760487
0.05005085
0.05343494
0.04673213
0.04232679
0.06027042
0.04684633
0.04622619
0.04618260
0.05238381
0.05455828
0.04889660
0.04515905
0.04625312
0.04306697
0.04337869
0.05040941
0.05358721
0.04879103
0.04930929
0.04201987
0.04400904
0.05210531
0.04466138
0.04902020
0.04872854
0.04874440
0.05290178
0.05040732
0.04663570
0.05832517
0.05548526
0.04788591
0.05733009
0.04225184
0.04989829
0.04697091
0.04413891
0.05944780
0.05087441
0.05247096
0.05274421
0.04407035
0.05008441
0.05506494
0.04645804
0.05394954
0.05953175
0.05328767
0.05001104
0.05021898
0.04477610
0.05431044
0.06721595
0.04787705
0.04843006
0.05202486
0.04938825
0.04783630
0.04681971
0.04830010
0.04971015
0.04730794
0.04969114
0.05071515
0.05093828
0.04897279
0.04751688
0.06956476
0.04542458
0.04362405
0.05012370
0.05676168
0.05112091
0.04718297
0.04595920
0.05302611
0.04740059
0.04745793
0.04774317
0.05129666
0.04240591
0.04519516
0.06044510
0.04727536
0.04999673
0.04638386
0.05646305
0.04137814
0.04776969
0.04304695
0.05613182
0.04733470
0.04800701
0.05091016
0.04676337
0.04801295
0.05216302
0.04666708
0.04210355
0.05659167
0.05211479
0.04975380
0.05099387
0.05114560
0.05295683
0.06393109
0.04674360
0.06340824
0.04660377
0.04740345
0.04563823
0.04619413
0.04324736
0.04352062
0.04241686
0.04741547
0.05228230
0.04663923
0.04911919
0.05629226
0.05581571
0.04865145
0.05256403
0.04472224
0.04693845
0.05676047
0.05070720
0.05016397
0.05338534
0.04661540
0.05064703
0.04765446
0.04722739
0.05920705
0.04655328
0.04220524
0.04700435
0.05832748
0.04787241
0.04639173
0.04825939
0.05479755
0.04557821
0.04495465
0.04975741
0.04838508
0.04676551
0.05785707
0.05103581
0.05104674
0.05079490
0.04691482
0.04718766
0.04876399
0.04759897
0.04459701
0.04811529
0.05336640
0.04815943
0.06276059
0.04602990
0.04705447
0.05067210
0.04832434
0.04416078
0.04973151
0.04887163
0.04799400
0.04462058
0.05430690
0.04888400
0.05141563
0.04761003
0.04885506
0.04634767
0.06690070
0.05814106
0.05241533
0.04501569
0.04832802
0.04606236
0.04974903
0.04528272
0.04628304
0.04347742
0.04614945
0.05084731
0.04242171
0.04855478
0.04513336
0.05940456
0.05048993
0.04957361
0.05891649
0.05678573
0.05219835
0.04942397
0.04467028
0.04870508
0.04446708
0.04496797
0.05391652
0.04943593
0.04757651
0.05581846
0.04973724
0.05333861
0.04492338
0.04874355
0.04884595
0.04850448
0.05047607
0.04798163
0.05316137
0.05037574
0.05745143
0.05430489
0.05220223
0.04205593
0.05091873
0.04828174
0.05345231
0.04654001
0.04619422
0.04807882
0.05378899
0.04627409
0.05846741
0.04482555
0.05155767
0.04861834
0.05522541
0.04759000
0.04308938
0.04762109
0.04522227
0.04796976
0.05860663
0.04977721
0.05317055
0.04545476
0.05275749
0.05649196
0.04563235
0.04805621
0.05019917
0.04338147
0.04595026
0.05110860
0.04287632
0.04572682
0.04616937
0.04461682
0.04698030
0.05864391
0.04338737
0.04367831
0.05561656
0.04620872
0.04814648
0.05385574
0.05356981
0.05199429
0.05300103
0.04656879
0.04304071
0.04788632
0.05034059
0.04655008
0.05554090
0.05298735
0.05966424
0.05126513
0.05248318
0.04606276
0.04947227
0.05037396
0.05433931
0.05481833
0.05115240
0.05311073
0.04739519
0.05263644
0.05257582
0.04840042
0.04460885
0.04831803