0.04784549
0.05561115
0.05537596
0.04705665
0.04903119
0.04932034
0.05461148
0.04179686
0.04942169
0.04558129
0.04361800
0.05349847
0.04819368
0.04922088
0.04772703
0.04592005
0.04986491
0.04921920
0.04841459
0.05015879
0.04932813
0.04984456
0.04966900
0.04697252
0.05081437
0.04984016
0.04741205
0.05095196
0.04928290
0.04930468
0.04700544
0.05115123
0.05054254
0.05367819
0.04857748
0.05365067
0.05285080
0.04940902
0.04741226
0.04243346
0.04545070
0.04813637
0.05285080
0.04940902
0.04741226
0.04243346
0.04545070
0.04813637
0.04916502
0.04810510
0.05023740
0.05279718
0.05463048
0.05233224
0.04544685
0.04905414
0.05175621
0.05788195
0.04780161
0.05192063
0.05462283
0.04769505
0.04674585
0.05474534
0.04705023
0.05186801
0.04734574
0.04505142
0.04705480
0.05078724
0.05213951
0.05676554
0.05053189
0.05033656
0.04207782
0.04452592
0.04714342
0.04651785
0.04983429
0.04659472
0.05227294
0.04729602
0.05094839
0.04900464
0.04458815
0.05246609
0.04333568
0.04441530
0.04939372
0.05355275
0.04808422
0.05252218
0.04731220
0.05017548
0.05149892
0.04806682
0.05122114
0.05159533
0.05283407
0.04533819
0.04859386
0.04393725
0.04835530
0.04396509
0.04833101
0.04586267
0.04690946
0.04502236
0.04562552
0.04197074
0.05117171
0.05603194
0.04811962
0.05480591
0.05063075
0.04470320
0.04865228
0.04867011
0.04867447
0.05268316
0.05285080
0.04940902
0.04741226
0.04243346
0.04545070
0.04813637
0.04916502
0.04810510
0.05023740
0.05279718
0.05463048
0.05233224
0.04544685
0.04905414
0.05175621
0.05788195
0.04780161
0.05192063
0.05462283
0.04769505
0.04674585
0.05474534
0.04705023
0.05186801
0.04734574
0.05285080
0.04940902
0.04741226
0.04243346
0.04545070
0.04813637
0.04916502
0.04810510
0.05023740
0.05279718
0.05463048
0.05233224
0.04544685
0.04905414
0.05175621
0.05788195
0.04780161
0.05192063
0.05462283
0.04769505
0.04674585
0.05474534
0.04705023
0.05186801
0.04734574
0.04505142
0.04705480
0.05078724
0.05213951
0.05676554
0.05053189
0.05033656
0.04207782
0.04452592
0.04714342
0.04651785
0.04983429
0.04659472
0.05227294
0.04729602
0.05094839
0.04900464
0.04458815
0.05246609
0.04333568
0.04441530
0.04939372
0.05355275
0.04808422
0.05252218
0.04731220
0.05017548
0.05149892
0.04806682
0.05122114
0.05159533
0.05283407
0.04533819
0.04859386
0.04393725
0.04835530
0.04396509
0.04833101
0.04586267
0.04690946
0.04502236
0.04562552
0.04197074
0.05117171
0.05603194
0.04811962
0.05480591
0.05063075
0.04470320
0.04865228
0.04867011
0.04867447
0.05268316
0.05098959
0.04977605
0.04457279
0.04627646
0.04918443
0.04241061
0.05444128
0.05055960
0.04691938
0.04945342
0.04857261
0.05541723
0.04831929
0.04965777
0.04801843
0.05015164
0.04383530
0.05295809
0.04875696
0.04659313
0.05046238
0.04610176
0.04788514
0.04960647
0.04653498
0.04819036
0.04671626
0.04370446
0.04587455
0.05110444
0.04941800
0.05549301
0.04555109
0.04942187
0.04988140
0.04720853
0.04671940
0.04349148
0.05063429
0.04574922
0.05395072
0.05113034
0.04564516
0.04252039
0.05112724
0.05089551
0.05345221
0.05276035
0.04426535
0.04624786
0.04950077
0.04906408
0.04478170
0.04467142
0.04914572
0.05214437
0.04997307
0.04358448
0.04891019
0.05213741
0.04911392
0.04945390
0.04503685
0.04904056
0.04424266
0.05134574
0.04620588
0.04850322
0.04359515
0.04925041
0.04723475
0.04937163
0.05060644
0.04713047
0.05134864
0.05311566
0.04296957
0.05451490
0.05320089
0.05160676
0.04777517
0.04930450
0.04920123
0.04469733
0.05542707
0.05533820
0.04895360
0.04629922
0.05185841
0.04917478
0.05136047
0.04428091
0.04813630
0.04774419
0.05358754
0.04697349
0.04665850
0.04408728
0.04900233
0.04853223
0.05143253
0.04697695
0.04917671
0.04707749
0.05135492
0.04735565
0.04872110
0.04115484
0.04881673
0.04629850
0.04625343
0.04671157
0.04950310
0.04360003
0.05042795
0.05612633
0.04759279
0.04902132
0.05532873
0.04891332
0.04849777
0.04741495
0.04550584
0.05082735
0.05009125
0.04551694
0.04722607
0.04391556
0.05130553
0.04689632
0.04883608
0.05010487
0.04883051
0.04446667
0.04786096
0.05367491
0.04888962
0.05133395
0.05388179
0.05085125
0.05081727
0.04727841
0.05057636
0.04421176
0.04937154
0.04232858
0.05400684
0.04959431
0.05574854
0.05133796
0.04708844
0.05092021
0.05430528
0.05110960
0.04772932
0.04802808
0.04618695
0.04385845
0.04813715
0.04718757
0.05220567
0.05145738
0.05010285
0.04841204
0.04697667
0.04931037
0.04429929
0.05286175
0.05001449
0.04261383
0.04583579
0.04845530
0.04651369
0.04958472
0.05138086
0.04826444
0.05255742
0.04934000
0.05216111
0.05283878
0.05230039
0.04482663
0.04795372
0.04715152
0.04067867
0.04776247
0.04871887
0.05270659
0.04915411
0.05067751
0.04718405
0.05255758
0.04199190
0.05013061
0.04675545
0.04950336
0.04338842
0.04596135
0.04755359
0.04724415
0.05100130
0.04746114
0.04840902
0.04176764
0.05176057
0.04890207
0.05304843
0.04843001
0.05010823
0.05385662
0.04392607
0.04854359
0.04397001
0.04745490
0.05497064
0.04592145
0.04757557
0.04708342
0.04366914
0.04948332
0.04779247
0.04618483
0.05440049
0.04936274
0.04626010
0.05200017
0.04772756
0.04614557
0.05374193
0.05217352
0.04872147
0.04589779
0.04733550
0.04334387
0.04634107
0.04874659
0.05301169
0.04843837
0.04707840
0.05232452
0.04639043
0.04539501
0.05519113
0.04992778
0.05191703
0.04844255
0.05103439
0.04788772
0.04396992
0.04883041
0.04796646
0.04637137
0.04969994
0.05248930
0.04606400
0.04479184
0.04875842
0.04686295
0.04392310
0.04824072
0.04719688
0.05155309
0.05312623
0.04417789
0.04849860
0.04852257
0.04910343
0.04867343
0.05084032
0.04249237
0.05269228
0.04738564
0.04821263
0.04258097
0.04502356
0.05201638
0.04702045