0.07722250
0.07209221
0.07427287
0.09678607
0.07136408
0.06931939
0.07640936
0.07792309
0.06547415
0.06907995
0.06957451
0.06734786
0.06666863
0.07827694
0.07734911
0.07654934
0.08194091
0.08475964
0.07206271
0.07230433
0.08140633
0.07072721
0.10221308
0.07212629
0.07021370
0.06838472
0.07433546
0.07226758
0.08314081
0.06716022
0.07107860
0.06571489
0.07392697
0.06894862
0.07201849
0.07775294
0.08048246
0.08134585
0.07569752
0.08300964
0.07077049
0.08917157
0.08048246
0.08134585
0.07569752
0.08300964
0.07077049
0.08917157
0.07881775
0.07745976
0.06544611
0.07439750
0.06855081
0.07720692
0.07603579
0.07258694
0.07300347
0.08626716
0.07488644
0.07059630
0.08202403
0.06963180
0.08626207
0.08856440
0.07981824
0.07923759
0.07511592
0.06992887
0.07135144
0.08325308
0.07891326
0.06577074
0.07423253
0.06741576
0.07816462
0.06859917
0.08206967
0.08906372
0.07315685
0.06991432
0.08372112
0.06778860
0.07788654
0.08110974
0.08935832
0.07210327
0.06714625
0.06780452
0.09488469
0.07442004
0.07587812
0.07627193
0.07447419
0.08924471
0.07083519
0.06403705
0.07554414
0.06864397
0.07833564
0.07222166
0.06913994
0.06695231
0.07537415
0.08035827
0.07526967
0.07031010
0.06928666
0.06877085
0.07295324
0.07023806
0.08144913
0.07293880
0.08759174
0.06945105
0.07316107
0.06983166
0.08411765
0.08820443
0.07319936
0.07139989
0.08048246
0.08134585
0.07569752
0.08300964
0.07077049
0.08917157
0.07881775
0.07745976
0.06544611
0.07439750
0.06855081
0.07720692
0.07603579
0.07258694
0.07300347
0.08626716
0.07488644
0.07059630
0.08202403
0.06963180
0.08626207
0.08856440
0.07981824
0.07923759
0.07511592
0.06992887
0.08048246
0.08134585
0.07569752
0.08300964
0.07077049
0.08917157
0.07881775
0.07745976
0.06544611
0.07439750
0.06855081
0.07720692
0.07603579
0.07258694
0.07300347
0.08626716
0.07488644
0.07059630
0.08202403
0.06963180
0.08626207
0.08856440
0.07981824
0.07923759
0.07511592
0.06992887
0.07135144
0.08325308
0.07891326
0.06577074
0.07423253
0.06741576
0.07816462
0.06859917
0.08206967
0.08906372
0.07315685
0.06991432
0.08372112
0.06778860
0.07788654
0.08110974
0.08935832
0.07210327
0.06714625
0.06780452
0.09488469
0.07442004
0.07587812
0.07627193
0.07447419
0.08924471
0.07083519
0.06403705
0.07554414
0.06864397
0.07833564
0.07222166
0.06913994
0.06695231
0.07537415
0.08035827
0.07526967
0.07031010
0.06928666
0.06877085
0.07295324
0.07023806
0.08144913
0.07293880
0.08759174
0.06945105
0.07316107
0.06983166
0.08411765
0.08820443
0.07319936
0.07139989
0.07126647
0.07366415
0.06825325
0.07363269
0.08702468
0.06813412
0.07828254
0.07313008
0.07641570
0.07930600
0.06846092
0.07735463
0.07470935
0.08889741
0.07645695
0.06999343
0.06438090
0.07710471
0.08119761
0.07631336
0.07061559
0.07321139
0.08352197
0.06974641
0.06673277
0.06750199
0.06720304
0.07288548
0.07407679
0.06727643
0.09385396
0.07598257
0.06990938
0.10286091
0.06885286
0.06974892
0.06762274
0.13599040
0.07183270
0.07305871
0.06831234
0.07284530
0.07065788
0.07800296
0.07295576
0.08090310
0.07456680
0.07114943
0.06836160
0.06670331
0.07207511
0.07305920
0.06893930
0.07503515
0.07639115
0.06913438
0.07758105
0.08242480
0.07406651
0.07099960
0.06816215
0.07494849
0.07401061
0.07181502
0.10356121
0.07302175
0.08564768
0.08811418
0.06936465
0.06627305
0.09211977
0.06324492
0.07868531
0.07906988
0.07172564
0.07282524
0.08531396
0.08610256
0.06673458
0.07280218
0.07201246
0.06572402
0.07507827
0.06656739
0.07690898
0.07819475
0.07446958
0.07140089
0.07593776
0.07328136
0.07234888
0.06423071
0.07801599
0.07825177
0.06794625
0.06028114
0.07365789
0.07425001
0.07113013
0.06747261
0.06834428
0.07113091
0.07399034
0.08311171
0.07579103
0.07248649
0.06789083
0.07038994
0.09618933
0.06746383
0.06938333
0.08487143
0.06887680
0.06813784
0.06469916
0.07527128
0.07516643
0.09347604
0.07386466
0.09000889
0.06645418
0.07563347
0.07781985
0.07967981
0.08186146
0.07645269
0.07228176
0.07545937
0.06566060
0.07773650
0.07482482
0.08210564
0.06976710
0.07462759
0.08369422
0.07505030
0.07105791
0.07234593
0.06363136
0.06995167
0.06665871
0.06632218
0.07670959
0.07403710
0.09008108
0.07165805
0.06934452
0.06858680
0.06907511
0.08575923
0.07606257
0.07375916
0.06970887
0.07808224
0.07170340
0.07498396
0.07439895
0.06626018
0.06333777
0.07539187
0.07852062
0.06813523
0.07192675
0.07132013
0.07007078
0.09043455
0.08478581
0.09866467
0.07721235
0.07742825
0.09139525
0.06591090
0.07588949
0.06854111
0.06902991
0.09549120
0.06910171
0.07549263
0.07332858
0.06463674
0.07487963
0.07200519
0.06889261
0.07250109
0.08118481
0.07338843
0.06850014
0.06862485
0.07182026
0.07445315
0.06811609
0.08080418
0.07877517
0.07173341
0.07918269
0.06767136
0.09768469
0.07532659
0.06626397
0.06776624
0.06521140
0.08069295
0.06882840
0.06202664
0.07527234
0.08123811
0.06759021
0.07438929
0.07320807
0.07909208
0.07977747
0.07970512
0.06872854
0.07751419
0.08165370
0.07202134
0.07320643
0.06907501
0.06510949
0.06537977
0.07418930
0.07586293
0.07620686
0.07309496
0.07293023
0.08420311
0.07516778
0.06830949
0.07194596
0.06519221
0.07166990
0.08269147
0.07444871
0.06923781
0.07071265
0.07484424
0.07495074
0.07044115
0.07637757
0.06750678
0.07013664
0.07019442
0.07382582
0.07993698
0.08534424
0.07476941
0.07769071
0.07423107
0.10020694
0.07979675
0.06986570
0.06871422
0.06957336
0.07126359
0.07541696
0.07189739
0.08078584
0.07014632
0.09254906
0.07377807
0.06989134
0.07039827
0.07280091
0.07881325
0.07386699
0.07228309
0.08183021
0.06819891
0.07184667
0.07135086
0.08549077
0.06917379
0.07808118
0.07463718
0.06583792
0.07221932