0.05211962
0.05458621
0.06205704
0.04852113
0.05664003
0.04984793
0.05137534
0.06028493
0.05027246
0.05279418
0.04778920
0.06315195
0.05063452
0.05236015
0.05658794
0.04877087
0.04653377
0.05221512
0.04679812
0.05406384
0.04577860
0.04908520
0.04632538
0.05687200
0.04802155
0.04441119
0.05341644
0.05907205
0.04911244
0.04619635
0.05425621
0.05031536
0.05009722
0.05143606
0.04737515
0.04546333
0.04603136
0.04890022
0.05167583
0.05257890
0.04824657
0.04787085
0.04603136
0.04890022
0.05167583
0.05257890
0.04824657
0.04787085
0.04717034
0.05049728
0.05977358
0.04430865
0.04678093
0.04715568
0.05141932
0.04577996
0.04779794
0.05019576
0.05302704
0.05303335
0.04946142
0.05878288
0.04847248
0.04776843
0.05129460
0.05254355
0.06011721
0.04620755
0.05064617
0.06088622
0.05256018
0.04863884
0.05749799
0.05202505
0.05707796
0.05332875
0.05265288
0.05196358
0.05860696
0.05306377
0.05355422
0.04796945
0.06608122
0.04691166
0.05453084
0.05559808
0.04547251
0.04698621
0.05485682
0.04962477
0.04375102
0.05589291
0.04929965
0.05713331
0.06436754
0.04461518
0.05584729
0.04480308
0.04647805
0.04624680
0.05565564
0.05102067
0.05015568
0.05073365
0.04992378
0.04118484
0.05024846
0.05038593
0.06099579
0.05202711
0.05874492
0.05048297
0.05288690
0.05946759
0.04960848
0.05383275
0.05583523
0.04924021
0.05221168
0.05400507
0.04603136
0.04890022
0.05167583
0.05257890
0.04824657
0.04787085
0.04717034
0.05049728
0.05977358
0.04430865
0.04678093
0.04715568
0.05141932
0.04577996
0.04779794
0.05019576
0.05302704
0.05303335
0.04946142
0.05878288
0.04847248
0.04776843
0.05129460
0.05254355
0.06011721
0.04620755
0.04603136
0.04890022
0.05167583
0.05257890
0.04824657
0.04787085
0.04717034
0.05049728
0.05977358
0.04430865
0.04678093
0.04715568
0.05141932
0.04577996
0.04779794
0.05019576
0.05302704
0.05303335
0.04946142
0.05878288
0.04847248
0.04776843
0.05129460
0.05254355
0.06011721
0.04620755
0.05064617
0.06088622
0.05256018
0.04863884
0.05749799
0.05202505
0.05707796
0.05332875
0.05265288
0.05196358
0.05860696
0.05306377
0.05355422
0.04796945
0.06608122
0.04691166
0.05453084
0.05559808
0.04547251
0.04698621
0.05485682
0.04962477
0.04375102
0.05589291
0.04929965
0.05713331
0.06436754
0.04461518
0.05584729
0.04480308
0.04647805
0.04624680
0.05565564
0.05102067
0.05015568
0.05073365
0.04992378
0.04118484
0.05024846
0.05038593
0.06099579
0.05202711
0.05874492
0.05048297
0.05288690
0.05946759
0.04960848
0.05383275
0.05583523
0.04924021
0.05221168
0.05400507
0.04847492
0.04573758
0.05202482
0.05015710
0.05716946
0.05069564
0.05118493
0.04495982
0.04759128
0.05261389
0.05161440
0.05071221
0.04566739
0.05985338
0.05340475
0.05152041
0.05145130
0.06002669
0.04743840
0.04623229
0.04842903
0.04615426
0.05762838
0.04531727
0.05055550
0.04928964
0.05894633
0.06021354
0.04489099
0.05215652
0.06151615
0.05021386
0.05162069
0.04401595
0.05406415
0.04513876
0.04526591
0.05680417
0.05282538
0.05174158
0.05231891
0.05196897
0.05436319
0.05259693
0.05326823
0.04710184
0.05027978
0.04490232
0.05049541
0.04294830
0.04827206
0.05048136
0.05014911
0.04667711
0.04880076
0.05655505
0.05102527
0.04712000
0.04904067
0.04685752
0.05199364
0.05191707
0.04894758
0.04420701
0.05091153
0.05465919
0.04780723
0.05439202
0.05197007
0.04872948
0.04662071
0.05233282
0.05656449
0.04545015
0.06562350
0.05131421
0.04848813
0.04985558
0.04814374
0.05974175
0.05173169
0.05209036
0.04592286
0.04854767
0.05227211
0.04852943
0.05331719
0.05127275
0.04867227
0.06093372
0.04844459
0.05542887
0.05017924
0.05173602
0.04925627
0.04940834
0.04476945
0.04959529
0.05181678
0.04879324
0.04886236
0.05806143
0.04973722
0.05308524
0.04770754
0.05568800
0.05752503
0.04820983
0.04449061
0.04667715
0.05113577
0.05624863
0.05146616
0.04680458
0.05248672
0.05741909
0.04153601
0.04623596
0.05408216
0.04677210
0.05056219
0.04995183
0.05517678
0.04239956
0.05137512
0.05355899
0.04559447
0.04446774
0.04656462
0.05312757
0.04301803
0.04807576
0.04826178
0.05487984
0.05400418
0.04715620
0.05148820
0.05676995
0.05330987
0.04432032
0.05153081
0.05379186
0.05839562
0.04906871
0.05537775
0.05215284
0.05008064
0.04953529
0.05345831
0.05585803
0.05289511
0.04190027
0.04186779
0.05467090
0.05011321
0.04514407
0.05823123
0.05101998
0.04362328
0.04495490
0.05473312
0.04232670
0.06098767
0.05178389
0.04515130
0.05031676
0.04906057
0.06356108
0.05603571
0.05483280
0.04725878
0.05013689
0.05293900
0.05435795
0.05800506
0.05614553
0.04851510
0.04842417
0.04750933
0.04297881
0.04718808
0.04949533
0.05183797
0.05898976
0.04833545
0.05259724
0.05487865
0.04379918
0.05037184
0.05514693
0.05810685
0.04993177
0.05091458
0.05235573
0.04830206
0.05753411
0.05101070
0.05156872
0.04961902
0.04090641
0.05398588
0.04581332
0.05007088
0.04523585
0.04699002
0.04691904
0.04445899
0.05246900
0.05322077
0.05032724
0.06074275
0.05543873
0.05047093
0.04452814
0.04398200
0.05179980
0.06868421
0.05045631
0.05198296
0.05645438
0.04309644
0.04647557
0.05394326
0.05559400
0.04344854
0.04900293
0.05056533
0.05089555
0.05343189
0.05211719
0.05321180
0.05365719
0.05968040
0.05202800
0.05938500
0.05130712
0.04848250
0.06023089
0.05016541
0.04656868
0.05472153
0.04475527
0.04876900
0.04594666
0.05060785
0.05534173
0.04610035
0.05476967
0.05424015
0.05186125
0.05334780
0.04703538
0.05886967
0.05289654
0.05069084
0.05089804
0.05073115
0.04827625
0.04217666
0.05111968
0.05205177
0.05987744
0.04642436
0.04063482
0.06035961
0.05097454
0.05016410
0.04821274
0.05365366
0.05994076
0.05395746
0.04154889
0.05521945
0.04886838
0.04492438
0.05398455