0.06990841
0.06374220
0.06928147
0.07713780
0.06739022
0.07314621
0.06164764
0.08217113
0.07341366
0.07467637
0.08354208
0.07237460
0.07848552
0.07359582
0.07189062
0.06773191
0.07231399
0.07184897
0.06294038
0.07241514
0.06626308
0.06577709
0.09667729
0.07090974
0.07187418
0.07868161
0.06858911
0.05625906
0.07599006
0.08128525
0.07267823
0.06144224
0.07316707
0.06944038
0.05969522
0.06812908
0.06431135
0.06163917
0.08405853
0.07286748
0.06355259
0.07364124
0.07068877
0.06163917
0.08405853
0.07286748
0.06355259
0.07364124
0.07068877
0.07098844
0.06825632
0.08247253
0.07157499
0.06129927
0.05864599
0.07267307
0.06111651
0.07307811
0.06933871
0.06181475
0.06581465
0.06063017
0.06057371
0.07574070
0.06152390
0.06575597
0.06103958
0.07105518
0.05707000
0.08168833
0.05257389
0.06183992
0.08488284
0.07367655
0.06881576
0.07937189
0.06210218
0.07382695
0.06122553
0.05820881
0.06724508
0.06950030
0.06320813
0.07801151
0.07962273
0.06518127
0.07470611
0.05881984
0.06688778
0.06018881
0.07069043
0.07537291
0.06026424
0.05943229
0.05858767
0.07853925
0.06864949
0.06780979
0.06372488
0.07433891
0.07458120
0.06252891
0.08216914
0.07001097
0.08005402
0.06780160
0.07587135
0.07521390
0.05681016
0.06868085
0.06725041
0.06897700
0.06937334
0.08921355
0.07587350
0.06948918
0.06176608
0.06750591
0.06807313
0.07651315
0.09393717
0.06403066
0.06163917
0.08405853
0.07286748
0.06355259
0.07364124
0.07068877
0.07098844
0.06825632
0.08247253
0.07157499
0.06129927
0.05864599
0.07267307
0.06111651
0.07307811
0.06933871
0.06181475
0.06581465
0.06063017
0.06057371
0.07574070
0.06152390
0.06575597
0.06103958
0.07105518
0.05707000
0.06163917
0.08405853
0.07286748
0.06355259
0.07364124
0.07068877
0.07098844
0.06825632
0.08247253
0.07157499
0.06129927
0.05864599
0.07267307
0.06111651
0.07307811
0.06933871
0.06181475
0.06581465
0.06063017
0.06057371
0.07574070
0.06152390
0.06575597
0.06103958
0.07105518
0.05707000
0.08168833
0.05257389
0.06183992
0.08488284
0.07367655
0.06881576
0.07937189
0.06210218
0.07382695
0.06122553
0.05820881
0.06724508
0.06950030
0.06320813
0.07801151
0.07962273
0.06518127
0.07470611
0.05881984
0.06688778
0.06018881
0.07069043
0.07537291
0.06026424
0.05943229
0.05858767
0.07853925
0.06864949
0.06780979
0.06372488
0.07433891
0.07458120
0.06252891
0.08216914
0.07001097
0.08005402
0.06780160
0.07587135
0.07521390
0.05681016
0.06868085
0.06725041
0.06897700
0.06937334
0.08921355
0.07587350
0.06948918
0.06176608
0.06750591
0.06807313
0.07651315
0.09393717
0.06403066
0.07245529
0.06486953
0.06441461
0.06495547
0.06044766
0.06476646
0.06730018
0.06891790
0.07589604
0.08255623
0.06313976
0.05754379
0.07354346
0.06302549
0.08150384
0.07626923
0.06757223
0.07333032
0.06436224
0.07877228
0.06791798
0.06050259
0.07944885
0.06888158
0.06688464
0.08201445
0.06625418
0.07019454
0.07018199
0.06133861
0.07745786
0.06057446
0.07370719
0.05859268
0.06578412
0.06779279
0.06510994
0.07415892
0.06244078
0.07573239
0.09054661
0.09371478
0.06508978
0.06575374
0.06442586
0.07248336
0.08261365
0.06878747
0.06894889
0.05583995
0.06625102
0.07307124
0.07111637
0.07171518
0.07034204
0.06636600
0.05720403
0.06369149
0.07219310
0.07170730
0.06782979
0.07500928
0.07332959
0.06463070
0.07221961
0.05924349
0.06734575
0.06615920
0.06857562
0.06519564
0.07119505
0.07031403
0.07563190
0.06641560
0.06760667
0.08213531
0.06029786
0.07485296
0.07010985
0.09478497
0.05288509
0.06616374
0.06221909
0.07025015
0.06072832
0.06954264
0.06817650
0.06124867
0.06491610
0.07249386
0.06924539
0.06363342
0.07550133
0.07763985
0.07314469
0.07336395
0.08471008
0.06193393
0.07904994
0.06795049
0.07008268
0.06189260
0.06352919
0.06228485
0.09325339
0.07684916
0.06521830
0.06755838
0.06146429
0.07561238
0.07800993
0.07669542
0.07000244
0.07752085
0.07024836
0.06500144
0.06390578
0.06414123
0.06474971
0.07897511
0.07510440
0.06241296
0.07127632
0.07128692
0.08163149
0.07101805
0.07687280
0.06156791
0.06006234
0.06277769
0.05778521
0.07425929
0.07510263
0.07857475
0.07250650
0.06385768
0.06106091
0.06778445
0.05997472
0.07949616
0.06814317
0.06888458
0.05850351
0.06885605
0.07522668
0.06865417
0.07752893
0.06958677
0.06895054
0.06605134
0.06822797
0.07094251
0.06147952
0.07295657
0.07820396
0.06772838
0.08436138
0.06593189
0.08376422
0.07756142
0.07540653
0.06607680
0.08538433
0.06174338
0.05883337
0.07447732
0.07668845
0.07684498
0.06619577
0.05825523
0.07336368
0.08935783
0.06970055
0.07195619
0.06589050
0.06621213
0.06029315
0.06984054
0.07325129
0.07316323
0.05883947
0.07098426
0.06916771
0.06809388
0.06024117
0.07687032
0.08628358
0.05772015
0.06936991
0.06057810
0.07525643
0.08440282
0.06929989
0.06450971
0.07209323
0.06889925
0.07786093
0.06046419
0.06494395
0.07878095
0.07264893
0.06052971
0.06963070
0.07812289
0.06205039
0.07696549
0.06374982
0.06366859
0.06912192
0.07832488
0.07176536
0.06826734
0.06902653
0.07215172
0.07164917
0.05782163
0.05916094
0.06998602
0.06905532
0.08106504
0.06858407
0.07288299
0.06035096
0.06797916
0.05660651
0.07315392
0.08627235
0.07427672
0.06983409
0.08173176
0.09015937
0.07534924
0.06038882
0.06775273
0.07543006
0.05897463
0.07750746
0.08038864
0.07841041
0.07069860
0.07679082
0.06710982
0.08335483
0.07039441
0.06658588
0.08140735
0.07550880
0.08248691
0.06688266
0.07397605
0.07961253
0.08879390
0.06937313
0.07221210
0.07183127
0.06605535
0.08067904
0.06295391
0.08394402
0.07816898
0.08089830
0.07828247
0.06503307
0.06907517
0.07912474
0.06815465
0.07155179
0.07236620
0.08048912
0.06441142
0.05872856
0.06270223
0.06722418