0.05210082
0.05205373
0.05612580
0.05223158
0.05209106
0.05895794
0.05777753
0.05030826
0.05234270
0.05883620
0.04955451
0.05412884
0.05751474
0.05189614
0.05508278
0.05102007
0.05285141
0.05309904
0.06008401
0.05619082
0.05569426
0.05098683
0.05085464
0.05069951
0.05318919
0.04930467
0.05003813
0.06282324
0.05180212
0.06098303
0.06168506
0.05232838
0.05564715
0.05277130
0.05586301
0.05616828
0.04817052
0.05022393
0.06163796
0.05546720
0.05653458
0.05088656
0.04817052
0.05022393
0.06163796
0.05546720
0.05653458
0.05088656
0.05178826
0.05190731
0.05205829
0.05175462
0.04850991
0.05416285
0.05743446
0.05809499
0.04664062
0.05922421
0.05743804
0.05794852
0.05850509
0.05577562
0.05590909
0.05537396
0.05902160
0.06272317
0.05227482
0.05832585
0.05160807
0.05388185
0.05450108
0.05074375
0.05258360
0.05331392
0.05568133
0.05158057
0.05341863
0.04933175
0.05791131
0.05666023
0.04998282
0.06424684
0.05068136
0.05479573
0.05058045
0.05286484
0.05274601
0.05284289
0.05522739
0.05161680
0.05264900
0.05278650
0.05139687
0.05486463
0.05219292
0.05409006
0.05519429
0.05238782
0.05858926
0.05314500
0.06317507
0.05521560
0.06123233
0.05432325
0.05732430
0.05526322
0.05074182
0.05849749
0.05310733
0.04654609
0.05390485
0.05345844
0.05228966
0.06054739
0.05088425
0.05053387
0.05032619
0.05353185
0.05350222
0.05550290
0.05956790
0.04817052
0.05022393
0.06163796
0.05546720
0.05653458
0.05088656
0.05178826
0.05190731
0.05205829
0.05175462
0.04850991
0.05416285
0.05743446
0.05809499
0.04664062
0.05922421
0.05743804
0.05794852
0.05850509
0.05577562
0.05590909
0.05537396
0.05902160
0.06272317
0.05227482
0.05832585
0.04817052
0.05022393
0.06163796
0.05546720
0.05653458
0.05088656
0.05178826
0.05190731
0.05205829
0.05175462
0.04850991
0.05416285
0.05743446
0.05809499
0.04664062
0.05922421
0.05743804
0.05794852
0.05850509
0.05577562
0.05590909
0.05537396
0.05902160
0.06272317
0.05227482
0.05832585
0.05160807
0.05388185
0.05450108
0.05074375
0.05258360
0.05331392
0.05568133
0.05158057
0.05341863
0.04933175
0.05791131
0.05666023
0.04998282
0.06424684
0.05068136
0.05479573
0.05058045
0.05286484
0.05274601
0.05284289
0.05522739
0.05161680
0.05264900
0.05278650
0.05139687
0.05486463
0.05219292
0.05409006
0.05519429
0.05238782
0.05858926
0.05314500
0.06317507
0.05521560
0.06123233
0.05432325
0.05732430
0.05526322
0.05074182
0.05849749
0.05310733
0.04654609
0.05390485
0.05345844
0.05228966
0.06054739
0.05088425
0.05053387
0.05032619
0.05353185
0.05350222
0.05550290
0.05956790
0.06642256
0.05602036
0.05593608
0.05607042
0.05591672
0.05837022
0.04960560
0.05286774
0.05420619
0.05273664
0.05858278
0.05396356
0.05684452
0.05714173
0.04906200
0.05423087
0.05748178
0.05172852
0.05390064
0.05071496
0.06082523
0.05759775
0.05369237
0.06362024
0.04855769
0.05121209
0.05485139
0.05595231
0.05612854
0.06173750
0.05037806
0.05339166
0.05740942
0.05421696
0.05668016
0.05348807
0.05328963
0.06329679
0.05434030
0.05453968
0.05037955
0.05055230
0.05992289
0.05091986
0.05387409
0.05439740
0.04721295
0.04681988
0.05434121
0.04860146
0.05735154
0.05313940
0.05399911
0.05582690
0.05637433
0.04748426
0.05451446
0.05257530
0.04963884
0.05183452
0.05142995
0.05257458
0.05158258
0.05151866
0.05052812
0.05565090
0.05122697
0.05528740
0.06055068
0.05014337
0.05605442
0.05362523
0.05143296
0.05442367
0.05412331
0.05226741
0.05518907
0.05308700
0.05706916
0.05099005
0.05686738
0.04954441
0.05418790
0.06135023
0.05075332
0.05406347
0.05662028
0.05294012
0.05820173
0.05621681
0.05206896
0.04859823
0.05107654
0.05480858
0.05851000
0.05578510
0.04940183
0.05271113
0.05032374
0.05533519
0.06061613
0.05262966
0.05242188
0.05358546
0.05246065
0.05224301
0.04708676
0.05659120
0.05773140
0.05348274
0.05269935
0.05040206
0.05848954
0.05823100
0.04948496
0.05368431
0.05715177
0.05680648
0.05166886
0.05090178
0.05837064
0.05551901
0.06030199
0.05302456
0.04483859
0.05512600
0.04750197
0.05514717
0.04836843
0.04561726
0.05684478
0.05026977
0.06440386
0.05264688
0.05363424
0.05293303
0.05923356
0.05112884
0.05188157
0.05227371
0.05285449
0.05792169
0.05081297
0.05407509
0.05643731
0.05854535
0.05773189
0.05024012
0.04687516
0.05358277
0.05131389
0.05192192
0.05584902
0.05173509
0.05172935
0.05163533
0.05401158
0.05583131
0.05478625
0.05094274
0.05237201
0.05755564
0.05830750
0.06089415
0.05566654
0.05400169
0.05073117
0.06054528
0.04861707
0.05369238
0.06452689
0.05853152
0.05183745
0.05833387
0.05293615
0.05021787
0.05382358
0.05256882
0.06209040
0.05044179
0.05417183
0.05110580
0.05498224
0.05325091
0.05134000
0.05315054
0.04982267
0.05164101
0.04791201
0.05614668
0.05158854
0.06092907
0.05855595
0.05618575
0.04987730
0.05463523
0.05555636
0.05598571
0.06000146
0.05032212
0.05117045
0.05214732
0.04839337
0.05003812
0.05083252
0.05407729
0.05255468
0.05562646
0.05121449
0.05978132
0.05365629
0.04676310
0.05260916
0.05228026
0.05172691
0.05494937
0.05175477
0.05151035
0.05428239
0.05731601
0.05308621
0.04999850
0.05060358
0.05898727
0.05004082
0.04823360
0.05494450
0.05001020
0.05308730
0.05287091
0.05323013
0.05151233
0.05640106
0.05197097
0.05232459
0.05107459
0.05294364
0.05727861
0.05627897
0.06248178
0.05833838
0.04962550
0.05233455
0.05333517
0.05707728
0.05506218
0.05830089
0.05505334
0.05176123
0.05095285
0.05358645
0.04864903
0.05148660
0.06228653
0.06252489
0.05948785
0.05209969
0.05540194
0.05423428
0.06060428
0.05146491
0.05276971
0.05537243
0.05846332
0.05611894
0.05528084
0.05387090
0.05630416
0.05433692
0.05017478
0.05430709
0.05222194
0.04942626
0.05004188