0.04748574
0.04081104
0.04614004
0.05339931
0.04688510
0.03977278
0.03988049
0.04631967
0.04648413
0.04415042
0.04828138
0.04587226
0.04228244
0.05179503
0.04450193
0.04970867
0.04236291
0.04596930
0.04558689
0.04608321
0.04720384
0.04440748
0.04203011
0.04184044
0.03903993
0.04231051
0.03929922
0.04154144
0.05143009
0.04204983
0.04332052
0.04360715
0.04265849
0.04529805
0.04593558
0.04316546
0.03855390
0.04168558
0.04411700
0.04297824
0.03769159
0.03855390
0.04168558
0.04411700
0.04297824
0.03769159
0.04464054
0.04169474
0.04133407
0.04538477
0.04460399
0.04679996
0.04815674
0.04786440
0.04304836
0.04284731
0.03948601
0.04794964
0.04372435
0.04380036
0.04501612
0.04383044
0.04819830
0.04692163
0.04269025
0.04550962
0.04686881
0.04575087
0.04887940
0.04728193
0.03797383
0.04125482
0.04300637
0.04352386
0.04033631
0.05289790
0.04341005
0.04436789
0.04426020
0.04458395
0.04152096
0.03617756
0.04758259
0.04210514
0.03969947
0.04487583
0.04334664
0.04414732
0.04510981
0.03954921
0.04177816
0.04465197
0.03992505
0.04118470
0.04070513
0.04696533
0.04908757
0.03971171
0.04366419
0.03850502
0.03789954
0.03829991
0.03817216
0.04384973
0.04124499
0.04156418
0.04160160
0.04370404
0.04231932
0.04115323
0.03669364
0.04230344
0.04637846
0.04232504
0.04395504
0.04370377
0.04656899
0.04455052
0.04343403
0.03855390
0.04168558
0.04411700
0.04297824
0.03769159
0.04464054
0.04169474
0.04133407
0.04538477
0.04460399
0.04679996
0.04815674
0.04786440
0.04304836
0.04284731
0.03948601
0.04794964
0.04372435
0.04380036
0.04501612
0.04383044
0.04819830
0.04692163
0.04269025
0.04550962
0.03855390
0.04168558
0.04411700
0.04297824
0.03769159
0.04464054
0.04169474
0.04133407
0.04538477
0.04460399
0.04679996
0.04815674
0.04786440
0.04304836
0.04284731
0.03948601
0.04794964
0.04372435
0.04380036
0.04501612
0.04383044
0.04819830
0.04692163
0.04269025
0.04550962
0.04686881
0.04575087
0.04887940
0.04728193
0.03797383
0.04125482
0.04300637
0.04352386
0.04033631
0.05289790
0.04341005
0.04436789
0.04426020
0.04458395
0.04152096
0.03617756
0.04758259
0.04210514
0.03969947
0.04487583
0.04334664
0.04414732
0.04510981
0.03954921
0.04177816
0.04465197
0.03992505
0.04118470
0.04070513
0.04696533
0.04908757
0.03971171
0.04366419
0.03850502
0.03789954
0.03829991
0.03817216
0.04384973
0.04124499
0.04156418
0.04160160
0.04370404
0.04231932
0.04115323
0.03669364
0.04230344
0.04637846
0.04232504
0.04395504
0.04370377
0.04656899
0.04455052
0.04343403
0.04006362
0.03983814
0.04485641
0.04261982
0.04881040
0.04827018
0.04343512
0.04499386
0.03970724
0.04535308
0.04713151
0.04119816
0.04257593
0.05103026
0.03433010
0.04426983
0.05859754
0.04589824
0.03682267
0.04284136
0.05040570
0.04311701
0.04355031
0.03859546
0.04280155
0.04716084
0.04852496
0.04086148
0.04266867
0.04087743
0.04404783
0.04698405
0.04430349
0.04430164
0.03833319
0.03620449
0.04996638
0.04615539
0.04265703
0.04141489
0.04387534
0.03897645
0.04472165
0.04553483
0.04218685
0.04313629
0.05181201
0.04132193
0.03866366
0.04048421
0.04412300
0.04590338
0.04383868
0.04246077
0.04217445
0.03995741
0.05320276
0.04308807
0.04418130
0.04023641
0.04405670
0.05061578
0.04544152
0.05313244
0.03807418
0.04409314
0.04240831
0.05332379
0.04015182
0.05161600
0.04251489
0.04204717
0.04864972
0.03470803
0.04211334
0.04995916
0.04576386
0.04501324
0.04066681
0.03907263
0.04387460
0.04328505
0.03976126
0.03947831
0.03818712
0.03886974
0.03861712
0.04239296
0.04762892
0.04825828
0.04629157
0.04968322
0.04567694
0.03875688
0.03667731
0.04286792
0.04055241
0.04160198
0.04049290
0.04539258
0.04595147
0.04225237
0.04717975
0.04035764
0.04756158
0.04498978
0.04666183
0.04296983
0.04957755
0.04473805
0.04091559
0.04187864
0.04861619
0.04484839
0.04706411
0.04391355
0.03933821
0.04812058
0.04425185
0.04655570
0.04279842
0.03990785
0.04750496
0.04041949
0.05041246
0.04425025
0.04461835
0.04227222
0.04299831
0.04539200
0.04606219
0.03786165
0.04582760
0.04640465
0.04068713
0.04429064
0.04245948
0.04103214
0.04459587
0.04219895
0.04289407
0.03959416
0.04542180
0.04332986
0.05635518
0.03891906
0.04605374
0.04356989
0.04373646
0.04135364
0.03940371
0.04431499
0.04353502
0.04828124
0.04013068
0.05068357
0.04646447
0.04419793
0.04134803
0.04482688
0.04585117
0.04194017
0.04482042
0.04687665
0.04193868
0.05039204
0.04304001
0.04484830
0.04567543
0.04427679
0.04504768
0.04474047
0.04089508
0.04271506
0.04325164
0.03698757
0.04713462
0.05257867
0.04407149
0.04390440
0.04955645
0.04057968
0.04305808
0.04530576
0.03907662
0.04276112
0.04029029
0.04293283
0.04302835
0.04266237
0.04043269
0.03880740
0.05076392
0.04433946
0.04407553
0.04149865
0.03871613
0.04448170
0.03982710
0.04853723
0.04547627
0.04252452
0.04862879
0.04123569
0.04807270
0.04216343
0.05138433
0.04923955
0.04053363
0.04435930
0.04589608
0.04670559
0.04530290
0.04418142
0.04861558
0.04749086
0.04294897
0.04267219
0.04055998
0.04155414
0.03805638
0.04369478
0.04460104
0.03875921
0.04772996
0.04074139
0.05345246
0.03905438
0.04217838
0.05437254
0.04772631
0.04617423
0.03931676
0.05069305
0.04574160
0.04355551
0.04226136
0.04221979
0.04439126
0.04512578
0.04176562
0.04404149
0.03999814
0.03621863
0.04752847
0.03927646
0.04770887
0.03999762
0.04141382
0.04455414
0.04362865
0.04464315
0.05086363
0.04258703
0.04656259
0.04486057
0.04223090
0.04078648
0.04727450
0.04148226
0.04340768
0.05043628
0.04259132
0.04700993
0.04842145
0.03735843
0.04251694
0.04313626
0.04367334
0.04612835
0.04045471
0.04212038
0.03981266
0.04971985
0.04471947
0.04003388
0.04513250
0.04152269