0.05876429
0.05359316
0.04876379
0.05611594
0.05223588
0.05743578
0.05376875
0.05905376
0.05269216
0.04734958
0.05010744
0.06047852
0.06010764
0.05950094
0.04910833
0.06505189
0.05309060
0.05516224
0.05756623
0.05324068
0.04621196
0.06669808
0.05371706
0.06046010
0.05608185
0.05686170
0.06593859
0.05406523
0.04877780
0.06043623
0.04805997
0.04833338
0.05222976
0.07562618
0.06333231
0.06400294
0.06202272
0.05117702
0.06788627
0.05251909
0.05284728
0.05352668
0.06202272
0.05117702
0.06788627
0.05251909
0.05284728
0.05352668
0.05678551
0.05200140
0.05499539
0.05563033
0.04904303
0.05318373
0.04897299
0.05018572
0.05023923
0.06637491
0.05299873
0.05425203
0.05645773
0.05605406
0.05547682
0.05550926
0.05414632
0.05657542
0.05665734
0.04756604
0.05394139
0.04845201
0.05752464
0.05684984
0.05659839
0.05257532
0.06207668
0.05072241
0.06798901
0.05397871
0.04913203
0.05836849
0.04970957
0.05611065
0.04809651
0.04948256
0.05038455
0.04946501
0.06798203
0.05989215
0.06285495
0.05264920
0.05615249
0.05727713
0.04981865
0.04915386
0.06789942
0.05633872
0.05551533
0.05424633
0.05011815
0.05033737
0.06033565
0.05463550
0.05491110
0.05769749
0.05916788
0.05217348
0.04816301
0.05144094
0.05989481
0.05484672
0.05984404
0.05235598
0.05439642
0.05019048
0.05027596
0.05592445
0.05620540
0.05575732
0.05458964
0.05490177
0.06202272
0.05117702
0.06788627
0.05251909
0.05284728
0.05352668
0.05678551
0.05200140
0.05499539
0.05563033
0.04904303
0.05318373
0.04897299
0.05018572
0.05023923
0.06637491
0.05299873
0.05425203
0.05645773
0.05605406
0.05547682
0.05550926
0.05414632
0.05657542
0.05665734
0.04756604
0.06202272
0.05117702
0.06788627
0.05251909
0.05284728
0.05352668
0.05678551
0.05200140
0.05499539
0.05563033
0.04904303
0.05318373
0.04897299
0.05018572
0.05023923
0.06637491
0.05299873
0.05425203
0.05645773
0.05605406
0.05547682
0.05550926
0.05414632
0.05657542
0.05665734
0.04756604
0.05394139
0.04845201
0.05752464
0.05684984
0.05659839
0.05257532
0.06207668
0.05072241
0.06798901
0.05397871
0.04913203
0.05836849
0.04970957
0.05611065
0.04809651
0.04948256
0.05038455
0.04946501
0.06798203
0.05989215
0.06285495
0.05264920
0.05615249
0.05727713
0.04981865
0.04915386
0.06789942
0.05633872
0.05551533
0.05424633
0.05011815
0.05033737
0.06033565
0.05463550
0.05491110
0.05769749
0.05916788
0.05217348
0.04816301
0.05144094
0.05989481
0.05484672
0.05984404
0.05235598
0.05439642
0.05019048
0.05027596
0.05592445
0.05620540
0.05575732
0.05458964
0.05490177
0.05384842
0.04903433
0.05441045
0.05333538
0.05285649
0.06251566
0.05090798
0.05072550
0.05159905
0.05084117
0.06126473
0.04853890
0.04991966
0.05506591
0.04518724
0.05660643
0.05699210
0.05973993
0.05658966
0.05154828
0.05550062
0.05650574
0.04825370
0.05092941
0.05530816
0.06596497
0.06024727
0.05923134
0.05344733
0.05479250
0.05309249
0.05584135
0.05768385
0.04847485
0.06543117
0.05720912
0.04848041
0.05572609
0.05429724
0.04854313
0.04746337
0.06503749
0.05506584
0.04819787
0.04957874
0.05067420
0.05192044
0.05356426
0.05807298
0.06213716
0.05219674
0.04924495
0.05573924
0.05500957
0.05335663
0.05213071
0.05145903
0.05932380
0.05326425
0.04790769
0.05957645
0.05239582
0.05851523
0.05547473
0.05012498
0.05505780
0.04836771
0.04960223
0.05004987
0.05074858
0.05670075
0.06049697
0.05307324
0.05350210
0.05332004
0.06554068
0.05328780
0.04702420
0.05507752
0.05762643
0.05545627
0.04910733
0.06559470
0.05408642
0.05320664
0.05427054
0.06438150
0.05744506
0.05114988
0.06507505
0.05486120
0.06002214
0.05237957
0.05963728
0.05104511
0.05190956
0.05412672
0.05095338
0.06612798
0.06103006
0.05635979
0.04792455
0.07158426
0.05550411
0.04941158
0.05072630
0.05392370
0.05657211
0.05005930
0.04853111
0.04830163
0.05084194
0.06200779
0.04958363
0.04955109
0.06854966
0.05664427
0.05821212
0.05698676
0.05201889
0.06108090
0.04853193
0.06854380
0.05587726
0.05475647
0.04967204
0.04558150
0.06325680
0.05274159
0.05091859
0.05181097
0.06380742
0.06573800
0.04955385
0.05488932
0.05355432
0.05569886
0.06031414
0.04814905
0.05354197
0.05606497
0.05249083
0.05513969
0.05039568
0.05071492
0.05299566
0.05343433
0.04876370
0.04952394
0.05201020
0.05621131
0.05114256
0.06023027
0.05419584
0.05526092
0.05713577
0.05041658
0.05916444
0.05186731
0.04480152
0.05184404
0.05623899
0.06697349
0.05083529
0.04779501
0.05792965
0.05419984
0.05803183
0.06650443
0.05083994
0.06376151
0.04825602
0.04921019
0.06835331
0.06021158
0.04764921
0.05672191
0.04577986
0.04812436
0.05224727
0.05392779
0.05793711
0.05902410
0.06047645
0.05274199
0.06637404
0.04926465
0.05701507
0.05512899
0.05156910
0.05313504
0.04913004
0.04575086
0.06850876
0.05125307
0.05710872
0.05388699
0.05883092
0.05249457
0.04918801
0.05902108
0.06566201
0.06096461
0.05742244
0.04567269
0.05071690
0.04964334
0.04826711
0.05552084
0.04963060
0.04706979
0.06119105
0.05017576
0.05729050
0.05125139
0.05850887
0.05272909
0.05452195
0.05630822
0.07482331
0.04714730
0.04827216
0.05404605
0.06175124
0.05735171
0.05676523
0.05607672
0.05527891
0.04820257
0.05254713
0.05321564
0.05951431
0.05830125
0.05001853
0.04695749
0.05183370
0.05479857
0.05111525
0.05002599
0.05063026
0.05972411
0.06532113
0.05671475
0.06985664
0.04503571
0.04923316
0.05751008
0.05074484
0.05405036
0.05443996
0.04915475
0.04415416
0.06994701
0.05276625
0.06240498
0.05137664
0.04970665
0.07109820
0.05479857
0.04560097
0.05905215
0.05929468
0.05508092
0.05798815
0.05743136
0.05323302
0.04840303
0.05314764
0.06231933
0.04782647
0.05540981
0.05261164
0.06101153
0.05398885
0.05646595
0.06680319