0.06241778
0.06250048
0.06256006
0.05311541
0.05334878
0.05929436
0.05679635
0.06523258
0.05650671
0.05453777
0.05456523
0.05954694
0.06844855
0.06193781
0.05941777
0.06439275
0.06093016
0.04942919
0.05687671
0.05866643
0.05366361
0.05714063
0.05225448
0.05766604
0.05238736
0.05296998
0.05824101
0.05380537
0.06496740
0.06308782
0.04752495
0.05399079
0.06364195
0.05882056
0.05322049
0.06152250
0.05586820
0.05488935
0.06099280
0.06759221
0.04860348
0.05705749
0.05586820
0.05488935
0.06099280
0.06759221
0.04860348
0.05705749
0.06458546
0.06295356
0.05485991
0.06384034
0.05730405
0.05023602
0.05517200
0.05432234
0.07361997
0.05883894
0.07195419
0.06012322
0.04899746
0.05748108
0.06362357
0.05783956
0.04785794
0.06056200
0.05677154
0.05455655
0.05955426
0.05859722
0.07230689
0.07406175
0.05797142
0.05970124
0.06405095
0.04685204
0.05017027
0.05859839
0.05343638
0.05666943
0.04838664
0.06175229
0.06656018
0.06759733
0.05594878
0.06573768
0.06245781
0.06328953
0.05989741
0.06052716
0.06055427
0.06353146
0.06494628
0.05381944
0.05474159
0.06108770
0.05220554
0.05301554
0.05218626
0.06026339
0.05514219
0.07322075
0.05603213
0.05999944
0.05497106
0.05622772
0.07829924
0.05524732
0.05668807
0.05953472
0.06079668
0.08680409
0.05564868
0.05722614
0.05766454
0.05426001
0.05656912
0.05424998
0.07545121
0.06986120
0.05586820
0.05488935
0.06099280
0.06759221
0.04860348
0.05705749
0.06458546
0.06295356
0.05485991
0.06384034
0.05730405
0.05023602
0.05517200
0.05432234
0.07361997
0.05883894
0.07195419
0.06012322
0.04899746
0.05748108
0.06362357
0.05783956
0.04785794
0.06056200
0.05677154
0.05455655
0.05586820
0.05488935
0.06099280
0.06759221
0.04860348
0.05705749
0.06458546
0.06295356
0.05485991
0.06384034
0.05730405
0.05023602
0.05517200
0.05432234
0.07361997
0.05883894
0.07195419
0.06012322
0.04899746
0.05748108
0.06362357
0.05783956
0.04785794
0.06056200
0.05677154
0.05455655
0.05955426
0.05859722
0.07230689
0.07406175
0.05797142
0.05970124
0.06405095
0.04685204
0.05017027
0.05859839
0.05343638
0.05666943
0.04838664
0.06175229
0.06656018
0.06759733
0.05594878
0.06573768
0.06245781
0.06328953
0.05989741
0.06052716
0.06055427
0.06353146
0.06494628
0.05381944
0.05474159
0.06108770
0.05220554
0.05301554
0.05218626
0.06026339
0.05514219
0.07322075
0.05603213
0.05999944
0.05497106
0.05622772
0.07829924
0.05524732
0.05668807
0.05953472
0.06079668
0.08680409
0.05564868
0.05722614
0.05766454
0.05426001
0.05656912
0.05424998
0.07545121
0.06986120
0.05568301
0.05787118
0.05447531
0.04735921
0.05447212
0.06460906
0.05467133
0.05821816
0.05375098
0.05012937
0.05405018
0.05075910
0.06460860
0.05948840
0.05913451
0.05757278
0.06719398
0.07642097
0.06733856
0.05499544
0.06517308
0.06006584
0.06108868
0.06985375
0.06129194
0.07141974
0.05733678
0.06313120
0.05889310
0.06227504
0.07007283
0.05177193
0.05497346
0.05933589
0.06766874
0.05504637
0.06328387
0.05841525
0.06312077
0.05071921
0.05590704
0.06229502
0.05036182
0.07084499
0.05280522
0.05515549
0.05665726
0.06223987
0.06138382
0.06268436
0.05875976
0.05741668
0.05869131
0.06050901
0.06587925
0.06049001
0.05930766
0.05919926
0.05714886
0.06146650
0.05431114
0.06120254
0.05322181
0.05260239
0.05935585
0.05980334
0.05338468
0.05557613
0.06541194
0.05674845
0.05086730
0.05706585
0.05332093
0.05531051
0.05106152
0.05694827
0.04912911
0.06686007
0.05480109
0.06075237
0.05888609
0.05042347
0.05846015
0.05328654
0.05550491
0.05732310
0.06143639
0.05408846
0.05607280
0.05913195
0.05568455
0.05306776
0.07664827
0.05977350
0.06701205
0.06062275
0.05449206
0.05973317
0.06786715
0.05183947
0.05693303
0.06620081
0.05263244
0.06657299
0.06442229
0.05656008
0.05379950
0.05321106
0.06451280
0.05408531
0.06524310
0.06961914
0.05757112
0.05401234
0.05628749
0.05620503
0.05723719
0.06309240
0.05392969
0.06164979
0.05786799
0.06206281
0.05548731
0.05419444
0.06280230
0.06235482
0.05871175
0.07155864
0.06097504
0.05789757
0.08727608
0.05590175
0.07979939
0.05210802
0.05053261
0.06026733
0.06644022
0.06333822
0.05219668
0.06047425
0.05486971
0.06364630
0.06114792
0.05381893
0.05825099
0.05112089
0.06130415
0.05726849
0.06059527
0.05581572
0.05750370
0.06100216
0.05576223
0.05521632
0.05539884
0.06013732
0.05120025
0.05096441
0.06441713
0.05781295
0.05409352
0.06494125
0.05722715
0.05256437
0.05005981
0.05671009
0.05477636
0.06514381
0.05363122
0.05447790
0.05675143
0.05428394
0.04986912
0.05201955
0.05937000
0.05408329
0.05585852
0.05293195
0.05823726
0.06128161
0.07286470
0.06115651
0.05352879
0.06321724
0.06511437
0.05569308
0.05887519
0.05796693
0.05249780
0.05792137
0.06334135
0.06576367
0.06085817
0.08737237
0.05223289
0.06287970
0.05901082
0.06868371
0.06405976
0.05114236
0.05729493
0.04564706
0.06255223
0.05801608
0.06460136
0.05935152
0.06488254
0.05336626
0.05503031
0.06166851
0.05081129
0.05567014
0.05477811
0.06419425
0.05463331
0.06242126
0.06738736
0.06837983
0.06329775
0.05252970
0.05534279
0.06601393
0.05210694
0.06392656
0.06871712
0.06374649
0.05402895
0.05929611
0.06556172
0.04940979
0.05575483
0.06406845
0.05600598
0.08323226
0.06524270
0.05311772
0.06646425
0.04901525
0.05464324
0.06076367
0.04950985
0.06624807
0.05533699
0.05196989
0.06822518
0.05318858
0.05017932
0.05141746
0.05244994
0.06066238
0.05554664
0.06001952
0.07540754
0.05133895
0.06298520
0.06579304
0.05725834
0.05848169
0.05246881
0.05553998
0.06293127
0.06859060
0.05875749
0.06267212
0.06103527
0.06025343
0.05770998
0.04668904
0.05471834
0.06171640
0.05741048
0.05048307
0.05510292
0.04873464
0.06144129
0.05344603