0.15085893
0.13670392
0.12850375
0.12267880
0.12365173
0.11350700
0.16415713
0.11919929
0.11951571
0.12525154
0.12228788
0.14455867
0.13394976
0.12818213
0.13478140
0.13712191
0.11481733
0.12822108
0.12184604
0.13967812
0.13473708
0.11856607
0.13073423
0.11465633
0.17749394
0.12965578
0.12987211
0.13160917
0.10885331
0.12375782
0.12039459
0.13855764
0.12786701
0.11760260
0.11267706
0.11398121
0.12691651
0.14379906
0.12630780
0.13837067
0.11311815
0.12138478
0.12691651
0.14379906
0.12630780
0.13837067
0.11311815
0.12138478
0.13519796
0.11970702
0.12819272
0.12420802
0.11377306
0.12011623
0.13203709
0.13439910
0.11941854
0.12495971
0.18114746
0.11138343
0.11250188
0.19123767
0.12563913
0.10931791
0.12469035
0.16540243
0.12507721
0.11878975
0.12398557
0.11240377
0.13272006
0.12565273
0.12419640
0.11208497
0.12358428
0.13714044
0.12284225
0.12404478
0.13254994
0.14215630
0.15395537
0.12458510
0.13236404
0.12112142
0.11795552
0.12233532
0.12680922
0.13071915
0.12607789
0.12399735
0.13035964
0.12378590
0.12195474
0.12647385
0.12005428
0.13352777
0.13114355
0.13944493
0.14759394
0.13128630
0.13532294
0.13272414
0.12148855
0.11491433
0.14319006
0.11140490
0.14113009
0.11889216
0.12660345
0.11257427
0.13237387
0.12228996
0.11639817
0.12744985
0.12325968
0.14006669
0.11700547
0.13027248
0.11679955
0.12064974
0.12691651
0.14379906
0.12630780
0.13837067
0.11311815
0.12138478
0.13519796
0.11970702
0.12819272
0.12420802
0.11377306
0.12011623
0.13203709
0.13439910
0.11941854
0.12495971
0.18114746
0.11138343
0.11250188
0.19123767
0.12563913
0.10931791
0.12469035
0.16540243
0.12507721
0.11878975
0.12691651
0.14379906
0.12630780
0.13837067
0.11311815
0.12138478
0.13519796
0.11970702
0.12819272
0.12420802
0.11377306
0.12011623
0.13203709
0.13439910
0.11941854
0.12495971
0.18114746
0.11138343
0.11250188
0.19123767
0.12563913
0.10931791
0.12469035
0.16540243
0.12507721
0.11878975
0.12398557
0.11240377
0.13272006
0.12565273
0.12419640
0.11208497
0.12358428
0.13714044
0.12284225
0.12404478
0.13254994
0.14215630
0.15395537
0.12458510
0.13236404
0.12112142
0.11795552
0.12233532
0.12680922
0.13071915
0.12607789
0.12399735
0.13035964
0.12378590
0.12195474
0.12647385
0.12005428
0.13352777
0.13114355
0.13944493
0.14759394
0.13128630
0.13532294
0.13272414
0.12148855
0.11491433
0.14319006
0.11140490
0.14113009
0.11889216
0.12660345
0.11257427
0.13237387
0.12228996
0.11639817
0.12744985
0.12325968
0.14006669
0.11700547
0.13027248
0.11679955
0.12064974
0.11518141
0.12336436
0.12040790
0.13179185
0.14350415
0.14683631
0.13074508
0.12274281
0.12106252
0.16616671
0.12528136
0.13788658
0.12429398
0.12809663
0.11868576
0.12774811
0.11321747
0.15433505
0.13619150
0.13424146
0.12539059
0.12488848
0.14427074
0.12121277
0.13434795
0.11726950
0.13464923
0.12315962
0.12361201
0.12941072
0.14688749
0.11992563
0.15139477
0.14695392
0.14709725
0.12918354
0.15364383
0.12140991
0.12891255
0.13345896
0.12926284
0.12299122
0.12478721
0.13149928
0.13564328
0.11521265
0.13934264
0.14580933
0.11952920
0.12727128
0.13705558
0.13828230
0.12204497
0.13461995
0.14665375
0.12773194
0.11560233
0.11928440
0.11615393
0.13154449
0.12671810
0.12107185
0.14088932
0.14414869
0.11978987
0.13196688
0.15347739
0.13186962
0.16029903
0.12970288
0.11966283
0.12414621
0.11670126
0.11832883
0.12889311
0.11598210
0.11230364
0.11580451
0.14289129
0.17850682
0.10931573
0.13458894
0.14391879
0.13288242
0.11194405
0.12021654
0.11798372
0.13535349
0.11317476
0.12889617
0.11417364
0.13816437
0.11831188
0.11599051
0.12837132
0.13535475
0.13268639
0.14444191
0.12119559
0.11361580
0.14754599
0.12311813
0.13025658
0.11222882
0.12238827
0.11214130
0.12307334
0.10966020
0.11470132
0.13003522
0.12722809
0.12241541
0.14950891
0.11422069
0.13710857
0.13288100
0.12196369
0.12853594
0.12608072
0.12942821
0.19914691
0.13532569
0.12314762
0.11438395
0.13984100
0.13615250
0.13026852
0.14320196
0.12314500
0.12865720
0.11769080
0.16380955
0.14406739
0.10958694
0.14519406
0.13184608
0.12035409
0.13061870
0.11999436
0.11424029
0.13958361
0.13351140
0.11650538
0.13227223
0.12216540
0.14193517
0.13012489
0.12924547
0.12890686
0.12052237
0.12021947
0.11022032
0.12422713
0.12613416
0.12642735
0.16316429
0.19889482
0.12794221
0.13323567
0.14110414
0.12648885
0.11607231
0.14204205
0.11800102
0.12449623
0.12539881
0.14219047
0.13835310
0.14040021
0.12436415
0.12233546
0.12560549
0.11166983
0.14685963
0.12140827
0.12784922
0.25690585
0.13369742
0.12443681
0.11984398
0.12418430
0.13227837
0.16518038
0.12044599
0.11282614
0.11971136
0.15647137
0.15003737
0.12449329
0.11534873
0.13011244
0.11876270
0.14072271
0.12288701
0.13378380
0.11969464
0.13098417
0.13709487
0.12899579
0.13102693
0.10788413
0.14077445
0.12416509
0.11150208
0.12101336
0.13023086
0.12835072
0.12190742
0.12339515
0.11252639
0.14050566
0.20078154
0.13802325
0.12156864
0.14105884
0.11294036
0.15844460
0.11991140
0.13453925
0.12843384
0.13299790
0.12343190
0.11896839
0.13559937
0.13611046
0.11633606
0.13916707
0.12827568
0.12087626
0.11787056
0.12986446
0.12162804
0.13251460
0.12230737
0.11732490
0.11357476
0.11643537
0.13120660
0.12877321
0.13982819
0.13197442
0.12053660
0.39197574
0.12335009
0.14864655
0.12905186
0.12056684
0.13590496
0.11784632
0.12398664
0.12387992
0.11015244
0.12423072
0.13314545
0.11034016
0.11900443
0.12317863
0.12109900
0.12146836
0.11833523
0.12648591
0.12627370
0.13482464
0.13602202
0.14987778
0.11697641
0.11700657
0.13387631
0.12678586
0.11408139
0.12854725
0.18183033
0.11511157
0.11542873
0.10909826
0.12675336