0.06908186
0.05463794
0.06673112
0.06079623
0.06643383
0.06343568
0.06389528
0.06135512
0.06297822
0.06811159
0.06472851
0.06496813
0.06536466
0.06730618
0.05935732
0.06624178
0.05479029
0.07712313
0.07177675
0.05623989
0.07287498
0.06094436
0.06842674
0.06401086
0.08096292
0.05971105
0.06198167
0.07169307
0.06529393
0.06671358
0.06470401
0.06424480
0.07535504
0.06080061
0.06282478
0.06552410
0.05931530
0.05598758
0.06556248
0.06695769
0.06135705
0.05931530
0.05598758
0.06556248
0.06695769
0.06135705
0.06104382
0.06361023
0.05696071
0.06235849
0.06626667
0.06482944
0.06232081
0.06052929
0.06106795
0.06309506
0.06690199
0.06440776
0.06740207
0.06457156
0.07406309
0.06210217
0.05906255
0.06171987
0.06436942
0.06132152
0.06068915
0.06243512
0.05972351
0.06129606
0.07387132
0.06929197
0.07423864
0.05620805
0.06951741
0.05689387
0.06310681
0.06135700
0.07156181
0.06744566
0.06231605
0.05949214
0.05409156
0.06727709
0.06235575
0.05966454
0.05539191
0.06277766
0.06279694
0.06438418
0.06868747
0.05948014
0.06879056
0.06199023
0.05841140
0.06296353
0.07191810
0.06812738
0.06292936
0.06266397
0.06479367
0.06341808
0.06425833
0.07632640
0.06434523
0.05894758
0.06405374
0.08206461
0.05987491
0.06266840
0.06149860
0.06365062
0.06200680
0.06137995
0.06223133
0.06157992
0.06270760
0.06266586
0.07156799
0.05931530
0.05598758
0.06556248
0.06695769
0.06135705
0.06104382
0.06361023
0.05696071
0.06235849
0.06626667
0.06482944
0.06232081
0.06052929
0.06106795
0.06309506
0.06690199
0.06440776
0.06740207
0.06457156
0.07406309
0.06210217
0.05906255
0.06171987
0.06436942
0.06132152
0.05931530
0.05598758
0.06556248
0.06695769
0.06135705
0.06104382
0.06361023
0.05696071
0.06235849
0.06626667
0.06482944
0.06232081
0.06052929
0.06106795
0.06309506
0.06690199
0.06440776
0.06740207
0.06457156
0.07406309
0.06210217
0.05906255
0.06171987
0.06436942
0.06132152
0.06068915
0.06243512
0.05972351
0.06129606
0.07387132
0.06929197
0.07423864
0.05620805
0.06951741
0.05689387
0.06310681
0.06135700
0.07156181
0.06744566
0.06231605
0.05949214
0.05409156
0.06727709
0.06235575
0.05966454
0.05539191
0.06277766
0.06279694
0.06438418
0.06868747
0.05948014
0.06879056
0.06199023
0.05841140
0.06296353
0.07191810
0.06812738
0.06292936
0.06266397
0.06479367
0.06341808
0.06425833
0.07632640
0.06434523
0.05894758
0.06405374
0.08206461
0.05987491
0.06266840
0.06149860
0.06365062
0.06200680
0.06137995
0.06223133
0.06157992
0.06270760
0.06266586
0.07156799
0.06355169
0.06263450
0.06214016
0.06780425
0.07185962
0.06202364
0.06558329
0.07368007
0.06787715
0.06241579
0.06265744
0.06769489
0.06715846
0.05835882
0.05748171
0.06157963
0.05735586
0.06711666
0.06114557
0.06799266
0.06325213
0.06525790
0.05970454
0.06269777
0.06075436
0.06102082
0.07104670
0.06060707
0.05780180
0.06080612
0.05735013
0.09026681
0.07774543
0.06383922
0.07847582
0.07097023
0.06005785
0.08288555
0.06458714
0.06838988
0.06081506
0.07478163
0.06524304
0.06172736
0.05877764
0.05846404
0.06236844
0.07155936
0.06036079
0.05895600
0.06604744
0.07539465
0.05961025
0.08117307
0.05914609
0.07165631
0.06885045
0.06531763
0.06823967
0.06145348
0.06116180
0.06079062
0.05987713
0.06030645
0.06621581
0.06415181
0.05980672
0.06003549
0.06530014
0.06276868
0.06265112
0.09116216
0.07029561
0.06549433
0.06774489
0.06373651
0.06031222
0.06623582
0.05998881
0.06093344
0.05975875
0.05756527
0.06310682
0.06544855
0.05822381
0.07331253
0.06519116
0.06593128
0.05750136
0.07870407
0.06473556
0.06423346
0.07180937
0.06854136
0.07047316
0.05940909
0.07887964
0.05731030
0.05996062
0.06911494
0.06660002
0.06716446
0.07282583
0.05821562
0.06194100
0.06890613
0.06059782
0.07165365
0.06011710
0.07902978
0.06386525
0.06900013
0.06046630
0.06179849
0.06094849
0.06014603
0.06993133
0.06392619
0.07714719
0.06513048
0.06044454
0.06296447
0.07746795
0.06754190
0.05609302
0.06953964
0.05880037
0.05629088
0.07307888
0.07259397
0.05927658
0.05590303
0.06994062
0.06704282
0.06360891
0.06653042
0.06209754
0.07935778
0.06449703
0.06585903
0.06823926
0.05985918
0.06677890
0.05932307
0.05925676
0.06453645
0.05944954
0.06125681
0.05707996
0.06704399
0.06614694
0.06259384
0.06579629
0.06567803
0.07187733
0.06309648
0.05844680
0.06107107
0.06357598
0.06114114
0.06126383
0.06201155
0.05836910
0.05902413
0.05708311
0.06630818
0.06884396
0.05900507
0.06082428
0.06829152
0.05920296
0.06345656
0.06560016
0.07542859
0.06565337
0.06484792
0.06331770
0.06266804
0.06006115
0.06814444
0.06074466
0.06033130
0.06189833
0.06065660
0.06449431
0.05857501
0.06256769
0.05620455
0.05812365
0.07557563
0.06297048
0.07302660
0.06127841
0.05885763
0.06799404
0.05632351
0.07149235
0.06343760
0.06862990
0.07009941
0.06702519
0.06448810
0.05678820
0.05925692
0.05973183
0.06599398
0.05735560
0.06116854
0.06575728
0.05843032
0.06088800
0.06025137
0.06738597
0.05843871
0.07397355
0.05887275
0.06483417
0.06043897
0.05729299
0.06712589
0.08108572
0.06353140
0.06141004
0.06932090
0.06284992
0.06887567
0.06500407
0.06206249
0.06139315
0.06462697
0.06546090
0.06603274
0.06906565
0.06410929
0.06258610
0.07939477
0.06728214
0.06246810
0.06108578
0.06112991
0.06764625
0.06812599
0.06822187
0.05893674
0.06733917
0.06119027
0.06802034
0.07972033
0.06876043
0.06062733
0.08635620
0.06513274
0.06575665
0.06577176
0.07447071
0.06284292
0.06147949
0.06338645
0.06793722
0.06265238
0.06476092
0.05782334
0.06137694
0.06331626
0.06413193
0.05606902
0.06446975
0.07099480
0.07090586
0.06437799
0.06286833
0.06345631
0.07009432
0.05871731
0.06145793
0.05956011
0.06602018
0.06243925