0.05379565
0.06055711
0.05139889
0.05580852
0.04468073
0.04542225
0.04648953
0.04953571
0.05191557
0.05069311
0.05083903
0.04895644
0.04430325
0.04876929
0.04628919
0.04509119
0.05004959
0.04875108
0.04495357
0.04541581
0.05483587
0.05187754
0.04925024
0.04465470
0.04281638
0.05158314
0.04774310
0.05345836
0.05259170
0.05303298
0.04714719
0.05762663
0.05674231
0.04689811
0.04208733
0.04134917
0.05155894
0.04792395
0.04125733
0.05504502
0.04562043
0.05407415
0.05155894
0.04792395
0.04125733
0.05504502
0.04562043
0.05407415
0.04619183
0.05137430
0.04598888
0.05027945
0.04506385
0.04615093
0.04815587
0.04719044
0.05368117
0.04536822
0.05052882
0.04463077
0.05203237
0.05254406
0.04990384
0.05219321
0.05194745
0.04478550
0.04814460
0.04930620
0.04728970
0.05455413
0.05439966
0.05049937
0.05143131
0.04527587
0.05203794
0.05068380
0.05590528
0.04869321
0.06075464
0.04907229
0.04391069
0.04618993
0.04704507
0.04984413
0.05093869
0.04986765
0.04774464
0.04718372
0.05725477
0.05157674
0.04355004
0.05154520
0.05161212
0.04887818
0.05398417
0.05182272
0.04572999
0.05695453
0.04683936
0.04423893
0.04756034
0.04838204
0.04296407
0.04426555
0.04970032
0.05331987
0.05366916
0.05002615
0.06738768
0.04240139
0.04279687
0.04431345
0.05259573
0.04499677
0.04837096
0.05126116
0.04762625
0.05729470
0.04901127
0.05552857
0.05155894
0.04792395
0.04125733
0.05504502
0.04562043
0.05407415
0.04619183
0.05137430
0.04598888
0.05027945
0.04506385
0.04615093
0.04815587
0.04719044
0.05368117
0.04536822
0.05052882
0.04463077
0.05203237
0.05254406
0.04990384
0.05219321
0.05194745
0.04478550
0.04814460
0.04930620
0.05155894
0.04792395
0.04125733
0.05504502
0.04562043
0.05407415
0.04619183
0.05137430
0.04598888
0.05027945
0.04506385
0.04615093
0.04815587
0.04719044
0.05368117
0.04536822
0.05052882
0.04463077
0.05203237
0.05254406
0.04990384
0.05219321
0.05194745
0.04478550
0.04814460
0.04930620
0.04728970
0.05455413
0.05439966
0.05049937
0.05143131
0.04527587
0.05203794
0.05068380
0.05590528
0.04869321
0.06075464
0.04907229
0.04391069
0.04618993
0.04704507
0.04984413
0.05093869
0.04986765
0.04774464
0.04718372
0.05725477
0.05157674
0.04355004
0.05154520
0.05161212
0.04887818
0.05398417
0.05182272
0.04572999
0.05695453
0.04683936
0.04423893
0.04756034
0.04838204
0.04296407
0.04426555
0.04970032
0.05331987
0.05366916
0.05002615
0.06738768
0.04240139
0.04279687
0.04431345
0.05259573
0.04499677
0.04837096
0.05126116
0.04762625
0.05729470
0.04901127
0.05552857
0.05199816
0.05103404
0.04685805
0.04805801
0.05639158
0.05910855
0.04277205
0.04932751
0.05333086
0.05229150
0.04995185
0.05051150
0.05084291
0.04645614
0.04817318
0.04770843
0.05259365
0.06507935
0.04319968
0.04923814
0.04814933
0.04830595
0.04989323
0.04890875
0.04548092
0.05383084
0.04815782
0.05208202
0.04251481
0.04695158
0.04344200
0.04777641
0.05425043
0.04439990
0.05035966
0.04729369
0.04694807
0.04772099
0.05671541
0.05434281
0.04899701
0.04848883
0.04869312
0.04754299
0.04890306
0.04984852
0.05440792
0.04820934
0.04870123
0.04890147
0.04585199
0.05833503
0.04846090
0.04918321
0.05071864
0.05100704
0.05087510
0.05062276
0.04784016
0.05369022
0.06020553
0.05145912
0.05027285
0.05301300
0.04495102
0.05200995
0.05049743
0.04399018
0.05156210
0.04576516
0.04533692
0.04723496
0.05266370
0.05341120
0.04888989
0.04803833
0.05582162
0.04384552
0.04824590
0.04541781
0.05259237
0.04771789
0.04919991
0.04856020
0.04486373
0.06668273
0.04544158
0.04592357
0.04657346
0.04410645
0.04758945
0.06022861
0.04373216
0.04576641
0.04457455
0.04630172
0.05200814
0.04600003
0.04369781
0.05271415
0.04573564
0.05248237
0.04665935
0.04987362
0.05070924
0.04442838
0.04938719
0.04508049
0.04970723
0.04245261
0.05397570
0.04987578
0.04957229
0.04468283
0.05048503
0.04754775
0.05345704
0.05297987
0.04742942
0.04936781
0.04801265
0.04377503
0.04764333
0.05177511
0.04356873
0.04970246
0.04414708
0.04887141
0.04782969
0.05736150
0.04923980
0.04969196
0.04690240
0.04069361
0.05292641
0.04800359
0.04669376
0.04555286
0.04918558
0.04667520
0.04068047
0.04960581
0.04548821
0.04778743
0.04892845
0.04222568
0.04411377
0.05140028
0.05203424
0.04951842
0.05731935
0.05499280
0.04416234
0.04744842
0.05382357
0.04576730
0.05013457
0.05600044
0.04787960
0.04525044
0.04572093
0.05040570
0.04658897
0.04787029
0.04927018
0.05309829
0.04912143
0.04601368
0.05118118
0.04767555
0.05348961
0.05248613
0.04887555
0.04755089
0.05207075
0.04731101
0.04652205
0.05036881
0.04577603
0.04237373
0.05209769
0.05026639
0.04695507
0.04762593
0.05092403
0.05665698
0.05065318
0.04931406
0.04423508
0.04848304
0.04234842
0.04553173
0.05040826
0.04116647
0.05063956
0.05083651
0.05493157
0.04897255
0.05281732
0.04895062
0.04813629
0.04508802
0.04583424
0.04902021
0.05537006
0.05368168
0.04373215
0.05098398
0.04148911
0.04389416
0.04337668
0.05470045
0.04981340
0.04735622
0.04295178
0.05380855
0.04565684
0.04992620
0.04590814
0.04205632
0.04806433
0.04506061
0.04536130
0.04346748
0.04933146
0.04633015
0.05322194
0.04373557
0.04725978
0.04760774
0.04196483
0.04835414
0.04842144
0.05160664
0.04587943
0.04334052
0.05072610
0.04725913
0.04884521
0.04712217
0.05058494
0.05753884
0.04615945
0.04167880
0.04183556
0.05435833
0.04154254
0.05744814
0.05936640
0.04654383
0.05371410
0.04172336
0.05617220
0.05618657
0.04364002
0.04655799
0.04971650
0.05139578
0.04888145
0.05419361
0.05246207
0.05005213
0.04509111
0.05690553
0.05625358
0.04042752
0.04749245
0.04480522
0.05415726
0.04866452
0.04757142
0.05461693
0.04043928
0.04890605
0.04652120
0.05198489