0.17950245
0.19263467
0.28559087
0.20370162
0.19025647
0.22704019
0.17160421
0.24662916
0.27512833
0.23139113
0.21422954
0.20134584
0.21003111
0.24230832
0.21368136
0.18477705
0.27058836
0.38742478
0.20619246
0.19359545
0.28452333
0.18349456
0.19906966
0.28165950
0.23627791
0.23724583
0.26905134
0.21847180
0.25896243
0.26561536
0.25597061
0.26438351
0.26858681
0.18284387
0.29984946
0.19855959
0.19899480
0.31823168
0.23884981
0.20793445
0.18931963
0.20718575
0.27924541
0.31823168
0.23884981
0.20793445
0.18931963
0.20718575
0.27924541
0.22481407
0.15859526
0.21100174
0.21994140
0.29012235
0.21575274
0.20291540
0.24769961
0.30859909
0.22450005
0.22670129
0.25469244
0.21465992
0.16906919
0.31439459
0.21961877
0.23751472
0.20108334
0.19444953
0.18519390
0.16133379
0.19312376
0.27896836
0.23479758
0.28102432
0.18863845
0.22778269
0.19564573
0.41082880
0.24481027
0.20373649
0.21352419
0.19578646
0.18005699
0.25547615
0.22858173
0.23932393
0.19580553
0.24285059
0.23211881
0.18230656
0.35224577
0.29479113
0.29768721
0.24104782
0.18932965
0.28728025
0.22904565
0.20868038
0.24495838
0.19170718
0.26020312
0.32818748
0.19179080
0.25379454
0.22052578
0.22963524
0.31682103
0.25287544
0.28400257
0.29318759
0.16031726
0.21134426
0.24711379
0.17918046
0.29551576
0.23473128
0.21715746
0.19030530
0.27228863
0.27287560
0.21487516
0.26976953
0.31823168
0.23884981
0.20793445
0.18931963
0.20718575
0.27924541
0.22481407
0.15859526
0.21100174
0.21994140
0.29012235
0.21575274
0.20291540
0.24769961
0.30859909
0.22450005
0.22670129
0.25469244
0.21465992
0.16906919
0.31439459
0.21961877
0.23751472
0.20108334
0.19444953
0.18519390
0.31823168
0.23884981
0.20793445
0.18931963
0.20718575
0.27924541
0.22481407
0.15859526
0.21100174
0.21994140
0.29012235
0.21575274
0.20291540
0.24769961
0.30859909
0.22450005
0.22670129
0.25469244
0.21465992
0.16906919
0.31439459
0.21961877
0.23751472
0.20108334
0.19444953
0.18519390
0.16133379
0.19312376
0.27896836
0.23479758
0.28102432
0.18863845
0.22778269
0.19564573
0.41082880
0.24481027
0.20373649
0.21352419
0.19578646
0.18005699
0.25547615
0.22858173
0.23932393
0.19580553
0.24285059
0.23211881
0.18230656
0.35224577
0.29479113
0.29768721
0.24104782
0.18932965
0.28728025
0.22904565
0.20868038
0.24495838
0.19170718
0.26020312
0.32818748
0.19179080
0.25379454
0.22052578
0.22963524
0.31682103
0.25287544
0.28400257
0.29318759
0.16031726
0.21134426
0.24711379
0.17918046
0.29551576
0.23473128
0.21715746
0.19030530
0.27228863
0.27287560
0.21487516
0.26976953
0.20444381
0.19484032
0.27420458
0.18970769
0.22293697
0.20085954
0.19898340
0.20750712
0.25343225
0.20292861
0.18825499
0.17698418
0.28070337
0.16455411
0.20446133
0.18657090
0.24877662
0.18202314
0.19098359
0.20776944
0.21578093
0.18321721
0.18486699
0.20115515
0.24225819
0.20765525
0.18909638
0.26263332
0.17961475
0.21180936
0.24232922
0.16668645
0.16793862
0.30902220
0.20983271
0.22001710
0.20835809
0.25557571
0.21954922
0.22800633
0.25843192
0.22430640
0.40048441
0.25868405
0.22017618
0.18112970
0.20254726
0.28892636
0.22092860
0.18511982
0.24407918
0.19611093
0.17388345
0.26172430
0.23553406
0.18716266
0.21371894
0.18293220
0.20755575
0.17708815
0.23075902
0.23800894
0.22659445
0.21227573
0.26353727
0.18292473
0.24210954
0.20621744
0.23641262
0.26900624
0.20420193
0.22976159
0.20053188
0.18897655
0.22907609
0.24107790
0.19504076
0.20860340
0.39314195
0.22687614
0.18486461
0.33326832
0.22215795
0.19839879
0.19185904
0.18998918
0.52317528
0.18814489
0.27864837
0.23259393
0.16852345
0.18316204
0.19980615
0.18397605
0.20910535
0.36015096
0.16666997
0.23784576
0.18413200
0.18182074
0.25839335
0.22800369
0.20915388
0.23311297
0.22469479
0.18447095
0.17469487
0.19471391
0.18193261
0.21385800
0.25020643
0.19308986
0.17048339
0.18606065
0.21897276
0.32351181
0.18161856
0.20262189
0.24455463
0.18752512
0.19090198
0.21246500
0.23019859
0.22163367
0.21538077
0.17543677
0.23841776
0.21220384
0.29736706
0.23557577
0.21108897
0.21709314
0.25916079
0.18325540
0.22937959
0.19559953
0.19170441
0.33508104
0.20443096
0.20744647
0.33002892
0.17524946
0.36935796
0.23968906
0.19859717
0.27506434
0.21237712
0.22500613
0.20446453
0.24542494
0.27041084
0.20759351
0.17346877
0.20770458
0.20200864
0.28397031
0.23862896
0.19585615
0.33299803
0.17704346
0.25582364
0.21274729
0.19841153
0.20789290
0.20926392
0.20808688
0.27198283
0.18686915
0.24237345
0.19984224
0.29101249
0.20899319
0.23428359
0.16513709
0.19602923
0.22781529
0.17947605
0.22112224
0.18326570
0.17752943
0.21041785
0.36813295
0.16792671
0.17192003
0.21224880
0.21708360
0.17601512
0.19910726
0.17333233
0.17625235
0.21759625
0.25655025
0.16937798
0.21260896
0.18070357
0.17644043
0.19951580
0.29934403
0.16498806
0.20882235
0.19910522
0.18012319
0.22230987
0.21252385
0.24237042
0.23685704
0.17749841
0.17885690
0.18731938
0.22891102
0.21300592
0.18001632
0.29592160
0.21052189
0.18853254
0.20172072
0.24878047
0.25893172
0.18756882
0.23522701
0.21980019
0.20622394
0.18066058
0.26822008
0.19412999
0.19650892
0.18432965
0.19590672
0.18232741
0.19045124
0.30408411
0.24605802
0.26834181
0.25828862
0.23434601
0.16901860
0.33132153
0.19257248
0.21493105
0.27553156
0.25299060
0.19401220
0.29090344
0.25239283
0.19026099
0.23287447
0.19787332
0.21437663
0.19554211
0.17122563
0.36455911
0.24137481
0.25818454
0.23264656
0.28103202
0.19707426
0.21785482
0.28592293
0.19237540
0.17771539
0.24291198
0.19877104
0.26590927
0.23788899
0.29879303
0.26047436
0.22485531
0.21147903
0.37784022
0.17745165
0.20410062
0.19950793
0.16032103