0.03724639
0.04818521
0.04437036
0.03964115
0.05174960
0.04567139
0.05054806
0.04435603
0.04280768
0.04967723
0.04709622
0.05475579
0.04155567
0.04012957
0.04215222
0.04681386
0.04667028
0.04457634
0.04450555
0.03968645
0.04614164
0.04586847
0.03993248
0.04393291
0.04032902
0.04820465
0.05275767
0.04674766
0.04384070
0.04360567
0.03955368
0.03880405
0.04719447
0.04295854
0.03746078
0.05409001
0.04670746
0.04302592
0.04377501
0.03891371
0.04668812
0.04670746
0.04302592
0.04377501
0.03891371
0.04668812
0.04369122
0.04931365
0.04908006
0.04892478
0.04499178
0.04818579
0.04622284
0.03914596
0.04488285
0.05007727
0.04689421
0.04172278
0.04765991
0.03769154
0.04390412
0.04409892
0.04221272
0.04649709
0.03778260
0.04965048
0.03998500
0.04868211
0.04777705
0.04085420
0.04073392
0.04053309
0.04551103
0.04753087
0.04733229
0.04446329
0.04559753
0.04587441
0.04176581
0.04464313
0.04044537
0.04310375
0.04395900
0.04530041
0.04570066
0.04439326
0.04112359
0.04081357
0.04658447
0.06221093
0.05028732
0.04666710
0.04554421
0.04439385
0.04307240
0.04040433
0.04531037
0.03768005
0.04964566
0.04087829
0.04359684
0.04712786
0.04755725
0.04361970
0.04496395
0.04230907
0.04514146
0.04348145
0.03996597
0.05188391
0.04671081
0.04360101
0.04122986
0.04054024
0.04149081
0.04301265
0.05225768
0.04883893
0.04865032
0.04670746
0.04302592
0.04377501
0.03891371
0.04668812
0.04369122
0.04931365
0.04908006
0.04892478
0.04499178
0.04818579
0.04622284
0.03914596
0.04488285
0.05007727
0.04689421
0.04172278
0.04765991
0.03769154
0.04390412
0.04409892
0.04221272
0.04649709
0.03778260
0.04965048
0.04670746
0.04302592
0.04377501
0.03891371
0.04668812
0.04369122
0.04931365
0.04908006
0.04892478
0.04499178
0.04818579
0.04622284
0.03914596
0.04488285
0.05007727
0.04689421
0.04172278
0.04765991
0.03769154
0.04390412
0.04409892
0.04221272
0.04649709
0.03778260
0.04965048
0.03998500
0.04868211
0.04777705
0.04085420
0.04073392
0.04053309
0.04551103
0.04753087
0.04733229
0.04446329
0.04559753
0.04587441
0.04176581
0.04464313
0.04044537
0.04310375
0.04395900
0.04530041
0.04570066
0.04439326
0.04112359
0.04081357
0.04658447
0.06221093
0.05028732
0.04666710
0.04554421
0.04439385
0.04307240
0.04040433
0.04531037
0.03768005
0.04964566
0.04087829
0.04359684
0.04712786
0.04755725
0.04361970
0.04496395
0.04230907
0.04514146
0.04348145
0.03996597
0.05188391
0.04671081
0.04360101
0.04122986
0.04054024
0.04149081
0.04301265
0.05225768
0.04883893
0.04865032
0.03877523
0.04452490
0.04539241
0.04162593
0.04064515
0.03858650
0.04879261
0.04917177
0.04377687
0.04253970
0.04455718
0.04761580
0.04197864
0.04070774
0.04205976
0.04817031
0.04352391
0.04546302
0.04915517
0.04825046
0.03771538
0.04587842
0.04738058
0.04368281
0.04090055
0.04588646
0.04694484
0.04906608
0.05942461
0.04726367
0.03805872
0.04066125
0.04503303
0.04162490
0.04491115
0.04646107
0.04283476
0.04087120
0.04581555
0.04550009
0.04795184
0.04189720
0.04331188
0.04354594
0.05013129
0.04557314
0.04101395
0.04129135
0.04376866
0.04991313
0.04987717
0.05291341
0.04566984
0.04678043
0.04726193
0.04232564
0.04436508
0.04044189
0.04162493
0.04616681
0.04336461
0.04592353
0.05412984
0.04486859
0.04953065
0.04071268
0.04406570
0.04617459
0.04736833
0.04111929
0.05034685
0.05322206
0.04236602
0.04078989
0.04252268
0.04465736
0.04748626
0.03906526
0.05457196
0.04624506
0.04826976
0.04944875
0.04537755
0.04946423
0.03758232
0.04559210
0.04973661
0.04252879
0.05100269
0.04758404
0.03856507
0.04971323
0.04655110
0.04798602
0.04288263
0.04043086
0.04311719
0.04305136
0.04305419
0.04701549
0.04642440
0.04078574
0.04545395
0.04071994
0.04490798
0.04215367
0.04081472
0.04591509
0.05133482
0.04111851
0.04379610
0.04257725
0.04046830
0.04078686
0.04352750
0.04762520
0.03484541
0.04756823
0.04576351
0.04699062
0.04438244
0.04177201
0.04266414
0.05267695
0.04282836
0.04080089
0.05297772
0.04733536
0.03836053
0.04867913
0.04281622
0.04956570
0.04935494
0.04379793
0.04373804
0.04770880
0.04749099
0.04533440
0.04649227
0.03907002
0.04165311
0.04851017
0.04809008
0.04544342
0.04010532
0.04437688
0.04138155
0.04866721
0.03992905
0.04764076
0.04937025
0.04781119
0.04690202
0.05774388
0.04461142
0.04525860
0.04314982
0.03953473
0.04845589
0.04368004
0.04669785
0.04113978
0.04435215
0.04968670
0.03799793
0.05007588
0.03732819
0.04264809
0.04472392
0.04533839
0.05120965
0.04429922
0.04451326
0.05172258
0.04147701
0.04319260
0.03882581
0.04259273
0.04300189
0.04364481
0.03868448
0.04670707
0.04209918
0.04021440
0.04324198
0.04432232
0.04247081
0.03835064
0.05882686
0.03896897
0.04090946
0.03658307
0.05694362
0.04886358
0.04073154
0.04532284
0.04501709
0.04348769
0.04296651
0.04626145
0.04672553
0.04319269
0.04203672
0.04098885
0.04427450
0.04100105
0.04909042
0.04618987
0.04254024
0.03878724
0.04337568
0.04863957
0.04975043
0.03735090
0.05026346
0.04714940
0.04647863
0.04580996
0.03952279
0.04575529
0.04920861
0.04294535
0.04740098
0.04522168
0.04053807
0.04445825
0.04708649
0.04719233
0.04460209
0.04150793
0.05364472
0.04383275
0.04571034
0.04901256
0.05695771
0.04312238
0.03780121
0.04505585
0.04300787
0.04362746
0.05603163
0.04857395
0.04301302
0.04455665
0.04156229
0.04042967
0.04563642
0.04227313
0.04375944
0.04119435
0.05440577
0.04468811
0.04185759
0.04294422
0.04687443
0.03927524
0.04397527
0.04471101
0.03818303
0.04287168
0.04614670
0.04322945
0.04577707
0.05046269
0.04633535
0.05373798
0.04771677
0.04773974
0.03999264
0.04190717
0.04493427
0.04514175
0.04702047
0.04434603
0.04295027
0.04454438
0.04228391
0.05515281