0.04850544
0.05652608
0.05203146
0.04967427
0.05362119
0.04794620
0.05082972
0.04790807
0.05196536
0.04828575
0.04851470
0.05122363
0.05945144
0.04997272
0.05236700
0.05414890
0.05045210
0.04957370
0.05652381
0.05533181
0.04772410
0.05559835
0.04835369
0.05100829
0.05337779
0.04836891
0.05263041
0.05138158
0.05169185
0.05598431
0.04665234
0.04624575
0.04544675
0.05201375
0.04591664
0.04935621
0.05489877
0.04500378
0.04981516
0.04574588
0.04722163
0.05791870
0.05489877
0.04500378
0.04981516
0.04574588
0.04722163
0.05791870
0.05485686
0.04352776
0.04907734
0.04832406
0.04584321
0.04839775
0.04696249
0.05147833
0.05380413
0.04941182
0.05118177
0.04725504
0.04915952
0.06148777
0.05268558
0.04610376
0.05046242
0.05175052
0.06009994
0.04876486
0.05414696
0.05264967
0.04940325
0.04792357
0.05117846
0.05060432
0.05017331
0.04657727
0.05301640
0.04982135
0.04957797
0.04368039
0.04775881
0.05009572
0.04975829
0.04833421
0.04880984
0.04543495
0.05220929
0.05034336
0.04495406
0.05062732
0.06016884
0.04653886
0.05120745
0.05607117
0.05134307
0.05677425
0.06291668
0.04972970
0.04669741
0.05635859
0.04880722
0.05258877
0.04833240
0.05411497
0.05360430
0.05050048
0.05050280
0.05048952
0.05078968
0.05950525
0.05072074
0.05362420
0.05304313
0.05413785
0.04970378
0.05140900
0.04748659
0.05308257
0.04899129
0.05322076
0.05489877
0.04500378
0.04981516
0.04574588
0.04722163
0.05791870
0.05485686
0.04352776
0.04907734
0.04832406
0.04584321
0.04839775
0.04696249
0.05147833
0.05380413
0.04941182
0.05118177
0.04725504
0.04915952
0.06148777
0.05268558
0.04610376
0.05046242
0.05175052
0.06009994
0.04876486
0.05489877
0.04500378
0.04981516
0.04574588
0.04722163
0.05791870
0.05485686
0.04352776
0.04907734
0.04832406
0.04584321
0.04839775
0.04696249
0.05147833
0.05380413
0.04941182
0.05118177
0.04725504
0.04915952
0.06148777
0.05268558
0.04610376
0.05046242
0.05175052
0.06009994
0.04876486
0.05414696
0.05264967
0.04940325
0.04792357
0.05117846
0.05060432
0.05017331
0.04657727
0.05301640
0.04982135
0.04957797
0.04368039
0.04775881
0.05009572
0.04975829
0.04833421
0.04880984
0.04543495
0.05220929
0.05034336
0.04495406
0.05062732
0.06016884
0.04653886
0.05120745
0.05607117
0.05134307
0.05677425
0.06291668
0.04972970
0.04669741
0.05635859
0.04880722
0.05258877
0.04833240
0.05411497
0.05360430
0.05050048
0.05050280
0.05048952
0.05078968
0.05950525
0.05072074
0.05362420
0.05304313
0.05413785
0.04970378
0.05140900
0.04748659
0.05308257
0.04899129
0.05322076
0.05077167
0.05184839
0.05218686
0.05118801
0.04814587
0.04634171
0.04792868
0.04904365
0.05035488
0.05566667
0.05006241
0.05010759
0.05264078
0.05190843
0.05083686
0.05283042
0.05587239
0.05220297
0.05158024
0.05493826
0.05404254
0.04568153
0.05072625
0.05585372
0.04699288
0.04741152
0.05248225
0.04575751
0.05557562
0.05321988
0.05113583
0.05282829
0.04524486
0.05244157
0.05487724
0.04920045
0.05585027
0.04927259
0.05382585
0.04915508
0.05323288
0.04523526
0.05231703
0.04411711
0.04984358
0.05208097
0.04682395
0.05391383
0.05021966
0.05378304
0.05149899
0.05542809
0.05011304
0.04681628
0.05139026
0.04606479
0.05135604
0.05117036
0.05045178
0.05141568
0.04470499
0.04650515
0.05041790
0.05259767
0.05071483
0.04771787
0.04980153
0.04955418
0.05127890
0.05378673
0.05777302
0.05253256
0.05189834
0.04955981
0.04784511
0.04715367
0.04983016
0.05116196
0.04949945
0.04610227
0.05124648
0.04743681
0.04872022
0.05212400
0.04582394
0.05694231
0.04893636
0.05404323
0.05112547
0.05469863
0.05115101
0.04959816
0.05026475
0.05002475
0.05160035
0.05607216
0.05169946
0.04717508
0.05208978
0.04900865
0.05321210
0.04878623
0.04863713
0.05176937
0.05491506
0.05419595
0.05456689
0.04876016
0.05313390
0.05087756
0.04694502
0.05137782
0.05541375
0.05129421
0.04715228
0.04798109
0.04688073
0.05059877
0.05082926
0.05430327
0.05407880
0.04067301
0.05161205
0.05080269
0.05372591
0.04921473
0.05493344
0.04485407
0.04364940
0.04682947
0.05422164
0.05066349
0.04716478
0.05355757
0.05638527
0.04857961
0.05310723
0.04809229
0.05072542
0.04794011
0.05141387
0.04566143
0.05025739
0.04671629
0.04964373
0.05022546
0.05117306
0.04417552
0.04673255
0.05213032
0.04161571
0.04955936
0.04939968
0.05092484
0.05231577
0.05119108
0.05385101
0.05082420
0.05389243
0.05460371
0.05388651
0.05530111
0.05422127
0.04775908
0.04949367
0.04884930
0.05755255
0.04775106
0.05093663
0.04694306
0.05752975
0.05320855
0.06019958
0.04819831
0.05367217
0.05646122
0.04655738
0.05361209
0.05570833
0.04902426
0.04698369
0.05140539
0.04716018
0.05373299
0.05586059
0.05601554
0.05084862
0.05008882
0.04991573
0.05138266
0.05324993
0.04869471
0.04597516
0.05120418
0.05050289
0.05358119
0.05381398
0.04989607
0.05374278
0.05170619
0.05493990
0.04902999
0.05614845
0.04928130
0.05402735
0.05591291
0.04665555
0.05156798
0.05313759
0.04879452
0.04350511
0.05270135
0.05024544
0.05435305
0.05636470
0.05426092
0.05368266
0.05449885
0.04699676
0.04880041
0.04802044
0.04733860
0.04639821
0.07143148
0.04634041
0.04937316
0.04718433
0.04449270
0.04626453
0.04649761
0.04439831
0.04788226
0.06133067
0.05560463
0.05199461
0.04738720
0.05064554
0.04816526
0.04599321
0.04609953
0.05355186
0.04786285
0.05427815
0.05229585
0.04808528
0.05267546
0.04726391
0.05296383
0.05948389
0.04962357
0.04746898
0.04426135
0.04910706
0.05209236
0.05496290
0.05241936
0.04815309
0.04795948
0.05109540
0.04706482
0.05813977
0.05022433
0.04403977
0.05485841
0.05327871
0.04811233
0.05546114
0.04952375
0.05158110
0.04854062
0.05448422
0.05312341
0.04449315
0.05279420
0.04918429
0.05367018