0.04521768
0.05959379
0.04270297
0.04348832
0.04789841
0.04697551
0.05007368
0.04281910
0.05253400
0.04989072
0.05576392
0.04747907
0.04332657
0.05725686
0.04835942
0.04267077
0.04986179
0.04665111
0.04602758
0.04485161
0.04598158
0.05665152
0.04283343
0.04607421
0.04264355
0.04357431
0.05153303
0.04562293
0.05126905
0.05517121
0.05040867
0.04740952
0.05350211
0.05193260
0.05256216
0.04774249
0.04339420
0.05187762
0.04679707
0.05399266
0.04591681
0.04339420
0.05187762
0.04679707
0.05399266
0.04591681
0.05613017
0.04350331
0.04393408
0.04331401
0.04906266
0.04636780
0.04184985
0.05528191
0.05193414
0.04732172
0.05587705
0.04602945
0.05057078
0.04861141
0.05243607
0.04379396
0.05695995
0.04670663
0.04363263
0.05191493
0.04930146
0.04667386
0.04565469
0.04806225
0.04280509
0.04536863
0.04600863
0.04199215
0.05044178
0.05605748
0.04620653
0.04642694
0.04908646
0.04596280
0.04732468
0.04714328
0.05717745
0.05258958
0.04738996
0.04512621
0.05591830
0.05495385
0.05038432
0.04753424
0.05017469
0.04360462
0.04414472
0.04481473
0.05474751
0.04827403
0.04722721
0.04965925
0.04735693
0.05211519
0.05212807
0.05463561
0.04387251
0.04629395
0.04448923
0.04664665
0.04932177
0.05084772
0.05185534
0.04879238
0.04728497
0.04348763
0.04327471
0.04375120
0.04743486
0.04405748
0.04239489
0.04331399
0.04396170
0.04339420
0.05187762
0.04679707
0.05399266
0.04591681
0.05613017
0.04350331
0.04393408
0.04331401
0.04906266
0.04636780
0.04184985
0.05528191
0.05193414
0.04732172
0.05587705
0.04602945
0.05057078
0.04861141
0.05243607
0.04379396
0.05695995
0.04670663
0.04363263
0.05191493
0.04339420
0.05187762
0.04679707
0.05399266
0.04591681
0.05613017
0.04350331
0.04393408
0.04331401
0.04906266
0.04636780
0.04184985
0.05528191
0.05193414
0.04732172
0.05587705
0.04602945
0.05057078
0.04861141
0.05243607
0.04379396
0.05695995
0.04670663
0.04363263
0.05191493
0.04930146
0.04667386
0.04565469
0.04806225
0.04280509
0.04536863
0.04600863
0.04199215
0.05044178
0.05605748
0.04620653
0.04642694
0.04908646
0.04596280
0.04732468
0.04714328
0.05717745
0.05258958
0.04738996
0.04512621
0.05591830
0.05495385
0.05038432
0.04753424
0.05017469
0.04360462
0.04414472
0.04481473
0.05474751
0.04827403
0.04722721
0.04965925
0.04735693
0.05211519
0.05212807
0.05463561
0.04387251
0.04629395
0.04448923
0.04664665
0.04932177
0.05084772
0.05185534
0.04879238
0.04728497
0.04348763
0.04327471
0.04375120
0.04743486
0.04405748
0.04239489
0.04331399
0.04396170
0.04343811
0.04737507
0.05434199
0.05270745
0.04509473
0.04833380
0.04995156
0.04687486
0.04835104
0.05297300
0.05034788
0.04520786
0.05243616
0.04316713
0.04935995
0.04366430
0.04902694
0.05826189
0.05527548
0.04268709
0.05041598
0.05003389
0.05299442
0.05036600
0.05086736
0.05251017
0.04886061
0.05815458
0.05532411
0.04841275
0.05402111
0.04458415
0.04543790
0.04407013
0.04397603
0.04124378
0.06615463
0.04893336
0.04970791
0.05550644
0.05400755
0.04908661
0.04645513
0.04661563
0.04935930
0.04868947
0.04779206
0.05023363
0.05215932
0.04492966
0.05076972
0.04647566
0.04495295
0.05027950
0.04868624
0.04396277
0.05117845
0.04365301
0.04678742
0.04331268
0.05335741
0.05327627
0.05347613
0.04904698
0.04434459
0.04609069
0.04211439
0.05108769
0.05418871
0.04706353
0.05572975
0.05081092
0.05122981
0.05828650
0.04522040
0.04296773
0.04166820
0.06072685
0.04537292
0.04524557
0.05937102
0.04318487
0.04306342
0.05798124
0.04665219
0.05299213
0.04342268
0.04293005
0.04810781
0.04677853
0.04687181
0.04613197
0.04564934
0.04308074
0.05279246
0.04713958
0.04742242
0.04198334
0.04556110
0.04738503
0.04141556
0.04179143
0.04504407
0.04160325
0.04082547
0.04776466
0.04941855
0.04889638
0.04444207
0.04356950
0.04571475
0.04795340
0.04806568
0.04286521
0.05832919
0.04457406
0.05010209
0.05334645
0.04166731
0.04639483
0.05568222
0.04041335
0.04756871
0.04787240
0.04844880
0.04456408
0.04282435
0.04849267
0.04307127
0.04127018
0.04338177
0.04307330
0.04873766
0.05029188
0.04840563
0.07109247
0.04218345
0.04430535
0.04862952
0.05405576
0.04719212
0.04462099
0.05125783
0.05028799
0.04142701
0.05310161
0.05148267
0.05231102
0.05407236
0.05222466
0.04714492
0.06315604
0.04184886
0.05052102
0.04725148
0.05339069
0.04548154
0.05178946
0.05237938
0.05001240
0.04665641
0.04649672
0.05348910
0.04446924
0.04642739
0.05530713
0.04256785
0.04661351
0.04378703
0.04875999
0.04740050
0.04732621
0.04732389
0.04223050
0.05070730
0.04653929
0.06418899
0.05086460
0.04619491
0.05133267
0.04475356
0.05268724
0.04849452
0.04918711
0.04424060
0.04729389
0.04755587
0.04334292
0.04528283
0.04483426
0.05727548
0.04749973
0.04811007
0.04177890
0.04938587
0.04844872
0.04662662
0.04257745
0.04263193
0.04288017
0.05099072
0.04489040
0.05566402
0.04806352
0.05099579
0.04752704
0.04636583
0.04951977
0.04478182
0.04910803
0.04820469
0.04239045
0.04640531
0.05448267
0.04875815
0.04615541
0.04177336
0.05070091
0.04962399
0.04560139
0.04948803
0.04283747
0.04939708
0.04705164
0.04781746
0.05029864
0.04682705
0.04436387
0.04381199
0.04329641
0.04592907
0.05817216
0.05150781
0.05006429
0.04462120
0.05249489
0.04719003
0.04865018
0.05353021
0.05095897
0.04703335
0.04939397
0.04594169
0.04801232
0.04824269
0.05977795
0.05368110
0.04729196
0.04408656
0.04462414
0.05028632
0.04582272
0.04387092
0.04182833
0.04366032
0.04549814
0.05278720
0.05271357
0.04766330
0.04555665
0.04472465
0.04415635
0.04651758
0.05051618
0.05075000
0.04707487
0.05280721
0.04761023
0.04416945
0.04733327
0.04360829
0.04216034
0.05011075
0.05173804
0.04983856
0.04984124
0.05127042
0.04420416