0.04984322
0.04869049
0.04102920
0.04585134
0.05058913
0.04601777
0.05262718
0.05022769
0.04649049
0.04563160
0.04592291
0.04066849
0.04667459
0.04357255
0.04197969
0.04943076
0.04435447
0.05779593
0.04454562
0.05647566
0.04877388
0.04932585
0.04442659
0.04901047
0.05360549
0.04053190
0.04412582
0.05268150
0.04340670
0.04901475
0.05206185
0.05308121
0.04588437
0.05311474
0.05002729
0.05507959
0.04179134
0.04187070
0.04454000
0.04326869
0.04857417
0.04497751
0.04179134
0.04187070
0.04454000
0.04326869
0.04857417
0.04497751
0.04619473
0.04735158
0.05055418
0.04258839
0.04678756
0.04535981
0.04837449
0.04334783
0.04704373
0.05158273
0.04160163
0.05092635
0.04522507
0.04854422
0.04595730
0.05413716
0.04727041
0.04713657
0.04496288
0.05997150
0.04995027
0.04630124
0.05019172
0.04971039
0.04304453
0.04893210
0.04593644
0.04492092
0.05001216
0.05062098
0.04485600
0.04278538
0.05037322
0.04633619
0.04662441
0.04419269
0.04496708
0.05018143
0.04709984
0.04394442
0.04421503
0.04154458
0.04501943
0.05036851
0.04440505
0.04443283
0.05327173
0.04371668
0.04467746
0.03896248
0.04027093
0.04935541
0.05166033
0.04972935
0.04402713
0.04644350
0.05417636
0.04992947
0.04266153
0.04374711
0.04553306
0.04995288
0.04998355
0.05216701
0.04653781
0.04511529
0.04359287
0.04402728
0.04201993
0.04395149
0.04570441
0.06747259
0.04179134
0.04187070
0.04454000
0.04326869
0.04857417
0.04497751
0.04619473
0.04735158
0.05055418
0.04258839
0.04678756
0.04535981
0.04837449
0.04334783
0.04704373
0.05158273
0.04160163
0.05092635
0.04522507
0.04854422
0.04595730
0.05413716
0.04727041
0.04713657
0.04496288
0.05997150
0.04179134
0.04187070
0.04454000
0.04326869
0.04857417
0.04497751
0.04619473
0.04735158
0.05055418
0.04258839
0.04678756
0.04535981
0.04837449
0.04334783
0.04704373
0.05158273
0.04160163
0.05092635
0.04522507
0.04854422
0.04595730
0.05413716
0.04727041
0.04713657
0.04496288
0.05997150
0.04995027
0.04630124
0.05019172
0.04971039
0.04304453
0.04893210
0.04593644
0.04492092
0.05001216
0.05062098
0.04485600
0.04278538
0.05037322
0.04633619
0.04662441
0.04419269
0.04496708
0.05018143
0.04709984
0.04394442
0.04421503
0.04154458
0.04501943
0.05036851
0.04440505
0.04443283
0.05327173
0.04371668
0.04467746
0.03896248
0.04027093
0.04935541
0.05166033
0.04972935
0.04402713
0.04644350
0.05417636
0.04992947
0.04266153
0.04374711
0.04553306
0.04995288
0.04998355
0.05216701
0.04653781
0.04511529
0.04359287
0.04402728
0.04201993
0.04395149
0.04570441
0.06747259
0.04572846
0.04728242
0.04829801
0.04357338
0.05086134
0.04499755
0.04179197
0.05177101
0.04342393
0.04891699
0.04886792
0.05286595
0.04422060
0.04562707
0.04827017
0.04425939
0.05030336
0.04407575
0.04539915
0.04861908
0.04338622
0.05411590
0.04264798
0.04391031
0.05397640
0.04513225
0.04299089
0.05008280
0.04783857
0.04792754
0.03919248
0.05018504
0.04046698
0.05101433
0.04678505
0.04176730
0.05204979
0.05368550
0.05102543
0.04072943
0.04267205
0.05004620
0.04637719
0.04653890
0.05427226
0.04710949
0.04449127
0.04352646
0.04857062
0.04348726
0.04233287
0.04398236
0.04677392
0.04645228
0.04651896
0.05596235
0.05502983
0.04075694
0.04261810
0.04824215
0.04547014
0.05531639
0.04992468
0.04800214
0.04415599
0.05140291
0.04716752
0.04715948
0.04670294
0.04044026
0.04966985
0.04884243
0.04662111
0.05423390
0.05701488
0.05573577
0.04527194
0.04391756
0.05093806
0.04880320
0.05302333
0.04790087
0.04353327
0.04535087
0.04600988
0.04418885
0.04974350
0.04570677
0.04694204
0.04519005
0.04617858
0.04931987
0.04871325
0.04181464
0.04362270
0.04443892
0.04940658
0.05485861
0.04095388
0.04672292
0.04832056
0.04770195
0.04842655
0.04852914
0.05656479
0.04732956
0.04667293
0.04379674
0.04656495
0.04660643
0.05424959
0.04195820
0.04614079
0.04458177
0.03792164
0.05557781
0.04995106
0.04679345
0.04558187
0.05235652
0.04416488
0.04439848
0.04882981
0.04089354
0.04942343
0.04855846
0.04505353
0.04540760
0.05066694
0.04525603
0.04841890
0.05213318
0.04514627
0.04198095
0.05109540
0.04706133
0.05450639
0.04280487
0.04876588
0.04677076
0.04165806
0.04124411
0.05384433
0.05218330
0.05611776
0.05609850
0.04687988
0.04860044
0.05314088
0.04789221
0.04214808
0.06280138
0.04656923
0.04912556
0.04502283
0.04648079
0.05045550
0.05050161
0.04910539
0.04347554
0.04190360
0.04259819
0.04259083
0.05090164
0.05209867
0.04849690
0.04389392
0.04057581
0.05721419
0.04754487
0.04335395
0.04550688
0.04998883
0.04699106
0.04791298
0.05312882
0.04401025
0.05042971
0.06273194
0.04419713
0.04141445
0.04897688
0.05059296
0.04768529
0.04450585
0.05468544
0.04587435
0.05545999
0.04765549
0.04234096
0.05213958
0.04553742
0.04918182
0.04296319
0.04290013
0.04785274
0.04795372
0.04662614
0.04348520
0.04311039
0.04854456
0.04882513
0.05055896
0.05005264
0.04217674
0.04047181
0.05226423
0.04790247
0.04799896
0.04307843
0.04161852
0.04166702
0.04186612
0.05570901
0.04336943
0.05103222
0.05070502
0.04422715
0.04665685
0.04702383
0.04396496
0.04366675
0.04299178
0.04417735
0.04627262
0.04274919
0.05080006
0.04475774
0.04174585
0.05016488
0.05035780
0.05396036
0.04804768
0.04661560
0.05566542
0.04990398
0.04936401
0.04529913
0.04283626
0.04824516
0.04937684
0.04528092
0.04644769
0.05000801
0.04326173
0.03885153
0.04957971
0.04430553
0.05166349
0.04740277
0.04034283
0.04471277
0.05071908
0.05830540
0.07243260
0.04699272
0.05396276
0.04431782
0.04328121
0.04066879
0.04672753
0.04881196
0.05281361
0.04689152
0.04383961
0.04993177
0.04131558
0.04386909
0.04699027
0.04077881
0.04761820
0.05065106
0.04682667
0.04398099
0.04539096
0.04458158