0.05866817
0.07293667
0.07777809
0.05741939
0.06186806
0.06826174
0.06380615
0.06319104
0.06357928
0.06971417
0.05842433
0.05993060
0.06132315
0.06109834
0.05711738
0.06926532
0.05727872
0.06276200
0.06711590
0.06117908
0.05895308
0.06376850
0.06134793
0.06629559
0.06046344
0.06243619
0.06510612
0.06528446
0.06205341
0.06042139
0.05862006
0.05961747
0.06204305
0.06384657
0.05636003
0.07140239
0.05868306
0.05867268
0.05838721
0.07586732
0.06194878
0.05868306
0.05867268
0.05838721
0.07586732
0.06194878
0.05784860
0.06366970
0.05806320
0.05891942
0.05639158
0.06027913
0.07482430
0.05965802
0.06258489
0.06549286
0.05978370
0.06310654
0.08219167
0.06643093
0.06472230
0.05872289
0.06791996
0.07062299
0.05796220
0.05962491
0.05920957
0.06076465
0.06018728
0.06377118
0.06417124
0.05802687
0.06524797
0.05828852
0.06719648
0.06354019
0.05862655
0.06097755
0.05635479
0.06271152
0.05918747
0.05499154
0.05775241
0.06187540
0.05950151
0.06099403
0.06709026
0.07300753
0.06676262
0.06286394
0.07077659
0.05737914
0.06427241
0.07115460
0.06275846
0.06292786
0.06562089
0.06966699
0.06639268
0.06064307
0.06482644
0.05756552
0.06183205
0.06546897
0.05990909
0.06013048
0.07851340
0.06210061
0.05783050
0.05635166
0.06016540
0.06009549
0.06786318
0.06374601
0.05460505
0.06041600
0.06102155
0.06407202
0.06464195
0.05868306
0.05867268
0.05838721
0.07586732
0.06194878
0.05784860
0.06366970
0.05806320
0.05891942
0.05639158
0.06027913
0.07482430
0.05965802
0.06258489
0.06549286
0.05978370
0.06310654
0.08219167
0.06643093
0.06472230
0.05872289
0.06791996
0.07062299
0.05796220
0.05962491
0.05868306
0.05867268
0.05838721
0.07586732
0.06194878
0.05784860
0.06366970
0.05806320
0.05891942
0.05639158
0.06027913
0.07482430
0.05965802
0.06258489
0.06549286
0.05978370
0.06310654
0.08219167
0.06643093
0.06472230
0.05872289
0.06791996
0.07062299
0.05796220
0.05962491
0.05920957
0.06076465
0.06018728
0.06377118
0.06417124
0.05802687
0.06524797
0.05828852
0.06719648
0.06354019
0.05862655
0.06097755
0.05635479
0.06271152
0.05918747
0.05499154
0.05775241
0.06187540
0.05950151
0.06099403
0.06709026
0.07300753
0.06676262
0.06286394
0.07077659
0.05737914
0.06427241
0.07115460
0.06275846
0.06292786
0.06562089
0.06966699
0.06639268
0.06064307
0.06482644
0.05756552
0.06183205
0.06546897
0.05990909
0.06013048
0.07851340
0.06210061
0.05783050
0.05635166
0.06016540
0.06009549
0.06786318
0.06374601
0.05460505
0.06041600
0.06102155
0.06407202
0.06464195
0.06285212
0.06919352
0.06385990
0.06358429
0.06679112
0.06612837
0.05813379
0.06671300
0.06628897
0.06703048
0.06324687
0.06339732
0.05810163
0.05630970
0.06672213
0.05678860
0.05761765
0.05945418
0.06145875
0.05982271
0.05823121
0.07136175
0.06679749
0.05629555
0.06130191
0.06070139
0.06299097
0.05551413
0.06661481
0.06276257
0.06289605
0.06171546
0.07013807
0.06192343
0.05742818
0.05876667
0.06096730
0.06040256
0.06316556
0.07520358
0.07896203
0.06356809
0.06143874
0.06122313
0.06041807
0.06196388
0.06296619
0.06531863
0.05690959
0.06203424
0.05794051
0.06106091
0.06282638
0.07943138
0.06284973
0.05741068
0.06676364
0.05878873
0.07057727
0.06316121
0.06178974
0.06040210
0.05872506
0.06136723
0.06352358
0.06098500
0.06197024
0.06217233
0.06171079
0.05952639
0.05897003
0.05939375
0.05882558
0.05900867
0.06180881
0.06872067
0.06128994
0.06507150
0.06412209
0.05893595
0.06236016
0.05516243
0.06037832
0.05735944
0.05584961
0.06268762
0.06833509
0.05512471
0.05982971
0.05618983
0.06000990
0.06980350
0.06789572
0.06598996
0.05497436
0.05825974
0.06314758
0.06047861
0.05825763
0.05808741
0.06585177
0.07021592
0.05404121
0.06898268
0.06547883
0.06223741
0.06048338
0.06213233
0.06345214
0.05880796
0.05682309
0.05986588
0.06461050
0.05977496
0.06190049
0.06638101
0.06784059
0.07405754
0.06669052
0.06079423
0.05704240
0.05972490
0.06037288
0.06035170
0.06764114
0.05590167
0.05667735
0.05740592
0.05989270
0.06618889
0.06194318
0.05806840
0.05928533
0.05960179
0.05973737
0.06634285
0.05739349
0.06658457
0.06064957
0.06353898
0.06342086
0.06953483
0.06107925
0.05731389
0.06144035
0.06967355
0.07245767
0.06316575
0.07327792
0.06268992
0.05762962
0.05655866
0.06325774
0.06199601
0.06439612
0.06015817
0.05710748
0.05490649
0.06135520
0.06408963
0.06420322
0.05859531
0.06640354
0.06230337
0.05799784
0.06089148
0.07538445
0.06586802
0.05949193
0.05762936
0.06197258
0.05666232
0.06476486
0.05979653
0.06025894
0.06250565
0.06047160
0.06480367
0.06101292
0.06547742
0.06057017
0.05699532
0.05970405
0.06946983
0.05738175
0.05977195
0.06495523
0.06252606
0.05883379
0.06223773
0.05717268
0.05934159
0.07134918
0.06247245
0.06672305
0.06694243
0.06465089
0.05958604
0.05611576
0.05892590
0.06014154
0.06118721
0.06066987
0.06312207
0.06851687
0.05981368
0.05561359
0.05789473
0.06227914
0.06202498
0.07814639
0.07712384
0.05928681
0.06184097
0.06488009
0.05681129
0.05966980
0.06632118
0.07408051
0.06049850
0.05935050
0.06552540
0.06527336
0.06411170
0.05748160
0.06014563
0.06163009
0.06477955
0.06274308
0.06357712
0.08664242
0.05955663
0.06417584
0.05860290
0.06602883
0.05599118
0.07184503
0.06580907
0.06200105
0.06107038
0.06795028
0.05961331
0.06005143
0.06571040
0.05679266
0.06108734
0.06763635
0.06681052
0.06271535
0.06130999
0.06224732
0.05841934
0.06040117
0.05897122
0.05737797
0.06222317
0.05795001
0.05903452
0.06165473
0.06623978
0.06259713
0.06842669
0.05606951
0.07026144
0.06152675
0.06185427
0.05966108
0.06271941
0.06490910
0.05731082
0.05818547
0.05753621
0.06997319
0.06163266
0.06260876
0.06051480
0.05559333
0.06639159