0.10680561
0.10793735
0.10304897
0.09871847
0.11762699
0.11419436
0.09911388
0.11162892
0.10464948
0.11896850
0.11903193
0.12170923
0.10746125
0.10990685
0.11671385
0.11876961
0.10524524
0.10469642
0.09990124
0.11788408
0.10647729
0.10283074
0.11329719
0.11262546
0.10625456
0.10460472
0.11541651
0.11157790
0.11587192
0.11222718
0.10714022
0.12495465
0.10018060
0.11011241
0.11870227
0.13358047
0.11427966
0.11431228
0.12180995
0.12442650
0.11809978
0.11358244
0.11427966
0.11431228
0.12180995
0.12442650
0.11809978
0.11358244
0.11449749
0.10615344
0.10677753
0.12411456
0.10872552
0.10914257
0.11206049
0.13123941
0.11147390
0.10892578
0.09976021
0.10522953
0.10451258
0.11135347
0.10586631
0.10736035
0.10627493
0.11733310
0.10614969
0.12282354
0.11174845
0.11266801
0.10875142
0.12226685
0.10690999
0.11008666
0.11283506
0.10543164
0.11196405
0.10301085
0.10478702
0.13532412
0.12180281
0.10447832
0.10137454
0.10927017
0.12118141
0.11312262
0.11817540
0.10837299
0.10595777
0.09997758
0.11598308
0.10865391
0.11305462
0.11112571
0.10572635
0.12041480
0.10394118
0.11622503
0.10953956
0.10828745
0.10086827
0.13388102
0.10775717
0.11003774
0.09883878
0.10856738
0.10285335
0.10697122
0.10072710
0.09820215
0.10671916
0.12464783
0.10224144
0.10690606
0.10936536
0.10756602
0.12281741
0.11978870
0.13187959
0.10033819
0.11427966
0.11431228
0.12180995
0.12442650
0.11809978
0.11358244
0.11449749
0.10615344
0.10677753
0.12411456
0.10872552
0.10914257
0.11206049
0.13123941
0.11147390
0.10892578
0.09976021
0.10522953
0.10451258
0.11135347
0.10586631
0.10736035
0.10627493
0.11733310
0.10614969
0.11427966
0.11431228
0.12180995
0.12442650
0.11809978
0.11358244
0.11449749
0.10615344
0.10677753
0.12411456
0.10872552
0.10914257
0.11206049
0.13123941
0.11147390
0.10892578
0.09976021
0.10522953
0.10451258
0.11135347
0.10586631
0.10736035
0.10627493
0.11733310
0.10614969
0.12282354
0.11174845
0.11266801
0.10875142
0.12226685
0.10690999
0.11008666
0.11283506
0.10543164
0.11196405
0.10301085
0.10478702
0.13532412
0.12180281
0.10447832
0.10137454
0.10927017
0.12118141
0.11312262
0.11817540
0.10837299
0.10595777
0.09997758
0.11598308
0.10865391
0.11305462
0.11112571
0.10572635
0.12041480
0.10394118
0.11622503
0.10953956
0.10828745
0.10086827
0.13388102
0.10775717
0.11003774
0.09883878
0.10856738
0.10285335
0.10697122
0.10072710
0.09820215
0.10671916
0.12464783
0.10224144
0.10690606
0.10936536
0.10756602
0.12281741
0.11978870
0.13187959
0.10033819
0.12681474
0.11243887
0.11538867
0.13053285
0.13595128
0.11078483
0.10529285
0.10894964
0.11626179
0.10647774
0.10908028
0.10722937
0.11541174
0.09811713
0.10795543
0.11105705
0.11902008
0.11785161
0.14186662
0.11183439
0.10620750
0.10065709
0.11724149
0.10361087
0.11101314
0.10974160
0.11103924
0.11572504
0.10880665
0.10929423
0.12410996
0.11087507
0.11668274
0.11336113
0.10824880
0.10584243
0.10552203
0.11708023
0.11360511
0.11028613
0.09573743
0.10112589
0.10960853
0.11141522
0.13485589
0.10933839
0.13808478
0.10933704
0.11077379
0.12725495
0.11781564
0.11126837
0.09984722
0.10397830
0.11091816
0.09976293
0.10113748
0.11643945
0.11048928
0.10885841
0.10367186
0.11749906
0.11022809
0.11855150
0.11275059
0.10400264
0.10805986
0.15007424
0.11796844
0.09870591
0.10583322
0.11303741
0.09738232
0.11947949
0.12618203
0.09910438
0.10691247
0.10857736
0.11829964
0.09635449
0.10413626
0.12582102
0.10399327
0.09851460
0.10883792
0.10365178
0.12245147
0.10423908
0.09872085
0.12046643
0.10305853
0.12056017
0.11071027
0.11891669
0.13249488
0.10233659
0.12275225
0.11844073
0.13136877
0.10308907
0.10625035
0.10330267
0.10242896
0.10727414
0.12752889
0.12504259
0.10452490
0.12208680
0.10834320
0.11072384
0.11285468
0.11864217
0.12106638
0.10490179
0.10900695
0.11263323
0.12269416
0.10300412
0.11283848
0.11370920
0.12700126
0.11846708
0.11591970
0.11529402
0.12055708
0.10086134
0.11208660
0.10879481
0.11087989
0.11130935
0.11308978
0.11248097
0.11481898
0.10563387
0.10939477
0.10820174
0.10652903
0.11606957
0.11491382
0.09777712
0.11056847
0.11256100
0.11273398
0.12677613
0.11586818
0.13258785
0.11709016
0.12117932
0.12358678
0.10284654
0.10326764
0.10628805
0.10384853
0.10317356
0.11784886
0.10480852
0.11793095
0.11475559
0.10511532
0.11053864
0.11112663
0.10364845
0.12452444
0.11607196
0.10762592
0.11137060
0.11362876
0.10375009
0.11792080
0.11052013
0.11278909
0.10581938
0.12991497
0.11156802
0.11675872
0.10611167
0.11369818
0.11388020
0.10849257
0.12440905
0.11413966
0.11049821
0.11974035
0.12327266
0.10106013
0.13570870
0.10663872
0.10489423
0.12025115
0.10643613
0.11068283
0.10914059
0.10345225
0.14699667
0.12096517
0.09838905
0.13185569
0.11380459
0.10672491
0.11205020
0.11944531
0.10587931
0.11955697
0.11537676
0.11734445
0.10277343
0.11863036
0.11023376
0.11166179
0.12006775
0.10915235
0.11116748
0.11556312
0.11516174
0.10159847
0.13559465
0.11000992
0.10217494
0.15082039
0.10687689
0.11579497
0.10706639
0.12706536
0.11660194
0.10732503
0.10251317
0.10872864
0.14065117
0.10926559
0.10959911
0.10696615
0.11865530
0.11444064
0.11418959
0.17585571
0.12227473
0.11370196
0.11841960
0.09991214
0.10518841
0.09883608
0.11244780
0.10208381
0.10918406
0.10996665
0.10650956
0.10621997
0.10605413
0.11101974
0.10544301
0.09492373
0.11978433
0.12296523
0.11862034
0.11816123
0.11057268
0.11290453
0.11458279
0.18084387
0.12664491
0.10192529
0.10106830
0.11703202
0.10201280
0.10575112
0.10031294
0.10940448
0.10792129
0.10926760
0.12910118
0.10760214
0.11283818
0.12277007
0.10876917
0.10660601
0.10942367
0.13498649