0.14760851
0.13291502
0.14902732
0.16210671
0.15811480
0.13606929
0.11977873
0.17917781
0.14978783
0.14504293
0.13732708
0.12716688
0.17970447
0.12720121
0.14118064
0.15434409
0.13679812
0.24596487
0.14369896
0.14290211
0.14036033
0.16114169
0.14528792
0.27685655
0.16120571
0.14924824
0.16249023
0.14878107
0.18608527
0.18489991
0.12601279
0.16283382
0.14420890
0.13689640
0.14424289
0.12252344
0.13553669
0.16893495
0.13668253
0.14667428
0.14886972
0.15059429
0.13553669
0.16893495
0.13668253
0.14667428
0.14886972
0.15059429
0.13377519
0.19525065
0.15274446
0.14107459
0.15411418
0.14326176
0.13389860
0.15648130
0.15029733
0.13867318
0.13537533
0.12769432
0.12945875
0.14582043
0.14535825
0.15274605
0.19961066
0.15495783
0.15219075
0.13633475
0.14851275
0.15266048
0.14072179
0.17222378
0.14158965
0.13607430
0.14871619
0.13920133
0.16276159
0.15644881
0.16239923
0.13040155
0.13389307
0.14211357
0.13862052
0.16250911
0.17491769
0.14312170
0.14154042
0.13265177
0.13847434
0.14282712
0.16827285
0.16627652
0.18364265
0.19343314
0.14838015
0.12338170
0.16675392
0.13416220
0.14618300
0.14598071
0.13887439
0.17222839
0.14290536
0.14712913
0.13335604
0.14434853
0.17383477
0.12732579
0.15428465
0.13569397
0.14828118
0.13604563
0.13845405
0.16972834
0.14953766
0.16862811
0.16477987
0.13530412
0.13322161
0.14016503
0.13553669
0.16893495
0.13668253
0.14667428
0.14886972
0.15059429
0.13377519
0.19525065
0.15274446
0.14107459
0.15411418
0.14326176
0.13389860
0.15648130
0.15029733
0.13867318
0.13537533
0.12769432
0.12945875
0.14582043
0.14535825
0.15274605
0.19961066
0.15495783
0.15219075
0.13633475
0.13553669
0.16893495
0.13668253
0.14667428
0.14886972
0.15059429
0.13377519
0.19525065
0.15274446
0.14107459
0.15411418
0.14326176
0.13389860
0.15648130
0.15029733
0.13867318
0.13537533
0.12769432
0.12945875
0.14582043
0.14535825
0.15274605
0.19961066
0.15495783
0.15219075
0.13633475
0.14851275
0.15266048
0.14072179
0.17222378
0.14158965
0.13607430
0.14871619
0.13920133
0.16276159
0.15644881
0.16239923
0.13040155
0.13389307
0.14211357
0.13862052
0.16250911
0.17491769
0.14312170
0.14154042
0.13265177
0.13847434
0.14282712
0.16827285
0.16627652
0.18364265
0.19343314
0.14838015
0.12338170
0.16675392
0.13416220
0.14618300
0.14598071
0.13887439
0.17222839
0.14290536
0.14712913
0.13335604
0.14434853
0.17383477
0.12732579
0.15428465
0.13569397
0.14828118
0.13604563
0.13845405
0.16972834
0.14953766
0.16862811
0.16477987
0.13530412
0.13322161
0.14016503
0.14767736
0.13520693
0.13541158
0.13450278
0.13268906
0.14598118
0.15216925
0.15022234
0.14846648
0.14953574
0.15802864
0.13587909
0.14380395
0.18392663
0.14708678
0.13441104
0.12725832
0.13385727
0.21512699
0.16410676
0.16750185
0.15385330
0.13295158
0.21574517
0.16836034
0.17557691
0.14931631
0.13827881
0.14370951
0.14538413
0.24125483
0.14277374
0.13113460
0.14015813
0.15392138
0.15339304
0.18181011
0.18693066
0.17141292
0.17241049
0.14021053
0.15034507
0.13574845
0.15913348
0.13650890
0.17472151
0.13251725
0.17246511
0.15658737
0.15941518
0.13896124
0.15259246
0.15593983
0.14386207
0.15558007
0.15581877
0.13154705
0.18010303
0.12926966
0.15454510
0.13937464
0.16824711
0.15855176
0.14773428
0.21130934
0.14182280
0.14458862
0.13062587
0.14272275
0.16419748
0.14376534
0.17103598
0.15586190
0.13392898
0.16162752
0.17172210
0.13295510
0.16476087
0.14619477
0.15827869
0.15903872
0.15422791
0.13703852
0.13821130
0.14076320
0.17903040
0.14495855
0.16295200
0.16716162
0.13614003
0.15284649
0.14521315
0.14533781
0.16564122
0.16252870
0.12450719
0.13405245
0.17968551
0.11906572
0.13823601
0.14661451
0.13725772
0.17690060
0.14831402
0.14992310
0.14849273
0.14353086
0.12685035
0.14180769
0.13343769
0.16351214
0.13798004
0.15413143
0.13723777
0.12230891
0.18636481
0.15724326
0.16317650
0.12760636
0.15340605
0.13082564
0.20463299
0.13709507
0.13948161
0.16505796
0.13274769
0.18042465
0.15799830
0.13375974
0.14757241
0.16722194
0.13497019
0.19277956
0.18364972
0.13945708
0.17655132
0.14512001
0.19062444
0.18511219
0.17300595
0.16715671
0.13811429
0.15348732
0.14087586
0.14613240
0.17179066
0.16307185
0.14357670
0.14623856
0.13828849
0.16751555
0.14225796
0.13015994
0.15028575
0.13096579
0.14740040
0.15313770
0.14594421
0.16467497
0.13981900
0.15420495
0.12809720
0.12813725
0.15751093
0.12937419
0.17177968
0.14169588
0.14591431
0.13314976
0.15491682
0.16011692
0.13668470
0.14084368
0.14116864
0.12844081
0.12936045
0.19729622
0.14073595
0.14759408
0.13693852
0.16391388
0.13585338
0.15586442
0.13365124
0.13519000
0.19255118
0.13447573
0.16498662
0.15870516
0.13905434
0.14670235
0.11348724
0.16133572
0.13981167
0.15745758
0.14349454
0.13418282
0.16425832
0.12735450
0.17918520
0.15945905
0.16652871
0.15180116
0.13582482
0.14400324
0.13819323
0.15886577
0.15584434
0.40236100
0.12898998
0.16110133
0.16173961
0.21403138
0.17373468
0.16979752
0.14580079
0.14614542
0.16429259
0.13625331
0.14375833
0.20820341
0.15963951
0.15466961
0.17944838
0.13503206
0.13500032
0.15478018
0.14393996
0.14350167
0.12682227
0.11928946
0.14039962
0.17260181
0.14607074
0.15093167
0.16178413
0.15450458
0.13525440
0.14034507
0.13492659
0.14921226
0.13503354
0.12456254
0.14731176
0.13902277
0.14639815
0.16522361
0.14665960
0.15606894
0.12291372
0.14084903
0.14436492
0.15972347
0.21176091
0.20991089
0.14940740
0.15400916
0.14083965
0.14422100
0.22301132
0.15229335
0.13714118
0.15917540
0.12248234
0.12663155
0.14692999
0.15044308
0.15675560
0.19183378
0.15975314
0.12985207
0.23042647
0.20400691
0.14500585
0.13408779
0.14453385