0.06112346
0.05554720
0.06069511
0.06170434
0.05444850
0.06498190
0.05223768
0.05503823
0.04848265
0.06192565
0.05507779
0.05704808
0.05453247
0.05919719
0.06608581
0.06238922
0.06475877
0.06768148
0.07928227
0.06576544
0.06049470
0.05919323
0.05922725
0.05715875
0.06733861
0.06429611
0.05445643
0.06786510
0.05928884
0.06435418
0.06046795
0.06135116
0.06206748
0.05425203
0.05409179
0.06204526
0.06051291
0.05789309
0.05818767
0.06223173
0.06925740
0.06154110
0.06802777
0.05789309
0.05818767
0.06223173
0.06925740
0.06154110
0.06802777
0.05138017
0.05544100
0.06094029
0.05917437
0.07096258
0.05965743
0.05914361
0.06405637
0.06067324
0.07195783
0.06937863
0.06538688
0.05384623
0.05860634
0.06088567
0.06536835
0.06429417
0.06355907
0.06063874
0.06148726
0.05690231
0.06737691
0.06622954
0.05957126
0.07502239
0.06617963
0.05965041
0.06238641
0.06743331
0.05852604
0.06324809
0.06175895
0.06156798
0.06252355
0.06034389
0.06033354
0.06431803
0.05776242
0.06591071
0.05332720
0.06722501
0.05840859
0.05498548
0.06441617
0.06649677
0.06179004
0.06293400
0.05402217
0.06964712
0.05815932
0.05777414
0.06439820
0.06508648
0.05630281
0.05623211
0.06771976
0.06966242
0.05525352
0.06070977
0.06299367
0.05911617
0.06087363
0.06157054
0.05765722
0.06082394
0.06425604
0.05826520
0.06379302
0.06543960
0.06028882
0.05945465
0.06293302
0.06105623
0.05789309
0.05818767
0.06223173
0.06925740
0.06154110
0.06802777
0.05138017
0.05544100
0.06094029
0.05917437
0.07096258
0.05965743
0.05914361
0.06405637
0.06067324
0.07195783
0.06937863
0.06538688
0.05384623
0.05860634
0.06088567
0.06536835
0.06429417
0.06355907
0.06063874
0.06148726
0.05789309
0.05818767
0.06223173
0.06925740
0.06154110
0.06802777
0.05138017
0.05544100
0.06094029
0.05917437
0.07096258
0.05965743
0.05914361
0.06405637
0.06067324
0.07195783
0.06937863
0.06538688
0.05384623
0.05860634
0.06088567
0.06536835
0.06429417
0.06355907
0.06063874
0.06148726
0.05690231
0.06737691
0.06622954
0.05957126
0.07502239
0.06617963
0.05965041
0.06238641
0.06743331
0.05852604
0.06324809
0.06175895
0.06156798
0.06252355
0.06034389
0.06033354
0.06431803
0.05776242
0.06591071
0.05332720
0.06722501
0.05840859
0.05498548
0.06441617
0.06649677
0.06179004
0.06293400
0.05402217
0.06964712
0.05815932
0.05777414
0.06439820
0.06508648
0.05630281
0.05623211
0.06771976
0.06966242
0.05525352
0.06070977
0.06299367
0.05911617
0.06087363
0.06157054
0.05765722
0.06082394
0.06425604
0.05826520
0.06379302
0.06543960
0.06028882
0.05945465
0.06293302
0.06105623
0.05779509
0.05742972
0.06800519
0.05494154
0.05653563
0.05924528
0.06687018
0.06805638
0.05741253
0.06004543
0.07105430
0.05969836
0.06404446
0.06333057
0.06404771
0.05738548
0.06121806
0.06158412
0.06562068
0.05573100
0.05997182
0.06098167
0.05933075
0.06461892
0.07295657
0.06588159
0.06267658
0.06136747
0.06559367
0.05812274
0.05657577
0.07242358
0.06293704
0.06976755
0.06816247
0.06450666
0.06217797
0.06691301
0.06972695
0.05556971
0.05887205
0.06546059
0.05858547
0.05621978
0.05324482
0.06287424
0.05260691
0.05916238
0.05864979
0.06871125
0.06471835
0.06180768
0.06027996
0.06062896
0.06404394
0.06448389
0.05912955
0.06239864
0.07306569
0.07425746
0.06312876
0.06134890
0.06810713
0.06735580
0.07862199
0.08051625
0.07039969
0.06566172
0.05972113
0.05706193
0.06090250
0.05794505
0.05226531
0.06455022
0.06089661
0.06536112
0.06040980
0.06550415
0.05731557
0.05662640
0.06637024
0.06045742
0.05960457
0.05747987
0.06012708
0.06190728
0.06058169
0.06497571
0.06824881
0.06407939
0.06873184
0.06211840
0.06580566
0.06578647
0.06303608
0.06834974
0.05969056
0.05357135
0.06088522
0.05664290
0.05353765
0.06107019
0.05995957
0.06602762
0.06564423
0.06435269
0.06528090
0.06763387
0.06209101
0.06122105
0.05713042
0.05889010
0.05720289
0.06478556
0.06583848
0.05560912
0.07021550
0.06017826
0.06289291
0.05697374
0.05841371
0.06466705
0.06700838
0.06226235
0.06004200
0.06151376
0.05767963
0.06900490
0.05927272
0.05901246
0.06097316
0.06099431
0.05877334
0.06501872
0.06219210
0.06151956
0.06208247
0.06828260
0.06315946
0.06593020
0.06115037
0.06287524
0.06250829
0.05417903
0.06415992
0.06493064
0.07096351
0.06869267
0.06467984
0.06176928
0.05899943
0.06636071
0.06981235
0.06097072
0.05826286
0.05727552
0.06243431
0.06584024
0.06394734
0.06160768
0.06265007
0.05841736
0.06562077
0.05532611
0.06055836
0.06251200
0.05885904
0.06729208
0.05890142
0.06293818
0.05978552
0.06153957
0.05525127
0.07044312
0.06100179
0.05642410
0.06401947
0.05218882
0.07361363
0.06045326
0.06656261
0.06019360
0.06884246
0.05620791
0.05180827
0.05593321
0.05850259
0.06318841
0.06614510
0.06124931
0.05918503
0.05660232
0.06552629
0.06373471
0.06801347
0.06211700
0.06263275
0.06231426
0.06129085
0.05867199
0.06028749
0.05755152
0.06562362
0.06396060
0.06091327
0.06520497
0.06593923
0.06253645
0.06850125
0.06027450
0.05882156
0.06512276
0.06668500
0.05428022
0.06079041
0.05578820
0.05766086
0.06040558
0.05900120
0.06664834
0.06100979
0.06606906
0.06174503
0.06066060
0.05600104
0.05981921
0.07028373
0.05072141
0.06340537
0.05729916
0.06012378
0.07327046
0.05921264
0.05459427
0.06074931
0.05987285
0.06857184
0.05658443
0.06538000
0.05862104
0.06260190
0.06365647
0.06530510
0.06726055
0.05729491
0.05920123
0.06187352
0.05866052
0.06729181
0.06147739
0.06043715
0.06165546
0.05702377
0.06444986
0.05328090
0.06187003
0.06651338
0.05463051
0.06030298
0.06017944
0.05773193
0.05667167
0.06234366
0.05941162
0.06041902
0.06691825
0.05344861
0.06703740
0.06546727
0.06950757
0.06367920
0.06076466
0.06180374