0.08848947
0.10188466
0.09122876
0.09318263
0.10846425
0.08595474
0.11254562
0.07434044
0.08056896
0.09442165
0.09568069
0.08258869
0.07863997
0.08471175
0.08950015
0.08268110
0.11283330
0.10620453
0.13441299
0.08483112
0.07198273
0.09416149
0.10542264
0.10110948
0.08200457
0.07457959
0.08514386
0.08240799
0.09257816
0.08763470
0.12927694
0.07394493
0.08359210
0.07926309
0.07775033
0.08712242
0.08047947
0.09371552
0.09456770
0.09583096
0.08100367
0.07886634
0.08558484
0.09371552
0.09456770
0.09583096
0.08100367
0.07886634
0.08558484
0.09002393
0.09256530
0.09306321
0.10788041
0.09210559
0.08216677
0.10131887
0.07199964
0.09832420
0.08349236
0.09171882
0.08461653
0.09269458
0.08854395
0.10559639
0.08353727
0.07807953
0.09059591
0.10425665
0.09856452
0.09149167
0.08819286
0.07775979
0.08918231
0.08979468
0.07840119
0.09562025
0.07837807
0.10411856
0.08437533
0.08721493
0.12073137
0.09148763
0.12301002
0.07703275
0.09663224
0.09284743
0.11722796
0.10128780
0.09617225
0.07506542
0.07999815
0.09446096
0.07704974
0.07885650
0.08646042
0.10356502
0.09860016
0.08423255
0.08965831
0.09057980
0.08520458
0.08151772
0.07866861
0.09027598
0.08935405
0.10485113
0.07923722
0.08296878
0.08381111
0.09354334
0.09105645
0.08748831
0.08862619
0.07535930
0.08085666
0.09544931
0.08247277
0.07961501
0.07675883
0.08944884
0.08860128
0.10596498
0.09371552
0.09456770
0.09583096
0.08100367
0.07886634
0.08558484
0.09002393
0.09256530
0.09306321
0.10788041
0.09210559
0.08216677
0.10131887
0.07199964
0.09832420
0.08349236
0.09171882
0.08461653
0.09269458
0.08854395
0.10559639
0.08353727
0.07807953
0.09059591
0.10425665
0.09856452
0.09371552
0.09456770
0.09583096
0.08100367
0.07886634
0.08558484
0.09002393
0.09256530
0.09306321
0.10788041
0.09210559
0.08216677
0.10131887
0.07199964
0.09832420
0.08349236
0.09171882
0.08461653
0.09269458
0.08854395
0.10559639
0.08353727
0.07807953
0.09059591
0.10425665
0.09856452
0.09149167
0.08819286
0.07775979
0.08918231
0.08979468
0.07840119
0.09562025
0.07837807
0.10411856
0.08437533
0.08721493
0.12073137
0.09148763
0.12301002
0.07703275
0.09663224
0.09284743
0.11722796
0.10128780
0.09617225
0.07506542
0.07999815
0.09446096
0.07704974
0.07885650
0.08646042
0.10356502
0.09860016
0.08423255
0.08965831
0.09057980
0.08520458
0.08151772
0.07866861
0.09027598
0.08935405
0.10485113
0.07923722
0.08296878
0.08381111
0.09354334
0.09105645
0.08748831
0.08862619
0.07535930
0.08085666
0.09544931
0.08247277
0.07961501
0.07675883
0.08944884
0.08860128
0.10596498
0.08061741
0.08526559
0.08820495
0.07639450
0.07783274
0.08503850
0.09328585
0.11186932
0.08783284
0.11608993
0.09426409
0.10603597
0.08094661
0.08526498
0.09002592
0.09052363
0.09990210
0.08631885
0.12570964
0.08320608
0.07820691
0.10364085
0.09279259
0.09537548
0.08652877
0.09983554
0.07812458
0.06498047
0.12104609
0.08913586
0.08731137
0.07688589
0.07934782
0.07730065
0.09420657
0.07756301
0.10053525
0.08886670
0.08685181
0.08340027
0.09421601
0.08846915
0.10997763
0.08187337
0.09902051
0.10333410
0.11541158
0.08301343
0.08740175
0.06893035
0.07746792
0.08957434
0.08949710
0.06936033
0.08775955
0.08472103
0.07661178
0.08366553
0.09787814
0.08746061
0.08412638
0.08275247
0.08925243
0.09197274
0.08619285
0.08041629
0.10022275
0.07705869
0.08173741
0.10560145
0.09744994
0.08044582
0.10657479
0.12256518
0.11966192
0.10741278
0.09075890
0.09056695
0.08231850
0.09338817
0.07076352
0.09635553
0.08150417
0.07804808
0.08546174
0.10367261
0.09473212
0.08116515
0.07861085
0.07912814
0.09193576
0.08388456
0.10201872
0.08309329
0.10826378
0.08756613
0.09499921
0.08889517
0.07826073
0.08670518
0.08558387
0.09665745
0.08763683
0.09267077
0.08450875
0.08463435
0.12448230
0.08951911
0.11481394
0.06946229
0.10333481
0.09519854
0.08120993
0.08847568
0.07984908
0.07443390
0.08976128
0.09350635
0.09060834
0.07588404
0.08229219
0.09745869
0.09910239
0.08965778
0.07868757
0.09445328
0.07922431
0.08413220
0.08267832
0.08143901
0.09819715
0.09712994
0.07362474
0.07650751
0.07356711
0.09710567
0.08023547
0.10571596
0.07319376
0.07850108
0.09576945
0.10734133
0.08689210
0.09121115
0.08677319
0.08158422
0.09334940
0.10650171
0.07602563
0.07660485
0.08806292
0.09780948
0.09778230
0.10312507
0.09122975
0.10973755
0.11226335
0.07876700
0.10088164
0.07471942
0.08929697
0.10941871
0.11214487
0.07191109
0.08244875
0.09402977
0.09042788
0.08796081
0.07922917
0.08533663
0.11971448
0.08431213
0.09939849
0.11404865
0.11989166
0.09578282
0.10452286
0.09182342
0.08083418
0.07515943
0.09139537
0.09509638
0.09049962
0.09415350
0.10152923
0.08861310
0.09522651
0.09998857
0.09736886
0.08618226
0.07755903
0.08683938
0.07987952
0.10899069
0.09713329
0.09064650
0.09285450
0.08888646
0.08027746
0.09856479
0.09525056
0.08966625
0.07323655
0.08498036
0.10319930
0.09387333
0.09034079
0.07675241
0.09749058
0.08203642
0.09899859
0.11106022
0.08257194
0.08899584
0.07725253
0.08010215
0.09977561
0.11982947
0.10502033
0.08596217
0.09214707
0.07544789
0.07687515
0.10197357
0.07313333
0.09240447
0.06946990
0.09455528
0.08873789
0.08065083
0.07906419
0.09519202
0.08064920
0.09912515
0.09694798
0.07756064
0.07879388
0.08635423
0.07436562
0.08337958
0.07559430
0.09349432
0.07696034
0.09127271
0.07745471
0.08607962
0.08826713
0.09337355
0.09109032
0.08654221
0.11452947
0.07886343
0.11115952
0.09031799
0.08947504
0.09148414
0.08227426
0.07413830
0.10140674
0.08704769
0.09208229
0.08758682
0.10711474
0.09242103
0.09004823
0.11339474
0.09630828
0.10471102
0.11378726
0.09269205
0.09966425
0.08089587
0.08286920