0.13482485
0.13051309
0.13331077
0.11298422
0.11468275
0.11691502
0.12777681
0.17844729
0.12204095
0.13646142
0.12059998
0.16510214
0.10668553
0.12908585
0.18862801
0.13044285
0.11187174
0.13809392
0.17634488
0.15899864
0.12930877
0.14754778
0.12839335
0.10199240
0.11107072
0.15938837
0.14631379
0.12287253
0.14248845
0.14126801
0.14911578
0.12239103
0.12434913
0.14722300
0.11835749
0.13283957
0.14863149
0.13198648
0.14656881
0.11740671
0.11589328
0.13444820
0.15613550
0.13198648
0.14656881
0.11740671
0.11589328
0.13444820
0.15613550
0.11345125
0.12225793
0.16173315
0.12614480
0.12363688
0.16429647
0.11782533
0.17231380
0.11447379
0.13551956
0.15272409
0.15954245
0.13785479
0.18085132
0.12506006
0.11570758
0.15103934
0.14254346
0.10807563
0.13311955
0.11130074
0.15080311
0.10564005
0.11641797
0.11395024
0.11171370
0.11287159
0.10007982
0.13115632
0.20796444
0.14742799
0.11835420
0.14858782
0.11152850
0.14104091
0.11218518
0.18162054
0.13164618
0.11518829
0.15187232
0.15302013
0.11652477
0.18624870
0.11609206
0.16889835
0.15630366
0.14731479
0.16504132
0.13663524
0.10794312
0.15893523
0.16878441
0.12140820
0.20547783
0.11088710
0.12680147
0.13849688
0.10979756
0.13847726
0.11173790
0.13506370
0.13090920
0.12543822
0.13663819
0.13497713
0.17193372
0.12588557
0.11337346
0.12141239
0.16343014
0.16863169
0.10180246
0.14651996
0.13198648
0.14656881
0.11740671
0.11589328
0.13444820
0.15613550
0.11345125
0.12225793
0.16173315
0.12614480
0.12363688
0.16429647
0.11782533
0.17231380
0.11447379
0.13551956
0.15272409
0.15954245
0.13785479
0.18085132
0.12506006
0.11570758
0.15103934
0.14254346
0.10807563
0.13311955
0.13198648
0.14656881
0.11740671
0.11589328
0.13444820
0.15613550
0.11345125
0.12225793
0.16173315
0.12614480
0.12363688
0.16429647
0.11782533
0.17231380
0.11447379
0.13551956
0.15272409
0.15954245
0.13785479
0.18085132
0.12506006
0.11570758
0.15103934
0.14254346
0.10807563
0.13311955
0.11130074
0.15080311
0.10564005
0.11641797
0.11395024
0.11171370
0.11287159
0.10007982
0.13115632
0.20796444
0.14742799
0.11835420
0.14858782
0.11152850
0.14104091
0.11218518
0.18162054
0.13164618
0.11518829
0.15187232
0.15302013
0.11652477
0.18624870
0.11609206
0.16889835
0.15630366
0.14731479
0.16504132
0.13663524
0.10794312
0.15893523
0.16878441
0.12140820
0.20547783
0.11088710
0.12680147
0.13849688
0.10979756
0.13847726
0.11173790
0.13506370
0.13090920
0.12543822
0.13663819
0.13497713
0.17193372
0.12588557
0.11337346
0.12141239
0.16343014
0.16863169
0.10180246
0.14651996
0.12900793
0.12664058
0.16415814
0.12965626
0.11872696
0.19814383
0.17504094
0.13691395
0.18024128
0.14227099
0.12652208
0.16092357
0.13639485
0.14739144
0.17652125
0.15310152
0.13737579
0.11790235
0.12679593
0.15565406
0.12455945
0.14704808
0.12691204
0.13985816
0.14128143
0.14176900
0.16312951
0.11757177
0.12614126
0.11922617
0.11844821
0.12658842
0.12012756
0.12327202
0.11921648
0.14391986
0.14804167
0.12455597
0.17867066
0.12595306
0.12918532
0.10372358
0.12185759
0.12309868
0.13584436
0.13581756
0.12607404
0.11394672
0.13990393
0.11487004
0.11289550
0.15390786
0.11118286
0.16923095
0.14552570
0.13227824
0.16099623
0.13360804
0.10600946
0.12842424
0.12656209
0.23717843
0.14331096
0.17982649
0.13218231
0.10501393
0.12002514
0.12833428
0.10546435
0.13332715
0.13350237
0.14848139
0.12769357
0.15265351
0.11253592
0.12817223
0.14218559
0.11483605
0.23504767
0.12734931
0.11545934
0.14279082
0.13876904
0.13859322
0.14204678
0.14375862
0.14156946
0.15688950
0.12961935
0.12100011
0.13064782
0.11367850
0.10098993
0.12483327
0.12870197
0.15150713
0.16560672
0.12616049
0.11521147
0.11943597
0.14079893
0.13230430
0.10884236
0.14329127
0.13802595
0.10693901
0.12383134
0.11598934
0.12856436
0.16142348
0.11953905
0.16096101
0.13315513
0.15634125
0.14886010
0.11047933
0.13316219
0.17207476
0.13023008
0.11081407
0.13489395
0.12801085
0.17461454
0.11853558
0.13988394
0.16359049
0.14580844
0.11526077
0.11306660
0.14592680
0.12499488
0.15081725
0.11570776
0.18608503
0.10313561
0.16230854
0.13244530
0.11096341
0.12979418
0.14746614
0.11213297
0.11660534
0.12909397
0.20400946
0.13025086
0.14949064
0.13406431
0.11463011
0.12712483
0.15646752
0.14666999
0.14083480
0.12715191
0.13279690
0.17784576
0.12764993
0.15839235
0.11464181
0.15644997
0.12212795
0.13578584
0.20694742
0.15112237
0.12674936
0.16768346
0.13741538
0.11210541
0.18391364
0.15215152
0.13957756
0.11941276
0.11942210
0.14565488
0.14664394
0.15646345
0.15440208
0.12559777
0.12922286
0.11311344
0.13874529
0.12677586
0.13984414
0.12697738
0.13925192
0.12622840
0.12558986
0.14647876
0.20202199
0.14984589
0.14702432
0.11131211
0.12916585
0.16517278
0.11777028
0.13800184
0.17953729
0.10984887
0.13494126
0.15298942
0.15170946
0.10520575
0.13004157
0.12974978
0.12320433
0.13487331
0.17063075
0.15249717
0.13941813
0.11565278
0.15995302
0.14428000
0.11018676
0.12925714
0.13343065
0.10251772
0.13821035
0.13891866
0.16467390
0.14734960
0.11477474
0.10970879
0.12933582
0.11623888
0.12244437
0.12197268
0.13139598
0.11722170
0.15407509
0.15812441
0.11590398
0.18196899
0.11800028
0.12194816
0.11141703
0.13569775
0.12944191
0.24036971
0.13688712
0.15772216
0.13234541
0.11492966
0.11723312
0.20859611
0.13322407
0.14351322
0.16647977
0.12260625
0.13514967
0.10741250
0.17208142
0.12763100
0.15186789
0.11714133
0.11791325
0.11866292
0.13385272
0.13692754
0.20476931
0.14213698
0.11670088
0.14106785
0.12040286
0.18321009
0.11645559
0.15584080
0.21193133
0.13614233
0.13367417
0.15553843
0.12485858
0.13372178
0.11800640
0.10161741