0.06812484
0.06660205
0.06884171
0.06249779
0.07140447
0.07573828
0.06769363
0.08204955
0.06235701
0.07991208
0.08742156
0.07416978
0.06860184
0.07996509
0.06537518
0.06405693
0.08332464
0.06467361
0.07301202
0.06365136
0.06220060
0.06334454
0.06724460
0.08174785
0.06514598
0.07820508
0.08448820
0.06778920
0.07781115
0.06426901
0.06534035
0.06566994
0.06928350
0.06425504
0.07249179
0.06597032
0.06293566
0.06886903
0.06978329
0.06492608
0.07087368
0.06606782
0.06293566
0.06886903
0.06978329
0.06492608
0.07087368
0.06606782
0.06787949
0.06658493
0.08524708
0.09449902
0.08717516
0.06950987
0.06470617
0.08081657
0.08426288
0.07142872
0.06189890
0.06938176
0.07101185
0.06408942
0.06608459
0.07070570
0.06694055
0.07463435
0.06914785
0.08532574
0.07292100
0.07190289
0.06588240
0.08306793
0.06741907
0.07240990
0.07205281
0.06773216
0.06964226
0.07182053
0.07280026
0.06736646
0.06943278
0.07446439
0.06926572
0.06146419
0.06647601
0.07688281
0.09067546
0.06807052
0.06730722
0.06782360
0.07078204
0.07657815
0.06573763
0.06790692
0.06025372
0.06745816
0.06073942
0.08164917
0.07690186
0.07446233
0.07343052
0.06605698
0.08669480
0.07440724
0.05989087
0.06725461
0.06228156
0.10566743
0.06309007
0.07121580
0.08150885
0.06461863
0.08443884
0.08447972
0.07152770
0.06656068
0.07075054
0.06840410
0.07744821
0.07908195
0.06293566
0.06886903
0.06978329
0.06492608
0.07087368
0.06606782
0.06787949
0.06658493
0.08524708
0.09449902
0.08717516
0.06950987
0.06470617
0.08081657
0.08426288
0.07142872
0.06189890
0.06938176
0.07101185
0.06408942
0.06608459
0.07070570
0.06694055
0.07463435
0.06914785
0.06293566
0.06886903
0.06978329
0.06492608
0.07087368
0.06606782
0.06787949
0.06658493
0.08524708
0.09449902
0.08717516
0.06950987
0.06470617
0.08081657
0.08426288
0.07142872
0.06189890
0.06938176
0.07101185
0.06408942
0.06608459
0.07070570
0.06694055
0.07463435
0.06914785
0.08532574
0.07292100
0.07190289
0.06588240
0.08306793
0.06741907
0.07240990
0.07205281
0.06773216
0.06964226
0.07182053
0.07280026
0.06736646
0.06943278
0.07446439
0.06926572
0.06146419
0.06647601
0.07688281
0.09067546
0.06807052
0.06730722
0.06782360
0.07078204
0.07657815
0.06573763
0.06790692
0.06025372
0.06745816
0.06073942
0.08164917
0.07690186
0.07446233
0.07343052
0.06605698
0.08669480
0.07440724
0.05989087
0.06725461
0.06228156
0.10566743
0.06309007
0.07121580
0.08150885
0.06461863
0.08443884
0.08447972
0.07152770
0.06656068
0.07075054
0.06840410
0.07744821
0.07908195
0.07059891
0.07210680
0.10240629
0.06324958
0.07657628
0.06802446
0.06389613
0.06664914
0.06484573
0.07027780
0.06669670
0.06941479
0.06637730
0.07454783
0.06470314
0.07189184
0.07300478
0.06602564
0.09129410
0.06622164
0.06975106
0.06697604
0.06899159
0.07858455
0.07542661
0.07849577
0.06488455
0.06497316
0.06051359
0.07634893
0.07151574
0.07336574
0.09237831
0.07193574
0.06760308
0.06914507
0.06871966
0.06815866
0.06287545
0.07433903
0.06908210
0.07138601
0.06942335
0.07471277
0.06946065
0.07397402
0.06945308
0.07543729
0.06435811
0.06579136
0.06636249
0.07658654
0.06716643
0.06639321
0.06781026
0.06468997
0.06378969
0.06762556
0.06632678
0.06847094
0.07101168
0.07937717
0.06680480
0.06768709
0.06865832
0.07271784
0.06119395
0.06672852
0.06529461
0.07687767
0.06684177
0.06743317
0.06951443
0.07373642
0.06754994
0.05957459
0.08978170
0.08014385
0.06346285
0.05963959
0.07105610
0.06368882
0.06164147
0.07272339
0.08141253
0.07593452
0.06836331
0.07193089
0.07108473
0.06216466
0.06793770
0.06617967
0.08085883
0.06867928
0.06739190
0.06923788
0.07284029
0.06907567
0.06814560
0.06459298
0.07619392
0.07183080
0.06881630
0.08006925
0.08687402
0.06830851
0.07687937
0.07187129
0.08914984
0.06931325
0.07865982
0.06546462
0.06998811
0.06266448
0.06883116
0.06736885
0.06951672
0.06662308
0.07821179
0.07094272
0.07787716
0.07095319
0.07371817
0.06480411
0.06379678
0.06499231
0.07282752
0.08029992
0.06559620
0.06556426
0.08238420
0.07380383
0.06789391
0.07224991
0.07359858
0.06357388
0.06689685
0.06629731
0.07060000
0.07362828
0.06988009
0.07654547
0.07224127
0.06584626
0.06371192
0.07656689
0.06050430
0.07368974
0.06679781
0.07315845
0.06467619
0.08275444
0.07421427
0.08040866
0.06888233
0.07531823
0.07521495
0.06507843
0.06676184
0.06976749
0.07301852
0.07986303
0.06268570
0.06087488
0.06012445
0.06182649
0.06274671
0.06677728
0.07175309
0.06737976
0.09040165
0.07531855
0.06842102
0.06357705
0.07097343
0.06849243
0.06232705
0.07227372
0.07996457
0.08018569
0.07156014
0.06166042
0.06197036
0.06295741
0.06465515
0.06770889
0.06545092
0.06464710
0.06630074
0.08277570
0.06951882
0.06987721
0.06788810
0.08493526
0.06330715
0.07042620
0.06553052
0.07014663
0.07309438
0.07574028
0.07008398
0.06301168
0.06773554
0.06854048
0.06863862
0.09402845
0.07137597
0.07560141
0.06790914
0.06987697
0.06881777
0.06847012
0.07563865
0.07002313
0.07903440
0.06581377
0.07047114
0.07194262
0.06713336
0.07590914
0.07394171
0.06997119
0.06503212
0.06817709
0.07349004
0.06630749
0.06883096
0.06717188
0.07994439
0.07995477
0.06869445
0.07083125
0.06852134
0.06829724
0.06449365
0.06388087
0.06649714
0.07236885
0.06793806
0.06560267
0.06639706
0.07124313
0.07011991
0.07204598
0.07509011
0.08804034
0.06477851
0.07024385
0.08373612
0.06712772
0.06675069
0.07487035
0.06696202
0.07033122
0.07220160
0.06556206
0.06969903
0.06753543
0.06800399
0.07502672
0.06749986
0.06386898
0.08118137
0.06940127
0.07733079
0.07003656
0.06515452
0.08525836
0.06966791
0.06863714
0.07338895
0.06710645
0.07908634
0.06477822
0.06967003
0.07444028
0.07455703