0.09639361
0.10308276
0.08122128
0.09985324
0.08296703
0.09999204
0.08355258
0.08020337
0.09765639
0.07595254
0.08454345
0.10581197
0.10146610
0.08254282
0.08247406
0.08240769
0.09742204
0.09705696
0.08521007
0.08347806
0.09943822
0.08328907
0.08056609
0.09468105
0.09840682
0.09791219
0.09361933
0.08700561
0.09073362
0.09999283
0.08271391
0.09128362
0.09206644
0.09464397
0.11383519
0.08351788
0.08870136
0.08073733
0.12225651
0.09176697
0.09932901
0.11262525
0.08870136
0.08073733
0.12225651
0.09176697
0.09932901
0.11262525
0.09171439
0.07810735
0.08680744
0.09173063
0.09598613
0.08222976
0.08121166
0.08551422
0.10700933
0.09751632
0.09601174
0.08932512
0.09727244
0.12274698
0.08297668
0.08597164
0.09222789
0.09655959
0.08219668
0.08071527
0.07887539
0.09675436
0.08741521
0.08217438
0.08769139
0.08847655
0.09317671
0.10963320
0.10572540
0.09187841
0.09467131
0.08866013
0.10079891
0.10445135
0.08123852
0.09054921
0.07243524
0.08286730
0.08605148
0.08996865
0.09111836
0.08906962
0.09212090
0.09348771
0.08049002
0.08695347
0.09823663
0.09265899
0.09299811
0.08778318
0.09765297
0.07889797
0.07825896
0.08571936
0.09366081
0.09882751
0.07766927
0.08867012
0.08429159
0.09118352
0.10210211
0.09157154
0.11609858
0.08562835
0.10406124
0.08795197
0.10780196
0.08711879
0.09191182
0.12248681
0.10587909
0.07815089
0.08870136
0.08073733
0.12225651
0.09176697
0.09932901
0.11262525
0.09171439
0.07810735
0.08680744
0.09173063
0.09598613
0.08222976
0.08121166
0.08551422
0.10700933
0.09751632
0.09601174
0.08932512
0.09727244
0.12274698
0.08297668
0.08597164
0.09222789
0.09655959
0.08219668
0.08071527
0.08870136
0.08073733
0.12225651
0.09176697
0.09932901
0.11262525
0.09171439
0.07810735
0.08680744
0.09173063
0.09598613
0.08222976
0.08121166
0.08551422
0.10700933
0.09751632
0.09601174
0.08932512
0.09727244
0.12274698
0.08297668
0.08597164
0.09222789
0.09655959
0.08219668
0.08071527
0.07887539
0.09675436
0.08741521
0.08217438
0.08769139
0.08847655
0.09317671
0.10963320
0.10572540
0.09187841
0.09467131
0.08866013
0.10079891
0.10445135
0.08123852
0.09054921
0.07243524
0.08286730
0.08605148
0.08996865
0.09111836
0.08906962
0.09212090
0.09348771
0.08049002
0.08695347
0.09823663
0.09265899
0.09299811
0.08778318
0.09765297
0.07889797
0.07825896
0.08571936
0.09366081
0.09882751
0.07766927
0.08867012
0.08429159
0.09118352
0.10210211
0.09157154
0.11609858
0.08562835
0.10406124
0.08795197
0.10780196
0.08711879
0.09191182
0.12248681
0.10587909
0.07815089
0.09934063
0.09933833
0.08370085
0.09248987
0.08011973
0.10735079
0.10420953
0.09022992
0.09647609
0.08301601
0.10776492
0.08107573
0.08852906
0.09359812
0.09334585
0.08424832
0.07703219
0.08107368
0.12304385
0.10048743
0.08532195
0.07803664
0.08656730
0.08214865
0.09281598
0.09476126
0.11171073
0.10204281
0.08548194
0.11602887
0.09010694
0.09222055
0.08587943
0.09824845
0.11362523
0.09529411
0.08675863
0.08864112
0.08805418
0.10044400
0.07978119
0.08636487
0.09196680
0.08557031
0.08607124
0.07770779
0.08431353
0.10385315
0.08626693
0.08899096
0.07827003
0.09925346
0.08521929
0.10027054
0.09924166
0.10964061
0.12130362
0.08787986
0.09213701
0.08087176
0.08485007
0.09323245
0.08199360
0.08546314
0.09151447
0.09871042
0.08700784
0.10441891
0.10557577
0.09696098
0.07641951
0.07569485
0.09123683
0.08153379
0.07739414
0.08564577
0.09252845
0.10489981
0.08107300
0.08600133
0.08280735
0.09025602
0.09847022
0.10107849
0.08100826
0.08684942
0.08103397
0.08211041
0.08769972
0.08872190
0.10707629
0.07955187
0.10487294
0.08619744
0.09814573
0.09532515
0.08379942
0.08088019
0.10065569
0.09801382
0.08356919
0.07422768
0.09265581
0.09842059
0.09281110
0.09107345
0.12233851
0.08725195
0.10391638
0.09377371
0.09791271
0.08411142
0.09801476
0.09491953
0.08881952
0.09363654
0.09648504
0.07629192
0.07332360
0.08759112
0.08153807
0.10503790
0.09467371
0.09916326
0.10695963
0.08084672
0.11264751
0.09161390
0.08497466
0.07965071
0.08953438
0.08833482
0.08151624
0.08913131
0.09253163
0.10314300
0.11006297
0.08193190
0.09241191
0.09226648
0.09321052
0.08879346
0.08572987
0.08987014
0.08896817
0.11140593
0.11816506
0.07900665
0.09828410
0.08787823
0.08350094
0.08662593
0.08813208
0.11308125
0.07724726
0.08332461
0.09584464
0.09082484
0.09349840
0.08837359
0.07937700
0.10522350
0.13179703
0.08735808
0.09419941
0.09401928
0.08973410
0.09581605
0.09452053
0.09826573
0.08139203
0.11394768
0.08933467
0.09189572
0.07783731
0.08120472
0.09961911
0.09467207
0.08777323
0.13912890
0.08025971
0.07956207
0.07966433
0.10196144
0.09174536
0.11305093
0.08679021
0.08170598
0.09764425
0.12418955
0.09054840
0.08107569
0.08020874
0.08196758
0.09450775
0.10012162
0.08035325
0.08482743
0.08827674
0.10843228
0.08580304
0.08027856
0.09030503
0.10009900
0.08156694
0.09013068
0.08495328
0.08469771
0.08853872
0.07908444
0.07897732
0.08301525
0.08653985
0.07716180
0.09499492
0.10662589
0.08213977
0.09459572
0.11211086
0.07812043
0.08571982
0.08651808
0.08810265
0.07851937
0.09623679
0.08090217
0.07647658
0.10035633
0.09743361
0.07576583
0.08624709
0.09224546
0.08686369
0.09084162
0.08052486
0.08544963
0.11604204
0.08487137
0.10831311
0.09277815
0.10455390
0.10836530
0.08270204
0.07616737
0.08721422
0.12349826
0.08374594
0.12120779
0.09116796
0.09843139
0.08125286
0.08695827
0.08444941
0.07775699
0.07924389
0.08804931
0.08595874
0.09511829
0.08150017
0.09078992
0.08595496
0.08534158
0.07989709
0.09045414
0.08978050
0.08427088
0.09599176
0.08681182
0.10008637
0.09022086
0.11141339
0.08732508
0.09283028
0.08412961
0.09271457
0.10612099