0.10954659
0.21346411
0.11852297
0.14936394
0.11590269
0.11050639
0.11920776
0.10450800
0.11041879
0.11056215
0.12046451
0.13291816
0.14338534
0.12600611
0.11871636
0.12157027
0.11264676
0.13857837
0.12668893
0.11196472
0.12427328
0.11747616
0.12564971
0.11027238
0.11472431
0.10325129
0.10726341
0.12218295
0.10580730
0.12217849
0.10857541
0.12861413
0.12388220
0.13094326
0.14668965
0.11503326
0.12043736
0.11507861
0.11275451
0.11698974
0.11557270
0.11328959
0.12043736
0.11507861
0.11275451
0.11698974
0.11557270
0.11328959
0.13180552
0.10802486
0.11571957
0.11828137
0.14284636
0.11439609
0.11935078
0.12969088
0.11179501
0.11019915
0.11223448
0.10713749
0.12705373
0.11843875
0.12578717
0.11709835
0.11540835
0.10980419
0.10782565
0.11348824
0.12474759
0.12089433
0.14759978
0.15305213
0.14040866
0.11693594
0.11872061
0.11917201
0.11472983
0.11291939
0.11715701
0.10960220
0.12936732
0.11514653
0.10644532
0.12039901
0.12971952
0.11112883
0.11831241
0.12334811
0.11102593
0.13556218
0.11204386
0.10765939
0.10980495
0.12205705
0.13633601
0.13066884
0.11941696
0.11809750
0.11302847
0.11936560
0.12387412
0.10716289
0.13144963
0.10962566
0.12338882
0.12270479
0.11957613
0.13076375
0.12576109
0.11525734
0.12286399
0.12135021
0.12498395
0.13122217
0.12143604
0.11904383
0.11010594
0.12940068
0.10939574
0.12769370
0.12043736
0.11507861
0.11275451
0.11698974
0.11557270
0.11328959
0.13180552
0.10802486
0.11571957
0.11828137
0.14284636
0.11439609
0.11935078
0.12969088
0.11179501
0.11019915
0.11223448
0.10713749
0.12705373
0.11843875
0.12578717
0.11709835
0.11540835
0.10980419
0.10782565
0.11348824
0.12043736
0.11507861
0.11275451
0.11698974
0.11557270
0.11328959
0.13180552
0.10802486
0.11571957
0.11828137
0.14284636
0.11439609
0.11935078
0.12969088
0.11179501
0.11019915
0.11223448
0.10713749
0.12705373
0.11843875
0.12578717
0.11709835
0.11540835
0.10980419
0.10782565
0.11348824
0.12474759
0.12089433
0.14759978
0.15305213
0.14040866
0.11693594
0.11872061
0.11917201
0.11472983
0.11291939
0.11715701
0.10960220
0.12936732
0.11514653
0.10644532
0.12039901
0.12971952
0.11112883
0.11831241
0.12334811
0.11102593
0.13556218
0.11204386
0.10765939
0.10980495
0.12205705
0.13633601
0.13066884
0.11941696
0.11809750
0.11302847
0.11936560
0.12387412
0.10716289
0.13144963
0.10962566
0.12338882
0.12270479
0.11957613
0.13076375
0.12576109
0.11525734
0.12286399
0.12135021
0.12498395
0.13122217
0.12143604
0.11904383
0.11010594
0.12940068
0.10939574
0.12769370
0.11532276
0.14122131
0.12275456
0.11628055
0.10608669
0.12125612
0.13722690
0.12373953
0.12357070
0.10662292
0.12777959
0.11930071
0.13045380
0.11622613
0.10877198
0.10487670
0.12159252
0.11596047
0.10950877
0.11403253
0.11357557
0.11371187
0.10942599
0.11635976
0.13883134
0.13529187
0.11666370
0.11681882
0.11364279
0.13949317
0.13690057
0.12242190
0.11857972
0.12554516
0.11686048
0.11722524
0.17178876
0.12335211
0.11037036
0.14355771
0.12959808
0.14066765
0.11279235
0.12662946
0.11393650
0.11903023
0.10477834
0.12668282
0.10925533
0.15335402
0.11020598
0.14961273
0.14041003
0.11098395
0.11096056
0.11148755
0.11858710
0.13283736
0.11808491
0.12205908
0.10976194
0.11968068
0.11700588
0.11523820
0.10832862
0.11201828
0.12558258
0.12190986
0.12031432
0.11306818
0.14172626
0.11116276
0.11619884
0.11451210
0.15123910
0.11905053
0.13194695
0.12664655
0.12636008
0.11539136
0.12095849
0.12445807
0.11878061
0.11954553
0.11145535
0.11010289
0.10645808
0.11630216
0.12379885
0.13096819
0.12035023
0.13206157
0.11753577
0.11751219
0.11077605
0.12911572
0.11194035
0.12399062
0.12971903
0.11004974
0.13155314
0.12487671
0.12117560
0.13864704
0.11988487
0.11233816
0.12101265
0.11143528
0.12571844
0.12512574
0.11298862
0.12729891
0.12700728
0.10736723
0.11223280
0.10509982
0.13189434
0.15666627
0.10248652
0.13163232
0.12416111
0.10602113
0.14105139
0.11172369
0.11231924
0.10817563
0.13413413
0.11151170
0.12607582
0.12209424
0.12420043
0.11417425
0.12545066
0.12373246
0.11169545
0.11282037
0.10916378
0.11236640
0.12190059
0.12159142
0.10850236
0.12838368
0.12358050
0.13049172
0.13970619
0.12682308
0.13137272
0.10975147
0.10939118
0.10736470
0.11814057
0.12268007
0.11317052
0.11753948
0.10527533
0.12362806
0.10726185
0.11409856
0.11105162
0.10268333
0.12433307
0.13836209
0.11206997
0.21847394
0.12789956
0.11393384
0.11471811
0.13593744
0.12249105
0.14727757
0.13274464
0.11777331
0.11937226
0.11056241
0.11829060
0.11706517
0.12613266
0.13521720
0.12178362
0.10905649
0.11685992
0.11227566
0.11461480
0.11159500
0.12716975
0.13530290
0.11185618
0.11824164
0.12205115
0.12270129
0.14607826
0.11295057
0.10825052
0.11090057
0.11390457
0.10764207
0.11205186
0.10890771
0.10821310
0.10479562
0.10339456
0.15631202
0.13941812
0.13055378
0.11624137
0.14099115
0.12983624
0.10983581
0.10952864
0.12667315
0.11747939
0.11544444
0.11507727
0.12991550
0.12936238
0.11969071
0.12024253
0.12381404
0.12002535
0.11513741
0.12200945
0.13026644
0.12879333
0.11915184
0.12200013
0.10686265
0.11886176
0.13086730
0.11548035
0.12666103
0.13471728
0.11310485
0.13750529
0.11823838
0.12448812
0.11605469
0.12187111
0.12099708
0.13474845
0.11196498
0.11250420
0.12741321
0.11422828
0.12187523
0.12187185
0.12806125
0.11952722
0.13854257
0.15571254
0.11701713
0.10764848
0.11591198
0.11299437
0.12873422
0.10783708
0.12481883
0.10495298
0.11560232
0.12633605
0.12751074
0.10723690
0.11386594
0.10885471
0.11385996
0.13646971
0.11723622
0.12312603
0.11965220
0.10847839
0.10780248
0.15886733
0.12448486
0.12100362
0.11276822
0.12184283
0.12791624