0.04821925
0.06292609
0.04819211
0.05232279
0.05865474
0.05027763
0.05070542
0.05544479
0.04918788
0.05426660
0.05170533
0.05200669
0.05274203
0.05259511
0.04996156
0.04841110
0.05771622
0.05445382
0.04881538
0.05411257
0.04923534
0.04786340
0.04867020
0.05432626
0.05560934
0.05697731
0.05423588
0.05196825
0.04940150
0.06045909
0.05551226
0.05139660
0.05509832
0.05043836
0.05419143
0.04866188
0.04906578
0.04841167
0.05493023
0.05282194
0.04894729
0.05265802
0.04906578
0.04841167
0.05493023
0.05282194
0.04894729
0.05265802
0.05512998
0.05961382
0.05241145
0.04608558
0.05864510
0.04742164
0.05405345
0.05378737
0.05442378
0.05515461
0.05232939
0.05583320
0.05653640
0.05444186
0.05285471
0.05287961
0.05286216
0.05514061
0.05165705
0.05033347
0.04617865
0.04434158
0.05510095
0.04978231
0.05849634
0.05579396
0.05202001
0.05900813
0.04958168
0.05744707
0.05621381
0.05406551
0.05784794
0.05402781
0.05243725
0.04879562
0.04935000
0.05670624
0.05251896
0.05266219
0.05205261
0.05122810
0.05394862
0.05126495
0.05264010
0.05772862
0.05489154
0.05039064
0.05243997
0.05069558
0.05467612
0.05451019
0.05306464
0.04870303
0.05721630
0.05393181
0.05430927
0.05139416
0.04863138
0.05638640
0.05106750
0.05513847
0.04777435
0.04939920
0.05302123
0.04966311
0.05298670
0.05453732
0.05617502
0.05112991
0.04945996
0.05269837
0.04906578
0.04841167
0.05493023
0.05282194
0.04894729
0.05265802
0.05512998
0.05961382
0.05241145
0.04608558
0.05864510
0.04742164
0.05405345
0.05378737
0.05442378
0.05515461
0.05232939
0.05583320
0.05653640
0.05444186
0.05285471
0.05287961
0.05286216
0.05514061
0.05165705
0.05033347
0.04906578
0.04841167
0.05493023
0.05282194
0.04894729
0.05265802
0.05512998
0.05961382
0.05241145
0.04608558
0.05864510
0.04742164
0.05405345
0.05378737
0.05442378
0.05515461
0.05232939
0.05583320
0.05653640
0.05444186
0.05285471
0.05287961
0.05286216
0.05514061
0.05165705
0.05033347
0.04617865
0.04434158
0.05510095
0.04978231
0.05849634
0.05579396
0.05202001
0.05900813
0.04958168
0.05744707
0.05621381
0.05406551
0.05784794
0.05402781
0.05243725
0.04879562
0.04935000
0.05670624
0.05251896
0.05266219
0.05205261
0.05122810
0.05394862
0.05126495
0.05264010
0.05772862
0.05489154
0.05039064
0.05243997
0.05069558
0.05467612
0.05451019
0.05306464
0.04870303
0.05721630
0.05393181
0.05430927
0.05139416
0.04863138
0.05638640
0.05106750
0.05513847
0.04777435
0.04939920
0.05302123
0.04966311
0.05298670
0.05453732
0.05617502
0.05112991
0.04945996
0.05269837
0.05555397
0.04749643
0.05097951
0.04913652
0.04896152
0.04907214
0.04938283
0.05561793
0.05152998
0.05530874
0.05237018
0.04797751
0.05191634
0.04977936
0.04930303
0.05075341
0.05229443
0.05119026
0.05180551
0.04958970
0.04817675
0.05956007
0.05086449
0.05040372
0.05155383
0.05675511
0.04695776
0.04889013
0.05381473
0.04712730
0.04600939
0.06169086
0.05739980
0.05492809
0.05137100
0.04747675
0.04782846
0.05426826
0.04592533
0.05191796
0.05497389
0.05065573
0.05123711
0.05367680
0.05408674
0.04679787
0.04525877
0.05807020
0.04834732
0.05176382
0.05648470
0.05478305
0.04782879
0.04934781
0.05815965
0.04840189
0.04905041
0.05024714
0.05158694
0.04674943
0.04392707
0.05161290
0.05014812
0.05523510
0.05052222
0.05385310
0.05676473
0.05273817
0.04993663
0.05448930
0.04750613
0.04801652
0.05623501
0.05076513
0.05297270
0.05303124
0.05370860
0.05281566
0.04663296
0.05283848
0.05410635
0.04940594
0.05134035
0.05079994
0.04794644
0.05137171
0.04994344
0.05489877
0.04911412
0.05600292
0.05258366
0.05390869
0.05669410
0.05277985
0.05202250
0.05934212
0.05045677
0.05240331
0.05213866
0.05124102
0.05113208
0.05398791
0.05219384
0.04870281
0.04744188
0.04676155
0.04806602
0.05983041
0.04997706
0.05096383
0.05416853
0.05697936
0.05587303
0.05083392
0.05499573
0.05033032
0.05108652
0.04754022
0.04848154
0.04841778
0.05025308
0.05497109
0.05721580
0.04548978
0.05005872
0.04961763
0.05173268
0.05218214
0.05460338
0.04967092
0.05267997
0.05490708
0.04911360
0.05137553
0.04869739
0.05342761
0.04958898
0.05630118
0.05084440
0.04594947
0.05648582
0.05235301
0.05791826
0.05140270
0.05044491
0.05450538
0.05493921
0.05206756
0.05186870
0.05431513
0.04788808
0.05122077
0.05570760
0.04594724
0.05237462
0.05079484
0.05112266
0.05400896
0.05354764
0.05139627
0.05633151
0.04736741
0.04993818
0.04859849
0.04850355
0.04977000
0.05094759
0.05208146
0.05639448
0.05581822
0.04629153
0.05319099
0.05142129
0.04887835
0.04678782
0.05749671
0.04837941
0.04673354
0.05371825
0.05409913
0.05130603
0.04773248
0.05593881
0.04925699
0.04942249
0.04900308
0.05098592
0.06512761
0.05017911
0.05518830
0.05546432
0.05828067
0.05483567
0.04633547
0.05346715
0.05669120
0.05774159
0.04913701
0.05163762
0.05343560
0.05737319
0.05067881
0.05051950
0.05163333
0.05578629
0.04783933
0.04977898
0.05227245
0.04929819
0.05896376
0.05207642
0.05169726
0.04629393
0.05329151
0.04627286
0.04640340
0.04959999
0.04932471
0.05056529
0.05721548
0.04975562
0.04694649
0.05361714
0.06200331
0.05113608
0.05362517
0.05091603
0.05592781
0.05193839
0.05373964
0.04990431
0.05567246
0.05193660
0.04639488
0.05361044
0.05306454
0.05012520
0.05420104
0.05571868
0.04560161
0.05051084
0.05331226
0.05343799
0.05159314
0.05115117
0.05223224
0.04818639
0.05326117
0.06675057
0.05239936
0.05220984
0.05323770
0.05488402
0.05254761
0.04843400
0.05152869
0.05289039
0.05268607
0.05445155
0.04544728
0.05301752
0.05066508
0.04839342
0.05556237
0.05168706
0.05083453
0.05341177
0.05137132
0.04889216
0.05188477
0.04710323
0.05920806
0.05088803
0.05130911
0.05930543
0.05620050