0.04572099
0.04618019
0.04429317
0.04734410
0.05093326
0.04895603
0.04381645
0.04343641
0.04873945
0.05197002
0.04617541
0.04942020
0.04611210
0.04717634
0.04139737
0.05447980
0.05075696
0.05170874
0.05745954
0.04829120
0.05064004
0.04846204
0.04540825
0.04708018
0.05584236
0.04207011
0.04523497
0.04611784
0.04550792
0.04971187
0.04799586
0.05210187
0.04494920
0.04707145
0.04406723
0.04996908
0.04390102
0.04821864
0.04683461
0.04566767
0.04350713
0.04390102
0.04821864
0.04683461
0.04566767
0.04350713
0.05401245
0.04647269
0.05287348
0.04997238
0.05200610
0.05431263
0.04757491
0.04677990
0.04754159
0.04758040
0.04669035
0.04605255
0.05028184
0.05207900
0.06002424
0.04449271
0.04852682
0.04449953
0.04016688
0.04645928
0.04564785
0.04294629
0.04179265
0.04450545
0.05070027
0.05465122
0.04829575
0.04932189
0.05531791
0.04793731
0.04655676
0.05174120
0.04330141
0.04861835
0.04589331
0.04498381
0.04962604
0.04827519
0.04905157
0.04415851
0.05184094
0.04653573
0.04762697
0.04940479
0.04889532
0.04647325
0.05211290
0.04457963
0.04651040
0.04381935
0.04708818
0.04973701
0.05602807
0.04548794
0.04556605
0.04716521
0.04878709
0.05217381
0.04405877
0.04480344
0.04803708
0.04803241
0.04394730
0.05240692
0.05556587
0.04755316
0.04887339
0.04870689
0.05237381
0.05431749
0.04360017
0.04628473
0.05497232
0.04390102
0.04821864
0.04683461
0.04566767
0.04350713
0.05401245
0.04647269
0.05287348
0.04997238
0.05200610
0.05431263
0.04757491
0.04677990
0.04754159
0.04758040
0.04669035
0.04605255
0.05028184
0.05207900
0.06002424
0.04449271
0.04852682
0.04449953
0.04016688
0.04645928
0.04390102
0.04821864
0.04683461
0.04566767
0.04350713
0.05401245
0.04647269
0.05287348
0.04997238
0.05200610
0.05431263
0.04757491
0.04677990
0.04754159
0.04758040
0.04669035
0.04605255
0.05028184
0.05207900
0.06002424
0.04449271
0.04852682
0.04449953
0.04016688
0.04645928
0.04564785
0.04294629
0.04179265
0.04450545
0.05070027
0.05465122
0.04829575
0.04932189
0.05531791
0.04793731
0.04655676
0.05174120
0.04330141
0.04861835
0.04589331
0.04498381
0.04962604
0.04827519
0.04905157
0.04415851
0.05184094
0.04653573
0.04762697
0.04940479
0.04889532
0.04647325
0.05211290
0.04457963
0.04651040
0.04381935
0.04708818
0.04973701
0.05602807
0.04548794
0.04556605
0.04716521
0.04878709
0.05217381
0.04405877
0.04480344
0.04803708
0.04803241
0.04394730
0.05240692
0.05556587
0.04755316
0.04887339
0.04870689
0.05237381
0.05431749
0.04360017
0.04628473
0.05497232
0.04333624
0.05168297
0.04733534
0.04857287
0.05317187
0.05155314
0.05455183
0.04866250
0.04456938
0.05313518
0.04526394
0.04496710
0.04707940
0.04579053
0.04697856
0.05109880
0.04535884
0.04554538
0.04726045
0.05689543
0.04332241
0.05045185
0.04609055
0.05137085
0.04882464
0.04567368
0.04960676
0.04980830
0.04554725
0.04706036
0.04474553
0.04935039
0.04313059
0.04955470
0.04641222
0.04864619
0.05730869
0.04419574
0.04898527
0.05064761
0.04610734
0.04439448
0.04801384
0.05200164
0.05328291
0.04956650
0.04338376
0.05113361
0.04993219
0.04918268
0.05406615
0.04684929
0.04530033
0.04506136
0.04644519
0.04696834
0.05458153
0.05033113
0.04876860
0.04311485
0.04660853
0.04587258
0.04930229
0.04846006
0.04660782
0.04574428
0.04849469
0.04285722
0.05081340
0.04598200
0.04741352
0.04887805
0.04514925
0.05059140
0.04717484
0.04506563
0.04402903
0.04589312
0.04732477
0.04670130
0.05022262
0.04418489
0.04925146
0.04529523
0.05651164
0.04769288
0.04700680
0.05018312
0.05431165
0.04935736
0.04861934
0.04766196
0.04799794
0.04337558
0.04977191
0.04792615
0.04210411
0.05285455
0.04194783
0.05067047
0.04574171
0.04672677
0.05051949
0.04978321
0.04882831
0.04466586
0.04627021
0.04324361
0.04012863
0.05422409
0.03968130
0.05119938
0.04887600
0.04635696
0.04332014
0.05106403
0.04604904
0.04625941
0.04861437
0.04917508
0.05397167
0.04840200
0.04582666
0.04675628
0.05653539
0.05226217
0.04318668
0.05069778
0.05269313
0.04459549
0.04639596
0.05112464
0.04537622
0.04639286
0.05101054
0.04872495
0.05027227
0.04624842
0.05055735
0.04946940
0.04672287
0.04690321
0.04413457
0.04711282
0.05062153
0.05224388
0.04542707
0.04722917
0.05179292
0.04860602
0.05750991
0.04666233
0.05545617
0.04858021
0.04491547
0.04790811
0.05173496
0.05208570
0.04836098
0.05328970
0.05124771
0.04344856
0.04893114
0.04926213
0.04439225
0.04840043
0.03998423
0.04668313
0.04455476
0.04741714
0.04961168
0.05090707
0.04970249
0.04534220
0.04916770
0.04630563
0.04192790
0.04542995
0.04175855
0.05136190
0.04860964
0.04911926
0.04852720
0.05130145
0.04395136
0.04785082
0.04421812
0.04611043
0.05040614
0.04645774
0.04791110
0.04486093
0.05085701
0.05083750
0.04913650
0.04582483
0.04333556
0.04641790
0.05397765
0.04404852
0.04870383
0.05041338
0.05069055
0.05031355
0.04633143
0.04390918
0.05471722
0.04521825
0.05655454
0.04859522
0.04574826
0.05196600
0.04985997
0.05291932
0.05456026
0.05238802
0.04312799
0.05655430
0.04665968
0.04850985
0.04148432
0.04860642
0.04628109
0.04813610
0.04913378
0.04910011
0.05203625
0.04760841
0.04743444
0.04417203
0.04792751
0.04790319
0.04982134
0.05492562
0.04974412
0.04990183
0.04755226
0.04313520
0.04590930
0.05304332
0.05304110
0.04333904
0.04577027
0.05077689
0.04281885
0.04665035
0.05077268
0.05079965
0.04515919
0.05115800
0.04949504
0.04174823
0.04333351
0.04462577
0.04831566
0.04907456
0.04301076
0.05074704
0.04546746
0.04395507
0.04460555
0.04705722
0.04602372
0.05527732
0.04364604
0.04975463
0.04559278
0.04426860
0.05027197
0.05020081
0.05039099
0.04771773
0.04911305
0.05509690
0.05151686
0.05000992
0.04572250
0.04790029