0.11060443
0.10245228
0.10259193
0.10593102
0.10801848
0.09372891
0.11682953
0.10366327
0.10439817
0.11681920
0.10201405
0.11955133
0.09910521
0.09623029
0.11153848
0.09246080
0.09317412
0.10504675
0.09864616
0.09259432
0.09919162
0.09765777
0.10172798
0.09514844
0.10119081
0.11188851
0.10706468
0.10426363
0.10790529
0.10105323
0.09896268
0.09386714
0.09962793
0.10293850
0.11597929
0.09678948
0.10054827
0.11099387
0.09703505
0.11507480
0.10012443
0.10054827
0.11099387
0.09703505
0.11507480
0.10012443
0.15169929
0.09563003
0.09962573
0.10201729
0.09657060
0.12293574
0.09603060
0.10406452
0.09941831
0.10044499
0.10351181
0.09813987
0.10785638
0.10943290
0.10061809
0.10408205
0.11615100
0.10624811
0.09291338
0.12077804
0.09426001
0.10915126
0.10589765
0.09253486
0.11104994
0.10535510
0.09126092
0.10177927
0.09525017
0.10049159
0.09362907
0.10220734
0.10647699
0.09454068
0.10168916
0.11634168
0.10045435
0.09366918
0.09504526
0.10559510
0.10300908
0.09550680
0.09411293
0.10741777
0.09898844
0.10123707
0.10085111
0.09291306
0.09417329
0.11318111
0.12148839
0.09733837
0.09337290
0.11478079
0.09992723
0.09929115
0.10383842
0.10194591
0.12424140
0.11432783
0.10214726
0.09369018
0.09429126
0.11243478
0.10482584
0.10979066
0.09844217
0.10150336
0.09766091
0.09870019
0.10777562
0.09874410
0.14364608
0.10054827
0.11099387
0.09703505
0.11507480
0.10012443
0.15169929
0.09563003
0.09962573
0.10201729
0.09657060
0.12293574
0.09603060
0.10406452
0.09941831
0.10044499
0.10351181
0.09813987
0.10785638
0.10943290
0.10061809
0.10408205
0.11615100
0.10624811
0.09291338
0.12077804
0.10054827
0.11099387
0.09703505
0.11507480
0.10012443
0.15169929
0.09563003
0.09962573
0.10201729
0.09657060
0.12293574
0.09603060
0.10406452
0.09941831
0.10044499
0.10351181
0.09813987
0.10785638
0.10943290
0.10061809
0.10408205
0.11615100
0.10624811
0.09291338
0.12077804
0.09426001
0.10915126
0.10589765
0.09253486
0.11104994
0.10535510
0.09126092
0.10177927
0.09525017
0.10049159
0.09362907
0.10220734
0.10647699
0.09454068
0.10168916
0.11634168
0.10045435
0.09366918
0.09504526
0.10559510
0.10300908
0.09550680
0.09411293
0.10741777
0.09898844
0.10123707
0.10085111
0.09291306
0.09417329
0.11318111
0.12148839
0.09733837
0.09337290
0.11478079
0.09992723
0.09929115
0.10383842
0.10194591
0.12424140
0.11432783
0.10214726
0.09369018
0.09429126
0.11243478
0.10482584
0.10979066
0.09844217
0.10150336
0.09766091
0.09870019
0.10777562
0.09874410
0.14364608
0.09855339
0.10046165
0.10662037
0.09890920
0.10275226
0.11031229
0.09308134
0.11541724
0.09958561
0.10567893
0.10012821
0.09473381
0.09579702
0.09818632
0.09476744
0.10441121
0.09946581
0.09873500
0.10031034
0.09731027
0.11329970
0.11970773
0.09749170
0.10353893
0.10516853
0.10020653
0.09285036
0.11007130
0.10380991
0.10003860
0.12072474
0.09804227
0.09670395
0.09163664
0.10206776
0.10107337
0.09845861
0.09662121
0.11521468
0.09701649
0.10584608
0.10868947
0.10063490
0.10288075
0.10921462
0.09904231
0.13108686
0.10836099
0.10545615
0.11718206
0.09653975
0.09596652
0.09852593
0.10665255
0.11691822
0.10642143
0.10466589
0.10436496
0.10568411
0.09451816
0.11117756
0.10790471
0.09416295
0.10123106
0.08919489
0.10422940
0.09982132
0.10329094
0.09909183
0.09378445
0.10696287
0.10427793
0.09754211
0.11271279
0.09555302
0.11286543
0.12357870
0.09279956
0.10605083
0.10903809
0.10171732
0.11134611
0.10874573
0.10272384
0.09738685
0.09533443
0.10190987
0.10696350
0.10607971
0.10353132
0.10645731
0.09810630
0.11713022
0.10282025
0.10108441
0.10731661
0.09331667
0.09406680
0.09945716
0.09286577
0.10064201
0.09789264
0.10134759
0.09629147
0.08913887
0.09855436
0.09757140
0.09862195
0.10045732
0.10058924
0.09255444
0.09697600
0.10107162
0.09621447
0.10055245
0.10688869
0.10385826
0.09554959
0.10200266
0.09972731
0.09461110
0.10530485
0.10879466
0.10207971
0.09866212
0.10914377
0.10339366
0.10657952
0.09413637
0.09748642
0.10057182
0.11556325
0.11037638
0.09818810
0.10172399
0.09998262
0.11072121
0.11358477
0.10907037
0.09293919
0.10820810
0.10744566
0.09500407
0.10179741
0.10496402
0.09447074
0.09801149
0.09525749
0.10660344
0.09518401
0.09646155
0.10067122
0.11181140
0.09810722
0.09339053
0.11391427
0.10732855
0.10458505
0.10606352
0.09320053
0.09985556
0.11331758
0.11254302
0.12698904
0.09369548
0.10259124
0.09194903
0.09561409
0.09911403
0.10579460
0.09950874
0.09329108
0.09850068
0.10802435
0.09991403
0.10535288
0.11106328
0.10179115
0.09616025
0.10488126
0.09514311
0.11520813
0.09926203
0.09209893
0.10479057
0.10382051
0.10077328
0.10988263
0.10411135
0.10486335
0.09834865
0.10378361
0.11468289
0.10237706
0.10325325
0.10076193
0.09359611
0.09669081
0.10036819
0.11545174
0.10437871
0.10384308
0.09907029
0.09505873
0.09735324
0.13163341
0.09478293
0.09785896
0.10101106
0.09498328
0.09698601
0.10345943
0.09762246
0.09756429
0.10257122
0.10538076
0.10816898
0.11774043
0.11177302
0.09734464
0.10198059
0.09597531
0.09976508
0.10486117
0.08969487
0.12013783
0.10392894
0.09728921
0.10525701
0.10595198
0.09414564
0.10311960
0.09944024
0.10950444
0.12492279
0.10509756
0.14125264
0.10205261
0.10091349
0.10107808
0.09732681
0.10476204
0.10090584
0.09981152
0.09787372
0.09981147
0.10128234
0.09848300
0.10272087
0.11414083
0.11932696
0.10201962
0.09804793
0.10898848
0.09561985
0.10327041
0.09933625
0.10633283
0.14497989
0.10531556
0.10355334
0.12237626
0.10090756
0.11432513
0.09581813
0.09715060
0.10752624
0.10138922
0.09904051
0.09365891
0.10496867
0.10387054
0.09427948
0.09807486
0.10475306
0.10068119
0.10356622
0.09797563