0.05499228
0.04950730
0.05063997
0.04534775
0.04606768
0.04589654
0.04607506
0.04848354
0.04850835
0.04702824
0.05233628
0.04696263
0.04815221
0.04692777
0.05439354
0.04981504
0.04893358
0.05200978
0.04313390
0.05118658
0.04430391
0.04747897
0.05019918
0.04589582
0.04992851
0.04668823
0.04962371
0.04688987
0.04218945
0.04966885
0.05198123
0.04668070
0.05250103
0.05545743
0.05037157
0.05012493
0.04567466
0.04662802
0.04470410
0.04787467
0.04935614
0.04567466
0.04662802
0.04470410
0.04787467
0.04935614
0.04639377
0.04931497
0.04319636
0.05033717
0.05025064
0.04326713
0.05619728
0.04783578
0.04897064
0.04831912
0.05150434
0.05450864
0.04945902
0.05137765
0.04945253
0.04657339
0.05148627
0.04688908
0.04579666
0.04687706
0.05063244
0.04873884
0.04771067
0.05116805
0.04577501
0.04599208
0.04801092
0.04802615
0.04671877
0.05347628
0.05098161
0.04662489
0.04968347
0.04657226
0.04450260
0.05575482
0.05022164
0.04571443
0.04730259
0.04226229
0.04375852
0.04863324
0.04879038
0.04396283
0.04687838
0.04981258
0.05290114
0.04627562
0.05004564
0.04427237
0.04625196
0.04805146
0.04935147
0.04777289
0.04874545
0.04914464
0.04363358
0.05089389
0.04765765
0.04790827
0.04600236
0.04632238
0.04638267
0.05109493
0.04883278
0.05290657
0.03934050
0.04559353
0.04930995
0.04325299
0.04386990
0.04488912
0.04722720
0.04567466
0.04662802
0.04470410
0.04787467
0.04935614
0.04639377
0.04931497
0.04319636
0.05033717
0.05025064
0.04326713
0.05619728
0.04783578
0.04897064
0.04831912
0.05150434
0.05450864
0.04945902
0.05137765
0.04945253
0.04657339
0.05148627
0.04688908
0.04579666
0.04687706
0.04567466
0.04662802
0.04470410
0.04787467
0.04935614
0.04639377
0.04931497
0.04319636
0.05033717
0.05025064
0.04326713
0.05619728
0.04783578
0.04897064
0.04831912
0.05150434
0.05450864
0.04945902
0.05137765
0.04945253
0.04657339
0.05148627
0.04688908
0.04579666
0.04687706
0.05063244
0.04873884
0.04771067
0.05116805
0.04577501
0.04599208
0.04801092
0.04802615
0.04671877
0.05347628
0.05098161
0.04662489
0.04968347
0.04657226
0.04450260
0.05575482
0.05022164
0.04571443
0.04730259
0.04226229
0.04375852
0.04863324
0.04879038
0.04396283
0.04687838
0.04981258
0.05290114
0.04627562
0.05004564
0.04427237
0.04625196
0.04805146
0.04935147
0.04777289
0.04874545
0.04914464
0.04363358
0.05089389
0.04765765
0.04790827
0.04600236
0.04632238
0.04638267
0.05109493
0.04883278
0.05290657
0.03934050
0.04559353
0.04930995
0.04325299
0.04386990
0.04488912
0.04722720
0.06059138
0.04960153
0.05165355
0.04419308
0.04943597
0.05086188
0.04831120
0.04875990
0.04137337
0.05082320
0.05241543
0.05185426
0.05143414
0.04833300
0.04442377
0.05085668
0.04832493
0.04819842
0.05172270
0.04579966
0.04715492
0.04645421
0.05372905
0.04956836
0.04689156
0.04797520
0.04395060
0.04828443
0.05570308
0.05256366
0.04550635
0.04691508
0.04410689
0.04796241
0.04804191
0.05087564
0.04187635
0.05381285
0.05043528
0.05513683
0.04585832
0.04967045
0.04664350
0.04988226
0.04626564
0.05113919
0.04343458
0.05239933
0.04959314
0.04821566
0.04749461
0.04471040
0.05898320
0.05102792
0.05088829
0.04976762
0.04797910
0.05474745
0.04847598
0.04816931
0.04601335
0.04989412
0.04511810
0.04391459
0.04652375
0.04818784
0.04832850
0.04373155
0.05360928
0.04848245
0.05050216
0.04406367
0.04829689
0.04741160
0.04456227
0.04750860
0.04772880
0.04874768
0.04818415
0.05130586
0.04695833
0.04471099
0.04943486
0.04920809
0.04915936
0.05592295
0.04788056
0.04883638
0.04833228
0.05439885
0.04530193
0.05150637
0.05234775
0.04853158
0.05250934
0.04413026
0.04973323
0.04007136
0.04793486
0.04246470
0.05046713
0.05329880
0.05380843
0.05033177
0.05426555
0.04719659
0.04658524
0.04752728
0.04332111
0.04874204
0.04982018
0.04662452
0.04391902
0.04439469
0.05057734
0.04663141
0.04667572
0.04474830
0.04537007
0.04557748
0.04865216
0.04642724
0.04976062
0.04947614
0.04728308
0.04466145
0.04996279
0.05300707
0.04774132
0.04299678
0.04710193
0.05217193
0.05472872
0.04990127
0.04664572
0.04780584
0.04254713
0.04607650
0.04924736
0.05079051
0.04807023
0.04958286
0.05125024
0.04673548
0.04521730
0.04757210
0.04507405
0.04838367
0.04886630
0.04809404
0.05025874
0.04738234
0.04690241
0.04783351
0.04715464
0.04615872
0.05243324
0.05779283
0.04441140
0.05089817
0.04343182
0.04222867
0.04279784
0.05092125
0.04568575
0.04992564
0.05494123
0.04775444
0.04878307
0.04663878
0.04515494
0.04850706
0.04219469
0.04860394
0.04914797
0.04653367
0.04967058
0.05161327
0.04669693
0.05241602
0.04527216
0.05075157
0.04376444
0.05078169
0.04807589
0.05452456
0.04475326
0.04493369
0.04609933
0.04694378
0.04621085
0.05565865
0.04748637
0.04171351
0.04694273
0.04745544
0.04634245
0.04586877
0.04994730
0.04981112
0.04928048
0.04807955
0.05780599
0.04795822
0.05422569
0.04405390
0.05552454
0.04739370
0.04818941
0.04651775
0.04580966
0.05235943
0.04800636
0.04749966
0.04896399
0.04819850
0.05011846
0.05192572
0.04930412
0.05095546
0.04761702
0.04498900
0.04757890
0.05020197
0.04732647
0.04766774
0.04792358
0.04908926
0.04673536
0.04510385
0.04576417
0.04762120
0.04425080
0.05211098
0.04971336
0.04959136
0.04645974
0.04695882
0.05159834
0.04886330
0.04806368
0.04543538
0.04922174
0.04802705
0.05894184
0.04912223
0.04676646
0.05502393
0.04358849
0.05158823
0.05190615
0.05107006
0.05119628
0.04143181
0.04704449
0.05234262
0.04677822
0.04825865
0.04328246
0.04344513
0.04453749
0.04610799
0.04217712
0.04813895
0.04889304
0.04418971
0.04558820
0.05016589
0.04986872
0.04748391
0.04629603
0.05221715
0.05035074
0.05245956
0.04538661
0.04934754
0.04946988
0.04838255