0.08105484
0.07556137
0.08920163
0.08789475
0.08252098
0.09288597
0.06736624
0.08493348
0.07412902
0.07663848
0.07728295
0.07231209
0.08376195
0.08395670
0.07651209
0.08622495
0.07573985
0.08348501
0.07188568
0.07729297
0.08531206
0.09413611
0.06687018
0.07939572
0.11253279
0.08112318
0.07387051
0.07951268
0.08383684
0.06841324
0.07806886
0.08014469
0.08306185
0.07794331
0.07944421
0.07605024
0.07573096
0.07105214
0.07406118
0.08584349
0.06965207
0.10977446
0.07573096
0.07105214
0.07406118
0.08584349
0.06965207
0.10977446
0.08362002
0.07200673
0.07697117
0.08648214
0.06943801
0.08524802
0.07790372
0.08891259
0.08875587
0.08048774
0.09174406
0.10429547
0.08410152
0.08439977
0.07365684
0.09129077
0.07757431
0.07583110
0.07805312
0.07138733
0.08652415
0.07965692
0.07297622
0.08415637
0.06835037
0.08731037
0.08208984
0.07701388
0.07425444
0.08641634
0.08298290
0.08832260
0.07516208
0.07460881
0.07484934
0.06857331
0.10124217
0.08954905
0.07401774
0.08031379
0.07484308
0.07319321
0.06993326
0.08679436
0.07348319
0.07604537
0.07924816
0.07651125
0.08556636
0.08123188
0.08009435
0.09419544
0.08420916
0.08211149
0.07918863
0.07444209
0.09801912
0.06809246
0.07560025
0.08044345
0.09048908
0.07689457
0.07580166
0.08018227
0.07657213
0.07412572
0.08536399
0.07528219
0.07810823
0.08153756
0.08321427
0.09029889
0.07573096
0.07105214
0.07406118
0.08584349
0.06965207
0.10977446
0.08362002
0.07200673
0.07697117
0.08648214
0.06943801
0.08524802
0.07790372
0.08891259
0.08875587
0.08048774
0.09174406
0.10429547
0.08410152
0.08439977
0.07365684
0.09129077
0.07757431
0.07583110
0.07805312
0.07138733
0.07573096
0.07105214
0.07406118
0.08584349
0.06965207
0.10977446
0.08362002
0.07200673
0.07697117
0.08648214
0.06943801
0.08524802
0.07790372
0.08891259
0.08875587
0.08048774
0.09174406
0.10429547
0.08410152
0.08439977
0.07365684
0.09129077
0.07757431
0.07583110
0.07805312
0.07138733
0.08652415
0.07965692
0.07297622
0.08415637
0.06835037
0.08731037
0.08208984
0.07701388
0.07425444
0.08641634
0.08298290
0.08832260
0.07516208
0.07460881
0.07484934
0.06857331
0.10124217
0.08954905
0.07401774
0.08031379
0.07484308
0.07319321
0.06993326
0.08679436
0.07348319
0.07604537
0.07924816
0.07651125
0.08556636
0.08123188
0.08009435
0.09419544
0.08420916
0.08211149
0.07918863
0.07444209
0.09801912
0.06809246
0.07560025
0.08044345
0.09048908
0.07689457
0.07580166
0.08018227
0.07657213
0.07412572
0.08536399
0.07528219
0.07810823
0.08153756
0.08321427
0.09029889
0.06808512
0.07436810
0.07412938
0.08949254
0.08850313
0.07965997
0.07266706
0.07941952
0.08616053
0.07079347
0.08441176
0.07771072
0.07122285
0.07778558
0.08680692
0.07619249
0.08390133
0.08744165
0.06720208
0.07587256
0.08604858
0.07325784
0.08433822
0.07863785
0.09567984
0.06643507
0.08207586
0.08403177
0.07447501
0.07638859
0.08764455
0.07043797
0.08035218
0.07871102
0.08148986
0.07917309
0.08585855
0.07983781
0.09280713
0.11328928
0.09997250
0.07294798
0.08087810
0.07337583
0.08329552
0.09630439
0.07132088
0.09042546
0.07583967
0.07260551
0.10199648
0.08430133
0.06595080
0.08039919
0.08789711
0.08730828
0.07779277
0.07259335
0.07920208
0.07678886
0.07348017
0.07725511
0.07545127
0.08341042
0.12163244
0.08646164
0.07011587
0.07284635
0.08030232
0.07165298
0.07125535
0.07711694
0.07213664
0.06774459
0.07388476
0.09132533
0.07897021
0.08074501
0.07872317
0.07775417
0.07483540
0.07523667
0.08886940
0.07337919
0.06873179
0.08391143
0.07512861
0.08515798
0.07912121
0.09154801
0.08707978
0.07499630
0.07705313
0.08124363
0.07290537
0.08701448
0.07285700
0.08175164
0.07880184
0.06906679
0.08451290
0.07835199
0.07863004
0.08421728
0.09308639
0.08188827
0.07160967
0.10878851
0.08642454
0.08055550
0.06792263
0.06998914
0.06710693
0.08022694
0.07047843
0.08875258
0.08317851
0.06786051
0.07770309
0.08579116
0.10492140
0.08115244
0.08225919
0.07110618
0.07546095
0.07434680
0.07809430
0.07523499
0.07653065
0.07650480
0.07679386
0.08434041
0.07600917
0.07432187
0.08081753
0.06897755
0.07125048
0.08436012
0.07836256
0.07729034
0.07667385
0.07014065
0.06852144
0.08078317
0.07429537
0.07671726
0.07828657
0.08933363
0.08083416
0.08806370
0.07713106
0.07556740
0.07457804
0.07642431
0.07503727
0.07790261
0.08032875
0.08249409
0.08283426
0.07728369
0.07569648
0.07788266
0.07475863
0.07993891
0.08183547
0.08082512
0.07802164
0.07392933
0.08252495
0.07853548
0.08816612
0.06221328
0.06977872
0.08605213
0.08487208
0.08664989
0.09215669
0.08229146
0.06788098
0.09221758
0.07435616
0.08521635
0.07964685
0.08099017
0.07275902
0.08672937
0.09411707
0.08138676
0.07587276
0.07978937
0.08497015
0.06787077
0.08875464
0.08090972
0.09512829
0.07208974
0.09552416
0.07787974
0.07759476
0.10023744
0.07965027
0.07489243
0.08970076
0.07287881
0.07302533
0.10551775
0.10326560
0.06594360
0.07245102
0.07871053
0.07362680
0.07867724
0.07301754
0.06889407
0.08220058
0.07119092
0.06886311
0.10710009
0.06795463
0.07248016
0.08630326
0.08909936
0.07432099
0.09083428
0.07967171
0.07841687
0.08528685
0.09073960
0.07889116
0.07921416
0.07547819
0.07505432
0.07912981
0.09023313
0.08146206
0.08035453
0.06327462
0.07774968
0.10492969
0.07380347
0.08301261
0.08529481
0.07606100
0.08785248
0.08040298
0.07165882
0.07721415
0.09711172
0.09183489
0.09071247
0.06855693
0.09840472
0.09609500
0.07912567
0.09277163
0.07277807
0.06973147
0.07869933
0.08441526
0.08408509
0.06946764
0.08340912
0.09466384
0.06880268
0.07570441
0.07234578
0.09531347
0.08562074
0.06820999
0.07475242
0.07505613
0.07503686
0.07893158
0.07642108
0.09360573
0.07272046