0.05465551
0.06137971
0.06108700
0.04980905
0.06427085
0.05349763
0.07899214
0.05888220
0.04856598
0.06061831
0.06266975
0.04933011
0.05018683
0.05941777
0.05362428
0.05340050
0.04751283
0.05768531
0.04843086
0.05701584
0.05714399
0.05755849
0.05444326
0.04728174
0.04924507
0.05358962
0.05519789
0.05726979
0.04673524
0.05225850
0.05857017
0.05412391
0.05668089
0.05251949
0.06593512
0.04938521
0.05672465
0.05520347
0.05084177
0.05843575
0.05346431
0.06203400
0.05672465
0.05520347
0.05084177
0.05843575
0.05346431
0.06203400
0.05959116
0.05787070
0.05439627
0.06251155
0.05597964
0.05325492
0.05553621
0.06183679
0.05691925
0.06220955
0.05272263
0.05724284
0.04544372
0.05455686
0.04855466
0.05705306
0.05705726
0.05003242
0.05173539
0.05509594
0.05190582
0.06426019
0.05386314
0.05710678
0.05379114
0.06045422
0.05879195
0.05748258
0.05766839
0.05484054
0.04785481
0.04791980
0.05159362
0.04972440
0.05076421
0.06390339
0.05775132
0.05711746
0.05513516
0.05916848
0.04968814
0.06301565
0.04941086
0.05387940
0.05288109
0.06965407
0.05011789
0.05420009
0.06331762
0.06760451
0.05831695
0.05377585
0.05478001
0.06409273
0.05541180
0.06310671
0.05221274
0.05628377
0.06309916
0.05393485
0.05096587
0.04718192
0.05139997
0.05231547
0.04751673
0.05492760
0.06591175
0.04807358
0.05578922
0.04778848
0.06118094
0.04588328
0.05672465
0.05520347
0.05084177
0.05843575
0.05346431
0.06203400
0.05959116
0.05787070
0.05439627
0.06251155
0.05597964
0.05325492
0.05553621
0.06183679
0.05691925
0.06220955
0.05272263
0.05724284
0.04544372
0.05455686
0.04855466
0.05705306
0.05705726
0.05003242
0.05173539
0.05509594
0.05672465
0.05520347
0.05084177
0.05843575
0.05346431
0.06203400
0.05959116
0.05787070
0.05439627
0.06251155
0.05597964
0.05325492
0.05553621
0.06183679
0.05691925
0.06220955
0.05272263
0.05724284
0.04544372
0.05455686
0.04855466
0.05705306
0.05705726
0.05003242
0.05173539
0.05509594
0.05190582
0.06426019
0.05386314
0.05710678
0.05379114
0.06045422
0.05879195
0.05748258
0.05766839
0.05484054
0.04785481
0.04791980
0.05159362
0.04972440
0.05076421
0.06390339
0.05775132
0.05711746
0.05513516
0.05916848
0.04968814
0.06301565
0.04941086
0.05387940
0.05288109
0.06965407
0.05011789
0.05420009
0.06331762
0.06760451
0.05831695
0.05377585
0.05478001
0.06409273
0.05541180
0.06310671
0.05221274
0.05628377
0.06309916
0.05393485
0.05096587
0.04718192
0.05139997
0.05231547
0.04751673
0.05492760
0.06591175
0.04807358
0.05578922
0.04778848
0.06118094
0.04588328
0.05299171
0.05495763
0.05616556
0.05362392
0.06070849
0.05662328
0.06436119
0.05051374
0.05349162
0.04346074
0.06654763
0.05736692
0.04830350
0.04902306
0.05712360
0.05458797
0.05889224
0.05891135
0.04860711
0.05206113
0.05492202
0.05876310
0.06282471
0.06677840
0.04963551
0.05885831
0.05082725
0.04773754
0.05600760
0.05051560
0.05179329
0.05684007
0.05693606
0.06111334
0.05139126
0.05507580
0.05454493
0.05027164
0.06470249
0.05937503
0.05168819
0.06097479
0.06091053
0.05142297
0.05292509
0.05604038
0.06660593
0.04515832
0.05303134
0.05706386
0.05736580
0.05672900
0.05492187
0.05360159
0.05461009
0.05310748
0.05521030
0.04693268
0.05924300
0.05821528
0.05260580
0.05057749
0.05441419
0.05776222
0.06181477
0.06569602
0.06396508
0.04560597
0.06044972
0.04720257
0.05274837
0.06228337
0.05166994
0.04437762
0.05891385
0.05893986
0.04512937
0.05587168
0.05971369
0.04952668
0.06111038
0.05356500
0.05516606
0.05052708
0.05207983
0.04653196
0.05483358
0.04707090
0.05720285
0.05551818
0.05776219
0.05927265
0.05008065
0.04851653
0.05717705
0.05309057
0.05343034
0.05258126
0.05382229
0.04984393
0.05485637
0.06704183
0.05430278
0.05630058
0.05775404
0.05228200
0.06196372
0.05388602
0.05012227
0.05461609
0.05808475
0.05022366
0.05224856
0.06196305
0.04865255
0.05828668
0.05502087
0.05769076
0.05483494
0.05978922
0.05022269
0.04933315
0.04947620
0.05700517
0.06527404
0.05804261
0.05223306
0.06473498
0.05107867
0.06310052
0.05332255
0.05709375
0.04995447
0.05243029
0.05018496
0.05157353
0.04953796
0.06614363
0.04999921
0.05189858
0.05246311
0.04949641
0.05402292
0.05336474
0.05154327
0.06630407
0.06047143
0.05478489
0.05903969
0.05822084
0.05290157
0.06183004
0.04843045
0.05454338
0.06593327
0.05436741
0.05356661
0.05765758
0.04948768
0.05138629
0.05605500
0.06228822
0.06110939
0.06107966
0.05544056
0.05381061
0.04831708
0.05217695
0.05346997
0.05830160
0.05855845
0.05985887
0.05623896
0.04816209
0.05574456
0.05814480
0.05384606
0.04695544
0.06519008
0.05584390
0.06043312
0.05805434
0.05642820
0.06354403
0.05707943
0.05788629
0.05016899
0.05585761
0.05202960
0.05433718
0.05822161
0.05964333
0.04577889
0.05339401
0.04670225
0.05274687
0.04960907
0.05334392
0.06384500
0.05989406
0.05720456
0.05641276
0.05380346
0.04952515
0.04780831
0.05777481
0.05979223
0.05992098
0.05667497
0.05996662
0.05008192
0.05228353
0.05067148
0.05361426
0.05228763
0.04850565
0.04965519
0.05603993
0.06100305
0.05056809
0.05202492
0.05245088
0.05755451
0.05368472
0.06017561
0.05550411
0.05485274
0.05382092
0.05048765
0.05728046
0.04320426
0.06033390
0.05605595
0.06094495
0.04745802
0.05644786
0.05934639
0.05222561
0.05523048
0.05493765
0.05437870
0.05541338
0.04550931
0.05457390
0.05083544
0.05620265
0.04801192
0.04925809
0.04944867
0.05127432
0.04895271
0.04859078
0.05354062
0.04714035
0.05969809
0.06410099
0.05053928
0.05752107
0.06387415
0.04197774
0.05440936
0.06238227
0.06558189
0.05534455
0.06059709
0.05458571
0.05903995
0.06194364
0.05710452
0.04877866
0.05183216
0.05985392
0.05110014
0.05337159
0.04949809
0.06231199