0.01955779
0.02328213
0.02492945
0.02079801
0.02805023
0.09518204
0.01945865
0.02948886
0.03640160
0.02350778
0.02399015
0.02542054
0.01522675
0.04398491
0.02639131
0.02554201
0.10035569
0.02108886
0.01832055
0.02923208
0.07685077
0.02004016
0.04685844
0.02609239
0.03674322
0.03764130
0.03303083
0.02764318
0.02323907
0.01992029
0.02929383
0.03308358
0.02404087
0.03558900
0.13050006
0.03988197
0.02553743
0.07248459
0.06248361
0.02977635
0.03446087
0.02553743
0.07248459
0.06248361
0.02977635
0.03446087
0.06015000
0.01999864
0.01788778
0.01879723
0.03919579
0.02503109
0.01994976
0.02918225
0.03366473
0.17145839
0.01842436
0.02778962
0.03083349
0.02089870
0.03389694
0.02148041
0.02429319
0.02002821
0.03470180
0.04767800
0.02925902
0.02808201
0.01893885
0.02779081
0.03442768
0.03244808
0.04378793
0.01595771
0.02522789
0.02549351
0.01708940
0.03574346
0.02583947
0.01639013
0.05148268
0.13855697
0.02374657
0.05629353
0.01561032
0.03100555
0.03588810
0.02339213
0.04598596
0.03273875
0.05923250
0.02306610
0.01893166
0.03852956
0.05800887
0.02257093
0.09689928
0.04889510
0.03749160
0.02590703
0.13533889
0.04623315
0.03845916
0.02560999
0.02921685
0.01917270
0.04066585
0.03284102
0.02784994
0.05109801
0.05684466
0.02454492
0.02776810
0.05878511
0.03656501
0.02058661
0.05570764
0.04314308
0.02318576
0.02553743
0.07248459
0.06248361
0.02977635
0.03446087
0.06015000
0.01999864
0.01788778
0.01879723
0.03919579
0.02503109
0.01994976
0.02918225
0.03366473
0.17145839
0.01842436
0.02778962
0.03083349
0.02089870
0.03389694
0.02148041
0.02429319
0.02002821
0.03470180
0.04767800
0.02553743
0.07248459
0.06248361
0.02977635
0.03446087
0.06015000
0.01999864
0.01788778
0.01879723
0.03919579
0.02503109
0.01994976
0.02918225
0.03366473
0.17145839
0.01842436
0.02778962
0.03083349
0.02089870
0.03389694
0.02148041
0.02429319
0.02002821
0.03470180
0.04767800
0.02925902
0.02808201
0.01893885
0.02779081
0.03442768
0.03244808
0.04378793
0.01595771
0.02522789
0.02549351
0.01708940
0.03574346
0.02583947
0.01639013
0.05148268
0.13855697
0.02374657
0.05629353
0.01561032
0.03100555
0.03588810
0.02339213
0.04598596
0.03273875
0.05923250
0.02306610
0.01893166
0.03852956
0.05800887
0.02257093
0.09689928
0.04889510
0.03749160
0.02590703
0.13533889
0.04623315
0.03845916
0.02560999
0.02921685
0.01917270
0.04066585
0.03284102
0.02784994
0.05109801
0.05684466
0.02454492
0.02776810
0.05878511
0.03656501
0.02058661
0.05570764
0.04314308
0.02318576
0.03707805
0.13491414
0.03575148
0.04813618
0.05382046
0.02458289
0.02812432
0.02308491
0.04446681
0.03224062
0.03600872
0.02910135
0.06954460
0.03095798
0.03211636
0.02632854
0.04315984
0.03175654
0.05229896
0.01961557
0.11627072
0.03571738
0.06188712
0.02069106
0.02737516
0.05000497
0.05364403
0.02396454
0.12611158
0.02487558
0.11761309
0.02637305
0.02281821
0.03452235
0.05213987
0.04382667
0.01769862
0.02266832
0.05675644
0.06274574
0.02509586
0.18520018
0.07732135
0.04447142
0.02203045
0.02159524
0.03536098
0.03055040
0.03768357
0.01895480
0.02686315
0.02603015
0.03916138
0.04429913
0.06454383
0.02908569
0.01882165
0.07078788
0.03605208
0.02250609
0.08658150
0.03911727
0.02456786
0.04371546
0.02236431
0.02934775
0.02553550
0.02108079
0.02475609
0.02916837
0.05292574
0.02431848
0.02599124
0.02013162
0.01958134
0.04136695
0.07358260
0.02257236
0.02607803
0.02972913
0.13705952
0.03551964
0.11140278
0.02335889
0.01845192
0.10078038
0.03269671
0.03512594
0.02064705
0.05809523
0.05632341
0.05385707
0.03471234
0.04212319
0.03633053
0.04280739
0.02747754
0.01950098
0.10288322
0.09188709
0.03560158
0.02761482
0.01712088
0.08438850
0.03684240
0.04494404
0.02125538
0.04189929
0.02087835
0.04261163
0.01643683
0.07401876
0.02232489
0.02037318
0.02448211
0.02492522
0.02437102
0.02321902
0.03239248
0.02298598
0.02786187
0.02548113
0.02422254
0.02075753
0.08900006
0.03381429
0.04412069
0.04476921
0.03782418
0.03566722
0.02693707
0.02156598
0.02009280
0.03690034
0.04082514
0.02230935
0.02382310
0.18126466
0.02930312
0.02089780
0.03073231
0.02735513
0.03891061
0.02225548
0.03210233
0.05537134
0.02040699
0.02561376
0.13829138
0.02500852
0.02357480
0.02714743
0.02030926
0.02981691
0.13094280
0.02462180
0.01858269
0.02352567
0.03369466
0.05315906
0.02769982
0.02396508
0.02438045
0.05736210
0.02532972
0.01920936
0.02146069
0.03999190
0.06036061
0.02610123
0.05379635
0.02494046
0.05043376
0.07473577
0.02749937
0.04947584
0.05462396
0.06002352
0.03827420
0.03231480
0.02785497
0.06428263
0.02910195
0.02389274
0.02106319
0.02222850
0.13989360
0.03497059
0.03769395
0.02508463
0.02969026
0.03806526
0.08367919
0.02907407
0.02205620
0.02576414
0.03108203
0.02530130
0.02643736
0.02839147
0.03121212
0.04765178
0.02517563
0.02184594
0.03036704
0.02153452
0.01916841
0.02850001
0.01949367
0.03959629
0.02625770
0.02631937
0.02534573
0.03334832
0.01837824
0.03242450
0.02014355
0.03501315
0.02976597
0.09577706
0.01671345
0.02775077
0.16346696
0.01553747
0.03966403
0.03281473
0.02575744
0.02141199
0.01850517
0.03054456
0.02550407
0.03508380
0.03057876
0.01962059
0.03687421
0.02226468
0.03796500
0.10986143
0.03407982
0.03085991
0.01934279
0.02358730
0.02474157
0.04089163
0.04336248
0.06394978
0.03193415
0.02168038
0.02986829
0.06577495
0.03395386
0.02680410
0.09120474
0.03222857
0.01696619
0.02611214
0.02981985
0.04467737
0.03189703
0.02729274
0.03942904
0.02947314
0.02288864
0.02955741
0.02821681
0.01925248
0.05823155
0.03977026
0.11611573
0.02306883
0.01937983
0.01846591
0.03594090
0.02947634
0.02854514
0.03217914
0.03564622
0.03289099