0.00299420
0.00369095
0.00338742
0.00309960
0.00368398
0.00340394
0.00313703
0.00343943
0.00321474
0.00364517
0.00323056
0.00389489
0.00384794
0.00380498
0.00341291
0.00352239
0.00324011
0.00355444
0.00361493
0.00322904
0.00356274
0.00333671
0.00344006
0.00391830
0.00353370
0.00336524
0.00362893
0.00319194
0.00339414
0.00351706
0.00346752
0.00345528
0.00339794
0.00350525
0.00409478
0.00432265
0.00311003
0.00335851
0.00406922
0.00342411
0.00353295
0.00311003
0.00335851
0.00406922
0.00342411
0.00353295
0.00383826
0.00374229
0.00289868
0.00341187
0.00363899
0.00343140
0.00303792
0.00316672
0.00414906
0.00321635
0.00449085
0.00461451
0.00389220
0.00355602
0.00337332
0.00353375
0.00311434
0.00300044
0.00318183
0.00387685
0.00360714
0.00559628
0.00409301
0.00351963
0.00382489
0.00327273
0.00318130
0.00354305
0.00289372
0.00323617
0.00327180
0.00328654
0.00446939
0.00376718
0.00349451
0.00303815
0.00345912
0.00330672
0.00332251
0.00418065
0.00377186
0.00397862
0.00307455
0.00304772
0.00316910
0.00322254
0.00335283
0.00374500
0.00324582
0.00475121
0.00451048
0.00348699
0.00338834
0.00312793
0.00432016
0.00339668
0.00311364
0.00409961
0.00352128
0.00424217
0.00354729
0.00368310
0.00437616
0.00339919
0.00330047
0.00325377
0.00297293
0.00317919
0.00401761
0.00294107
0.00493744
0.00601074
0.00340608
0.00311003
0.00335851
0.00406922
0.00342411
0.00353295
0.00383826
0.00374229
0.00289868
0.00341187
0.00363899
0.00343140
0.00303792
0.00316672
0.00414906
0.00321635
0.00449085
0.00461451
0.00389220
0.00355602
0.00337332
0.00353375
0.00311434
0.00300044
0.00318183
0.00387685
0.00311003
0.00335851
0.00406922
0.00342411
0.00353295
0.00383826
0.00374229
0.00289868
0.00341187
0.00363899
0.00343140
0.00303792
0.00316672
0.00414906
0.00321635
0.00449085
0.00461451
0.00389220
0.00355602
0.00337332
0.00353375
0.00311434
0.00300044
0.00318183
0.00387685
0.00360714
0.00559628
0.00409301
0.00351963
0.00382489
0.00327273
0.00318130
0.00354305
0.00289372
0.00323617
0.00327180
0.00328654
0.00446939
0.00376718
0.00349451
0.00303815
0.00345912
0.00330672
0.00332251
0.00418065
0.00377186
0.00397862
0.00307455
0.00304772
0.00316910
0.00322254
0.00335283
0.00374500
0.00324582
0.00475121
0.00451048
0.00348699
0.00338834
0.00312793
0.00432016
0.00339668
0.00311364
0.00409961
0.00352128
0.00424217
0.00354729
0.00368310
0.00437616
0.00339919
0.00330047
0.00325377
0.00297293
0.00317919
0.00401761
0.00294107
0.00493744
0.00601074
0.00340608
0.00327903
0.00511353
0.00333138
0.00474462
0.00342269
0.00303341
0.00421794
0.00820705
0.00351258
0.00320715
0.00329911
0.00312577
0.00444546
0.00595966
0.00321714
0.00389012
0.00338943
0.00341784
0.00333251
0.00339740
0.00307531
0.00291117
0.00486833
0.00335372
0.00443206
0.00355200
0.00407732
0.00419651
0.00325542
0.00344406
0.00334142
0.00331230
0.00325674
0.00425400
0.00333498
0.00343007
0.00293714
0.00328359
0.00316434
0.00344865
0.00282024
0.00320535
0.00303593
0.00429433
0.00321609
0.00371447
0.00374534
0.00438020
0.00374930
0.00335071
0.00402771
0.00349522
0.00383766
0.00420737
0.00367539
0.00353580
0.00299932
0.00403154
0.00345155
0.00321339
0.00351066
0.00408905
0.00286751
0.00356556
0.00324927
0.00382369
0.00304525
0.00380076
0.00351559
0.00289949
0.00317603
0.00432438
0.00332886
0.00388010
0.00352085
0.00364983
0.00308598
0.00408457
0.00362427
0.00337861
0.00389400
0.00325863
0.00564050
0.00369013
0.00395126
0.00336272
0.00393797
0.00312020
0.00364856
0.00413208
0.00330725
0.00345581
0.00291272
0.00324937
0.00336122
0.00356056
0.00373040
0.00305930
0.00361450
0.00310473
0.00324473
0.00343951
0.00366117
0.00312810
0.00370444
0.00347219
0.00342495
0.00306834
0.00412869
0.00365413
0.00352998
0.00358233
0.00356708
0.00294719
0.00354265
0.00371314
0.00359997
0.00357189
0.00463825
0.00362742
0.00328944
0.00330674
0.00322781
0.00323864
0.00398144
0.00321246
0.00341582
0.00312454
0.00349518
0.00444756
0.00348018
0.00327368
0.00561487
0.00331403
0.00328752
0.00319318
0.00363275
0.00388617
0.00321378
0.00352473
0.00395932
0.00349870
0.00398726
0.00336233
0.00385490
0.00381079
0.00345074
0.00675067
0.00296343
0.00325055
0.00573809
0.00360878
0.00365738
0.00300923
0.00306936
0.00325821
0.00318857
0.00439567
0.00363896
0.00372343
0.00329951
0.00330474
0.00311889
0.00330242
0.00363613
0.00381667
0.00423726
0.00339993
0.00339381
0.00300855
0.00320784
0.00340811
0.00328247
0.00294787
0.00407157
0.00315459
0.00282895
0.00311727
0.00337638
0.00363530
0.00368659
0.00343276
0.00346950
0.00338299
0.00345817
0.00345439
0.00457765
0.00321707
0.00371633
0.00383795
0.00330747
0.00365131
0.00306954
0.00423398
0.00355554
0.00311512
0.00408998
0.00346917
0.00300446
0.00421017
0.00388235
0.00417351
0.00368961
0.00345517
0.00368042
0.00337277
0.00391652
0.00307538
0.00374173
0.00284523
0.00311781
0.00445561
0.00314526
0.00312951
0.00315888
0.00329294
0.00401463
0.00377676
0.00343942
0.00325996
0.00310744
0.00319288
0.00315942
0.00408841
0.00412360
0.00312556
0.00399547
0.00350911
0.00358144
0.00385008
0.00401895
0.00334772
0.00357108
0.00327146
0.00419599
0.00315724
0.00370614
0.00360851
0.00318961
0.00348325
0.00319042
0.00390509
0.00308018
0.00543263
0.00298530
0.00307293
0.00329611
0.00330518
0.00343331
0.00442838
0.00300587
0.00330223
0.00400705
0.00342627
0.00359910
0.00342406
0.00587506
0.00324828
0.00427731
0.00371957
0.00304022
0.00310543
0.00338907
0.00483986
0.00366489
0.00457037
0.00280018
0.00378080
0.00318480
0.00352631
0.00425534
0.00268587
0.00369328
0.00329938
0.00391949
0.00361774
0.00319354
0.00396554