0.05380647
0.01895115
0.07426821
0.02594211
0.02136734
0.01549371
0.07257091
0.02653569
0.15014956
0.02954571
0.05732721
0.03629011
0.05902924
0.03877117
0.03234735
0.05778848
0.02813159
0.02340279
0.02313792
0.02378026
0.06991958
0.02516488
0.02594469
0.02452294
0.01994945
0.08330231
0.04748117
0.02751726
0.05804833
0.03416295
0.03922117
0.03982541
0.03064446
0.02544710
0.01523110
0.05112908
0.08133418
0.03712829
0.08472099
0.01908903
0.06015410
0.08133418
0.03712829
0.08472099
0.01908903
0.06015410
0.03546925
0.03237813
0.04732680
0.05093477
0.04333703
0.01657716
0.07746765
0.02804843
0.16549320
0.01549779
0.01846327
0.03907047
0.02116639
0.05293226
0.09962705
0.09654399
0.03187471
0.01897212
0.04720743
0.02663231
0.06517374
0.02906251
0.03237497
0.03021661
0.03221972
0.23032535
0.03437812
0.05112115
0.02443846
0.02375312
0.02748280
0.04788855
0.02081809
0.02805239
0.04095352
0.04497210
0.02996310
0.05442339
0.05346864
0.01602107
0.01600441
0.03630434
0.08066426
0.15964681
0.02778852
0.03527678
0.02776401
0.05025556
0.02271075
0.03292665
0.02050730
0.10927086
0.05530048
0.07591583
0.04935864
0.02644270
0.05181296
0.05579958
0.04968950
0.01915772
0.02657306
0.04265002
0.09465811
0.09465945
0.09157127
0.02326480
0.03919740
0.03839537
0.04537754
0.03708976
0.02034335
0.13546377
0.05273439
0.08133418
0.03712829
0.08472099
0.01908903
0.06015410
0.03546925
0.03237813
0.04732680
0.05093477
0.04333703
0.01657716
0.07746765
0.02804843
0.16549320
0.01549779
0.01846327
0.03907047
0.02116639
0.05293226
0.09962705
0.09654399
0.03187471
0.01897212
0.04720743
0.02663231
0.08133418
0.03712829
0.08472099
0.01908903
0.06015410
0.03546925
0.03237813
0.04732680
0.05093477
0.04333703
0.01657716
0.07746765
0.02804843
0.16549320
0.01549779
0.01846327
0.03907047
0.02116639
0.05293226
0.09962705
0.09654399
0.03187471
0.01897212
0.04720743
0.02663231
0.06517374
0.02906251
0.03237497
0.03021661
0.03221972
0.23032535
0.03437812
0.05112115
0.02443846
0.02375312
0.02748280
0.04788855
0.02081809
0.02805239
0.04095352
0.04497210
0.02996310
0.05442339
0.05346864
0.01602107
0.01600441
0.03630434
0.08066426
0.15964681
0.02778852
0.03527678
0.02776401
0.05025556
0.02271075
0.03292665
0.02050730
0.10927086
0.05530048
0.07591583
0.04935864
0.02644270
0.05181296
0.05579958
0.04968950
0.01915772
0.02657306
0.04265002
0.09465811
0.09465945
0.09157127
0.02326480
0.03919740
0.03839537
0.04537754
0.03708976
0.02034335
0.13546377
0.05273439
0.02451410
0.04032876
0.02228936
0.06700783
0.05347587
0.04998552
0.06690742
0.03736124
0.05696405
0.03199523
0.02365161
0.03037175
0.05425240
0.04101870
0.02904237
0.05371370
0.01766439
0.06018470
0.06311906
0.02081747
0.03535845
0.03041935
0.02902811
0.07659602
0.04196663
0.02853265
0.01553275
0.02115814
0.02625420
0.03606613
0.04859886
0.06111706
0.02931864
0.01713488
0.10379617
0.02837699
0.02111083
0.02239622
0.07268753
0.02531029
0.02824979
0.01687643
0.03597799
0.03971688
0.04720895
0.03597654
0.08498865
0.03968556
0.02511787
0.03688438
0.03210581
0.02580465
0.11412040
0.05930177
0.04030778
0.04904245
0.03783340
0.03691934
0.07564959
0.02166502
0.04513046
0.10624893
0.02312917
0.06750464
0.05352388
0.01800865
0.07296119
0.03186533
0.03584126
0.13204373
0.04950699
0.04609846
0.03603265
0.06617390
0.01952567
0.05292231
0.14086136
0.03587304
0.05283774
0.05465083
0.06078913
0.06272163
0.03071322
0.05708618
0.04640928
0.07166003
0.08863116
0.04304438
0.02180264
0.01938706
0.02642327
0.16923361
0.12829529
0.08491615
0.03011550
0.02483929
0.03202490
0.02902467
0.05940126
0.03536631
0.03761660
0.04695305
0.01910100
0.04015470
0.01987406
0.04576142
0.04697243
0.03445660
0.05639861
0.04243341
0.04803726
0.01667619
0.02872082
0.05822660
0.07786529
0.02686060
0.02522061
0.04525147
0.08788108
0.03154882
0.06652413
0.05704847
0.16682273
0.04616686
0.02043924
0.04097356
0.04987263
0.04751686
0.18519255
0.02267897
0.02696775
0.01924901
0.01736762
0.05105686
0.02398621
0.03352642
0.02365180
0.02129656
0.01136123
0.05842924
0.01702843
0.03569424
0.04885140
0.01894040
0.06436791
0.01883892
0.02044972
0.02953292
0.02244383
0.05279723
0.02483471
0.01913334
0.07559119
0.04850599
0.12190046
0.03135192
0.08904135
0.05161150
0.06863840
0.07053275
0.03372063
0.06286366
0.10431529
0.12641439
0.02154120
0.06665393
0.01583614
0.06727685
0.01811512
0.02552241
0.03938479
0.01773457
0.06674303
0.02243771
0.08711433
0.19168789
0.06922499
0.01775015
0.04811198
0.02129118
0.03440185
0.02677443
0.02999461
0.03250183
0.02347143
0.03691906
0.11170068
0.02851588
0.03293911
0.02368013
0.04535744
0.04233056
0.02280509
0.03022613
0.04085437
0.02338910
0.02531393
0.02076587
0.03612641
0.02081193
0.02514175
0.02639327
0.01672931
0.01891794
0.03599118
0.03150638
0.03340958
0.01801057
0.05000376
0.02478030
0.13102254
0.01943722
0.02414857
0.02731292
0.05569160
0.03549706
0.03092882
0.02300876
0.14167578
0.05526825
0.04367043
0.09845221
0.03243872
0.02220306
0.06864334
0.02900835
0.05721777
0.05277497
0.02252843
0.02476542
0.04457026
0.04653635
0.03900452
0.02389531
0.03595752
0.05992821
0.02550255
0.02617036
0.02410218
0.02286420
0.17409846
0.03063293
0.04966865
0.01734063
0.02552816
0.04070156
0.02606755
0.04557625
0.05604769
0.03531895
0.04692321
0.09810070
0.01658948
0.02252309
0.07576952
0.04407905
0.03409072
0.01659847
0.04054222
0.04208555
0.04131202
0.05373368
0.02892030
0.02141308
0.03417707
0.08937698
0.06292846
0.02612773
0.05526587
0.03956295
0.04358514
0.02967675
0.02149442
0.04248719
0.02569133
0.02380716
0.03348379
0.02535103