0.00678271
0.00728241
0.00697131
0.00602839
0.00637519
0.00600640
0.00679234
0.00648203
0.00584834
0.00893567
0.00618312
0.00668706
0.00733247
0.00884419
0.00804877
0.00637983
0.01329247
0.00968804
0.00781552
0.00782959
0.00863730
0.00901133
0.00560836
0.00714122
0.00635330
0.00671379
0.00704011
0.00610005
0.00649302
0.00760878
0.00576791
0.00652453
0.00628644
0.00674986
0.00683130
0.00626203
0.00552747
0.00691751
0.00800696
0.00764436
0.00625163
0.00552747
0.00691751
0.00800696
0.00764436
0.00625163
0.00665910
0.00640499
0.00556393
0.00645369
0.00694219
0.00610174
0.00632821
0.00612169
0.00582955
0.00714131
0.00637283
0.00704503
0.00666186
0.00745431
0.00516353
0.00601384
0.00732590
0.00631861
0.00770671
0.00632323
0.01070111
0.00688321
0.00742521
0.00752945
0.00735903
0.00662217
0.01000344
0.00676028
0.00571343
0.00612259
0.00653944
0.00638913
0.00673501
0.00919619
0.00586665
0.00536679
0.00719319
0.00626892
0.00674281
0.00631184
0.01018302
0.00549611
0.00672591
0.00769382
0.00588031
0.00746662
0.00593915
0.00805008
0.00660317
0.00683745
0.00607212
0.00685226
0.00709850
0.00760943
0.00679346
0.00685608
0.00642353
0.00680202
0.00899001
0.00836818
0.01797996
0.00648926
0.00773747
0.00877295
0.00606419
0.00777656
0.00652902
0.00634269
0.00748114
0.00926164
0.00708834
0.00612601
0.00714832
0.00552747
0.00691751
0.00800696
0.00764436
0.00625163
0.00665910
0.00640499
0.00556393
0.00645369
0.00694219
0.00610174
0.00632821
0.00612169
0.00582955
0.00714131
0.00637283
0.00704503
0.00666186
0.00745431
0.00516353
0.00601384
0.00732590
0.00631861
0.00770671
0.00632323
0.00552747
0.00691751
0.00800696
0.00764436
0.00625163
0.00665910
0.00640499
0.00556393
0.00645369
0.00694219
0.00610174
0.00632821
0.00612169
0.00582955
0.00714131
0.00637283
0.00704503
0.00666186
0.00745431
0.00516353
0.00601384
0.00732590
0.00631861
0.00770671
0.00632323
0.01070111
0.00688321
0.00742521
0.00752945
0.00735903
0.00662217
0.01000344
0.00676028
0.00571343
0.00612259
0.00653944
0.00638913
0.00673501
0.00919619
0.00586665
0.00536679
0.00719319
0.00626892
0.00674281
0.00631184
0.01018302
0.00549611
0.00672591
0.00769382
0.00588031
0.00746662
0.00593915
0.00805008
0.00660317
0.00683745
0.00607212
0.00685226
0.00709850
0.00760943
0.00679346
0.00685608
0.00642353
0.00680202
0.00899001
0.00836818
0.01797996
0.00648926
0.00773747
0.00877295
0.00606419
0.00777656
0.00652902
0.00634269
0.00748114
0.00926164
0.00708834
0.00612601
0.00714832
0.00679526
0.00617796
0.00653239
0.00725743
0.00629037
0.00627699
0.00538818
0.00640331
0.01255973
0.00589135
0.00715246
0.00792001
0.00722490
0.00706504
0.00646844
0.00783419
0.00624137
0.00684499
0.00980881
0.00722565
0.00654049
0.00634843
0.00537702
0.00588315
0.00638711
0.00729287
0.01027882
0.00598244
0.00634022
0.00885977
0.00658251
0.00587545
0.00934380
0.00709315
0.00758537
0.00924627
0.00612330
0.00669420
0.00713039
0.00950093
0.00618602
0.00741272
0.00826417
0.01144797
0.00637360
0.00883215
0.00556641
0.00648023
0.00738569
0.02022514
0.00790053
0.00600472
0.00746471
0.00640818
0.00941056
0.00740887
0.00609257
0.00688851
0.00625696
0.00568391
0.00569641
0.00739782
0.00634368
0.00632762
0.00692714
0.00888823
0.00588214
0.00605629
0.00740260
0.00634344
0.00626934
0.00667229
0.00636699
0.01781771
0.00854650
0.00579408
0.00693631
0.00660591
0.00858726
0.00617403
0.00739375
0.00668508
0.00710792
0.00717923
0.00629663
0.00698098
0.00613639
0.00926806
0.00644520
0.00646091
0.00869274
0.00579003
0.00861981
0.00646273
0.00676593
0.00820864
0.00654351
0.00516840
0.01110822
0.00858768
0.00684408
0.00696553
0.00884774
0.00646562
0.00568799
0.00642736
0.00707730
0.00656238
0.00620076
0.00732627
0.00575311
0.00552631
0.00874155
0.00580671
0.00698477
0.00613647
0.00888420
0.01046010
0.00655365
0.00752914
0.00677520
0.00587769
0.00625285
0.00739488
0.00580860
0.00775229
0.00825596
0.00903288
0.00582988
0.00758118
0.00726349
0.00765608
0.00602369
0.00583686
0.00702530
0.00722886
0.00725266
0.00708243
0.00727082
0.00591723
0.00639532
0.00695557
0.00789471
0.00514928
0.00685337
0.00694310
0.00672757
0.00651347
0.00910774
0.00589153
0.01037104
0.00592717
0.00708326
0.00610464
0.00789699
0.00809024
0.00641430
0.00662665
0.00667027
0.00693830
0.00794511
0.00678570
0.00822339
0.00655514
0.00666812
0.00870329
0.00671284
0.00652125
0.00757584
0.00626561
0.00642649
0.00941549
0.00660989
0.00821807
0.00745304
0.00659930
0.00674006
0.00741580
0.00687651
0.00743509
0.00820911
0.00647337
0.00584425
0.00715980
0.00778252
0.00669873
0.00648474
0.00607887
0.00608332
0.00665981
0.00817301
0.00667306
0.00712906
0.00649239
0.00671214
0.00563853
0.00715361
0.00672658
0.00633549
0.00696527
0.00649802
0.00735617
0.00594589
0.00676585
0.00912800
0.00724833
0.00691601
0.00649899
0.00770252
0.00601009
0.01060056
0.00661754
0.00753418
0.00618081
0.00931281
0.00605159
0.00698265
0.00710466
0.00650299
0.00884533
0.00705983
0.00641080
0.00767304
0.00648375
0.00656199
0.00664595
0.00758855
0.00670944
0.00646043
0.00722167
0.00612286
0.00590370
0.00708661
0.00627263
0.00689406
0.00654966
0.00716692
0.00595339
0.00653705
0.00705531
0.00769062
0.01035707
0.00713451
0.00679037
0.00618690
0.01483267
0.00846361
0.00605373
0.00581002
0.00577664
0.01235523
0.00615530
0.00750417
0.00647428
0.00789973
0.00622631
0.00562181
0.00789340
0.00652084
0.00743341
0.00724484
0.00828369
0.00631084
0.00587700
0.00730525
0.00690914
0.00659036
0.00598948
0.00636655
0.00598684
0.01014413
0.00561186
0.00783950
0.00666438
0.00676812
0.00687062
0.00570535
0.00668956