0.00384657
0.00300020
0.00446771
0.00362444
0.00452571
0.00332315
0.00332609
0.00258970
0.00735957
0.00368148
0.00358166
0.00277690
0.00284927
0.00323704
0.00425121
0.00526347
0.00550843
0.00456779
0.00272552
0.00357116
0.00391283
0.00333325
0.00389729
0.00408757
0.00577328
0.00325497
0.00305105
0.00303344
0.00363581
0.00271106
0.00337320
0.00383779
0.00360378
0.00438536
0.00479775
0.00475614
0.00356699
0.00390179
0.00342326
0.00412701
0.00502665
0.00591110
0.00356699
0.00390179
0.00342326
0.00412701
0.00502665
0.00591110
0.00441559
0.00384059
0.00486985
0.00258118
0.00358728
0.00395383
0.00600758
0.00446593
0.00361785
0.00366926
0.00387746
0.00440659
0.00318898
0.00318191
0.00406479
0.00437388
0.00434548
0.00440943
0.00339012
0.00263931
0.00606752
0.00354288
0.00406238
0.00444453
0.00422340
0.00509553
0.00597034
0.00296704
0.00379958
0.00529018
0.00335157
0.00536383
0.00267092
0.00606680
0.00490700
0.00340527
0.00313767
0.00266970
0.00412793
0.00775882
0.00279311
0.00442116
0.00320538
0.00372441
0.00361764
0.00238390
0.00283775
0.00319308
0.00637572
0.00356804
0.00320738
0.00279403
0.00316840
0.00373182
0.00469989
0.00447920
0.00445570
0.00377161
0.00336630
0.00292753
0.00255298
0.00378511
0.00365285
0.00407604
0.00372978
0.00356756
0.00626157
0.00532493
0.00297270
0.00348940
0.00333558
0.00354094
0.00356699
0.00390179
0.00342326
0.00412701
0.00502665
0.00591110
0.00441559
0.00384059
0.00486985
0.00258118
0.00358728
0.00395383
0.00600758
0.00446593
0.00361785
0.00366926
0.00387746
0.00440659
0.00318898
0.00318191
0.00406479
0.00437388
0.00434548
0.00440943
0.00339012
0.00263931
0.00356699
0.00390179
0.00342326
0.00412701
0.00502665
0.00591110
0.00441559
0.00384059
0.00486985
0.00258118
0.00358728
0.00395383
0.00600758
0.00446593
0.00361785
0.00366926
0.00387746
0.00440659
0.00318898
0.00318191
0.00406479
0.00437388
0.00434548
0.00440943
0.00339012
0.00263931
0.00606752
0.00354288
0.00406238
0.00444453
0.00422340
0.00509553
0.00597034
0.00296704
0.00379958
0.00529018
0.00335157
0.00536383
0.00267092
0.00606680
0.00490700
0.00340527
0.00313767
0.00266970
0.00412793
0.00775882
0.00279311
0.00442116
0.00320538
0.00372441
0.00361764
0.00238390
0.00283775
0.00319308
0.00637572
0.00356804
0.00320738
0.00279403
0.00316840
0.00373182
0.00469989
0.00447920
0.00445570
0.00377161
0.00336630
0.00292753
0.00255298
0.00378511
0.00365285
0.00407604
0.00372978
0.00356756
0.00626157
0.00532493
0.00297270
0.00348940
0.00333558
0.00354094
0.00299177
0.00646099
0.00744906
0.00569094
0.00348385
0.00388214
0.00572706
0.00554003
0.00353278
0.00361599
0.00329994
0.00345254
0.00316198
0.00332320
0.00362417
0.00353216
0.00272366
0.00236752
0.00291438
0.00380792
0.00607736
0.00381651
0.00513413
0.00340602
0.00355495
0.00325482
0.00293181
0.00253186
0.00438990
0.00333617
0.00379489
0.00365741
0.00332214
0.00391191
0.00299380
0.00290559
0.00673787
0.00514302
0.00312045
0.00354088
0.00347384
0.00380216
0.00296643
0.00364978
0.00426669
0.00822888
0.00389083
0.00465486
0.00413091
0.00490954
0.00355463
0.00300655
0.00283997
0.00521351
0.00458988
0.00600940
0.00391501
0.00268713
0.00278742
0.00399257
0.00266435
0.00520207
0.00616437
0.00391945
0.00437073
0.00489060
0.00471131
0.00401278
0.00362160
0.00416509
0.00414867
0.00310484
0.00305831
0.00390772
0.00390833
0.00274322
0.00438382
0.00366494
0.00410046
0.00536620
0.00283506
0.00602001
0.00334792
0.00319329
0.00421197
0.00429058
0.00310516
0.00394923
0.00403485
0.00251916
0.00307499
0.00470185
0.00504970
0.00322911
0.00331296
0.00292325
0.00469204
0.00607064
0.00582364
0.00617226
0.00357450
0.00352023
0.00342624
0.00301378
0.00373257
0.00354855
0.00319000
0.00631893
0.00361351
0.00499017
0.00571780
0.00435898
0.00273412
0.00356784
0.00438142
0.00532591
0.00488457
0.00322014
0.00432520
0.00335077
0.00366858
0.00454304
0.00356942
0.00499523
0.00576246
0.00432355
0.00381052
0.00354317
0.00305644
0.00418481
0.00420930
0.00492550
0.00330631
0.00302515
0.00866772
0.00353739
0.00406216
0.00307677
0.00593128
0.00276192
0.00520488
0.00366228
0.00277929
0.00330769
0.00322828
0.00335354
0.00321200
0.00261679
0.00364757
0.00287674
0.00316838
0.00489165
0.00269045
0.00767428
0.00480376
0.00612077
0.00373055
0.00961442
0.00362217
0.00271577
0.00343616
0.00315592
0.00593935
0.00321770
0.00429205
0.00310075
0.00275897
0.00314973
0.00324323
0.00276519
0.00385041
0.00564706
0.00317395
0.00324212
0.00357580
0.00386300
0.00504267
0.00289554
0.00396268
0.00384055
0.00370293
0.00465352
0.00480875
0.00406364
0.00594893
0.00351367
0.00437533
0.00426686
0.00370809
0.00463313
0.00242885
0.00304413
0.00508830
0.00375480
0.00342988
0.00335142
0.00398084
0.00410429
0.00396037
0.00599455
0.00374564
0.00471413
0.00319064
0.00353644
0.00385879
0.00381206
0.00471171
0.00416102
0.00282542
0.00312356
0.00334689
0.00355571
0.00318737
0.00312547
0.00612528
0.00537337
0.00291162
0.00376491
0.00311039
0.00332597
0.00310362
0.00369929
0.00417689
0.00433360
0.00502108
0.00723347
0.00740171
0.00303111
0.00467608
0.00368211
0.00489721
0.00404929
0.00304454
0.00574553
0.00432783
0.00393705
0.00297784
0.00329351
0.00348353
0.00301649
0.00407577
0.00295069
0.00623646
0.00437945
0.00316900
0.00301080
0.00642032
0.00291336
0.00394427
0.00358548
0.00387181
0.00378377
0.00476648
0.00445011
0.00331355
0.00393690
0.00399834
0.00350227
0.00573020
0.00318961
0.00711149
0.00527994
0.00387986
0.00300489
0.00444516
0.00281298
0.00448497
0.00409872
0.00388643
0.00324684
0.00304488
0.00361662
0.00291554
0.00422531
0.00366450
0.00299521