0.00587060
0.00498195
0.00492394
0.00622458
0.00716782
0.00495703
0.00460337
0.00572263
0.00679314
0.00602480
0.00702137
0.00958398
0.00803080
0.00593438
0.00461584
0.00596792
0.00350370
0.00742518
0.00788534
0.00672560
0.00918789
0.00753662
0.00607990
0.01035749
0.00727831
0.00652413
0.00899154
0.00536880
0.00660337
0.00547934
0.00702722
0.00452901
0.00469307
0.00673713
0.00514238
0.00486245
0.00708849
0.00607062
0.00542929
0.00631176
0.00876732
0.00465094
0.00708849
0.00607062
0.00542929
0.00631176
0.00876732
0.00465094
0.00554274
0.00442672
0.00516130
0.00595019
0.00592809
0.00474835
0.00648928
0.00668616
0.00630469
0.00516592
0.00477473
0.00523728
0.00543145
0.00534573
0.00378935
0.00611214
0.00410185
0.00651786
0.00822298
0.00836528
0.00610402
0.00514079
0.00515913
0.00479369
0.00656569
0.00572531
0.00442090
0.00585502
0.00659211
0.00410659
0.00927431
0.00967902
0.00590361
0.00465725
0.00663379
0.00643205
0.00456640
0.00583684
0.00591891
0.00782905
0.00466231
0.00740993
0.00414942
0.00863793
0.00718521
0.00385523
0.00605833
0.00464489
0.00827291
0.00724486
0.00555581
0.00660937
0.00560867
0.00364840
0.00627933
0.00845339
0.00845743
0.00553074
0.00660666
0.00572582
0.00385944
0.00637501
0.00677922
0.00723167
0.00638589
0.00647632
0.00615363
0.01041185
0.00638527
0.00536673
0.00700810
0.00383640
0.00367186
0.00708849
0.00607062
0.00542929
0.00631176
0.00876732
0.00465094
0.00554274
0.00442672
0.00516130
0.00595019
0.00592809
0.00474835
0.00648928
0.00668616
0.00630469
0.00516592
0.00477473
0.00523728
0.00543145
0.00534573
0.00378935
0.00611214
0.00410185
0.00651786
0.00822298
0.00836528
0.00708849
0.00607062
0.00542929
0.00631176
0.00876732
0.00465094
0.00554274
0.00442672
0.00516130
0.00595019
0.00592809
0.00474835
0.00648928
0.00668616
0.00630469
0.00516592
0.00477473
0.00523728
0.00543145
0.00534573
0.00378935
0.00611214
0.00410185
0.00651786
0.00822298
0.00836528
0.00610402
0.00514079
0.00515913
0.00479369
0.00656569
0.00572531
0.00442090
0.00585502
0.00659211
0.00410659
0.00927431
0.00967902
0.00590361
0.00465725
0.00663379
0.00643205
0.00456640
0.00583684
0.00591891
0.00782905
0.00466231
0.00740993
0.00414942
0.00863793
0.00718521
0.00385523
0.00605833
0.00464489
0.00827291
0.00724486
0.00555581
0.00660937
0.00560867
0.00364840
0.00627933
0.00845339
0.00845743
0.00553074
0.00660666
0.00572582
0.00385944
0.00637501
0.00677922
0.00723167
0.00638589
0.00647632
0.00615363
0.01041185
0.00638527
0.00536673
0.00700810
0.00383640
0.00367186
0.00734008
0.00543205
0.00542523
0.00564225
0.00849347
0.00832477
0.00670006
0.00702096
0.00612543
0.00776854
0.00371767
0.00552344
0.00555973
0.00542930
0.00930007
0.00633540
0.00684805
0.00394840
0.00762817
0.00536022
0.00442259
0.00643701
0.00602445
0.00444479
0.00421795
0.00522793
0.00593598
0.00435710
0.00711430
0.00617822
0.01059135
0.00630307
0.00601000
0.00547721
0.00451779
0.00571591
0.00602111
0.00602287
0.00768168
0.00613527
0.00638096
0.00845162
0.00634752
0.00947222
0.00641876
0.00744779
0.00563781
0.00595699
0.00651745
0.00601956
0.00636402
0.00556830
0.00635076
0.00577385
0.00513793
0.00619761
0.00536731
0.00552772
0.00651864
0.00559006
0.00452267
0.00549416
0.00658464
0.00739765
0.00761455
0.00620511
0.00527596
0.00445262
0.00475231
0.00369133
0.00550389
0.00536167
0.00546663
0.00541666
0.00801214
0.00518649
0.00585312
0.00491793
0.00642163
0.00525280
0.00761398
0.00569849
0.00375524
0.00748996
0.00579465
0.00485548
0.00640444
0.00366673
0.00615958
0.00550402
0.01130807
0.00924303
0.00440227
0.00678032
0.00483466
0.00496178
0.00844668
0.00546823
0.00868491
0.00436875
0.00576343
0.00701660
0.00685357
0.00528453
0.00760459
0.01033625
0.00731487
0.00655170
0.00474621
0.00739822
0.00977090
0.00725781
0.00582162
0.00544962
0.00637260
0.00487348
0.00602963
0.00544275
0.00488168
0.00485867
0.00790636
0.00457515
0.00638216
0.00576979
0.00714897
0.00353794
0.00558426
0.00826374
0.00510281
0.00516866
0.00414215
0.00598341
0.00758596
0.00495025
0.00559273
0.00533463
0.00438657
0.00706384
0.00620655
0.01079468
0.00443652
0.00547442
0.00630078
0.00543684
0.00679562
0.00503535
0.00630813
0.00429308
0.00820785
0.00557728
0.00648729
0.00501794
0.00467880
0.00470285
0.00556550
0.00574120
0.00691156
0.00687667
0.00556751
0.00794239
0.00662187
0.00438864
0.00505377
0.00616673
0.00630767
0.00650467
0.00398021
0.00473321
0.00644829
0.00621754
0.00655546
0.00459079
0.00800045
0.00471489
0.00592627
0.00751370
0.01075794
0.00514817
0.00466181
0.00674054
0.00534971
0.00595466
0.00537710
0.01062724
0.00727910
0.00574991
0.00603620
0.00477750
0.00704559
0.00743316
0.00606749
0.00420495
0.00494426
0.00460280
0.00601641
0.00406394
0.00663198
0.00405909
0.00355907
0.00545462
0.00847206
0.00420198
0.00518125
0.00681579
0.00768862
0.00777583
0.00611324
0.00541156
0.00534724
0.00586535
0.00538204
0.00668684
0.00621442
0.00476754
0.00468842
0.00475263
0.00541249
0.00915770
0.00501658
0.00523748
0.00668307
0.00606488
0.00390682
0.00614923
0.00820664
0.00669220
0.00505238
0.00706103
0.00632316
0.00465822
0.00590187
0.00536620
0.00594950
0.00536935
0.00621735
0.00547871
0.00870882
0.00417135
0.00552874
0.00456480
0.00694914
0.00777651
0.00712977
0.00613429
0.00462387
0.00439089
0.00712189
0.00472385
0.01140176
0.00473149
0.00587291
0.00429662
0.00501233
0.00823150
0.00562467
0.00639118
0.00635922
0.00464461
0.00661378
0.00386374
0.00729718
0.00624412
0.00654703
0.00450343
0.00564147
0.00634839
0.00486750
0.00388486
0.00382556
0.00826317
0.00718372
0.00522730
0.00607754
0.00661608