0.00140566
0.00146503
0.00137992
0.00158738
0.00146136
0.00155569
0.00140566
0.00145895
0.00133575
0.00161327
0.00152995
0.00145186
0.00156197
0.00137333
0.00146973
0.00145636
0.00138315
0.00154018
0.00139767
0.00140680
0.00148817
0.00150235
0.00146015
0.00150352
0.00155002
0.00143895
0.00139908
0.00133702
0.00144566
0.00132808
0.00139116
0.00147711
0.00139971
0.00155042
0.00149348
0.00148236
0.00131898
0.00147208
0.00132912
0.00141556
0.00149681
0.00139077
0.00131898
0.00147208
0.00132912
0.00141556
0.00149681
0.00139077
0.00159575
0.00159095
0.00146015
0.00152518
0.00145281
0.00143684
0.00145886
0.00152766
0.00152494
0.00142862
0.00152192
0.00132732
0.00143865
0.00134824
0.00264983
0.00136857
0.00172942
0.00153112
0.00137862
0.00158503
0.00149935
0.00150379
0.00137010
0.00154876
0.00207322
0.00148741
0.00140301
0.00155288
0.00144286
0.00150600
0.00158273
0.00146742
0.00151656
0.00133385
0.00152518
0.00148048
0.00142891
0.00150375
0.00140300
0.00149748
0.00146383
0.00146667
0.00145277
0.00141292
0.00134185
0.00144150
0.00151561
0.00169287
0.00156984
0.00143281
0.00150875
0.00154416
0.00138857
0.00138897
0.00150829
0.00137196
0.00158890
0.00143597
0.00137190
0.00157132
0.00148426
0.00162898
0.00149555
0.00160759
0.00145130
0.00149484
0.00147726
0.00147981
0.00142698
0.00149282
0.00145866
0.00139612
0.00131898
0.00147208
0.00132912
0.00141556
0.00149681
0.00139077
0.00159575
0.00159095
0.00146015
0.00152518
0.00145281
0.00143684
0.00145886
0.00152766
0.00152494
0.00142862
0.00152192
0.00132732
0.00143865
0.00134824
0.00264983
0.00136857
0.00172942
0.00153112
0.00137862
0.00158503
0.00131898
0.00147208
0.00132912
0.00141556
0.00149681
0.00139077
0.00159575
0.00159095
0.00146015
0.00152518
0.00145281
0.00143684
0.00145886
0.00152766
0.00152494
0.00142862
0.00152192
0.00132732
0.00143865
0.00134824
0.00264983
0.00136857
0.00172942
0.00153112
0.00137862
0.00158503
0.00149935
0.00150379
0.00137010
0.00154876
0.00207322
0.00148741
0.00140301
0.00155288
0.00144286
0.00150600
0.00158273
0.00146742
0.00151656
0.00133385
0.00152518
0.00148048
0.00142891
0.00150375
0.00140300
0.00149748
0.00146383
0.00146667
0.00145277
0.00141292
0.00134185
0.00144150
0.00151561
0.00169287
0.00156984
0.00143281
0.00150875
0.00154416
0.00138857
0.00138897
0.00150829
0.00137196
0.00158890
0.00143597
0.00137190
0.00157132
0.00148426
0.00162898
0.00149555
0.00160759
0.00145130
0.00149484
0.00147726
0.00147981
0.00142698
0.00149282
0.00145866
0.00139612
0.00146835
0.00165607
0.00143909
0.00159688
0.00140320
0.00157958
0.00145763
0.00163659
0.00152552
0.00151778
0.00131830
0.00139065
0.00157607
0.00140766
0.00143982
0.00144766
0.00222522
0.00161688
0.00138725
0.00145644
0.00139027
0.00146894
0.00147397
0.00150794
0.00146118
0.00141387
0.00153789
0.00136386
0.00153213
0.00141047
0.00141680
0.00133841
0.00145702
0.00143112
0.00164454
0.00160311
0.00164585
0.00144598
0.00140940
0.00147803
0.00150553
0.00171244
0.00139573
0.00139982
0.00151430
0.00150297
0.00146669
0.00144930
0.00129858
0.00150328
0.00135248
0.00152113
0.00160110
0.00155163
0.00141263
0.00139776
0.00139647
0.00141672
0.00145776
0.00140113
0.00135782
0.00141677
0.00140821
0.00149567
0.00144581
0.00152396
0.00140234
0.00141378
0.00155160
0.00140342
0.00147169
0.00140607
0.00164991
0.00135348
0.00136779
0.00140664
0.00150736
0.00143137
0.00139282
0.00149926
0.00143102
0.00274001
0.00138660
0.00140714
0.00140171
0.00143503
0.00147053
0.00152913
0.00136294
0.00144550
0.00143242
0.00158150
0.00144108
0.00145610
0.00145614
0.00151851
0.00138491
0.00164363
0.00145257
0.00140309
0.00164673
0.00147322
0.00144020
0.00144883
0.00155775
0.00161089
0.00153358
0.00147469
0.00153847
0.00137561
0.00161783
0.00147403
0.00146224
0.00147671
0.00152052
0.00136517
0.00147629
0.00168877
0.00144066
0.00149388
0.00132460
0.00133607
0.00137733
0.00140218
0.00149356
0.00143223
0.00152897
0.00151342
0.00131898
0.00157367
0.00142937
0.00146822
0.00151992
0.00144098
0.00142615
0.00156190
0.00151558
0.00141750
0.00149266
0.00146995
0.00147849
0.00151390
0.00140896
0.00144402
0.00135429
0.00150186
0.00137827
0.00139160
0.00137332
0.00134799
0.00153098
0.00142351
0.00128682
0.00147833
0.00141947
0.00140608
0.00141368
0.00136884
0.00138069
0.00145605
0.00137353
0.00137386
0.00143524
0.00149577
0.00156391
0.00144945
0.00162923
0.00145891
0.00148532
0.00144799
0.00151488
0.00171989
0.00146667
0.00155803
0.00139306
0.00159933
0.00167574
0.00144050
0.00143366
0.00155600
0.00138906
0.00136133
0.00139900
0.00155883
0.00145155
0.00135732
0.00154400
0.00149684
0.00140722
0.00157420
0.00147659
0.00148757
0.00147237
0.00148233
0.00144051
0.00152670
0.00141383
0.00141641
0.00136883
0.00153246
0.00139318
0.00161986
0.00157011
0.00151234
0.00149760
0.00145664
0.00146134
0.00144518
0.00139517
0.00147974
0.00140221
0.00139660
0.00162364
0.00141268
0.00135610
0.00145769
0.00147067
0.00149181
0.00148275
0.00155453
0.00137368
0.00143389
0.00138592
0.00143749
0.00143674
0.00146361
0.00135186
0.00146559
0.00140963
0.00141511
0.00152949
0.00141654
0.00147095
0.00162113
0.00159514
0.00166777
0.00136518
0.00143240
0.00151961
0.00218276
0.00151312
0.00150935
0.00157660
0.00144863
0.00142033
0.00156915
0.00143977
0.00149054
0.00144097
0.00133784
0.00142497
0.00146324
0.00155797
0.00144849
0.00152390
0.00140747
0.00143058
0.00141513
0.00152246
0.00149023
0.00144618
0.00146346
0.00138945
0.00156384
0.00137017
0.00144381
0.00147710
0.00144658
0.00141876
0.00139427
0.00142162
0.00141455
0.00144904
0.00144121
0.00143840
0.00139386