0.00312742
0.00307949
0.00278084
0.00282125
0.00257915
0.00288776
0.00301229
0.00290435
0.00276716
0.00282543
0.00336626
0.00293714
0.00289476
0.00311619
0.00271847
0.00281222
0.00271184
0.00291244
0.00269484
0.00261899
0.00287587
0.00271561
0.00264563
0.00283317
0.00382920
0.00288806
0.00288791
0.00268189
0.00322076
0.00269690
0.00284266
0.00258319
0.00271571
0.00272435
0.00310193
0.00298085
0.00279718
0.00259220
0.00250654
0.00259154
0.00305838
0.00279718
0.00259220
0.00250654
0.00259154
0.00305838
0.00292350
0.00271941
0.00249879
0.00269970
0.00289815
0.00399794
0.00266893
0.00260028
0.00257057
0.00262917
0.00265204
0.00272120
0.00255727
0.00262276
0.00316570
0.00318881
0.00287782
0.00291626
0.00282276
0.00273939
0.00315787
0.00327901
0.00303732
0.00270508
0.00289941
0.00246329
0.00300002
0.00294330
0.00256764
0.00263625
0.00252448
0.00280635
0.00276330
0.00275326
0.00288244
0.00268825
0.00261890
0.00271642
0.00296969
0.00262196
0.00278073
0.00277810
0.00270312
0.00294744
0.00286126
0.00293632
0.00279562
0.00289136
0.00314647
0.00313602
0.00277037
0.00276818
0.00309487
0.00277065
0.00272705
0.00279083
0.00259571
0.00247878
0.00264368
0.00273564
0.00286206
0.00264335
0.00255796
0.00272494
0.00271606
0.00262154
0.00283288
0.00274168
0.00272164
0.00289959
0.00254459
0.00276966
0.00288600
0.00279718
0.00259220
0.00250654
0.00259154
0.00305838
0.00292350
0.00271941
0.00249879
0.00269970
0.00289815
0.00399794
0.00266893
0.00260028
0.00257057
0.00262917
0.00265204
0.00272120
0.00255727
0.00262276
0.00316570
0.00318881
0.00287782
0.00291626
0.00282276
0.00273939
0.00279718
0.00259220
0.00250654
0.00259154
0.00305838
0.00292350
0.00271941
0.00249879
0.00269970
0.00289815
0.00399794
0.00266893
0.00260028
0.00257057
0.00262917
0.00265204
0.00272120
0.00255727
0.00262276
0.00316570
0.00318881
0.00287782
0.00291626
0.00282276
0.00273939
0.00315787
0.00327901
0.00303732
0.00270508
0.00289941
0.00246329
0.00300002
0.00294330
0.00256764
0.00263625
0.00252448
0.00280635
0.00276330
0.00275326
0.00288244
0.00268825
0.00261890
0.00271642
0.00296969
0.00262196
0.00278073
0.00277810
0.00270312
0.00294744
0.00286126
0.00293632
0.00279562
0.00289136
0.00314647
0.00313602
0.00277037
0.00276818
0.00309487
0.00277065
0.00272705
0.00279083
0.00259571
0.00247878
0.00264368
0.00273564
0.00286206
0.00264335
0.00255796
0.00272494
0.00271606
0.00262154
0.00283288
0.00274168
0.00272164
0.00289959
0.00254459
0.00276966
0.00288600
0.00293067
0.00303848
0.00270935
0.00288470
0.00251280
0.00302279
0.00291254
0.00328833
0.00307703
0.00307559
0.00266244
0.00307163
0.00264954
0.00274007
0.00267070
0.00265963
0.00295104
0.00272210
0.00261513
0.00273756
0.00261193
0.00309891
0.00270211
0.00323119
0.00275875
0.00276361
0.00266208
0.00267481
0.00293502
0.00303081
0.00264009
0.00264482
0.00279451
0.00287240
0.00312958
0.00263266
0.00277531
0.00244493
0.00278520
0.00273165
0.00323250
0.00290424
0.00311986
0.00299801
0.00257180
0.00277550
0.00275300
0.00288522
0.00266986
0.00274846
0.00276847
0.00285909
0.00279526
0.00286002
0.00274560
0.00266277
0.00287871
0.00267069
0.00293559
0.00285858
0.00295495
0.00278704
0.00300980
0.00274350
0.00251066
0.00298048
0.00292918
0.00292260
0.00279943
0.00292150
0.00274651
0.00287244
0.00279626
0.00324266
0.00284321
0.00275900
0.00265126
0.00290829
0.00262011
0.00296031
0.00315842
0.00280600
0.00274629
0.00261919
0.00286045
0.00258960
0.00325331
0.00284388
0.00272029
0.00287759
0.00251894
0.00248670
0.00256778
0.00271626
0.00298201
0.00266021
0.00314393
0.00312684
0.00268986
0.00276106
0.00284842
0.00270006
0.00315154
0.00262891
0.00302287
0.00275910
0.00287397
0.00275138
0.00292681
0.00273765
0.00259400
0.00278939
0.00350302
0.00309619
0.00270974
0.00271693
0.00304938
0.00318668
0.00269490
0.00316579
0.00304228
0.00328531
0.00312922
0.00281958
0.00268632
0.00302500
0.00280198
0.00281444
0.00260151
0.00260996
0.00257516
0.00250806
0.00312070
0.00267953
0.00286953
0.00275575
0.00279833
0.00270543
0.00270009
0.00274988
0.00277774
0.00234953
0.00303188
0.00284595
0.00270378
0.00287522
0.00295146
0.00368019
0.00302619
0.00265752
0.00270352
0.00284813
0.00267174
0.00279853
0.00302218
0.00267078
0.00326601
0.00290149
0.00303929
0.00294004
0.00358450
0.00273340
0.00284153
0.00261559
0.00278696
0.00291247
0.00290964
0.00281689
0.00282189
0.00308138
0.00265423
0.00269250
0.00276283
0.00290487
0.00340616
0.00539842
0.00267962
0.00298314
0.00310407
0.00316586
0.00281798
0.00263568
0.00256425
0.00285274
0.00296875
0.00280483
0.00298749
0.00304929
0.00254800
0.00315303
0.00255199
0.00274751
0.00288513
0.00313953
0.00275648
0.00296016
0.00278543
0.00267670
0.00286047
0.00359833
0.00264249
0.00289794
0.00252075
0.00296499
0.00308713
0.00255871
0.00291908
0.00306020
0.00265033
0.00293196
0.00347648
0.00296507
0.00291745
0.00298598
0.00280803
0.00260557
0.00289435
0.00271003
0.00268219
0.00271726
0.00278579
0.00284250
0.00272614
0.00338606
0.00289595
0.00384321
0.00397593
0.00289242
0.00299567
0.00289506
0.00271084
0.00305736
0.00285608
0.00292051
0.00301827
0.00301175
0.00300262
0.00279428
0.00267646
0.00307543
0.00296687
0.00279158
0.00313356
0.00283433
0.00307352
0.00264836
0.00281204
0.00279769
0.00250867
0.00281511
0.00277418
0.00301680
0.00257462
0.00261934
0.00283912
0.00268541
0.00274130
0.00266074
0.00274581
0.00274686
0.00252947
0.00261924
0.00267232
0.00258105
0.00264990
0.00280344
0.00249008
0.00278991
0.00292057
0.00258216
0.00330639
0.00282210
0.00268882
0.00293112
0.00306732
0.00251930
0.00291037
0.00271737