0.00080895
0.00077333
0.00078566
0.00081940
0.00081883
0.00078585
0.00075644
0.00077883
0.00074626
0.00084732
0.00085594
0.00074620
0.00077837
0.00077490
0.00079143
0.00081132
0.00076012
0.00077442
0.00077193
0.00078374
0.00074578
0.00077438
0.00077315
0.00074308
0.00081494
0.00081893
0.00079002
0.00073867
0.00083317
0.00077489
0.00075137
0.00077349
0.00073606
0.00080311
0.00077476
0.00076534
0.00077055
0.00076658
0.00078028
0.00076825
0.00079520
0.00075813
0.00077055
0.00076658
0.00078028
0.00076825
0.00079520
0.00075813
0.00075005
0.00074154
0.00080704
0.00089069
0.00075124
0.00075161
0.00078719
0.00075660
0.00080706
0.00078252
0.00076163
0.00079590
0.00077009
0.00077852
0.00077644
0.00077487
0.00076610
0.00078495
0.00080830
0.00077215
0.00077843
0.00079826
0.00082280
0.00077445
0.00071477
0.00073536
0.00075782
0.00071634
0.00075928
0.00078090
0.00075630
0.00083161
0.00074096
0.00077575
0.00082627
0.00078858
0.00090607
0.00082044
0.00081301
0.00077855
0.00075813
0.00081142
0.00083532
0.00076976
0.00074182
0.00080692
0.00091283
0.00074896
0.00080029
0.00072333
0.00078669
0.00075785
0.00077852
0.00076750
0.00076528
0.00079709
0.00077538
0.00075962
0.00082273
0.00073036
0.00080773
0.00079457
0.00074583
0.00076201
0.00074275
0.00077360
0.00080901
0.00074332
0.00079860
0.00078066
0.00078256
0.00074336
0.00077055
0.00076658
0.00078028
0.00076825
0.00079520
0.00075813
0.00075005
0.00074154
0.00080704
0.00089069
0.00075124
0.00075161
0.00078719
0.00075660
0.00080706
0.00078252
0.00076163
0.00079590
0.00077009
0.00077852
0.00077644
0.00077487
0.00076610
0.00078495
0.00080830
0.00077215
0.00077055
0.00076658
0.00078028
0.00076825
0.00079520
0.00075813
0.00075005
0.00074154
0.00080704
0.00089069
0.00075124
0.00075161
0.00078719
0.00075660
0.00080706
0.00078252
0.00076163
0.00079590
0.00077009
0.00077852
0.00077644
0.00077487
0.00076610
0.00078495
0.00080830
0.00077215
0.00077843
0.00079826
0.00082280
0.00077445
0.00071477
0.00073536
0.00075782
0.00071634
0.00075928
0.00078090
0.00075630
0.00083161
0.00074096
0.00077575
0.00082627
0.00078858
0.00090607
0.00082044
0.00081301
0.00077855
0.00075813
0.00081142
0.00083532
0.00076976
0.00074182
0.00080692
0.00091283
0.00074896
0.00080029
0.00072333
0.00078669
0.00075785
0.00077852
0.00076750
0.00076528
0.00079709
0.00077538
0.00075962
0.00082273
0.00073036
0.00080773
0.00079457
0.00074583
0.00076201
0.00074275
0.00077360
0.00080901
0.00074332
0.00079860
0.00078066
0.00078256
0.00074336
0.00081349
0.00075546
0.00071611
0.00075253
0.00077260
0.00078331
0.00084332
0.00076924
0.00080181
0.00081480
0.00078778
0.00074772
0.00079729
0.00089952
0.00077205
0.00076433
0.00078824
0.00077745
0.00076766
0.00074187
0.00091830
0.00076240
0.00074198
0.00075509
0.00079374
0.00079354
0.00079913
0.00083085
0.00074605
0.00080056
0.00076943
0.00082830
0.00079876
0.00082891
0.00081901
0.00078920
0.00078032
0.00079214
0.00075834
0.00084982
0.00075844
0.00077613
0.00075731
0.00080673
0.00076710
0.00076002
0.00075749
0.00076703
0.00073538
0.00076089
0.00081954
0.00077750
0.00080057
0.00075462
0.00078561
0.00080335
0.00077060
0.00073125
0.00077232
0.00082683
0.00073061
0.00077567
0.00079401
0.00079332
0.00074202
0.00072607
0.00074004
0.00077110
0.00078458
0.00078297
0.00078135
0.00080018
0.00078158
0.00078420
0.00076742
0.00078730
0.00076266
0.00078213
0.00081044
0.00076308
0.00081518
0.00085532
0.00076023
0.00074211
0.00076425
0.00071394
0.00080274
0.00081210
0.00077315
0.00077416
0.00079817
0.00072144
0.00087887
0.00077596
0.00080284
0.00073682
0.00077099
0.00078351
0.00077045
0.00077611
0.00081218
0.00078051
0.00089991
0.00078039
0.00077453
0.00078685
0.00083126
0.00077389
0.00079003
0.00074624
0.00076548
0.00078081
0.00075731
0.00074261
0.00071335
0.00079608
0.00080036
0.00078223
0.00075949
0.00079346
0.00075140
0.00081006
0.00079917
0.00077853
0.00074218
0.00075039
0.00077201
0.00080440
0.00072654
0.00075404
0.00077826
0.00077947
0.00073802
0.00074414
0.00072167
0.00077015
0.00076842
0.00077576
0.00073415
0.00076923
0.00081953
0.00077060
0.00074938
0.00077166
0.00081224
0.00074126
0.00078825
0.00075830
0.00079880
0.00073361
0.00077454
0.00090990
0.00073527
0.00074731
0.00079227
0.00082771
0.00076309
0.00076621
0.00074768
0.00079682
0.00075426
0.00082009
0.00077869
0.00078929
0.00075377
0.00078637
0.00074638
0.00077167
0.00075109
0.00080752
0.00076658
0.00077835
0.00079513
0.00082969
0.00075441
0.00073397
0.00072449
0.00075744
0.00075096
0.00079693
0.00079825
0.00071143
0.00077417
0.00084970
0.00075484
0.00075711
0.00076658
0.00082744
0.00075061
0.00074690
0.00077111
0.00075411
0.00075491
0.00075328
0.00085920
0.00076996
0.00074583
0.00080137
0.00076313
0.00080170
0.00075583
0.00074481
0.00075855
0.00081566
0.00076624
0.00080528
0.00079417
0.00080181
0.00076919
0.00074896
0.00077771
0.00075596
0.00077536
0.00076091
0.00074616
0.00075913
0.00076946
0.00074471
0.00076283
0.00079342
0.00077597
0.00074070
0.00074174
0.00077713
0.00077419
0.00080864
0.00080261
0.00079816
0.00080393
0.00078402
0.00073238
0.00077186
0.00075869
0.00076158
0.00074482
0.00075494
0.00082998
0.00078242
0.00079364
0.00077507
0.00075706
0.00077301
0.00081643
0.00082304
0.00076943
0.00075655
0.00078500
0.00078363
0.00072188
0.00073881
0.00076182
0.00076774
0.00085669
0.00076174
0.00079516
0.00078584
0.00077555
0.00075930
0.00078225
0.00076055
0.00082371
0.00083274
0.00078945
0.00078998
0.00074725
0.00072547
0.00078088
0.00084413
0.00075885
0.00077355
0.00079955
0.00073637
0.00076603
0.00077984
0.00085813
0.00073989