0.08048617
0.07718088
0.04797399
0.06878643
0.05938238
0.11752554
0.11422415
0.28411647
0.03793796
0.05571759
0.02954345
0.03567645
0.03538240
0.04005154
0.04039899
0.14437960
0.03527462
0.06333771
0.06222147
0.05763377
0.02462752
0.05790324
0.17229942
0.09087598
0.06229390
0.06298766
0.05042917
0.04999219
0.06025699
0.04351410
0.04031412
0.08618804
0.02791661
0.07331839
0.05936224
0.04495658
0.04204018
0.02985779
0.08353052
0.03096418
0.07454155
0.04204018
0.02985779
0.08353052
0.03096418
0.07454155
0.08737621
0.15691289
0.20137026
0.07503121
0.06491128
0.08480927
0.05235893
0.02754829
0.05502784
0.07199790
0.09005417
0.04794043
0.05074066
0.03104393
0.06960426
0.20869090
0.04291855
0.16180091
0.04406605
0.07815187
0.08304590
0.03148139
0.09044056
0.09323426
0.09371525
0.07664175
0.03805849
0.16541318
0.05792684
0.19221694
0.02196402
0.27384605
0.05597261
0.03914831
0.04411215
0.03667991
0.03499377
0.02656637
0.06286716
0.08810756
0.02960777
0.03282045
0.04236249
0.07614005
0.06868721
0.04576916
0.05410026
0.03164523
0.07590118
0.05352156
0.20614016
0.43007067
0.03591251
0.02534632
0.05167366
0.03480187
0.06495809
0.05964786
0.03384290
0.06342559
0.31258571
0.05095765
0.07564124
0.04439737
0.04160393
0.07503612
0.03283831
0.08229783
0.04287111
0.05653187
0.04015690
0.06209498
0.05582168
0.04204018
0.02985779
0.08353052
0.03096418
0.07454155
0.08737621
0.15691289
0.20137026
0.07503121
0.06491128
0.08480927
0.05235893
0.02754829
0.05502784
0.07199790
0.09005417
0.04794043
0.05074066
0.03104393
0.06960426
0.20869090
0.04291855
0.16180091
0.04406605
0.07815187
0.04204018
0.02985779
0.08353052
0.03096418
0.07454155
0.08737621
0.15691289
0.20137026
0.07503121
0.06491128
0.08480927
0.05235893
0.02754829
0.05502784
0.07199790
0.09005417
0.04794043
0.05074066
0.03104393
0.06960426
0.20869090
0.04291855
0.16180091
0.04406605
0.07815187
0.08304590
0.03148139
0.09044056
0.09323426
0.09371525
0.07664175
0.03805849
0.16541318
0.05792684
0.19221694
0.02196402
0.27384605
0.05597261
0.03914831
0.04411215
0.03667991
0.03499377
0.02656637
0.06286716
0.08810756
0.02960777
0.03282045
0.04236249
0.07614005
0.06868721
0.04576916
0.05410026
0.03164523
0.07590118
0.05352156
0.20614016
0.43007067
0.03591251
0.02534632
0.05167366
0.03480187
0.06495809
0.05964786
0.03384290
0.06342559
0.31258571
0.05095765
0.07564124
0.04439737
0.04160393
0.07503612
0.03283831
0.08229783
0.04287111
0.05653187
0.04015690
0.06209498
0.05582168
0.06603663
0.03977747
0.04729547
0.11267186
0.08208332
0.03059919
0.02969475
0.03294469
0.23246970
0.03407420
0.12208885
0.16475762
0.04142989
0.15998991
0.11725223
0.18493218
0.05902966
0.05976848
0.03778242
0.03276871
0.05862663
0.03247824
0.10677938
0.04576595
0.04495539
0.04956194
0.05050262
0.03826107
0.10375567
0.02218385
0.04645697
0.06215398
0.04724141
0.10550024
0.11881964
0.03271169
0.03208794
0.05050804
0.06242972
0.04005606
0.03902712
0.04254864
0.04867968
0.05134516
0.11534476
0.14037662
0.03405821
0.15494291
0.03807561
0.03317060
0.06555767
0.17381021
0.12181650
0.13356676
0.03124107
0.06203956
0.06306202
0.03708013
0.19459882
0.06497131
0.04547733
0.06076448
0.05191390
0.06126674
0.05413078
0.05927957
0.02687796
0.06501627
0.05766425
0.03611203
0.02844717
0.04453974
0.08419032
0.04801421
0.17050359
0.05824621
0.06812031
0.13526700
0.05953218
0.11044635
0.11133062
0.07404550
0.03649973
0.12306762
0.03125619
0.07554861
0.03910664
0.04035603
0.04836917
0.11951132
0.04960360
0.03712821
0.02680575
0.04243687
0.05849211
0.03369225
0.03909914
0.05440855
0.09260289
0.03802153
0.04048419
0.08793207
0.03557079
0.05146546
0.06585137
0.04775189
0.06736354
0.11991301
0.04967368
0.07118163
0.02422973
0.03081338
0.18275785
0.08050493
0.15878253
0.28060166
0.11564617
0.18996235
0.07953174
0.08800438
0.03096649
0.07769643
0.07774001
0.07178265
0.04359293
0.05787093
0.04565940
0.03349747
0.04757609
0.06524279
0.03481025
0.06682322
0.02470770
0.03126523
0.08013005
0.15427787
0.06170466
0.08088055
0.03243737
0.11903692
0.08260157
0.08493302
0.14040329
0.07026126
0.12113855
0.06447852
0.06153649
0.04694821
0.04268688
0.15342593
0.13093051
0.09066915
0.11026812
0.11027282
0.03648449
0.02450481
0.13582046
0.04174899
0.03966783
0.03335122
0.04100866
0.04431428
0.05513376
0.03889730
0.06787444
0.05660159
0.05262760
0.07237056
0.04822607
0.02897870
0.04245814
0.02881368
0.06769902
0.04357033
0.03854196
0.02989862
0.04909718
0.02720119
0.03133316
0.04284858
0.03345187
0.03426245
0.06043548
0.05635205
0.17189255
0.05146825
0.25111747
0.09896822
0.06657830
0.09003751
0.05398177
0.03241521
0.06023455
0.08157733
0.12289432
0.03642046
0.03014733
0.02969429
0.02354800
0.03607125
0.17295133
0.03048943
0.04909632
0.09705068
0.05269076
0.12881030
0.06895804
0.04732057
0.12599519
0.10573951
0.05622284
0.05728989
0.02379946
0.08364843
0.03985337
0.08467020
0.03249867
0.03962967
0.03205441
0.03272184
0.15874929
0.20508410
0.03177668
0.17885093
0.05453295
0.05959405
0.24196504
0.12513787
0.19748404
0.07776455
0.02599681
0.06884016
0.03720614
0.04467883
0.12763502
0.03060345
0.03075562
0.11153771
0.03422958
0.10777922
0.05478540
0.04720393
0.07029736
0.11004165
0.05128270
0.07438559
0.06562476
0.05783918
0.03463627
0.04535765
0.16089745
0.02948203
0.05564714
0.07899469
0.05412594
0.05763717
0.03760797
0.21068899
0.04593540
0.04951735
0.08074950
0.11063597
0.08856717
0.03491492
0.08982544
0.04512028
0.04000614
0.12411349
0.04196582
0.04426606
0.02738522
0.12728786
0.03879485
0.03376792
0.09467659
0.05080164
0.04203644
0.06638014