0.00591372
0.00587553
0.00563323
0.00514573
0.00523004
0.00534480
0.00509477
0.00485844
0.00547328
0.00545156
0.00635925
0.00562424
0.00660345
0.00481428
0.00467010
0.00513654
0.00585940
0.00545897
0.00601486
0.00606225
0.00608549
0.00576505
0.00578381
0.00631963
0.00763685
0.00560004
0.00682984
0.00550072
0.00507411
0.00610279
0.00767149
0.00540996
0.00515282
0.00624436
0.00595008
0.00530095
0.00594105
0.00554909
0.00572570
0.00554538
0.00554977
0.00594105
0.00554909
0.00572570
0.00554538
0.00554977
0.00532172
0.00543841
0.00513352
0.00594053
0.00538537
0.00581092
0.00619426
0.00662727
0.00546309
0.00527199
0.00532893
0.00542549
0.00539769
0.00562370
0.00587795
0.00573385
0.00499165
0.00532269
0.00576791
0.00535501
0.00493944
0.00496400
0.00597376
0.00527845
0.00613731
0.00547874
0.00506767
0.00700438
0.00582202
0.00490797
0.00601235
0.00539490
0.00559722
0.00584507
0.00679580
0.00517389
0.00709143
0.00589295
0.00572695
0.00470609
0.00664317
0.00534439
0.00917022
0.00537446
0.00570536
0.00539205
0.00644770
0.00555560
0.00529409
0.00532217
0.00596210
0.00555049
0.00605719
0.00478136
0.00521455
0.00497235
0.00789055
0.00593914
0.00561298
0.00592412
0.00557262
0.00464608
0.00598583
0.00823175
0.00515257
0.00580661
0.00581459
0.00508724
0.00533176
0.00560379
0.00576646
0.00524004
0.00580019
0.00594105
0.00554909
0.00572570
0.00554538
0.00554977
0.00532172
0.00543841
0.00513352
0.00594053
0.00538537
0.00581092
0.00619426
0.00662727
0.00546309
0.00527199
0.00532893
0.00542549
0.00539769
0.00562370
0.00587795
0.00573385
0.00499165
0.00532269
0.00576791
0.00535501
0.00594105
0.00554909
0.00572570
0.00554538
0.00554977
0.00532172
0.00543841
0.00513352
0.00594053
0.00538537
0.00581092
0.00619426
0.00662727
0.00546309
0.00527199
0.00532893
0.00542549
0.00539769
0.00562370
0.00587795
0.00573385
0.00499165
0.00532269
0.00576791
0.00535501
0.00493944
0.00496400
0.00597376
0.00527845
0.00613731
0.00547874
0.00506767
0.00700438
0.00582202
0.00490797
0.00601235
0.00539490
0.00559722
0.00584507
0.00679580
0.00517389
0.00709143
0.00589295
0.00572695
0.00470609
0.00664317
0.00534439
0.00917022
0.00537446
0.00570536
0.00539205
0.00644770
0.00555560
0.00529409
0.00532217
0.00596210
0.00555049
0.00605719
0.00478136
0.00521455
0.00497235
0.00789055
0.00593914
0.00561298
0.00592412
0.00557262
0.00464608
0.00598583
0.00823175
0.00515257
0.00580661
0.00581459
0.00508724
0.00533176
0.00560379
0.00576646
0.00524004
0.00580019
0.00554526
0.00582901
0.00574898
0.00480428
0.00584966
0.00514620
0.00554823
0.00561487
0.00529076
0.00552708
0.00491505
0.00535555
0.00596560
0.00451709
0.00667772
0.00528524
0.00572323
0.00557644
0.00699694
0.00493574
0.00545744
0.00634234
0.00599201
0.00552268
0.00708375
0.00608287
0.00551828
0.00568900
0.00565748
0.00548941
0.00463838
0.00554509
0.00629287
0.00652874
0.00615196
0.00542015
0.00560377
0.00537733
0.00648121
0.00577641
0.00744735
0.00572062
0.00474269
0.00573982
0.00507542
0.00599769
0.00536239
0.00503284
0.00526401
0.00515860
0.00522387
0.00565475
0.00555197
0.00537152
0.00536951
0.00620789
0.00558512
0.00539581
0.00618182
0.00510725
0.00574871
0.00605447
0.00476429
0.00493864
0.00523177
0.00532101
0.00497628
0.00511149
0.00486831
0.00559340
0.00561814
0.00512113
0.00570062
0.00565452
0.00557566
0.00527345
0.00602212
0.00525599
0.00521283
0.00497848
0.00546368
0.00831586
0.00598248
0.00505355
0.00545648
0.00543477
0.00597778
0.00557038
0.00558690
0.00516060
0.00541165
0.00630083
0.00581120
0.00701182
0.00597852
0.00571954
0.00500354
0.00523047
0.00542240
0.00507517
0.00529340
0.00511819
0.00545753
0.00569491
0.00536312
0.00575237
0.00513877
0.00661329
0.00619339
0.00835163
0.00558998
0.00597413
0.00523165
0.00498648
0.00836713
0.00455209
0.00569987
0.00506529
0.00577896
0.00478722
0.00542463
0.00494401
0.00568453
0.00556871
0.00490506
0.00625648
0.00601066
0.00542276
0.00494629
0.00673782
0.00858127
0.00538802
0.00829041
0.00492183
0.00488219
0.00564372
0.00531286
0.00808426
0.00597497
0.00583612
0.00511247
0.00531643
0.00485321
0.00645738
0.00529954
0.00588735
0.00505131
0.00833524
0.00635992
0.00504071
0.00459225
0.00552677
0.00485204
0.00564671
0.00545912
0.00544462
0.00541666
0.00542606
0.00565070
0.00604054
0.00480632
0.00572134
0.00523262
0.00512217
0.00550644
0.00542376
0.00491689
0.00565691
0.00556185
0.00519924
0.00571191
0.00474226
0.00516298
0.00707988
0.00570235
0.00552241
0.00508766
0.00601246
0.00640238
0.00473292
0.00463592
0.00535730
0.00468925
0.00574560
0.00510183
0.00617891
0.00472400
0.00611419
0.00559654
0.00502933
0.00540720
0.00518773
0.00621519
0.00494925
0.00565485
0.00518265
0.00485905
0.00507513
0.00510526
0.00603688
0.00560946
0.00511421
0.00561588
0.00495887
0.00576901
0.00533598
0.00569643
0.00578011
0.00546549
0.00529258
0.00476437
0.00516600
0.00584390
0.00523609
0.00553744
0.00494537
0.00554642
0.00481808
0.00583133
0.00482645
0.00567178
0.00493599
0.00611497
0.00515002
0.00504783
0.00561536
0.00529067
0.00608849
0.00515861
0.00604525
0.00502266
0.00663924
0.00492983
0.00536330
0.00583802
0.00528011
0.00581870
0.00533603
0.00533513
0.00517530
0.00508580
0.00528763
0.00555031
0.00606786
0.00512688
0.00623030
0.00541146
0.00554090
0.00533019
0.00528032
0.00594964
0.00484717
0.00519757
0.00554192
0.00601324
0.00490814
0.00585279
0.00533747
0.00837933
0.00592867
0.00534064
0.00736084
0.00499809
0.00561171
0.00740246
0.00532057
0.00550957
0.00646450
0.00528419
0.00519838
0.00523680
0.00541261
0.00535233
0.00560473
0.00607403
0.00511480
0.00552124
0.00661615