0.01947668
0.02183089
0.02233766
0.02334006
0.01744355
0.01890992
0.03437843
0.02178549
0.02016975
0.01358569
0.00921885
0.01813407
0.02065681
0.02476514
0.02149281
0.03073646
0.02282391
0.01821532
0.02364874
0.03598249
0.01485603
0.02007079
0.02961911
0.01463628
0.03733559
0.02932984
0.01396705
0.02956331
0.02174132
0.03618778
0.03731604
0.02490015
0.02892361
0.01283014
0.02591324
0.01694919
0.02044807
0.00972673
0.02932399
0.04335776
0.02272790
0.02776686
0.02044807
0.00972673
0.02932399
0.04335776
0.02272790
0.02776686
0.01141568
0.03334901
0.01998950
0.01610391
0.03947258
0.02066328
0.02103890
0.01505633
0.02061918
0.02611268
0.01364166
0.01649594
0.02528011
0.01974979
0.01308424
0.01681851
0.02056459
0.01371225
0.01231957
0.02842936
0.03082190
0.02732095
0.01179094
0.04178785
0.01109913
0.04268265
0.02490066
0.01278778
0.02718392
0.02353307
0.01344355
0.01800500
0.02614980
0.01029341
0.00980822
0.02976805
0.02368932
0.01266271
0.02300128
0.02642507
0.01437468
0.01991087
0.01328765
0.01350197
0.03189341
0.02022064
0.03183965
0.01660484
0.01652756
0.01610031
0.01549647
0.02975105
0.02364915
0.01204939
0.03980961
0.01169048
0.02963499
0.02089077
0.03205159
0.01578605
0.03120820
0.02007185
0.01297628
0.02550034
0.01075287
0.02257943
0.01272315
0.02562036
0.03379520
0.01164599
0.02682855
0.03320574
0.02044807
0.00972673
0.02932399
0.04335776
0.02272790
0.02776686
0.01141568
0.03334901
0.01998950
0.01610391
0.03947258
0.02066328
0.02103890
0.01505633
0.02061918
0.02611268
0.01364166
0.01649594
0.02528011
0.01974979
0.01308424
0.01681851
0.02056459
0.01371225
0.01231957
0.02044807
0.00972673
0.02932399
0.04335776
0.02272790
0.02776686
0.01141568
0.03334901
0.01998950
0.01610391
0.03947258
0.02066328
0.02103890
0.01505633
0.02061918
0.02611268
0.01364166
0.01649594
0.02528011
0.01974979
0.01308424
0.01681851
0.02056459
0.01371225
0.01231957
0.02842936
0.03082190
0.02732095
0.01179094
0.04178785
0.01109913
0.04268265
0.02490066
0.01278778
0.02718392
0.02353307
0.01344355
0.01800500
0.02614980
0.01029341
0.00980822
0.02976805
0.02368932
0.01266271
0.02300128
0.02642507
0.01437468
0.01991087
0.01328765
0.01350197
0.03189341
0.02022064
0.03183965
0.01660484
0.01652756
0.01610031
0.01549647
0.02975105
0.02364915
0.01204939
0.03980961
0.01169048
0.02963499
0.02089077
0.03205159
0.01578605
0.03120820
0.02007185
0.01297628
0.02550034
0.01075287
0.02257943
0.01272315
0.02562036
0.03379520
0.01164599
0.02682855
0.03320574
0.02771301
0.03328840
0.02917677
0.03800081
0.02806740
0.01162867
0.02089545
0.01880782
0.02069494
0.01405978
0.01272527
0.01807602
0.01516932
0.01707236
0.02931056
0.02827036
0.01716621
0.00926516
0.05323585
0.02239570
0.01582688
0.02879940
0.01448877
0.01999145
0.02004091
0.01865998
0.02157888
0.02389648
0.02513977
0.03797178
0.02132390
0.02311770
0.01591257
0.01582228
0.03519328
0.04921634
0.01431973
0.03015142
0.02397735
0.01700306
0.02268436
0.01442548
0.02624949
0.01234698
0.02051153
0.01281170
0.01740326
0.01467432
0.01220530
0.03854630
0.02452436
0.04566305
0.02836380
0.01881103
0.02323629
0.02440156
0.02620030
0.01767041
0.02968488
0.02564569
0.01854327
0.02922646
0.01267066
0.02039633
0.01067986
0.01638136
0.03663830
0.02260188
0.01616787
0.03293488
0.01628401
0.00940107
0.02388659
0.01888285
0.01652930
0.02531304
0.01706119
0.01646792
0.04115663
0.02467697
0.02525174
0.01956514
0.01854723
0.02770828
0.02973857
0.01044914
0.01480435
0.01465908
0.01831341
0.01689020
0.01880871
0.04400088
0.02693789
0.01343735
0.03303700
0.01393821
0.01377952
0.02005211
0.04857034
0.02068797
0.03843654
0.01420888
0.03572779
0.02530356
0.05990677
0.02068371
0.03451197
0.04301950
0.01606586
0.03494676
0.02151060
0.04633175
0.04817631
0.03886601
0.02177655
0.04323029
0.03346468
0.01221509
0.02002916
0.04417235
0.02257345
0.01185986
0.01259716
0.01488384
0.01922859
0.01710281
0.03781219
0.01584662
0.01452070
0.01821770
0.06359513
0.01516057
0.02177926
0.01413938
0.01503642
0.01228415
0.01889949
0.03303077
0.01834367
0.01824397
0.02246476
0.01573781
0.03304225
0.02023124
0.02234859
0.01865750
0.01484326
0.00962640
0.01131219
0.01839886
0.04404084
0.01577994
0.01324942
0.02202498
0.02552637
0.01175971
0.01777046
0.01237955
0.01108104
0.04213017
0.04689092
0.02231749
0.02974082
0.01246849
0.03707286
0.01685091
0.01799615
0.01315129
0.01738499
0.03325067
0.01748609
0.01340031
0.02854365
0.01702501
0.01268759
0.04635564
0.02256181
0.04217427
0.01715225
0.03321556
0.01890012
0.01659884
0.04530088
0.01635623
0.06348088
0.01330687
0.02147173
0.01470560
0.02680422
0.01914373
0.03522158
0.03397624
0.02077393
0.03441324
0.01486048
0.02464160
0.02236766
0.01981280
0.02126683
0.01452737
0.04137779
0.01164599
0.01387005
0.01337812
0.01197629
0.01873180
0.01290039
0.02566138
0.01690990
0.01071033
0.02021652
0.01912539
0.01399722
0.01681889
0.03428805
0.01422164
0.03218458
0.01702953
0.01998425
0.02081651
0.06600045
0.01763642
0.02466328
0.03537993
0.06268469
0.01659212
0.01245669
0.02340973
0.01147430
0.01175270
0.01932908
0.02154723
0.01466772
0.02030217
0.02903737
0.01591303
0.01568250
0.02640177
0.06570642
0.02270342
0.01106494
0.01892755
0.01104191
0.01355986
0.01512073
0.02367091
0.02366008
0.02643661
0.01752565
0.02481261
0.03908562
0.03101531
0.03647408
0.01241674
0.05330106
0.03691485
0.03911625
0.03217591
0.02978392
0.07316298
0.03789923
0.00902939
0.04400315
0.05498590
0.02744391
0.01506360
0.02724953
0.02028860
0.02927639
0.01085452
0.02231790
0.04143203
0.07267901
0.03012671
0.01099891
0.01350469
0.01946973