0.00284976
0.00249616
0.00275442
0.00429273
0.00189815
0.00248630
0.00282443
0.00259209
0.00259159
0.00248287
0.00197702
0.00271177
0.00261163
0.00395604
0.00218206
0.00284697
0.00367267
0.00352648
0.00251298
0.00192646
0.00216608
0.00280812
0.00271267
0.00233326
0.00258595
0.00255750
0.00278564
0.00263029
0.00298916
0.00341816
0.00225438
0.00243009
0.00310423
0.00295881
0.00477911
0.00208086
0.00212954
0.00267648
0.00254855
0.00234175
0.00187184
0.00199709
0.00212954
0.00267648
0.00254855
0.00234175
0.00187184
0.00199709
0.00209824
0.00240330
0.00208886
0.00217780
0.00228320
0.00459738
0.00216358
0.00559329
0.00190630
0.00412909
0.00229765
0.00310345
0.00298054
0.00230035
0.00290384
0.00240812
0.00184859
0.00247349
0.00267761
0.00299803
0.00410459
0.00329358
0.00247393
0.00288974
0.00274104
0.00317512
0.00229512
0.00313510
0.00319237
0.00331948
0.00256694
0.00313162
0.00284803
0.00351842
0.00288731
0.00296521
0.00212010
0.00227443
0.00209733
0.00302725
0.00263362
0.00190200
0.00297504
0.00310118
0.00279888
0.00180741
0.00236644
0.00311505
0.00240512
0.00291941
0.00251551
0.00277711
0.00210066
0.00298533
0.00261503
0.00220806
0.00246138
0.00247355
0.00245521
0.00206458
0.00260805
0.00314419
0.00268645
0.00380134
0.00249194
0.00220850
0.00241877
0.00252808
0.00237733
0.00262058
0.00270615
0.00263656
0.00212954
0.00267648
0.00254855
0.00234175
0.00187184
0.00199709
0.00209824
0.00240330
0.00208886
0.00217780
0.00228320
0.00459738
0.00216358
0.00559329
0.00190630
0.00412909
0.00229765
0.00310345
0.00298054
0.00230035
0.00290384
0.00240812
0.00184859
0.00247349
0.00267761
0.00299803
0.00212954
0.00267648
0.00254855
0.00234175
0.00187184
0.00199709
0.00209824
0.00240330
0.00208886
0.00217780
0.00228320
0.00459738
0.00216358
0.00559329
0.00190630
0.00412909
0.00229765
0.00310345
0.00298054
0.00230035
0.00290384
0.00240812
0.00184859
0.00247349
0.00267761
0.00299803
0.00410459
0.00329358
0.00247393
0.00288974
0.00274104
0.00317512
0.00229512
0.00313510
0.00319237
0.00331948
0.00256694
0.00313162
0.00284803
0.00351842
0.00288731
0.00296521
0.00212010
0.00227443
0.00209733
0.00302725
0.00263362
0.00190200
0.00297504
0.00310118
0.00279888
0.00180741
0.00236644
0.00311505
0.00240512
0.00291941
0.00251551
0.00277711
0.00210066
0.00298533
0.00261503
0.00220806
0.00246138
0.00247355
0.00245521
0.00206458
0.00260805
0.00314419
0.00268645
0.00380134
0.00249194
0.00220850
0.00241877
0.00252808
0.00237733
0.00262058
0.00270615
0.00263656
0.00210363
0.00203338
0.00248413
0.00205225
0.00246938
0.00378910
0.00264441
0.00309879
0.00226722
0.00239012
0.00249645
0.00355268
0.00353999
0.00346803
0.00240623
0.00225475
0.00353922
0.00232165
0.00271053
0.00181484
0.00236095
0.00306260
0.00285201
0.00205187
0.00245791
0.00193772
0.00258161
0.00204933
0.00355368
0.00224481
0.00244516
0.00257508
0.00222291
0.00307105
0.00215856
0.00343246
0.00305781
0.00265123
0.00285262
0.00380824
0.00398022
0.00275340
0.00245121
0.00232889
0.00261271
0.00229545
0.00202238
0.00228875
0.00216958
0.00191165
0.00240221
0.00265875
0.00224899
0.00206237
0.00201717
0.00230136
0.00189948
0.00428960
0.00286365
0.00246724
0.00204109
0.00197229
0.00262166
0.00227432
0.00175217
0.00226846
0.00304411
0.00223136
0.00387066
0.00295952
0.00288370
0.00209818
0.00483269
0.00204223
0.00193739
0.00221547
0.00188467
0.00205638
0.00264186
0.00209302
0.00227412
0.00310297
0.00279862
0.00210084
0.00234817
0.00246324
0.00236699
0.00254854
0.00318866
0.00206185
0.00267627
0.00260000
0.00219668
0.00273774
0.00316583
0.00247136
0.00224007
0.00240944
0.00311835
0.00288570
0.00268470
0.00220941
0.00266794
0.00250780
0.00204531
0.00278273
0.00235078
0.00231529
0.00267383
0.00297368
0.00225837
0.00242771
0.00367728
0.00293425
0.00273902
0.00340880
0.00217926
0.00247725
0.00320880
0.00275354
0.00309067
0.00386173
0.00220408
0.00241055
0.00307050
0.00207646
0.00283498
0.00239316
0.00216792
0.00242606
0.00218234
0.00346499
0.00427428
0.00226974
0.00189553
0.00248779
0.00241699
0.00216889
0.00310835
0.00328097
0.00405555
0.00246373
0.00309479
0.00240741
0.00228810
0.00239804
0.00283448
0.00226168
0.00355729
0.00248886
0.00219572
0.00237557
0.00221847
0.00238804
0.00290450
0.00189252
0.00207062
0.00272828
0.00340817
0.00268940
0.00279955
0.00236213
0.00229044
0.00202767
0.00262930
0.00287028
0.00209865
0.00363153
0.00206098
0.00214482
0.00186734
0.00314002
0.00213786
0.00330410
0.00197216
0.00220097
0.00261522
0.00309486
0.00293067
0.00247398
0.00211250
0.00275590
0.00346662
0.00201821
0.00298915
0.00301131
0.00220310
0.00202844
0.00267243
0.00259956
0.00203007
0.00298057
0.00359618
0.00209052
0.00251594
0.00264716
0.00229081
0.00187301
0.00344952
0.00232712
0.00357544
0.00166418
0.00275111
0.00222027
0.00321925
0.00242430
0.00210472
0.00285349
0.00258975
0.00214596
0.00240623
0.00320057
0.00256226
0.00333516
0.00199000
0.00258882
0.00221909
0.00207427
0.00297040
0.00201976
0.00224635
0.00279921
0.00338644
0.00298584
0.00219784
0.00279885
0.00233689
0.00253023
0.00349624
0.00294192
0.00463332
0.00308159
0.00206913
0.00348553
0.00380476
0.00349516
0.00253435
0.00311165
0.00240932
0.00340978
0.00349394
0.00254403
0.00259890
0.00243414
0.00298078
0.00274267
0.00291273
0.00310799
0.00287465
0.00275702
0.00264539
0.00224696
0.00260099
0.00262661
0.00264756
0.00283575
0.00227901
0.00228733
0.00189535
0.00336475
0.00199476
0.00241211
0.00426193
0.00324554
0.00264970
0.00312113
0.00305780
0.00218735
0.00254399
0.00291231
0.00289735
0.00401882
0.00222956
0.00266130
0.00237095
0.00190429