0.00070626
0.00065532
0.00072463
0.00066897
0.00066538
0.00071113
0.00069565
0.00069886
0.00066720
0.00072329
0.00076502
0.00076897
0.00069116
0.00069537
0.00077720
0.00065888
0.00079093
0.00066066
0.00066084
0.00071074
0.00082018
0.00077213
0.00073218
0.00074733
0.00077656
0.00074545
0.00066361
0.00076444
0.00076603
0.00068899
0.00069551
0.00067027
0.00078215
0.00068868
0.00068971
0.00071146
0.00072080
0.00071106
0.00070296
0.00066402
0.00066172
0.00065953
0.00065851
0.00071106
0.00070296
0.00066402
0.00066172
0.00065953
0.00065851
0.00082731
0.00077462
0.00076065
0.00067369
0.00069420
0.00071490
0.00073492
0.00074696
0.00078286
0.00066201
0.00078024
0.00066452
0.00067647
0.00081141
0.00062517
0.00067875
0.00068373
0.00067108
0.00070905
0.00072953
0.00076850
0.00070689
0.00070928
0.00072405
0.00071926
0.00064551
0.00067817
0.00063802
0.00072120
0.00066828
0.00069415
0.00068239
0.00070179
0.00065608
0.00067799
0.00068337
0.00074245
0.00064187
0.00084960
0.00087820
0.00064103
0.00096234
0.00074096
0.00070667
0.00062901
0.00082891
0.00062201
0.00068821
0.00068134
0.00070009
0.00074197
0.00069491
0.00081609
0.00064773
0.00072905
0.00073309
0.00063443
0.00066065
0.00068161
0.00065896
0.00069163
0.00074742
0.00064827
0.00070482
0.00088211
0.00076481
0.00071800
0.00073298
0.00061736
0.00064706
0.00071632
0.00060947
0.00069000
0.00071106
0.00070296
0.00066402
0.00066172
0.00065953
0.00065851
0.00082731
0.00077462
0.00076065
0.00067369
0.00069420
0.00071490
0.00073492
0.00074696
0.00078286
0.00066201
0.00078024
0.00066452
0.00067647
0.00081141
0.00062517
0.00067875
0.00068373
0.00067108
0.00070905
0.00072953
0.00071106
0.00070296
0.00066402
0.00066172
0.00065953
0.00065851
0.00082731
0.00077462
0.00076065
0.00067369
0.00069420
0.00071490
0.00073492
0.00074696
0.00078286
0.00066201
0.00078024
0.00066452
0.00067647
0.00081141
0.00062517
0.00067875
0.00068373
0.00067108
0.00070905
0.00072953
0.00076850
0.00070689
0.00070928
0.00072405
0.00071926
0.00064551
0.00067817
0.00063802
0.00072120
0.00066828
0.00069415
0.00068239
0.00070179
0.00065608
0.00067799
0.00068337
0.00074245
0.00064187
0.00084960
0.00087820
0.00064103
0.00096234
0.00074096
0.00070667
0.00062901
0.00082891
0.00062201
0.00068821
0.00068134
0.00070009
0.00074197
0.00069491
0.00081609
0.00064773
0.00072905
0.00073309
0.00063443
0.00066065
0.00068161
0.00065896
0.00069163
0.00074742
0.00064827
0.00070482
0.00088211
0.00076481
0.00071800
0.00073298
0.00061736
0.00064706
0.00071632
0.00060947
0.00069000
0.00067055
0.00068553
0.00065545
0.00075690
0.00071341
0.00071610
0.00072026
0.00074457
0.00064468
0.00067181
0.00082830
0.00080278
0.00066926
0.00061347
0.00069478
0.00076630
0.00067891
0.00076465
0.00065985
0.00083586
0.00073131
0.00075247
0.00074475
0.00068904
0.00065792
0.00065913
0.00074591
0.00073987
0.00064436
0.00072370
0.00067537
0.00068969
0.00063205
0.00068570
0.00071611
0.00084738
0.00069692
0.00066963
0.00065194
0.00069731
0.00076570
0.00068562
0.00078160
0.00064117
0.00069693
0.00068255
0.00073431
0.00068223
0.00067441
0.00070694
0.00077743
0.00069991
0.00076646
0.00067198
0.00074741
0.00071276
0.00070125
0.00076527
0.00069980
0.00073127
0.00083602
0.00067398
0.00069704
0.00081831
0.00071120
0.00072632
0.00066874
0.00069364
0.00076081
0.00072745
0.00065547
0.00071811
0.00070801
0.00063280
0.00076249
0.00067557
0.00076454
0.00072597
0.00071774
0.00069541
0.00068238
0.00079140
0.00075009
0.00068333
0.00076825
0.00085286
0.00075607
0.00086534
0.00078401
0.00068190
0.00072961
0.00080787
0.00079195
0.00075175
0.00072255
0.00071689
0.00072547
0.00063562
0.00084029
0.00068709
0.00069725
0.00085060
0.00070126
0.00070339
0.00068558
0.00071201
0.00087202
0.00067317
0.00069141
0.00079437
0.00066988
0.00076294
0.00065934
0.00063391
0.00074450
0.00067802
0.00069884
0.00076537
0.00070540
0.00072877
0.00071323
0.00070400
0.00066989
0.00087947
0.00071451
0.00069341
0.00068777
0.00078217
0.00074494
0.00069729
0.00067516
0.00076584
0.00072111
0.00069064
0.00075142
0.00071997
0.00072747
0.00069005
0.00084408
0.00071879
0.00070832
0.00074229
0.00072384
0.00074120
0.00095152
0.00077912
0.00066555
0.00089967
0.00070817
0.00073885
0.00063152
0.00072408
0.00064189
0.00066260
0.00071860
0.00061260
0.00067072
0.00086450
0.00067988
0.00069670
0.00068802
0.00071104
0.00069590
0.00084612
0.00067655
0.00072930
0.00079433
0.00072302
0.00075646
0.00068877
0.00069483
0.00072972
0.00068472
0.00078074
0.00062627
0.00065560
0.00069978
0.00081536
0.00071176
0.00069054
0.00074673
0.00077096
0.00072428
0.00070808
0.00065021
0.00069726
0.00070055
0.00071266
0.00067227
0.00067950
0.00069052
0.00090972
0.00069212
0.00072530
0.00068426
0.00064677
0.00070848
0.00067206
0.00074591
0.00072073
0.00063156
0.00066869
0.00068671
0.00070882
0.00063811
0.00066370
0.00074145
0.00069463
0.00075978
0.00072947
0.00075027
0.00073356
0.00071043
0.00063119
0.00071772
0.00068407
0.00063230
0.00063884
0.00073068
0.00096236
0.00085606
0.00070709
0.00068816
0.00091444
0.00075552
0.00098813
0.00067060
0.00072457
0.00064262
0.00071194
0.00072841
0.00073536
0.00078939
0.00084321
0.00075438
0.00073150
0.00075893
0.00075678
0.00075887
0.00071490
0.00067793
0.00071026
0.00072694
0.00069771
0.00076170
0.00074905
0.00069690
0.00064214
0.00081375
0.00067942
0.00067347
0.00076703
0.00064480
0.00081476
0.00070345
0.00067855
0.00071659
0.00067921
0.00070677
0.00067563
0.00068167
0.00066128
0.00064089
0.00081524
0.00069170
0.00070694
0.00068451
0.00067197
0.00068532
0.00070922
0.00068947
0.00079305
0.00069078