0.00124979
0.00106528
0.00111194
0.00109055
0.00110526
0.00115567
0.00112123
0.00121297
0.00120739
0.00114350
0.00109105
0.00112878
0.00110493
0.00115729
0.00110730
0.00107446
0.00111335
0.00121221
0.00109140
0.00108560
0.00110100
0.00107326
0.00107807
0.00103701
0.00102444
0.00110154
0.00123837
0.00108697
0.00103696
0.00108746
0.00114369
0.00106286
0.00115998
0.00111850
0.00120307
0.00112811
0.00113278
0.00113151
0.00111086
0.00123481
0.00108876
0.00117420
0.00113278
0.00113151
0.00111086
0.00123481
0.00108876
0.00117420
0.00115227
0.00112314
0.00118993
0.00116673
0.00103841
0.00107993
0.00111251
0.00115297
0.00106206
0.00105537
0.00107691
0.00110027
0.00102902
0.00105980
0.00112385
0.00120469
0.00117495
0.00109210
0.00111028
0.00106291
0.00109960
0.00105267
0.00109186
0.00108108
0.00138921
0.00109011
0.00111475
0.00108197
0.00105853
0.00111730
0.00105749
0.00108351
0.00108743
0.00102828
0.00114888
0.00110158
0.00110015
0.00108501
0.00127673
0.00109517
0.00108277
0.00110354
0.00103682
0.00120202
0.00113622
0.00123967
0.00109283
0.00111882
0.00107920
0.00105823
0.00107079
0.00116186
0.00116528
0.00108037
0.00109072
0.00107982
0.00110830
0.00119805
0.00114833
0.00112589
0.00107621
0.00104472
0.00109295
0.00104287
0.00114821
0.00108436
0.00110613
0.00106317
0.00118567
0.00112464
0.00104384
0.00111257
0.00113278
0.00113151
0.00111086
0.00123481
0.00108876
0.00117420
0.00115227
0.00112314
0.00118993
0.00116673
0.00103841
0.00107993
0.00111251
0.00115297
0.00106206
0.00105537
0.00107691
0.00110027
0.00102902
0.00105980
0.00112385
0.00120469
0.00117495
0.00109210
0.00111028
0.00106291
0.00113278
0.00113151
0.00111086
0.00123481
0.00108876
0.00117420
0.00115227
0.00112314
0.00118993
0.00116673
0.00103841
0.00107993
0.00111251
0.00115297
0.00106206
0.00105537
0.00107691
0.00110027
0.00102902
0.00105980
0.00112385
0.00120469
0.00117495
0.00109210
0.00111028
0.00106291
0.00109960
0.00105267
0.00109186
0.00108108
0.00138921
0.00109011
0.00111475
0.00108197
0.00105853
0.00111730
0.00105749
0.00108351
0.00108743
0.00102828
0.00114888
0.00110158
0.00110015
0.00108501
0.00127673
0.00109517
0.00108277
0.00110354
0.00103682
0.00120202
0.00113622
0.00123967
0.00109283
0.00111882
0.00107920
0.00105823
0.00107079
0.00116186
0.00116528
0.00108037
0.00109072
0.00107982
0.00110830
0.00119805
0.00114833
0.00112589
0.00107621
0.00104472
0.00109295
0.00104287
0.00114821
0.00108436
0.00110613
0.00106317
0.00118567
0.00112464
0.00104384
0.00111257
0.00104637
0.00110528
0.00108803
0.00106460
0.00150834
0.00111334
0.00122482
0.00109912
0.00107805
0.00107873
0.00110890
0.00120232
0.00108724
0.00107007
0.00109167
0.00113716
0.00117312
0.00112440
0.00106066
0.00111229
0.00108539
0.00117683
0.00117388
0.00116192
0.00119713
0.00111772
0.00114590
0.00111879
0.00108804
0.00111043
0.00114698
0.00111269
0.00116518
0.00108393
0.00105752
0.00115033
0.00112379
0.00107200
0.00118390
0.00106862
0.00125583
0.00119318
0.00123604
0.00114778
0.00117653
0.00104793
0.00119072
0.00111924
0.00111080
0.00105481
0.00116451
0.00115173
0.00104323
0.00113240
0.00111071
0.00113322
0.00110518
0.00110964
0.00106095
0.00122424
0.00112687
0.00115074
0.00103421
0.00111057
0.00111088
0.00104952
0.00113307
0.00104026
0.00128959
0.00121998
0.00109507
0.00109201
0.00110472
0.00107197
0.00119066
0.00105732
0.00107498
0.00113970
0.00112324
0.00110376
0.00102386
0.00111851
0.00109649
0.00123486
0.00110849
0.00106081
0.00110328
0.00107505
0.00122055
0.00113878
0.00105876
0.00106314
0.00123248
0.00106833
0.00114462
0.00111029
0.00113698
0.00121131
0.00121594
0.00112523
0.00113214
0.00113925
0.00113542
0.00110021
0.00118835
0.00112671
0.00113860
0.00119276
0.00106109
0.00111472
0.00118342
0.00114701
0.00123712
0.00114460
0.00103701
0.00107168
0.00112698
0.00111054
0.00120148
0.00109217
0.00123051
0.00109067
0.00114759
0.00111069
0.00106324
0.00120233
0.00112522
0.00110293
0.00126522
0.00103877
0.00107714
0.00122922
0.00110590
0.00110264
0.00115980
0.00114384
0.00105229
0.00108114
0.00114352
0.00131656
0.00108001
0.00108947
0.00112493
0.00114866
0.00108321
0.00121264
0.00103917
0.00117492
0.00114466
0.00108416
0.00123339
0.00105972
0.00110236
0.00108534
0.00119621
0.00111910
0.00108217
0.00109786
0.00109934
0.00111470
0.00122367
0.00113690
0.00118361
0.00108753
0.00109003
0.00108199
0.00112665
0.00110516
0.00104961
0.00124267
0.00110680
0.00118965
0.00114107
0.00113020
0.00115429
0.00118564
0.00114077
0.00110162
0.00106006
0.00117648
0.00115679
0.00108280
0.00111056
0.00112585
0.00112388
0.00111336
0.00104979
0.00109955
0.00109587
0.00139902
0.00109944
0.00111762
0.00115108
0.00119047
0.00103618
0.00106469
0.00118530
0.00117176
0.00112895
0.00107615
0.00111176
0.00105681
0.00118291
0.00111828
0.00107388
0.00156913
0.00121399
0.00108086
0.00113490
0.00121798
0.00120117
0.00112510
0.00114848
0.00113142
0.00113883
0.00112526
0.00108252
0.00111028
0.00118324
0.00110593
0.00107396
0.00106850
0.00109515
0.00129897
0.00131566
0.00102383
0.00116800
0.00113135
0.00110218
0.00119868
0.00110599
0.00109803
0.00107248
0.00113711
0.00103335
0.00109578
0.00107203
0.00118478
0.00124039
0.00109028
0.00108018
0.00107704
0.00109393
0.00108187
0.00111343
0.00112287
0.00112357
0.00111098
0.00111212
0.00108587
0.00114101
0.00110276
0.00108719
0.00111376
0.00106234
0.00104269
0.00104919
0.00111142
0.00107886
0.00125183
0.00114502
0.00108429
0.00114460
0.00110605
0.00113289
0.00118569
0.00104832
0.00108596
0.00110422
0.00111656
0.00107585
0.00113457
0.00109806
0.00123113
0.00112918
0.00118581