0.01698868
0.02258218
0.02115696
0.01255718
0.02850365
0.01994875
0.01675580
0.02347101
0.02187520
0.01634595
0.01036853
0.01661975
0.03025170
0.01383939
0.00966199
0.01149653
0.02581655
0.02709356
0.00976542
0.01032196
0.02286729
0.00833373
0.01579895
0.02705220
0.00965444
0.00955309
0.01525876
0.01597166
0.01124635
0.01288335
0.01293658
0.01311584
0.01760969
0.02457502
0.02129169
0.01193104
0.01280429
0.02031857
0.03390641
0.03716622
0.02312784
0.01655381
0.01280429
0.02031857
0.03390641
0.03716622
0.02312784
0.01655381
0.01837812
0.01354662
0.02173456
0.01494312
0.00998224
0.00851052
0.01899469
0.01229917
0.02488950
0.01714146
0.00728139
0.01023416
0.01084312
0.01824406
0.00983092
0.01339528
0.01643804
0.01325169
0.05270407
0.01693440
0.01176971
0.01472853
0.01592633
0.01214109
0.01436400
0.01445435
0.03239896
0.01793074
0.02575683
0.01133483
0.01031465
0.01512415
0.00958395
0.01824961
0.03109140
0.01278140
0.00581588
0.02033610
0.01354391
0.01250973
0.02067125
0.01274860
0.02371995
0.01015488
0.03781611
0.02632617
0.02275788
0.01267556
0.00863174
0.02095289
0.02775827
0.01280596
0.01671439
0.02196069
0.01666401
0.01060966
0.01607116
0.01612352
0.01971962
0.00963779
0.02061562
0.03060122
0.01537441
0.01927654
0.02239070
0.01395814
0.02203477
0.01518077
0.01502829
0.01449510
0.02508553
0.01023439
0.01280429
0.02031857
0.03390641
0.03716622
0.02312784
0.01655381
0.01837812
0.01354662
0.02173456
0.01494312
0.00998224
0.00851052
0.01899469
0.01229917
0.02488950
0.01714146
0.00728139
0.01023416
0.01084312
0.01824406
0.00983092
0.01339528
0.01643804
0.01325169
0.05270407
0.01693440
0.01280429
0.02031857
0.03390641
0.03716622
0.02312784
0.01655381
0.01837812
0.01354662
0.02173456
0.01494312
0.00998224
0.00851052
0.01899469
0.01229917
0.02488950
0.01714146
0.00728139
0.01023416
0.01084312
0.01824406
0.00983092
0.01339528
0.01643804
0.01325169
0.05270407
0.01693440
0.01176971
0.01472853
0.01592633
0.01214109
0.01436400
0.01445435
0.03239896
0.01793074
0.02575683
0.01133483
0.01031465
0.01512415
0.00958395
0.01824961
0.03109140
0.01278140
0.00581588
0.02033610
0.01354391
0.01250973
0.02067125
0.01274860
0.02371995
0.01015488
0.03781611
0.02632617
0.02275788
0.01267556
0.00863174
0.02095289
0.02775827
0.01280596
0.01671439
0.02196069
0.01666401
0.01060966
0.01607116
0.01612352
0.01971962
0.00963779
0.02061562
0.03060122
0.01537441
0.01927654
0.02239070
0.01395814
0.02203477
0.01518077
0.01502829
0.01449510
0.02508553
0.01023439
0.02272764
0.02423559
0.02227444
0.01266726
0.02706665
0.00952779
0.01936759
0.01576789
0.03196294
0.01405193
0.02105548
0.01379837
0.01320980
0.01235604
0.01289542
0.01872426
0.02531588
0.01377911
0.02487876
0.04327668
0.01413929
0.01306782
0.01271955
0.00971900
0.01263684
0.01719428
0.01798969
0.01701365
0.01313973
0.01423816
0.01679563
0.01417363
0.01950714
0.01222766
0.01429594
0.01937451
0.01435342
0.02395346
0.02066711
0.00980024
0.01357179
0.01763955
0.00915927
0.01975784
0.03530697
0.00995802
0.01751230
0.02587754
0.03262187
0.04194507
0.02498670
0.03329343
0.00801725
0.02093696
0.02211554
0.02172145
0.01123811
0.01977357
0.01234792
0.01544392
0.02716449
0.01844642
0.01264587
0.01243765
0.01795777
0.02553865
0.04499914
0.01235804
0.02773302
0.01871849
0.02245429
0.03236531
0.02657948
0.01454542
0.01918420
0.01825349
0.02428102
0.01265816
0.02869568
0.01217618
0.01062588
0.04353264
0.02471795
0.01216182
0.00988472
0.00997332
0.00772076
0.01090699
0.01204455
0.02091414
0.01448699
0.02074589
0.03115881
0.01481712
0.01395321
0.01355543
0.01872550
0.01350075
0.02642941
0.02905613
0.01190495
0.01740896
0.02063931
0.01152999
0.01109807
0.04061233
0.01756918
0.01022485
0.02131861
0.00851215
0.03021549
0.01800503
0.04595857
0.01722242
0.04041097
0.00980567
0.01759208
0.01277699
0.01884130
0.01207607
0.01235220
0.02491522
0.02690390
0.02161170
0.00853432
0.01560397
0.01948740
0.03885971
0.02275996
0.02025568
0.01552486
0.02151286
0.00945976
0.01870115
0.02788158
0.01665944
0.03060916
0.01053574
0.02547209
0.03390378
0.02504652
0.01016780
0.01604999
0.03010902
0.01967276
0.01015048
0.02025653
0.03164881
0.01574595
0.01731397
0.01385879
0.03595131
0.02243977
0.02656341
0.02005959
0.01032644
0.01544853
0.01443796
0.00849826
0.01173428
0.01507549
0.01639504
0.01357185
0.01159261
0.00765640
0.01524111
0.02704475
0.03452733
0.02077390
0.02060302
0.02384747
0.02450085
0.01342340
0.00809658
0.02158456
0.01619183
0.01661204
0.01170567
0.02110707
0.01101845
0.02091100
0.01288313
0.01388159
0.01566058
0.01068712
0.01142194
0.02627235
0.01167254
0.01385368
0.01428497
0.01308695
0.01733233
0.01167488
0.01716578
0.01331031
0.01074908
0.02465828
0.01052334
0.03899583
0.01391145
0.02060409
0.01731074
0.01463087
0.01945501
0.01431306
0.01709633
0.01740235
0.01370057
0.01285689
0.02949029
0.02055682
0.01817450
0.01260684
0.01480637
0.00685742
0.00913662
0.01450316
0.01289900
0.02256410
0.00955912
0.01259754
0.05097487
0.01825950
0.01319883
0.02610599
0.02850793
0.01027922
0.01866712
0.01961616
0.01060219
0.05620283
0.01079516
0.01477510
0.00727686
0.03263785
0.01844282
0.00761460
0.01566362
0.01584013
0.01712026
0.02199564
0.02940516
0.01837030
0.01195522
0.01424000
0.01465703
0.02629483
0.02452437
0.01397113
0.01153753
0.02417556
0.00894139
0.01475186
0.02011496
0.01250227
0.01737971
0.01067337
0.01219102
0.02482944
0.02262122
0.03660745
0.01791976
0.01460281
0.01995758
0.01317884
0.01875996
0.01522439
0.01089987
0.01682944
0.01422850
0.00813916
0.03433658
0.02264255
0.01417091
0.01149751
0.01707039