0.00389613
0.00370359
0.00318156
0.00350629
0.00322392
0.00314208
0.00483663
0.00395604
0.00380765
0.00516541
0.00366552
0.00397622
0.00433355
0.00473236
0.00314909
0.00320004
0.00448174
0.00419578
0.00334233
0.00436719
0.00324009
0.00598598
0.00508745
0.00494901
0.00411600
0.00409645
0.00405390
0.00490964
0.00360623
0.00371419
0.00350136
0.00364318
0.00347696
0.00769733
0.00394078
0.00368093
0.00346372
0.00335246
0.00485618
0.00395807
0.00497223
0.00318863
0.00346372
0.00335246
0.00485618
0.00395807
0.00497223
0.00318863
0.00311574
0.00343394
0.00445166
0.00644898
0.00483443
0.00405946
0.00403209
0.00421181
0.00360415
0.00775724
0.00390965
0.00345450
0.00327438
0.00310595
0.00365798
0.00338245
0.00332220
0.00381566
0.00305078
0.00454867
0.00364461
0.00467027
0.00418796
0.00445746
0.00367038
0.00549071
0.00400581
0.00448508
0.00344597
0.00591582
0.00336919
0.00446866
0.00398371
0.00445452
0.00368945
0.00459051
0.00340911
0.00429498
0.00350772
0.00395955
0.00370298
0.00370187
0.00286617
0.00377119
0.00422539
0.00391064
0.00327992
0.00411121
0.00384090
0.00332116
0.00294578
0.00410186
0.00442901
0.00501746
0.00400993
0.00936830
0.00653292
0.00438542
0.00327901
0.00362806
0.00397233
0.00350137
0.00518560
0.00792214
0.00367943
0.00429127
0.00346850
0.00326097
0.00364927
0.00364516
0.00395583
0.00399855
0.00346372
0.00335246
0.00485618
0.00395807
0.00497223
0.00318863
0.00311574
0.00343394
0.00445166
0.00644898
0.00483443
0.00405946
0.00403209
0.00421181
0.00360415
0.00775724
0.00390965
0.00345450
0.00327438
0.00310595
0.00365798
0.00338245
0.00332220
0.00381566
0.00305078
0.00454867
0.00346372
0.00335246
0.00485618
0.00395807
0.00497223
0.00318863
0.00311574
0.00343394
0.00445166
0.00644898
0.00483443
0.00405946
0.00403209
0.00421181
0.00360415
0.00775724
0.00390965
0.00345450
0.00327438
0.00310595
0.00365798
0.00338245
0.00332220
0.00381566
0.00305078
0.00454867
0.00364461
0.00467027
0.00418796
0.00445746
0.00367038
0.00549071
0.00400581
0.00448508
0.00344597
0.00591582
0.00336919
0.00446866
0.00398371
0.00445452
0.00368945
0.00459051
0.00340911
0.00429498
0.00350772
0.00395955
0.00370298
0.00370187
0.00286617
0.00377119
0.00422539
0.00391064
0.00327992
0.00411121
0.00384090
0.00332116
0.00294578
0.00410186
0.00442901
0.00501746
0.00400993
0.00936830
0.00653292
0.00438542
0.00327901
0.00362806
0.00397233
0.00350137
0.00518560
0.00792214
0.00367943
0.00429127
0.00346850
0.00326097
0.00364927
0.00364516
0.00395583
0.00399855
0.00353723
0.00421984
0.00370514
0.00344140
0.00380120
0.00438358
0.00488880
0.00311335
0.00410443
0.00353449
0.00407227
0.00392764
0.00344170
0.00391189
0.00327846
0.00440319
0.00499233
0.00382009
0.00485107
0.00431391
0.00355868
0.00406609
0.00352680
0.00474261
0.00380456
0.00380020
0.00584988
0.00348310
0.00387548
0.00339193
0.00308420
0.00507985
0.00350541
0.00367693
0.00352466
0.00345052
0.00400106
0.00389601
0.00386516
0.00318354
0.00396607
0.00344999
0.00661299
0.00394642
0.00529176
0.00310877
0.00339372
0.00485708
0.00399313
0.00326673
0.00331914
0.00509876
0.00475102
0.00644906
0.00347914
0.00473712
0.00445357
0.00394695
0.00329625
0.00374379
0.00355345
0.00335055
0.00514599
0.00347019
0.00351815
0.00972390
0.00329405
0.00386414
0.00315217
0.00358136
0.00325147
0.00406837
0.00451261
0.00347827
0.00432007
0.00310358
0.00361829
0.00529038
0.00389110
0.00364855
0.00492294
0.00437791
0.00365956
0.00372617
0.00507061
0.00421723
0.00348817
0.00348162
0.00474506
0.00583015
0.00389605
0.00419184
0.00599467
0.00381647
0.00497236
0.00386959
0.00325857
0.00451724
0.00344507
0.00353972
0.00336002
0.00428892
0.00395876
0.00427231
0.00335392
0.00552241
0.00339278
0.00342253
0.00380204
0.00351717
0.00417419
0.00312294
0.00333429
0.00418527
0.00484181
0.00573519
0.00413892
0.00329092
0.00328892
0.00477619
0.00389725
0.00560751
0.00346384
0.00352180
0.00436611
0.00346740
0.00347635
0.00308202
0.00400216
0.00515803
0.00389889
0.00457666
0.00444078
0.00323638
0.00449477
0.00405161
0.00447475
0.00413942
0.00340956
0.00682076
0.00482105
0.00334680
0.00636391
0.00420296
0.00514695
0.00395259
0.00331771
0.00324848
0.00377513
0.00441630
0.00316744
0.00631464
0.00443002
0.00464109
0.00461740
0.00357908
0.00387393
0.00493829
0.00341140
0.00687801
0.00307537
0.00290623
0.00484852
0.00348466
0.00316763
0.00568438
0.00404100
0.00355847
0.00377995
0.00379254
0.00326628
0.00476281
0.00377430
0.00352842
0.00415573
0.00931875
0.00341754
0.00313608
0.00323328
0.00378158
0.00360580
0.00312989
0.00410974
0.00393164
0.00719792
0.00315566
0.00457694
0.00405610
0.00388884
0.00338552
0.00429679
0.00425558
0.00366644
0.00289436
0.00447516
0.00311272
0.00358362
0.00716397
0.00416388
0.00390659
0.00381037
0.00379661
0.00742244
0.00347872
0.00439646
0.00355095
0.00363249
0.00375450
0.00380404
0.00523363
0.00444893
0.00388790
0.00331186
0.00337485
0.00347377
0.00426074
0.00476702
0.00355059
0.00410868
0.00331960
0.00495843
0.00434553
0.00707062
0.00342034
0.00646485
0.00312344
0.00342183
0.00359495
0.00351981
0.00405523
0.00566255
0.00405344
0.00422686
0.00374016
0.00310137
0.00525148
0.00403556
0.00328027
0.00355132
0.00360621
0.00434071
0.00360625
0.00545292
0.00346086
0.00534568
0.00560542
0.00465395
0.00428631
0.00532222
0.00372849
0.00572344
0.00385567
0.00642777
0.00372931
0.01102757
0.00502078
0.00312680
0.00373231
0.00532151
0.00380957
0.00400576
0.00418365
0.00431976
0.00316328
0.00336193
0.00411183
0.00305633
0.00647446
0.00457153
0.00367067
0.00456844
0.00352804
0.00381746
0.00610556
0.00332640
0.00575745