0.00112170
0.00146545
0.00145205
0.00116273
0.00127484
0.00124187
0.00148225
0.00115848
0.00164278
0.00139864
0.00154287
0.00145659
0.00140191
0.00128510
0.00116785
0.00142205
0.00132838
0.00128705
0.00112334
0.00124299
0.00141579
0.00130250
0.00127734
0.00138270
0.00163964
0.00125408
0.00180832
0.00197155
0.00118799
0.00130652
0.00131189
0.00152394
0.00123158
0.00119748
0.00133663
0.00135465
0.00135137
0.00117855
0.00122997
0.00120754
0.00148489
0.00120608
0.00135137
0.00117855
0.00122997
0.00120754
0.00148489
0.00120608
0.00139147
0.00135412
0.00156225
0.00133541
0.00137259
0.00119785
0.00120791
0.00152219
0.00164969
0.00123843
0.00134345
0.00117819
0.00127816
0.00133778
0.00136577
0.00160971
0.00131683
0.00132207
0.00150438
0.00166635
0.00125827
0.00144859
0.00128000
0.00186184
0.00157023
0.00124882
0.00122414
0.00132162
0.00126027
0.00147931
0.00153655
0.00149347
0.00157658
0.00142004
0.00129857
0.00137657
0.00134159
0.00148020
0.00146129
0.00139272
0.00162826
0.00156367
0.00176835
0.00126852
0.00136527
0.00144757
0.00126034
0.00124464
0.00130489
0.00199941
0.00123413
0.00150487
0.00123719
0.00135960
0.00122110
0.00189479
0.00153032
0.00126702
0.00131832
0.00139204
0.00112373
0.00162251
0.00160435
0.00125530
0.00148570
0.00167110
0.00138415
0.00140141
0.00115238
0.00129798
0.00126628
0.00130412
0.00135137
0.00117855
0.00122997
0.00120754
0.00148489
0.00120608
0.00139147
0.00135412
0.00156225
0.00133541
0.00137259
0.00119785
0.00120791
0.00152219
0.00164969
0.00123843
0.00134345
0.00117819
0.00127816
0.00133778
0.00136577
0.00160971
0.00131683
0.00132207
0.00150438
0.00166635
0.00135137
0.00117855
0.00122997
0.00120754
0.00148489
0.00120608
0.00139147
0.00135412
0.00156225
0.00133541
0.00137259
0.00119785
0.00120791
0.00152219
0.00164969
0.00123843
0.00134345
0.00117819
0.00127816
0.00133778
0.00136577
0.00160971
0.00131683
0.00132207
0.00150438
0.00166635
0.00125827
0.00144859
0.00128000
0.00186184
0.00157023
0.00124882
0.00122414
0.00132162
0.00126027
0.00147931
0.00153655
0.00149347
0.00157658
0.00142004
0.00129857
0.00137657
0.00134159
0.00148020
0.00146129
0.00139272
0.00162826
0.00156367
0.00176835
0.00126852
0.00136527
0.00144757
0.00126034
0.00124464
0.00130489
0.00199941
0.00123413
0.00150487
0.00123719
0.00135960
0.00122110
0.00189479
0.00153032
0.00126702
0.00131832
0.00139204
0.00112373
0.00162251
0.00160435
0.00125530
0.00148570
0.00167110
0.00138415
0.00140141
0.00115238
0.00129798
0.00126628
0.00130412
0.00128551
0.00110703
0.00142495
0.00135783
0.00139850
0.00154922
0.00133235
0.00147422
0.00120387
0.00132214
0.00159920
0.00144571
0.00161886
0.00206753
0.00146571
0.00147281
0.00179017
0.00138713
0.00176101
0.00150940
0.00166662
0.00168325
0.00151161
0.00146537
0.00132550
0.00137044
0.00131620
0.00166225
0.00132588
0.00139554
0.00150132
0.00140414
0.00153687
0.00136042
0.00144452
0.00140717
0.00161203
0.00135784
0.00136246
0.00122813
0.00143248
0.00179899
0.00142820
0.00146598
0.00145441
0.00149568
0.00132425
0.00175338
0.00132033
0.00185408
0.00126063
0.00136995
0.00141331
0.00132183
0.00144279
0.00126300
0.00141727
0.00146999
0.00160728
0.00131682
0.00120533
0.00132219
0.00129958
0.00138356
0.00157222
0.00137346
0.00126977
0.00128696
0.00125264
0.00158231
0.00126006
0.00154222
0.00120860
0.00132211
0.00132508
0.00130346
0.00130005
0.00121882
0.00109296
0.00143735
0.00146517
0.00158777
0.00155178
0.00117600
0.00149090
0.00116575
0.00135767
0.00165193
0.00130744
0.00128274
0.00110570
0.00148034
0.00130347
0.00112853
0.00162548
0.00122334
0.00137207
0.00123248
0.00128152
0.00133219
0.00133474
0.00134163
0.00116624
0.00133033
0.00128800
0.00157942
0.00127448
0.00126899
0.00124513
0.00181510
0.00135057
0.00128967
0.00119872
0.00140278
0.00126205
0.00150573
0.00141428
0.00155146
0.00120995
0.00127296
0.00132624
0.00116065
0.00159494
0.00123558
0.00134687
0.00129136
0.00132643
0.00145600
0.00123591
0.00130215
0.00125193
0.00143559
0.00130763
0.00121734
0.00160467
0.00172444
0.00141010
0.00150539
0.00128591
0.00133110
0.00163769
0.00145727
0.00144825
0.00147664
0.00145854
0.00143792
0.00123612
0.00170900
0.00138529
0.00155925
0.00143183
0.00148321
0.00120380
0.00152789
0.00141456
0.00133472
0.00131172
0.00133528
0.00132221
0.00116506
0.00127905
0.00209819
0.00148726
0.00129821
0.00114646
0.00113942
0.00162724
0.00138771
0.00124252
0.00118770
0.00117696
0.00139803
0.00137433
0.00113638
0.00129790
0.00139958
0.00146402
0.00152088
0.00149028
0.00117236
0.00140483
0.00150841
0.00130176
0.00138903
0.00121495
0.00159804
0.00132865
0.00119582
0.00134404
0.00140415
0.00119248
0.00122107
0.00116811
0.00123994
0.00139485
0.00131344
0.00119147
0.00157341
0.00142084
0.00129699
0.00144436
0.00125230
0.00140777
0.00165783
0.00136787
0.00130885
0.00133526
0.00125932
0.00136355
0.00173236
0.00137352
0.00134782
0.00116247
0.00128934
0.00133290
0.00131376
0.00136992
0.00136559
0.00129838
0.00134527
0.00138960
0.00158768
0.00124686
0.00139634
0.00110582
0.00146279
0.00143249
0.00131154
0.00164292
0.00128154
0.00145156
0.00148964
0.00192670
0.00120962
0.00135851
0.00126826
0.00141698
0.00136579
0.00145545
0.00136298
0.00150374
0.00144390
0.00158689
0.00145679
0.00143494
0.00118285
0.00110398
0.00116220
0.00154973
0.00143440
0.00125181
0.00132522
0.00124184
0.00135278
0.00112131
0.00142261
0.00133558
0.00143392
0.00123536
0.00128189
0.00139431
0.00143954
0.00163156
0.00120469
0.00144205
0.00124304
0.00120812
0.00134844
0.00136115
0.00118121
0.00148634
0.00138431
0.00140662
0.00140525
0.00129730
0.00142005