0.00525193
0.01149087
0.00332586
0.00629925
0.00874606
0.00493148
0.00570353
0.00353049
0.00419000
0.00532697
0.00429746
0.00774375
0.00551914
0.00513143
0.00437883
0.00502062
0.00812316
0.00901915
0.00722878
0.00404364
0.00480129
0.00505555
0.00689244
0.00354286
0.00514780
0.00448653
0.00348647
0.00726559
0.00484109
0.00359541
0.00713721
0.00638140
0.00362667
0.00581101
0.00481046
0.00901257
0.00790608
0.00497847
0.00405840
0.00484339
0.00356828
0.00526952
0.00790608
0.00497847
0.00405840
0.00484339
0.00356828
0.00526952
0.00576720
0.00646924
0.00444718
0.00632478
0.00393918
0.00504324
0.00482524
0.00592298
0.00519699
0.00673628
0.00669611
0.00735981
0.00572086
0.00595749
0.00496730
0.00638367
0.00410707
0.00499593
0.00538776
0.00423339
0.00361087
0.00486435
0.00355215
0.00498644
0.00619150
0.00446857
0.00702063
0.00428573
0.00719564
0.00461503
0.00555960
0.00471949
0.00403149
0.00450759
0.00485514
0.00505973
0.00404218
0.01220345
0.00433681
0.00641448
0.00477322
0.00475306
0.00386735
0.00596470
0.00494270
0.00612140
0.00412292
0.00436476
0.00524563
0.00449779
0.00496184
0.00539790
0.00704630
0.00390574
0.00735963
0.00555834
0.00340945
0.00685314
0.00546848
0.00413025
0.00437870
0.00521925
0.00546494
0.00604494
0.00479339
0.00484848
0.00367750
0.00427624
0.00478580
0.00356922
0.00387246
0.00794504
0.00790608
0.00497847
0.00405840
0.00484339
0.00356828
0.00526952
0.00576720
0.00646924
0.00444718
0.00632478
0.00393918
0.00504324
0.00482524
0.00592298
0.00519699
0.00673628
0.00669611
0.00735981
0.00572086
0.00595749
0.00496730
0.00638367
0.00410707
0.00499593
0.00538776
0.00423339
0.00790608
0.00497847
0.00405840
0.00484339
0.00356828
0.00526952
0.00576720
0.00646924
0.00444718
0.00632478
0.00393918
0.00504324
0.00482524
0.00592298
0.00519699
0.00673628
0.00669611
0.00735981
0.00572086
0.00595749
0.00496730
0.00638367
0.00410707
0.00499593
0.00538776
0.00423339
0.00361087
0.00486435
0.00355215
0.00498644
0.00619150
0.00446857
0.00702063
0.00428573
0.00719564
0.00461503
0.00555960
0.00471949
0.00403149
0.00450759
0.00485514
0.00505973
0.00404218
0.01220345
0.00433681
0.00641448
0.00477322
0.00475306
0.00386735
0.00596470
0.00494270
0.00612140
0.00412292
0.00436476
0.00524563
0.00449779
0.00496184
0.00539790
0.00704630
0.00390574
0.00735963
0.00555834
0.00340945
0.00685314
0.00546848
0.00413025
0.00437870
0.00521925
0.00546494
0.00604494
0.00479339
0.00484848
0.00367750
0.00427624
0.00478580
0.00356922
0.00387246
0.00794504
0.00474156
0.00392999
0.00444260
0.00771494
0.00430210
0.00800528
0.00574625
0.00367859
0.00615614
0.00496603
0.00850714
0.00415174
0.00513352
0.00547932
0.00518857
0.00362371
0.00486545
0.00444820
0.00519363
0.00525111
0.01253044
0.00638136
0.00632261
0.00634463
0.00443381
0.00646715
0.00684218
0.00485988
0.00408070
0.00776858
0.00419891
0.01009374
0.00402360
0.00608314
0.00608591
0.00318997
0.00407536
0.00812055
0.00547682
0.00313045
0.00620806
0.00400711
0.00518793
0.00344804
0.00366175
0.00694657
0.00719358
0.00482694
0.00408926
0.00411682
0.00491796
0.00527014
0.00426021
0.00406787
0.00469230
0.00433186
0.00519089
0.00361112
0.00778438
0.00520572
0.00775004
0.00750489
0.00422961
0.00519256
0.00409214
0.00378654
0.00577152
0.00664945
0.00593301
0.00477225
0.00516802
0.00359282
0.00456658
0.00408336
0.00566000
0.00549836
0.00392512
0.00394673
0.00457651
0.00366499
0.00370571
0.00877684
0.00423034
0.00468615
0.00436550
0.00463917
0.00357516
0.00475873
0.00580214
0.00411414
0.00537778
0.00596205
0.00461017
0.00860571
0.00785764
0.00387791
0.00499503
0.00485234
0.00375526
0.00430467
0.00397589
0.00357537
0.00512556
0.01003313
0.00822349
0.00449835
0.00533365
0.00656990
0.00404411
0.00492379
0.00477779
0.00630271
0.00410864
0.00484488
0.00447037
0.00867297
0.00488791
0.00677518
0.00618600
0.00595297
0.00529658
0.00523095
0.00815077
0.00755280
0.00574464
0.00371514
0.00403478
0.00557214
0.00404880
0.00590492
0.00499207
0.00615724
0.00410663
0.00547783
0.00546039
0.00482528
0.00431808
0.00533860
0.00406531
0.00524708
0.00609270
0.00391596
0.00723277
0.00600095
0.00419681
0.00498042
0.00539016
0.00516339
0.00490401
0.00522117
0.00456700
0.00381292
0.00448136
0.00667524
0.00359857
0.00427175
0.00416997
0.00404768
0.00577313
0.00518078
0.00417852
0.00391398
0.00407243
0.00645189
0.00515214
0.00646491
0.00423292
0.00793871
0.00485047
0.00647039
0.00824824
0.00890072
0.00515441
0.00570361
0.00767370
0.00356805
0.00662363
0.00397989
0.00749429
0.00522844
0.00314266
0.00474615
0.00462874
0.00498694
0.00541684
0.00453128
0.00476538
0.00383221
0.00573546
0.00765425
0.01066585
0.00658206
0.00378166
0.00441936
0.00357700
0.00773712
0.00530798
0.00378266
0.00655628
0.00564685
0.00667280
0.00500558
0.00562740
0.00478901
0.00617592
0.00350417
0.00642255
0.00586018
0.00703930
0.00320494
0.00621099
0.00385987
0.00454002
0.00539511
0.00681114
0.00370842
0.00856538
0.00371599
0.00633636
0.00450985
0.00349680
0.00626332
0.00454055
0.00389078
0.00688354
0.00522418
0.00459238
0.00413239
0.00427523
0.00451895
0.00452508
0.01079523
0.00730312
0.00557746
0.00768252
0.00718992
0.00810778
0.00692663
0.00475354
0.00421495
0.00740548
0.00434706
0.00479486
0.00413084
0.00663293
0.00277409
0.00716498
0.00581726
0.00393368
0.00523072
0.00459072
0.00528170
0.00337746
0.00402397
0.00464302
0.00458891
0.00416625
0.00459006
0.00715725
0.00342198
0.00711595
0.00532133
0.00458668
0.00680618
0.00319348
0.00676956
0.00380313
0.00788187
0.00910529
0.00648021
0.00515420
0.01068616
0.01260356
0.00383090
0.00429742
0.00924682