0.00222636
0.00170914
0.00183779
0.00185295
0.00188077
0.00180451
0.00199911
0.00171614
0.00178073
0.00191001
0.00176279
0.00185475
0.00164691
0.00167011
0.00178794
0.00230490
0.00176286
0.00185751
0.00169834
0.00182410
0.00199916
0.00177230
0.00208714
0.00167073
0.00192235
0.00181981
0.00169154
0.00180137
0.00190484
0.00186710
0.00170032
0.00156381
0.00184282
0.00186254
0.00258648
0.00178874
0.00188845
0.00184068
0.00185795
0.00173390
0.00185809
0.00190461
0.00188845
0.00184068
0.00185795
0.00173390
0.00185809
0.00190461
0.00168532
0.00170739
0.00170318
0.00203310
0.00155042
0.00202691
0.00177889
0.00165589
0.00177924
0.00179232
0.00182830
0.00202257
0.00186718
0.00161236
0.00191968
0.00181619
0.00187621
0.00178357
0.00251877
0.00165602
0.00181715
0.00185329
0.00195364
0.00168113
0.00170753
0.00188275
0.00190370
0.00172365
0.00185926
0.00173674
0.00166452
0.00172724
0.00171181
0.00174215
0.00186248
0.00173653
0.00191155
0.00160275
0.00179037
0.00226304
0.00193933
0.00151356
0.00169015
0.00196746
0.00169720
0.00180190
0.00192518
0.00168517
0.00181470
0.00208950
0.00184090
0.00159014
0.00175634
0.00188957
0.00171057
0.00204114
0.00169593
0.00178244
0.00178602
0.00207713
0.00209756
0.00184176
0.00182031
0.00173099
0.00199327
0.00171971
0.00180425
0.00189268
0.00173372
0.00175525
0.00179113
0.00184433
0.00188845
0.00184068
0.00185795
0.00173390
0.00185809
0.00190461
0.00168532
0.00170739
0.00170318
0.00203310
0.00155042
0.00202691
0.00177889
0.00165589
0.00177924
0.00179232
0.00182830
0.00202257
0.00186718
0.00161236
0.00191968
0.00181619
0.00187621
0.00178357
0.00251877
0.00165602
0.00188845
0.00184068
0.00185795
0.00173390
0.00185809
0.00190461
0.00168532
0.00170739
0.00170318
0.00203310
0.00155042
0.00202691
0.00177889
0.00165589
0.00177924
0.00179232
0.00182830
0.00202257
0.00186718
0.00161236
0.00191968
0.00181619
0.00187621
0.00178357
0.00251877
0.00165602
0.00181715
0.00185329
0.00195364
0.00168113
0.00170753
0.00188275
0.00190370
0.00172365
0.00185926
0.00173674
0.00166452
0.00172724
0.00171181
0.00174215
0.00186248
0.00173653
0.00191155
0.00160275
0.00179037
0.00226304
0.00193933
0.00151356
0.00169015
0.00196746
0.00169720
0.00180190
0.00192518
0.00168517
0.00181470
0.00208950
0.00184090
0.00159014
0.00175634
0.00188957
0.00171057
0.00204114
0.00169593
0.00178244
0.00178602
0.00207713
0.00209756
0.00184176
0.00182031
0.00173099
0.00199327
0.00171971
0.00180425
0.00189268
0.00173372
0.00175525
0.00179113
0.00184433
0.00181413
0.00185755
0.00161367
0.00168875
0.00198278
0.00183302
0.00234837
0.00174877
0.00163390
0.00198104
0.00181506
0.00222024
0.00174181
0.00181127
0.00179219
0.00188256
0.00192948
0.00186253
0.00230359
0.00189242
0.00171005
0.00191381
0.00184024
0.00202645
0.00163225
0.00175553
0.00169802
0.00186603
0.00168574
0.00169608
0.00210277
0.00178739
0.00188446
0.00166710
0.00166025
0.00214396
0.00156773
0.00154001
0.00223679
0.00158956
0.00182340
0.00223637
0.00185248
0.00170666
0.00212062
0.00200041
0.00199208
0.00179596
0.00173638
0.00179802
0.00167612
0.00210958
0.00157410
0.00158396
0.00173654
0.00175442
0.00197599
0.00176230
0.00176330
0.00212550
0.00184517
0.00186168
0.00206350
0.00168811
0.00179498
0.00155242
0.00181088
0.00190820
0.00257407
0.00187377
0.00171350
0.00175459
0.00174420
0.00158111
0.00187028
0.00157473
0.00178016
0.00185742
0.00195997
0.00192382
0.00202658
0.00161677
0.00173466
0.00179650
0.00190060
0.00198514
0.00155098
0.00199449
0.00172792
0.00181068
0.00178807
0.00179698
0.00187437
0.00190835
0.00218488
0.00175285
0.00197623
0.00176250
0.00169677
0.00176490
0.00209770
0.00154724
0.00199092
0.00173439
0.00189826
0.00172170
0.00163719
0.00192343
0.00179947
0.00193169
0.00166734
0.00174295
0.00174907
0.00179184
0.00187603
0.00216218
0.00197516
0.00167683
0.00172993
0.00183237
0.00304987
0.00159717
0.00184563
0.00170802
0.00177936
0.00168542
0.00196925
0.00182006
0.00163089
0.00171270
0.00186825
0.00194846
0.00185853
0.00190102
0.00164659
0.00180817
0.00173130
0.00200578
0.00180703
0.00186258
0.00176987
0.00165920
0.00262033
0.00171906
0.00179526
0.00172871
0.00160353
0.00169806
0.00177522
0.00188560
0.00175423
0.00161935
0.00173256
0.00184856
0.00175065
0.00164906
0.00172876
0.00166074
0.00275647
0.00180470
0.00174315
0.00182614
0.00218804
0.00164623
0.00169877
0.00166317
0.00174979
0.00169841
0.00180980
0.00177550
0.00166557
0.00189442
0.00164321
0.00177144
0.00206973
0.00190099
0.00185122
0.00175767
0.00167943
0.00172413
0.00162397
0.00198365
0.00194954
0.00160984
0.00267786
0.00191720
0.00174521
0.00200303
0.00178363
0.00175508
0.00188471
0.00187125
0.00171732
0.00177144
0.00175926
0.00180735
0.00162142
0.00178157
0.00178833
0.00183831
0.00190276
0.00208191
0.00194605
0.00184027
0.00179833
0.00199451
0.00153647
0.00181657
0.00199616
0.00184470
0.00202343
0.00184795
0.00174468
0.00165075
0.00167044
0.00171679
0.00193248
0.00278815
0.00222141
0.00168553
0.00191021
0.00213051
0.00195850
0.00210183
0.00190223
0.00193021
0.00200236
0.00169330
0.00164457
0.00226446
0.00170027
0.00165136
0.00177016
0.00240291
0.00165597
0.00180505
0.00181415
0.00212773
0.00168586
0.00186817
0.00199709
0.00187789
0.00174130
0.00181572
0.00197532
0.00320865
0.00173397
0.00185348
0.00182813
0.00176534
0.00162589
0.00203947
0.00158149
0.00179212
0.00173073
0.00189661
0.00192489
0.00192775
0.00189307
0.00182657
0.00190675
0.00240493
0.00182261
0.00179576
0.00192086
0.00185953
0.00186025
0.00159144
0.00171868
0.00182098
0.00235529
0.00180481
0.00189755
0.00193847
0.00191619
0.00166147