0.00122723
0.00119993
0.00168842
0.00131174
0.00161232
0.00121454
0.00135408
0.00102796
0.00119324
0.00131347
0.00153164
0.00142694
0.00109221
0.00123712
0.00117332
0.00129121
0.00127556
0.00108139
0.00095019
0.00143505
0.00127882
0.00171245
0.00117130
0.00103349
0.00127971
0.00152919
0.00173870
0.00176169
0.00133825
0.00122171
0.00129121
0.00137661
0.00121215
0.00148852
0.00117919
0.00121289
0.00138721
0.00099412
0.00113997
0.00125977
0.00119720
0.00106965
0.00113924
0.00099412
0.00113997
0.00125977
0.00119720
0.00106965
0.00113924
0.00142764
0.00124935
0.00121558
0.00111111
0.00123718
0.00166764
0.00128677
0.00112295
0.00103192
0.00117685
0.00124035
0.00113128
0.00127536
0.00109925
0.00145384
0.00123746
0.00116891
0.00126379
0.00124906
0.00142267
0.00099311
0.00152215
0.00110136
0.00118903
0.00188871
0.00129129
0.00114122
0.00121201
0.00117575
0.00218350
0.00127708
0.00150968
0.00165988
0.00117948
0.00138582
0.00126928
0.00132394
0.00113263
0.00110049
0.00127302
0.00119759
0.00172476
0.00133953
0.00137595
0.00106493
0.00106962
0.00109397
0.00157895
0.00106061
0.00094065
0.00151864
0.00127123
0.00115161
0.00124155
0.00119030
0.00118417
0.00126421
0.00129862
0.00109348
0.00127638
0.00131053
0.00124230
0.00138007
0.00136211
0.00116016
0.00114532
0.00123351
0.00141965
0.00137159
0.00118801
0.00101933
0.00107403
0.00111692
0.00099412
0.00113997
0.00125977
0.00119720
0.00106965
0.00113924
0.00142764
0.00124935
0.00121558
0.00111111
0.00123718
0.00166764
0.00128677
0.00112295
0.00103192
0.00117685
0.00124035
0.00113128
0.00127536
0.00109925
0.00145384
0.00123746
0.00116891
0.00126379
0.00124906
0.00142267
0.00099412
0.00113997
0.00125977
0.00119720
0.00106965
0.00113924
0.00142764
0.00124935
0.00121558
0.00111111
0.00123718
0.00166764
0.00128677
0.00112295
0.00103192
0.00117685
0.00124035
0.00113128
0.00127536
0.00109925
0.00145384
0.00123746
0.00116891
0.00126379
0.00124906
0.00142267
0.00099311
0.00152215
0.00110136
0.00118903
0.00188871
0.00129129
0.00114122
0.00121201
0.00117575
0.00218350
0.00127708
0.00150968
0.00165988
0.00117948
0.00138582
0.00126928
0.00132394
0.00113263
0.00110049
0.00127302
0.00119759
0.00172476
0.00133953
0.00137595
0.00106493
0.00106962
0.00109397
0.00157895
0.00106061
0.00094065
0.00151864
0.00127123
0.00115161
0.00124155
0.00119030
0.00118417
0.00126421
0.00129862
0.00109348
0.00127638
0.00131053
0.00124230
0.00138007
0.00136211
0.00116016
0.00114532
0.00123351
0.00141965
0.00137159
0.00118801
0.00101933
0.00107403
0.00111692
0.00136953
0.00111252
0.00125821
0.00126939
0.00125457
0.00104621
0.00157088
0.00126824
0.00120148
0.00112073
0.00128104
0.00154648
0.00127495
0.00158978
0.00130408
0.00115171
0.00158368
0.00141489
0.00114578
0.00117696
0.00111578
0.00127108
0.00106179
0.00104890
0.00108585
0.00109947
0.00116252
0.00131137
0.00111015
0.00109486
0.00128625
0.00151356
0.00099286
0.00118096
0.00129857
0.00141902
0.00159859
0.00136455
0.00103218
0.00229796
0.00118578
0.00108813
0.00141292
0.00128391
0.00128155
0.00109588
0.00122041
0.00112315
0.00127841
0.00123117
0.00129107
0.00103957
0.00122038
0.00124725
0.00129148
0.00157967
0.00108436
0.00147776
0.00105505
0.00121460
0.00143997
0.00184335
0.00105413
0.00120393
0.00130100
0.00146227
0.00127018
0.00118237
0.00141150
0.00110623
0.00134706
0.00106803
0.00149799
0.00100059
0.00129628
0.00127011
0.00129150
0.00127032
0.00129648
0.00138223
0.00117005
0.00128001
0.00145439
0.00127844
0.00118923
0.00126095
0.00131570
0.00107376
0.00120916
0.00104297
0.00102478
0.00143872
0.00119703
0.00157589
0.00109595
0.00113707
0.00116554
0.00136765
0.00106401
0.00120570
0.00137017
0.00119806
0.00129061
0.00099133
0.00095741
0.00124944
0.00156843
0.00109362
0.00143887
0.00112480
0.00121947
0.00154367
0.00112431
0.00146802
0.00124358
0.00126765
0.00118800
0.00108572
0.00161909
0.00157329
0.00124926
0.00125089
0.00134932
0.00105708
0.00125955
0.00127835
0.00114355
0.00131851
0.00111135
0.00132536
0.00175843
0.00110231
0.00130431
0.00108060
0.00133799
0.00131854
0.00115685
0.00136085
0.00128819
0.00108431
0.00111013
0.00130351
0.00134015
0.00121817
0.00125123
0.00152180
0.00118489
0.00110364
0.00105208
0.00112591
0.00126100
0.00164846
0.00146198
0.00140252
0.00126851
0.00156734
0.00118039
0.00121763
0.00112247
0.00117825
0.00131578
0.00126957
0.00105610
0.00122477
0.00129446
0.00110789
0.00114378
0.00111297
0.00141077
0.00160575
0.00105870
0.00121185
0.00113682
0.00111759
0.00157695
0.00136021
0.00114648
0.00107612
0.00102035
0.00127449
0.00141238
0.00116643
0.00150240
0.00106484
0.00121262
0.00116622
0.00126346
0.00140941
0.00145924
0.00126455
0.00113306
0.00184336
0.00127339
0.00129882
0.00155610
0.00117320
0.00098096
0.00177276
0.00143683
0.00134222
0.00116576
0.00126596
0.00115530
0.00134129
0.00178697
0.00131859
0.00117185
0.00140010
0.00132472
0.00110667
0.00129941
0.00122795
0.00166018
0.00165179
0.00122119
0.00141787
0.00119217
0.00113147
0.00107334
0.00138329
0.00114447
0.00125155
0.00141199
0.00131025
0.00138441
0.00127195
0.00119238
0.00114074
0.00102421
0.00120542
0.00126134
0.00139332
0.00126125
0.00102802
0.00124985
0.00113216
0.00138461
0.00114775
0.00126353
0.00090566
0.00118691
0.00130467
0.00125117
0.00097755
0.00145673
0.00104257
0.00130647
0.00108279
0.00109505
0.00088053
0.00118929
0.00133297
0.00122793
0.00130879
0.00131980
0.00146599
0.00121463
0.00194855
0.00109935
0.00116704
0.00104636
0.00118096
0.00158629
0.00103479
0.00122444
0.00142918
0.00109079
0.00126277
0.00099493
0.00119230
0.00104554
0.00132900
0.00144510