0.00055801
0.00049344
0.00050882
0.00049181
0.00054863
0.00055463
0.00052749
0.00053638
0.00053115
0.00050754
0.00051230
0.00050613
0.00050640
0.00053761
0.00050424
0.00050199
0.00049701
0.00059853
0.00051552
0.00051268
0.00052099
0.00050750
0.00055596
0.00053515
0.00049111
0.00051028
0.00050783
0.00054723
0.00056625
0.00049897
0.00052614
0.00055407
0.00052286
0.00050820
0.00051863
0.00052267
0.00050315
0.00051435
0.00053940
0.00050303
0.00050937
0.00052053
0.00051005
0.00051435
0.00053940
0.00050303
0.00050937
0.00052053
0.00051005
0.00049458
0.00051028
0.00051389
0.00050336
0.00049680
0.00050313
0.00050293
0.00053589
0.00052968
0.00050594
0.00052082
0.00051864
0.00053381
0.00048596
0.00056114
0.00051279
0.00051824
0.00053378
0.00053967
0.00051442
0.00053858
0.00051317
0.00063766
0.00049307
0.00054185
0.00050477
0.00052481
0.00049797
0.00048297
0.00050124
0.00055687
0.00051063
0.00050722
0.00052438
0.00049821
0.00048227
0.00050709
0.00050847
0.00053469
0.00050580
0.00049086
0.00050855
0.00051881
0.00049025
0.00051597
0.00051081
0.00051882
0.00052560
0.00059381
0.00052510
0.00051007
0.00052214
0.00050312
0.00050267
0.00056053
0.00051266
0.00048830
0.00050409
0.00059430
0.00048885
0.00050223
0.00053062
0.00052478
0.00049451
0.00051745
0.00052139
0.00053574
0.00049182
0.00051923
0.00052789
0.00052498
0.00052050
0.00050813
0.00051435
0.00053940
0.00050303
0.00050937
0.00052053
0.00051005
0.00049458
0.00051028
0.00051389
0.00050336
0.00049680
0.00050313
0.00050293
0.00053589
0.00052968
0.00050594
0.00052082
0.00051864
0.00053381
0.00048596
0.00056114
0.00051279
0.00051824
0.00053378
0.00053967
0.00051442
0.00051435
0.00053940
0.00050303
0.00050937
0.00052053
0.00051005
0.00049458
0.00051028
0.00051389
0.00050336
0.00049680
0.00050313
0.00050293
0.00053589
0.00052968
0.00050594
0.00052082
0.00051864
0.00053381
0.00048596
0.00056114
0.00051279
0.00051824
0.00053378
0.00053967
0.00051442
0.00053858
0.00051317
0.00063766
0.00049307
0.00054185
0.00050477
0.00052481
0.00049797
0.00048297
0.00050124
0.00055687
0.00051063
0.00050722
0.00052438
0.00049821
0.00048227
0.00050709
0.00050847
0.00053469
0.00050580
0.00049086
0.00050855
0.00051881
0.00049025
0.00051597
0.00051081
0.00051882
0.00052560
0.00059381
0.00052510
0.00051007
0.00052214
0.00050312
0.00050267
0.00056053
0.00051266
0.00048830
0.00050409
0.00059430
0.00048885
0.00050223
0.00053062
0.00052478
0.00049451
0.00051745
0.00052139
0.00053574
0.00049182
0.00051923
0.00052789
0.00052498
0.00052050
0.00050813
0.00057919
0.00050390
0.00052395
0.00051583
0.00050961
0.00048849
0.00049912
0.00052976
0.00051739
0.00048441
0.00051040
0.00050345
0.00051161
0.00048358
0.00056799
0.00052277
0.00055134
0.00052605
0.00053023
0.00054130
0.00049759
0.00053414
0.00052282
0.00058323
0.00051074
0.00052847
0.00049049
0.00051347
0.00051738
0.00049208
0.00059949
0.00050813
0.00057265
0.00049825
0.00049005
0.00050641
0.00047935
0.00053960
0.00051984
0.00050632
0.00051352
0.00049940
0.00050245
0.00049897
0.00048829
0.00050528
0.00049940
0.00049359
0.00049486
0.00053323
0.00051060
0.00050547
0.00051301
0.00052519
0.00052704
0.00050916
0.00051653
0.00053704
0.00050351
0.00053626
0.00051291
0.00048303
0.00050199
0.00057825
0.00050481
0.00051800
0.00050793
0.00050185
0.00051140
0.00053396
0.00053122
0.00050543
0.00049642
0.00052099
0.00051487
0.00049260
0.00052122
0.00052319
0.00051102
0.00054027
0.00052495
0.00050794
0.00052922
0.00050811
0.00054904
0.00050441
0.00051799
0.00048949
0.00051105
0.00050633
0.00053128
0.00051424
0.00051929
0.00055695
0.00047570
0.00051303
0.00052253
0.00055063
0.00048443
0.00050840
0.00056156
0.00052317
0.00056461
0.00050708
0.00047860
0.00050764
0.00051446
0.00056354
0.00051126
0.00049371
0.00055312
0.00050095
0.00051603
0.00054686
0.00047934
0.00052196
0.00049668
0.00051957
0.00054255
0.00051841
0.00053815
0.00055462
0.00052698
0.00048677
0.00050821
0.00050388
0.00052584
0.00052218
0.00050758
0.00049833
0.00051666
0.00048875
0.00050877
0.00051399
0.00050267
0.00048823
0.00054156
0.00055800
0.00053366
0.00049663
0.00052851
0.00050823
0.00048336
0.00051299
0.00050548
0.00051239
0.00053557
0.00053696
0.00055057
0.00055607
0.00059716
0.00049000
0.00053250
0.00051898
0.00053033
0.00051099
0.00048121
0.00051270
0.00056089
0.00051824
0.00051338
0.00050342
0.00049075
0.00052295
0.00052214
0.00050304
0.00052907
0.00048700
0.00051889
0.00052624
0.00053535
0.00050561
0.00053086
0.00050750
0.00050486
0.00049306
0.00050654
0.00054174
0.00052957
0.00055392
0.00055837
0.00051196
0.00051847
0.00049760
0.00052414
0.00050477
0.00049593
0.00049900
0.00051512
0.00051560
0.00049484
0.00051879
0.00049113
0.00048974
0.00056995
0.00051558
0.00049558
0.00051466
0.00054771
0.00051481
0.00054530
0.00053460
0.00051096
0.00050893
0.00048941
0.00051538
0.00056114
0.00051413
0.00054950
0.00049525
0.00053321
0.00053516
0.00051290
0.00052939
0.00051376
0.00053949
0.00055052
0.00051669
0.00060843
0.00049591
0.00053155
0.00060201
0.00054523
0.00052288
0.00052395
0.00057789
0.00050820
0.00050218
0.00053292
0.00051529
0.00053409
0.00051712
0.00049831
0.00051854
0.00050556
0.00056266
0.00047887
0.00051530
0.00048098
0.00051477
0.00055586
0.00052092
0.00051229
0.00051900
0.00051820
0.00050893
0.00050832
0.00052924
0.00051191
0.00050853
0.00050977
0.00054209
0.00061182
0.00051216
0.00050613
0.00050278
0.00051992
0.00049629
0.00055019
0.00051120
0.00054373
0.00053653
0.00050849
0.00051958
0.00051594
0.00051207
0.00056390
0.00051207
0.00053171
0.00050733
0.00053852
0.00051334
0.00052668