0.00419971
0.00872519
0.00497658
0.00567947
0.00477035
0.00420593
0.00435771
0.00468940
0.00556444
0.00533486
0.00513263
0.00455556
0.00677129
0.00664970
0.00793672
0.00492654
0.00518483
0.01118477
0.00387830
0.00939991
0.00441176
0.00460501
0.00558065
0.00643992
0.00697025
0.00534715
0.00576166
0.00501563
0.00453854
0.00582500
0.00541534
0.00566352
0.00596395
0.00671661
0.00509095
0.00677547
0.00782940
0.00550017
0.00497585
0.00474476
0.00432476
0.00782940
0.00550017
0.00497585
0.00474476
0.00432476
0.00472705
0.00470795
0.00460334
0.00377892
0.00607984
0.00708096
0.00452959
0.00379823
0.00456688
0.00469661
0.00581981
0.00552315
0.00395398
0.00689792
0.00449301
0.00518191
0.00757510
0.00627190
0.00682178
0.00461290
0.00524154
0.00556143
0.00525201
0.00509629
0.00518448
0.00419355
0.00564107
0.00382650
0.00440682
0.00565146
0.00501233
0.00661116
0.00457259
0.00406665
0.00457972
0.00499472
0.00717356
0.00455777
0.01039743
0.00740526
0.00582353
0.00472285
0.00652179
0.00540375
0.00487932
0.00508707
0.00576237
0.00771973
0.00440879
0.00541555
0.00713377
0.00597986
0.00391737
0.01176635
0.00432349
0.00704679
0.00652415
0.00348227
0.00468851
0.00411241
0.00721908
0.00478938
0.00375752
0.00508943
0.00433976
0.00493246
0.00414411
0.00446094
0.00516100
0.00475811
0.00632532
0.00478402
0.00552718
0.00782940
0.00550017
0.00497585
0.00474476
0.00432476
0.00472705
0.00470795
0.00460334
0.00377892
0.00607984
0.00708096
0.00452959
0.00379823
0.00456688
0.00469661
0.00581981
0.00552315
0.00395398
0.00689792
0.00449301
0.00518191
0.00757510
0.00627190
0.00682178
0.00461290
0.00782940
0.00550017
0.00497585
0.00474476
0.00432476
0.00472705
0.00470795
0.00460334
0.00377892
0.00607984
0.00708096
0.00452959
0.00379823
0.00456688
0.00469661
0.00581981
0.00552315
0.00395398
0.00689792
0.00449301
0.00518191
0.00757510
0.00627190
0.00682178
0.00461290
0.00524154
0.00556143
0.00525201
0.00509629
0.00518448
0.00419355
0.00564107
0.00382650
0.00440682
0.00565146
0.00501233
0.00661116
0.00457259
0.00406665
0.00457972
0.00499472
0.00717356
0.00455777
0.01039743
0.00740526
0.00582353
0.00472285
0.00652179
0.00540375
0.00487932
0.00508707
0.00576237
0.00771973
0.00440879
0.00541555
0.00713377
0.00597986
0.00391737
0.01176635
0.00432349
0.00704679
0.00652415
0.00348227
0.00468851
0.00411241
0.00721908
0.00478938
0.00375752
0.00508943
0.00433976
0.00493246
0.00414411
0.00446094
0.00516100
0.00475811
0.00632532
0.00478402
0.00552718
0.00454642
0.00868945
0.01123744
0.00490953
0.00576359
0.00743455
0.00499347
0.00470912
0.00479486
0.00490109
0.00520156
0.00552213
0.00527290
0.00552760
0.00516241
0.00492525
0.00525178
0.00533178
0.00828041
0.00577026
0.00509495
0.00444778
0.00438108
0.00453001
0.00567207
0.00706107
0.00505687
0.00604878
0.00463218
0.01008636
0.00552697
0.00566281
0.00401856
0.00530719
0.00736778
0.00423487
0.00600364
0.00475923
0.00428241
0.00511395
0.00410445
0.00466273
0.00477299
0.00482457
0.00452155
0.00502229
0.00423690
0.00877689
0.00489529
0.00439198
0.00902475
0.00521548
0.00491246
0.00610685
0.00454206
0.00725888
0.00641738
0.00471565
0.00445681
0.00578288
0.00505476
0.00462898
0.00560791
0.00618076
0.00442267
0.00548977
0.00660341
0.00389795
0.00581818
0.00648638
0.00528775
0.00594251
0.00714495
0.00619002
0.00527728
0.00858151
0.00585388
0.00514683
0.01033941
0.00425130
0.00376972
0.00526465
0.00703217
0.00615017
0.00474433
0.00408421
0.00506229
0.00581842
0.00449363
0.00613207
0.00573622
0.00640914
0.00718455
0.00649488
0.00634107
0.00479162
0.00549685
0.00501469
0.00406652
0.00480031
0.00542435
0.00448434
0.00768550
0.00541954
0.00465385
0.00414874
0.00416964
0.00791171
0.00481844
0.00457865
0.00416948
0.00483741
0.00460810
0.00449997
0.00582750
0.00700538
0.00500691
0.00402680
0.00532040
0.00483290
0.00506441
0.00385310
0.00677399
0.00564600
0.00518200
0.00405458
0.00462814
0.01031404
0.00572940
0.00603057
0.00545068
0.00549634
0.00462993
0.00550944
0.00939203
0.00701535
0.00562085
0.00672894
0.00444693
0.00825388
0.00421043
0.00476041
0.00468784
0.00450221
0.00769757
0.00529225
0.00421584
0.00568029
0.00460901
0.00476230
0.00428601
0.00471186
0.00585947
0.00500422
0.00463415
0.00681866
0.00635505
0.00425360
0.00553640
0.00494809
0.00420386
0.00967453
0.00451320
0.00414005
0.00419950
0.00671970
0.00487386
0.00402166
0.00518901
0.00468413
0.00457388
0.00595273
0.00476540
0.00473544
0.00467745
0.00613079
0.00419676
0.00437478
0.00528874
0.00544660
0.00411757
0.00604038
0.00465582
0.00609770
0.00436465
0.00404033
0.00647112
0.00443413
0.00469825
0.00596144
0.00550872
0.00466332
0.00433581
0.00463507
0.00530573
0.00566206
0.00435149
0.00433777
0.00515604
0.00495690
0.00366785
0.00491967
0.00574979
0.00528265
0.00902859
0.00533989
0.01525292
0.00608670
0.00417596
0.00445036
0.00415790
0.00515783
0.00765245
0.00724357
0.00520384
0.00664303
0.00549244
0.00946862
0.00485118
0.00541118
0.00439011
0.00474139
0.00401915
0.00461736
0.00472924
0.00448998
0.00506152
0.00557298
0.00622424
0.00494531
0.00599424
0.00469823
0.00559857
0.00405412
0.00434208
0.00586151
0.00643095
0.00462401
0.00421115
0.00483225
0.00602929
0.00723445
0.00442114
0.00527438
0.00416042
0.00591816
0.00860092
0.00599433
0.00546023
0.00446049
0.00763387
0.00480474
0.00629093
0.00741973
0.00502207
0.00544062
0.00610250
0.00469313
0.00476530
0.00562815
0.00596455
0.00413039
0.00537738
0.00452131
0.00465944
0.00485938
0.00573848
0.00492397
0.00460772
0.00483373
0.00436757
0.00439953
0.00437121
0.00528111
0.00554082
0.00542520
0.00682413
0.00600975