0.01188529
0.01467823
0.01568766
0.01886699
0.01113498
0.01091290
0.01545001
0.01524616
0.01277608
0.01080457
0.01544839
0.01012890
0.01337952
0.01020209
0.02144378
0.01379649
0.01201369
0.01119024
0.01045270
0.01729020
0.01201377
0.01668184
0.01012300
0.01226473
0.01029319
0.01556756
0.01599708
0.01249532
0.01420821
0.02023344
0.01161877
0.01503588
0.01162986
0.01074406
0.01352359
0.01464062
0.01583233
0.01541621
0.01300286
0.01218172
0.03902556
0.01583233
0.01541621
0.01300286
0.01218172
0.03902556
0.01332494
0.02050273
0.01185021
0.01393430
0.01076726
0.01022069
0.01324666
0.01655154
0.01421666
0.01008679
0.01101953
0.01494967
0.01119446
0.01250954
0.01176187
0.01285820
0.01544882
0.01140967
0.01119383
0.01213094
0.01345054
0.01165967
0.01534672
0.01054465
0.01352665
0.01251912
0.01193271
0.01176635
0.01259796
0.01560109
0.01068452
0.01527514
0.01298743
0.01725546
0.01133873
0.02635419
0.01241169
0.01774447
0.01196811
0.01036049
0.01374378
0.01291868
0.01458657
0.01232309
0.01778251
0.01221863
0.01361796
0.01548971
0.01476914
0.01218312
0.01060086
0.01311897
0.01122288
0.01097118
0.01574030
0.02237786
0.01084308
0.01200518
0.01210951
0.01154666
0.01419235
0.01161932
0.01517671
0.01086415
0.02101496
0.01178895
0.01135881
0.01314050
0.01085618
0.01794429
0.01624271
0.01336206
0.01277437
0.01583233
0.01541621
0.01300286
0.01218172
0.03902556
0.01332494
0.02050273
0.01185021
0.01393430
0.01076726
0.01022069
0.01324666
0.01655154
0.01421666
0.01008679
0.01101953
0.01494967
0.01119446
0.01250954
0.01176187
0.01285820
0.01544882
0.01140967
0.01119383
0.01213094
0.01583233
0.01541621
0.01300286
0.01218172
0.03902556
0.01332494
0.02050273
0.01185021
0.01393430
0.01076726
0.01022069
0.01324666
0.01655154
0.01421666
0.01008679
0.01101953
0.01494967
0.01119446
0.01250954
0.01176187
0.01285820
0.01544882
0.01140967
0.01119383
0.01213094
0.01345054
0.01165967
0.01534672
0.01054465
0.01352665
0.01251912
0.01193271
0.01176635
0.01259796
0.01560109
0.01068452
0.01527514
0.01298743
0.01725546
0.01133873
0.02635419
0.01241169
0.01774447
0.01196811
0.01036049
0.01374378
0.01291868
0.01458657
0.01232309
0.01778251
0.01221863
0.01361796
0.01548971
0.01476914
0.01218312
0.01060086
0.01311897
0.01122288
0.01097118
0.01574030
0.02237786
0.01084308
0.01200518
0.01210951
0.01154666
0.01419235
0.01161932
0.01517671
0.01086415
0.02101496
0.01178895
0.01135881
0.01314050
0.01085618
0.01794429
0.01624271
0.01336206
0.01277437
0.01092575
0.02055116
0.01725845
0.01344621
0.01332666
0.01506958
0.01382692
0.01015473
0.01303455
0.02273607
0.02921038
0.01023179
0.02080813
0.01151207
0.01077616
0.01094171
0.01442330
0.01061889
0.01425413
0.01678015
0.01153592
0.01257711
0.01350638
0.01012243
0.01795904
0.01188569
0.01238228
0.01117801
0.01187060
0.01296509
0.01235307
0.01306795
0.01985587
0.01206622
0.01345532
0.01268310
0.01287352
0.01702812
0.01306763
0.01715193
0.01153915
0.01250493
0.01434374
0.01005594
0.01408658
0.01288090
0.01094385
0.01129836
0.01129803
0.01442270
0.01435650
0.02013606
0.01234058
0.01040360
0.01233728
0.01885863
0.02449342
0.01521923
0.01269899
0.01082274
0.01216948
0.01502428
0.01268954
0.01306301
0.01231835
0.01038872
0.01095564
0.01357643
0.02805139
0.02420660
0.01379369
0.01473258
0.01993673
0.01148144
0.01331526
0.02013191
0.01416258
0.01242847
0.01170801
0.01136462
0.01370439
0.01155991
0.01341129
0.01378258
0.01243955
0.01432251
0.02062091
0.01170580
0.01575897
0.01282130
0.01306407
0.01061302
0.01222899
0.01213272
0.01046227
0.02466548
0.01391339
0.01335083
0.02469781
0.01139873
0.01255669
0.01410553
0.01817972
0.01395073
0.01362796
0.01272896
0.01385582
0.01012462
0.01451604
0.01547185
0.01553679
0.01207310
0.01445835
0.01410385
0.02535878
0.01333555
0.01280039
0.06695264
0.01062850
0.01166308
0.01429260
0.01221498
0.01206034
0.01081208
0.01355173
0.01296147
0.01058649
0.01679201
0.01469004
0.01248747
0.01210620
0.01076250
0.01459634
0.01457249
0.00935114
0.01062324
0.01381289
0.01618506
0.01084272
0.01179307
0.01572499
0.01246008
0.01229556
0.01207959
0.01328762
0.02478777
0.02368958
0.01329888
0.01248731
0.01613679
0.01317324
0.01415592
0.01167541
0.01418317
0.01380353
0.01419803
0.01382197
0.01390876
0.01109150
0.01529062
0.01596701
0.00997143
0.02017829
0.01178231
0.01363596
0.02445913
0.01328339
0.01084630
0.01343609
0.01319992
0.01497120
0.01264959
0.02690793
0.01154773
0.01340750
0.01066573
0.01208533
0.01360724
0.01223433
0.01382878
0.01190282
0.01403523
0.01031504
0.01454442
0.01187441
0.01269250
0.01026845
0.01150475
0.01096588
0.01417279
0.01133189
0.01218672
0.01008384
0.01077958
0.01358603
0.01419224
0.01476008
0.01077045
0.01134880
0.01312661
0.01430367
0.01164067
0.01216990
0.01034808
0.01299887
0.01358869
0.01515623
0.01157215
0.01855462
0.01549812
0.02137013
0.01260271
0.01334762
0.01470970
0.01566355
0.01333938
0.01156991
0.01629250
0.01166178
0.01625690
0.01330299
0.01210755
0.01031700
0.01152836
0.01139265
0.01139069
0.01196602
0.01217180
0.01573343
0.02567189
0.01260046
0.01143923
0.01176432
0.01341118
0.02112795
0.01152235
0.01225540
0.01292816
0.01521246
0.01347142
0.01251377
0.01511359
0.01829789
0.01175064
0.01305762
0.01406700
0.01649646
0.01179070
0.01024694
0.01373285
0.01258800
0.01076137
0.01141951
0.01242580
0.01157563
0.01339054
0.01161826
0.01282967
0.01371132
0.01236490
0.02592277
0.01469043
0.01629785
0.01444340
0.01356602
0.01184752
0.01666225
0.01683209
0.01316577
0.01589116
0.01443520
0.01437574
0.01275712
0.01122971
0.01339649
0.01226952
0.01228373
0.03644977