0.00041056
0.00042601
0.00042310
0.00043900
0.00043934
0.00045608
0.00042678
0.00044256
0.00044074
0.00043983
0.00042168
0.00041209
0.00042729
0.00045460
0.00042645
0.00044454
0.00043598
0.00043418
0.00042160
0.00042981
0.00043659
0.00043306
0.00043596
0.00042102
0.00042605
0.00042445
0.00043806
0.00041735
0.00044263
0.00041441
0.00042649
0.00041962
0.00045055
0.00042795
0.00042086
0.00043830
0.00042607
0.00043438
0.00044620
0.00042507
0.00042461
0.00043439
0.00043950
0.00043438
0.00044620
0.00042507
0.00042461
0.00043439
0.00043950
0.00041904
0.00043413
0.00045143
0.00042829
0.00044324
0.00043709
0.00046419
0.00042823
0.00042938
0.00050469
0.00045782
0.00041729
0.00041220
0.00043120
0.00041764
0.00042232
0.00042510
0.00041752
0.00042692
0.00044085
0.00043647
0.00042427
0.00046025
0.00042749
0.00044788
0.00043077
0.00042541
0.00042581
0.00042449
0.00042790
0.00043158
0.00043250
0.00043116
0.00044432
0.00043673
0.00042501
0.00043283
0.00043919
0.00043140
0.00044328
0.00043396
0.00043644
0.00043701
0.00043556
0.00044858
0.00043239
0.00043298
0.00043655
0.00041820
0.00043342
0.00043196
0.00041893
0.00044470
0.00042786
0.00042083
0.00044903
0.00042258
0.00045166
0.00041808
0.00043347
0.00043264
0.00043254
0.00045024
0.00044472
0.00041330
0.00043859
0.00044577
0.00042386
0.00042665
0.00041853
0.00044029
0.00042288
0.00044029
0.00043438
0.00044620
0.00042507
0.00042461
0.00043439
0.00043950
0.00041904
0.00043413
0.00045143
0.00042829
0.00044324
0.00043709
0.00046419
0.00042823
0.00042938
0.00050469
0.00045782
0.00041729
0.00041220
0.00043120
0.00041764
0.00042232
0.00042510
0.00041752
0.00042692
0.00044085
0.00043438
0.00044620
0.00042507
0.00042461
0.00043439
0.00043950
0.00041904
0.00043413
0.00045143
0.00042829
0.00044324
0.00043709
0.00046419
0.00042823
0.00042938
0.00050469
0.00045782
0.00041729
0.00041220
0.00043120
0.00041764
0.00042232
0.00042510
0.00041752
0.00042692
0.00044085
0.00043647
0.00042427
0.00046025
0.00042749
0.00044788
0.00043077
0.00042541
0.00042581
0.00042449
0.00042790
0.00043158
0.00043250
0.00043116
0.00044432
0.00043673
0.00042501
0.00043283
0.00043919
0.00043140
0.00044328
0.00043396
0.00043644
0.00043701
0.00043556
0.00044858
0.00043239
0.00043298
0.00043655
0.00041820
0.00043342
0.00043196
0.00041893
0.00044470
0.00042786
0.00042083
0.00044903
0.00042258
0.00045166
0.00041808
0.00043347
0.00043264
0.00043254
0.00045024
0.00044472
0.00041330
0.00043859
0.00044577
0.00042386
0.00042665
0.00041853
0.00044029
0.00042288
0.00044029
0.00042917
0.00043003
0.00043785
0.00043038
0.00044186
0.00042317
0.00044320
0.00041520
0.00041355
0.00042545
0.00042592
0.00042971
0.00044338
0.00041989
0.00043167
0.00042578
0.00042801
0.00046749
0.00042361
0.00043964
0.00042932
0.00041768
0.00041705
0.00043221
0.00042695
0.00042298
0.00043001
0.00043538
0.00042065
0.00044046
0.00042498
0.00042426
0.00042815
0.00042119
0.00044808
0.00042810
0.00044070
0.00043036
0.00044005
0.00043351
0.00043215
0.00042856
0.00041925
0.00043156
0.00045231
0.00043118
0.00041575
0.00043765
0.00043634
0.00042387
0.00046703
0.00042971
0.00042768
0.00043697
0.00042154
0.00042849
0.00042884
0.00043156
0.00044695
0.00042947
0.00043283
0.00043323
0.00045597
0.00042562
0.00043755
0.00044041
0.00043581
0.00044693
0.00043225
0.00041830
0.00043691
0.00042794
0.00042877
0.00042102
0.00042715
0.00043668
0.00042209
0.00043166
0.00042819
0.00042668
0.00041970
0.00043291
0.00044112
0.00042803
0.00042413
0.00046742
0.00045096
0.00043286
0.00041930
0.00044119
0.00044129
0.00041332
0.00043384
0.00044739
0.00044716
0.00043978
0.00045780
0.00044596
0.00042886
0.00043473
0.00052068
0.00043523
0.00043781
0.00044272
0.00043686
0.00043321
0.00043105
0.00046301
0.00042925
0.00044677
0.00042065
0.00043909
0.00044796
0.00044656
0.00042774
0.00042538
0.00041984
0.00042916
0.00042577
0.00044833
0.00042631
0.00042520
0.00042162
0.00043185
0.00041805
0.00043991
0.00043265
0.00043705
0.00043355
0.00047464
0.00043037
0.00043233
0.00043435
0.00042129
0.00043162
0.00043069
0.00045652
0.00044453
0.00043902
0.00042668
0.00043594
0.00043930
0.00044057
0.00042372
0.00042736
0.00043989
0.00042724
0.00042988
0.00042765
0.00044892
0.00045356
0.00042830
0.00044009
0.00043832
0.00043924
0.00044161
0.00042307
0.00044150
0.00042996
0.00042504
0.00042882
0.00042582
0.00042690
0.00046495
0.00043424
0.00044355
0.00042851
0.00042761
0.00043483
0.00043689
0.00042972
0.00043493
0.00042356
0.00043341
0.00043688
0.00044205
0.00044736
0.00043542
0.00042451
0.00043657
0.00042112
0.00043220
0.00042683
0.00042571
0.00043100
0.00044629
0.00041822
0.00042342
0.00044500
0.00042897
0.00043907
0.00044565
0.00042692
0.00043157
0.00043250
0.00042987
0.00042605
0.00043314
0.00041159
0.00043549
0.00042183
0.00043081
0.00042762
0.00043305
0.00042813
0.00042987
0.00043040
0.00042404
0.00043768
0.00043957
0.00042961
0.00044805
0.00042586
0.00042254
0.00042382
0.00043688
0.00043774
0.00044110
0.00042698
0.00044510
0.00042796
0.00042588
0.00043053
0.00043791
0.00044222
0.00043460
0.00043285
0.00042621
0.00042342
0.00043088
0.00044300
0.00043084
0.00042389
0.00043737
0.00042788
0.00043946
0.00042285
0.00043418
0.00042245
0.00043780
0.00043843
0.00043033
0.00043240
0.00043471
0.00042147
0.00042243
0.00045464
0.00042746
0.00042670
0.00043305
0.00042547
0.00043232
0.00042609
0.00043239
0.00042968
0.00043240
0.00043448
0.00041567
0.00042484
0.00042103
0.00044629
0.00044201
0.00042986
0.00043403
0.00042703
0.00045548
0.00042981
0.00043781
0.00043485
0.00042909
0.00042820
0.00042347
0.00042916