0.00272312
0.00241146
0.00261681
0.00430073
0.00329516
0.00276071
0.00326320
0.00230083
0.00321342
0.00233026
0.00320615
0.00259095
0.00346425
0.00247222
0.00238488
0.00232475
0.00208459
0.00250635
0.00219155
0.00309900
0.00259134
0.00337553
0.00269303
0.00486657
0.00257788
0.00258493
0.00259630
0.00259565
0.00244384
0.00214679
0.00229616
0.00225691
0.00198656
0.00258057
0.00251363
0.00358180
0.00289443
0.00253394
0.00219953
0.00352704
0.00306914
0.00312304
0.00289443
0.00253394
0.00219953
0.00352704
0.00306914
0.00312304
0.00274163
0.00290896
0.00246563
0.00296362
0.00285880
0.00234719
0.00238604
0.00321142
0.00230148
0.00228841
0.00249992
0.00222339
0.00253728
0.00264707
0.00232049
0.00248077
0.00260077
0.00236762
0.00208274
0.00288493
0.00251837
0.00368019
0.00288438
0.00278815
0.00272324
0.00303953
0.00311971
0.00234031
0.00347520
0.00314740
0.00268268
0.00338635
0.00293356
0.00215093
0.00318267
0.00258336
0.00231001
0.00266958
0.00273183
0.00250513
0.00211210
0.00257176
0.00239922
0.00223322
0.00365194
0.00260119
0.00242908
0.00308022
0.00272702
0.00273416
0.00407145
0.00349237
0.00237145
0.00275429
0.00334658
0.00364583
0.00216958
0.00376259
0.00266304
0.00349493
0.00444197
0.00235825
0.00360275
0.00234999
0.00452730
0.00220171
0.00251319
0.00253917
0.00259754
0.00279310
0.00280834
0.00247583
0.00289443
0.00253394
0.00219953
0.00352704
0.00306914
0.00312304
0.00274163
0.00290896
0.00246563
0.00296362
0.00285880
0.00234719
0.00238604
0.00321142
0.00230148
0.00228841
0.00249992
0.00222339
0.00253728
0.00264707
0.00232049
0.00248077
0.00260077
0.00236762
0.00208274
0.00288493
0.00289443
0.00253394
0.00219953
0.00352704
0.00306914
0.00312304
0.00274163
0.00290896
0.00246563
0.00296362
0.00285880
0.00234719
0.00238604
0.00321142
0.00230148
0.00228841
0.00249992
0.00222339
0.00253728
0.00264707
0.00232049
0.00248077
0.00260077
0.00236762
0.00208274
0.00288493
0.00251837
0.00368019
0.00288438
0.00278815
0.00272324
0.00303953
0.00311971
0.00234031
0.00347520
0.00314740
0.00268268
0.00338635
0.00293356
0.00215093
0.00318267
0.00258336
0.00231001
0.00266958
0.00273183
0.00250513
0.00211210
0.00257176
0.00239922
0.00223322
0.00365194
0.00260119
0.00242908
0.00308022
0.00272702
0.00273416
0.00407145
0.00349237
0.00237145
0.00275429
0.00334658
0.00364583
0.00216958
0.00376259
0.00266304
0.00349493
0.00444197
0.00235825
0.00360275
0.00234999
0.00452730
0.00220171
0.00251319
0.00253917
0.00259754
0.00279310
0.00280834
0.00247583
0.00239664
0.00234744
0.00280744
0.00250152
0.00241119
0.00252447
0.00243404
0.00308521
0.00223293
0.00387814
0.00290930
0.00264648
0.00241992
0.00240102
0.00268836
0.00226652
0.00434272
0.00296265
0.00233077
0.00261866
0.00234159
0.00227557
0.00252101
0.00244429
0.00237048
0.00240352
0.00267166
0.00580746
0.00222580
0.00344850
0.00248669
0.00251137
0.00280658
0.00263266
0.00246181
0.00245443
0.00371458
0.00202410
0.00253612
0.00236449
0.00282994
0.00282506
0.00297945
0.00242893
0.00275187
0.00296081
0.00339685
0.00290871
0.00313687
0.00268284
0.00302331
0.00246929
0.00309122
0.00222390
0.00266485
0.00305390
0.00345237
0.00352640
0.00234798
0.00248242
0.00242335
0.00264692
0.00259925
0.00242725
0.00247867
0.00257922
0.00224335
0.00317256
0.00239078
0.00254733
0.00255695
0.00248536
0.00255894
0.00306967
0.00403900
0.00225587
0.00287104
0.00327868
0.00322854
0.00259171
0.00244115
0.00237467
0.00279186
0.00230453
0.00249815
0.00285029
0.00309664
0.00232339
0.00207924
0.00249505
0.00257504
0.00365596
0.00251243
0.00340555
0.00247731
0.00244652
0.00259346
0.00279631
0.00337435
0.00268773
0.00267395
0.00211227
0.00223571
0.00298377
0.00232767
0.00347244
0.00261312
0.00415024
0.00255914
0.00326939
0.00243483
0.00232290
0.00364437
0.00291198
0.00212869
0.00333668
0.00232871
0.00294352
0.00253928
0.00248158
0.00249331
0.00242190
0.00538770
0.00222569
0.00218753
0.00217945
0.00260193
0.00249659
0.00226356
0.00231169
0.00322544
0.00256654
0.00280088
0.00241390
0.00327395
0.00261711
0.00284787
0.00287961
0.00294976
0.00307223
0.00217694
0.00346255
0.00225360
0.00237695
0.00256841
0.00247376
0.00204947
0.00256859
0.00314399
0.00279387
0.00260871
0.00278967
0.00301036
0.00336164
0.00242923
0.00262566
0.00282088
0.00327087
0.00236835
0.00270843
0.00240836
0.00261726
0.00199506
0.00258735
0.00313763
0.00231856
0.00265154
0.00240585
0.00230885
0.00262602
0.00223518
0.00247571
0.00221190
0.00269448
0.00289104
0.00267826
0.00318296
0.00276729
0.00267337
0.00249161
0.00276977
0.00233866
0.00223025
0.00302509
0.00399098
0.00263653
0.00235259
0.00275983
0.00220169
0.00327203
0.00260222
0.00230773
0.00274240
0.00306283
0.00211207
0.00212338
0.00250972
0.00265731
0.00233273
0.00284282
0.00241596
0.00242076
0.00216628
0.00377566
0.00266075
0.00243617
0.00299827
0.00261079
0.00232158
0.00262533
0.00248175
0.00270517
0.00278128
0.00458129
0.00362526
0.00255231
0.00302359
0.00324707
0.00224546
0.00252508
0.00332922
0.00237333
0.00231785
0.00330692
0.00243461
0.00227783
0.00276658
0.00279532
0.00368807
0.00240284
0.00247266
0.00239932
0.00401314
0.00320364
0.00222915
0.00357026
0.00252197
0.00255974
0.00239074
0.00273713
0.00334003
0.00303378
0.00273483
0.00284793
0.00336677
0.00297202
0.00240370
0.00284162
0.00259646
0.00285177
0.00383568
0.00264695
0.00248558
0.00236728
0.00268882
0.00230089
0.00244797
0.00351466
0.00303000
0.00238964
0.00265077
0.00282061
0.00229782
0.00215355
0.00272871
0.00295272
0.00557091
0.00299752
0.00266960
0.00242662
0.00411096
0.00312999
0.00230406
0.00233169
0.00248400
0.00203166