0.00217177
0.00243202
0.00262694
0.00295908
0.00260268
0.00495450
0.00261556
0.00278783
0.00250639
0.00348360
0.00251330
0.00250498
0.00291738
0.00245928
0.00243650
0.00245465
0.00246902
0.00316193
0.00256023
0.00258645
0.00231944
0.00248301
0.00250922
0.00292637
0.00261819
0.00252172
0.00237641
0.00321910
0.00250887
0.00281237
0.00321954
0.00233160
0.00264788
0.00234617
0.00278675
0.00316791
0.00271007
0.00302147
0.00312347
0.00269741
0.00283817
0.00314382
0.00271007
0.00302147
0.00312347
0.00269741
0.00283817
0.00314382
0.00236259
0.00279451
0.00261542
0.00265209
0.00278944
0.00245790
0.00354199
0.00239484
0.00251347
0.00242369
0.00233518
0.00265532
0.00348797
0.00300013
0.00274331
0.00255323
0.00368160
0.00269293
0.00254003
0.00321640
0.00266549
0.00277652
0.00237430
0.00251885
0.00258809
0.00271317
0.00276771
0.00301282
0.00254085
0.00259429
0.00254709
0.00292634
0.00242230
0.00233134
0.00310488
0.00248165
0.00271408
0.00233939
0.00237887
0.00266274
0.00292943
0.00260366
0.00271474
0.00241893
0.00261663
0.00313087
0.00250164
0.00233631
0.00239974
0.00271141
0.00258782
0.00243770
0.00248511
0.00262167
0.00293868
0.00243338
0.00254516
0.00288076
0.00270010
0.00249998
0.00275565
0.00233851
0.00261237
0.00286656
0.00243924
0.00262932
0.00263505
0.00323918
0.00295743
0.00319601
0.00244618
0.00242549
0.00271007
0.00302147
0.00312347
0.00269741
0.00283817
0.00314382
0.00236259
0.00279451
0.00261542
0.00265209
0.00278944
0.00245790
0.00354199
0.00239484
0.00251347
0.00242369
0.00233518
0.00265532
0.00348797
0.00300013
0.00274331
0.00255323
0.00368160
0.00269293
0.00254003
0.00271007
0.00302147
0.00312347
0.00269741
0.00283817
0.00314382
0.00236259
0.00279451
0.00261542
0.00265209
0.00278944
0.00245790
0.00354199
0.00239484
0.00251347
0.00242369
0.00233518
0.00265532
0.00348797
0.00300013
0.00274331
0.00255323
0.00368160
0.00269293
0.00254003
0.00321640
0.00266549
0.00277652
0.00237430
0.00251885
0.00258809
0.00271317
0.00276771
0.00301282
0.00254085
0.00259429
0.00254709
0.00292634
0.00242230
0.00233134
0.00310488
0.00248165
0.00271408
0.00233939
0.00237887
0.00266274
0.00292943
0.00260366
0.00271474
0.00241893
0.00261663
0.00313087
0.00250164
0.00233631
0.00239974
0.00271141
0.00258782
0.00243770
0.00248511
0.00262167
0.00293868
0.00243338
0.00254516
0.00288076
0.00270010
0.00249998
0.00275565
0.00233851
0.00261237
0.00286656
0.00243924
0.00262932
0.00263505
0.00323918
0.00295743
0.00319601
0.00244618
0.00242549
0.00254636
0.00234054
0.00261656
0.00241370
0.00259243
0.00260548
0.00288970
0.00305927
0.00307573
0.00284752
0.00236841
0.00230009
0.00333663
0.00241479
0.00282378
0.00268115
0.00252769
0.00244174
0.00242790
0.00295971
0.00381062
0.00315699
0.00246899
0.00252056
0.00273534
0.00269503
0.00241328
0.00265951
0.00250063
0.00307310
0.00283923
0.00297684
0.00266590
0.00278281
0.00235892
0.00247463
0.00239029
0.00265199
0.00245448
0.00291442
0.00315035
0.00274423
0.00261948
0.00309573
0.00253530
0.00251016
0.00274379
0.00273950
0.00255525
0.00253616
0.00252151
0.00250476
0.00248968
0.00282349
0.00285545
0.00317010
0.00232928
0.00241750
0.00239715
0.00260043
0.00295401
0.00299292
0.00272845
0.00234796
0.00233404
0.00315779
0.00257911
0.00217772
0.00250381
0.00253415
0.00255986
0.00339996
0.00230477
0.00275706
0.00313407
0.00279152
0.00271848
0.00261224
0.00354004
0.00343637
0.00275631
0.00272379
0.00292228
0.00268934
0.00295663
0.00300177
0.00268224
0.00234787
0.00242525
0.00273379
0.00306577
0.00255321
0.00284490
0.00268254
0.00276653
0.00272647
0.00263163
0.00244349
0.00280160
0.00314152
0.00261415
0.00236570
0.00235904
0.00255843
0.00283406
0.00242176
0.00303117
0.00360914
0.00299989
0.00239133
0.00372285
0.00259584
0.00254572
0.00271772
0.00259794
0.00252570
0.00271112
0.00256255
0.00338399
0.00258117
0.00312668
0.00252973
0.00356555
0.00248056
0.00234589
0.00251179
0.00266848
0.00304926
0.00384765
0.00277297
0.00250053
0.00269863
0.00295606
0.00259056
0.00316996
0.00265981
0.00242259
0.00292756
0.00430567
0.00259838
0.00278916
0.00269825
0.00257462
0.00323883
0.00263007
0.00295228
0.00257645
0.00270136
0.00365345
0.00237811
0.00232203
0.00275958
0.00293183
0.00338149
0.00252218
0.00239036
0.00341624
0.00262848
0.00244161
0.00239575
0.00248270
0.00311602
0.00266259
0.00295125
0.00272386
0.00280536
0.00242847
0.00216495
0.00281461
0.00242120
0.00269864
0.00290549
0.00251029
0.00269009
0.00268616
0.00324501
0.00259567
0.00252128
0.00277969
0.00255156
0.00247701
0.00276972
0.00249972
0.00257675
0.00275790
0.00247935
0.00270127
0.00256992
0.00263342
0.00281183
0.00291437
0.00253899
0.00258012
0.00257784
0.00227822
0.00313112
0.00245916
0.00359321
0.00275642
0.00237716
0.00265465
0.00262087
0.00362638
0.00261447
0.00268227
0.00301926
0.00244419
0.00308463
0.00454604
0.00260662
0.00240641
0.00263524
0.00277030
0.00265049
0.00243491
0.00249911
0.00261554
0.00268667
0.00257984
0.00262123
0.00277510
0.00253853
0.00235329
0.00315894
0.00241955
0.00246645
0.00253685
0.00234420
0.00248657
0.00256340
0.00251555
0.00308283
0.00239454
0.00241375
0.00240143
0.00243936
0.00303370
0.00254194
0.00246968
0.00324058
0.00258015
0.00262954
0.00271875
0.00232062
0.00265353
0.00253366
0.00235781
0.00320915
0.00267180
0.00241550
0.00294805
0.00248028
0.00252957
0.00269774
0.00266709
0.00287409
0.00245510
0.00291944
0.00245918
0.00232107
0.00273672
0.00277075
0.00250532
0.00246727
0.00263419
0.00279795
0.00300450
0.00259336
0.00267349
0.00254224
0.00264817
0.00328139
0.00262635
0.00228960
0.00268733
0.00287712
0.00260896