0.03562928
0.02996833
0.02859067
0.02992925
0.03379270
0.03515904
0.03339498
0.03528379
0.05507836
0.03575313
0.03050886
0.03464634
0.02910758
0.03158267
0.02951431
0.03102192
0.03015101
0.02944004
0.02942701
0.03148062
0.03099517
0.03036626
0.03111224
0.02812015
0.02748304
0.02909449
0.03044725
0.03234742
0.03001100
0.03591450
0.03735774
0.03069111
0.03273163
0.03108983
0.02835191
0.03423404
0.03053397
0.02866039
0.03091889
0.03200116
0.02847902
0.03010481
0.03036141
0.03282730
0.03348686
0.02932049
0.03214855
0.02912998
0.03446802
0.03191519
0.03373545
0.02979466
0.03668018
0.02962020
0.03165512
0.03405641
0.02799636
0.02955001
0.03127143
0.03202971
0.03075164
0.03031983
0.03484476
0.02658901
0.02952494
0.02787141
0.03358675
0.02925830
0.03075915
0.03655937
0.02998742
0.03173436
0.03142001
0.03292118
0.03206698
0.03343854
0.02907185
0.05101769
0.02905453
0.02928922
0.02878235
0.02831936
0.02987849
0.03142103
0.02859240
0.03241553
0.03593946
0.02992036
0.02999407
0.02916386
0.03377818
0.03029919
0.03459385
0.02855512
0.03233160
0.02850301
0.02919669
0.03435035
0.03055509
0.03385826
0.03110955
0.03182435
0.03074156
0.03130380
0.02763803
0.03055653
0.02881549
0.03145981
0.02790102
0.03410134
0.03340806
0.02809883
0.03108329
0.04216667
0.02703739
0.03277950
0.03144423
0.02863795
0.03124906
0.03502992
0.02876763
0.03263583
0.03103726
0.03030494
0.02923739
0.03378593
0.03568108
0.03044838
0.03596599
0.03078099
0.03138614
0.02983174
0.02976482
0.02953555
0.03034600
0.03456749
0.03294711
0.03068205
0.04194838
0.03097831
0.03107944
0.03031041
0.03609188
0.02799878
0.03233747
0.02962440
0.02829790
0.03861401
0.03414224
0.03208852
0.03013574
0.03061184
0.02908334
0.03183071
0.03255769
0.02883704
0.02961336
0.02998364
0.03109741
0.03303603
0.03330116
0.03289705
0.03316131
0.03213462
0.03048339
0.02887962
0.03135205
0.03084035
0.03050989
0.02846090
0.03034784
0.03763799
0.03409044
0.02946389
0.03111536
0.03335839
0.02890954
0.03502377
0.02845996
0.03054029
0.02713632
0.02910222
0.03485944
0.03375078
0.03275832
0.03406794
0.02977518
0.03151221
0.03403823
0.03414535
0.02991702
0.03151919
0.02873918
0.02944251
0.03043169
0.03150403
0.03066248
0.03095496
0.02838217
0.03063676
0.03352849
0.03041402
0.03096065
0.02859926
0.03081764
0.03467277
0.03077582
0.03393519
0.02742108
0.03570454
0.03125052
0.03376246
0.02759517
0.03240195
0.02973643
0.03102859
0.03386889
0.03051477
0.03387700
0.02977024
0.03307979
0.03706769
0.03385559
0.02741639
0.03424920
0.03222831
0.03112767
0.03145387
0.02838735
0.03450966
0.03067860
0.03448790
0.03363997
0.03149963
0.02898278
0.02776714
0.02897756
0.03115935
0.02946758
0.03102731
0.02804124
0.03043007
0.03959927
0.02822127
0.03209906
0.03277430
0.03199922
0.02946007
0.03073259
0.03179607
0.03081478
0.02929116
0.02931031
0.04368105
0.03404312
0.03143167
0.03231537
0.03427664
0.02966130
0.03067625
0.03266161
0.03424424
0.03329615
0.02901104
0.02969209
0.03072322
0.03095043
0.03025301
0.03135652
0.03032186
0.03619070
0.03170331
0.03182963
0.03049523
0.03096755
0.03340477
0.03035009
0.03315897
0.03242693
0.02874765
0.03164711
0.03595508
0.03308220
0.03120994
0.02867733
0.04443629
0.03063762
0.03266323
0.03086107
0.02874910
0.03348033
0.03666895
0.02978873
0.03438507
0.03376207
0.03427192
0.03024457
0.03494610
0.03311302
0.03118498
0.03408007
0.03226547
0.03903014
0.04294237
0.02786383
0.03548636
0.02895651
0.03641772
0.03371182
0.02929690
0.02984008
0.03224196
0.03006831
0.03189104
0.02886147
0.03101562
0.02886285
0.03109284
0.03171712
0.03029604
0.03025501
0.04043368
0.03126535
0.03800178
0.03232087
0.03096308
0.03543868
0.03408700
0.03145502
0.02897725
0.03116653
0.02957748
0.02927952
0.03398708
0.02710102
0.03252035
0.03046347
0.03307739
0.03310415
0.03216496
0.02866581
0.03956966
0.02923426
0.03639058
0.03359278
0.03244921
0.03198737
0.03306709
0.03330432
0.03288201
0.03204872
0.02934154
0.03343959
0.03284245
0.03489649
0.03240438
0.03166489
0.03614992
0.03159280
0.03448351
0.03089265
0.03250950
0.02924216
0.03364274
0.02939883
0.03128867
0.03092155
0.03070752
0.03144105
0.03241141
0.02970262
0.03078892
0.02946326
0.03318899
0.02776732
0.03052840
0.02963703
0.03483773
0.03022068
0.03152971
0.02982786
0.02750403
0.02980258
0.02939109
0.03052574
0.03001803
0.03292550
0.03146303
0.03300372
0.03368362
0.03822472
0.03071600
0.03286807
0.04031218
0.03145506
0.03143974
0.03106158
0.02721829
0.02676144
0.02846221
0.03025585
0.03019483
0.03231259
0.03494860
0.02917513
0.03057122
0.03081582
0.03112835
0.03235475
0.03006818
0.03310236
0.03323261
0.03389709
0.02711706
0.03282705
0.03102574
0.03495189
0.02992391
0.02934498
0.03944520
0.03230508
0.03855367
0.03142830
0.02911669
0.04413373
0.03551247
0.03265000
0.04441713
0.03181091
0.03069455
0.03017350
0.03529100
0.03225140
0.03586552
0.03218428
0.03200584
0.03231965
0.02870185
0.03465373
0.02905618
0.03162924
0.03271976
0.03100284
0.03441847
0.02949867
0.03321160
0.03037985
0.03154521
0.03166659
0.02916158
0.03038058
0.03017618
0.02928303
0.02966173
0.02798814
0.03251981
0.03447903
0.02830239
0.03311538
0.03146202
0.02970991
0.02921640
0.03122653
0.02988469
0.02948087
0.02913967
0.03055346
0.02971912
0.03076613
0.03211332
0.03566124
0.03563665
0.03394647
0.03130075
0.03124982
0.03316493
0.03194309
0.03087967
0.02835635
0.02764227
0.03114341
0.02913114
0.02983248
0.03069031
0.03219623
0.02988198
0.03065090
0.02986480
0.03148510
0.03992288
0.02929215
0.03173089
0.02939336
0.02913354
0.03072779
0.02973984
0.03232174
0.03016602
0.03087402
0.03220646