0.01874161
0.01297416
0.01281799
0.01195551
0.01433880
0.01473235
0.01409429
0.01234536
0.01331983
0.01368187
0.01273866
0.01472906
0.01295253
0.01382365
0.01314132
0.01373238
0.01301114
0.01535201
0.01268605
0.01411175
0.01372368
0.01372284
0.01540607
0.01387096
0.01501443
0.01500707
0.01423858
0.01557014
0.01562395
0.01265602
0.01404448
0.01373275
0.01435734
0.01364514
0.01557336
0.01291424
0.01379686
0.01574458
0.01432523
0.01698216
0.01478193
0.01245214
0.01735332
0.01391549
0.01389824
0.01649833
0.01686921
0.01278538
0.01260213
0.01438780
0.01247216
0.01394099
0.01481581
0.01498357
0.01324397
0.01384597
0.01344174
0.01684304
0.01509204
0.01311105
0.01746570
0.01712279
0.01477783
0.01513495
0.01357842
0.01440748
0.01452750
0.01464576
0.01115504
0.01513620
0.01441894
0.01362988
0.01311061
0.01692518
0.01417466
0.01333591
0.01390943
0.01435835
0.01359716
0.01756943
0.01388357
0.01679857
0.01432610
0.01426803
0.01368662
0.01598152
0.01347188
0.01435019
0.01469739
0.01505362
0.01668548
0.01401151
0.01407285
0.01426959
0.01164075
0.01427429
0.01329174
0.01464826
0.01388019
0.01473497
0.01493033
0.01624136
0.01588821
0.01474400
0.01350970
0.01486539
0.01274548
0.01365742
0.01439992
0.01352159
0.01346813
0.01600537
0.01349341
0.01602105
0.01533719
0.01481145
0.01867665
0.01266719
0.01689111
0.01442627
0.01227460
0.01453909
0.01558854
0.01311676
0.01346156
0.01637020
0.01690407
0.01223064
0.01566324
0.01408834
0.01346393
0.01597551
0.01239233
0.01293581
0.01438967
0.01332121
0.01209531
0.01384540
0.01309747
0.01367633
0.01302346
0.01441819
0.01216984
0.01683303
0.01493238
0.01332743
0.01449983
0.01454123
0.01543789
0.01443130
0.01291619
0.01519215
0.01447379
0.01682018
0.01283997
0.01347318
0.01498443
0.01484178
0.01641595
0.01453559
0.01368764
0.01378280
0.01536343
0.01555758
0.01540583
0.01482029
0.01555811
0.01528727
0.01539167
0.01530396
0.01451188
0.01514610
0.01341443
0.01582400
0.01618186
0.01509100
0.01411613
0.01418340
0.01377497
0.01394217
0.01426190
0.01296651
0.01326337
0.01167099
0.01391886
0.01397908
0.01429757
0.01380525
0.01368475
0.01405590
0.01408196
0.01421869
0.01262144
0.01547279
0.01610929
0.01369869
0.01350151
0.01359674
0.01238957
0.01366967
0.01502012
0.01392729
0.01373366
0.01384163
0.01525942
0.01367703
0.01456950
0.01391427
0.01435562
0.01344909
0.01309533
0.01471213
0.01402231
0.01380560
0.01433871
0.01281595
0.01283934
0.01657861
0.01468206
0.01453482
0.01690471
0.01438035
0.01592864
0.01452417
0.01509962
0.01326990
0.01388543
0.01596995
0.01615216
0.01301655
0.01706432
0.01392521
0.01473706
0.01331101
0.01592078
0.01646991
0.01379766
0.01511348
0.01265619
0.01478561
0.01358642
0.01363310
0.01414852
0.01573679
0.01407514
0.01535032
0.01303095
0.01625419
0.01348605
0.01413119
0.01422188
0.01292048
0.01373308
0.01266334
0.01311602
0.01373637
0.01498846
0.01526438
0.01742406
0.01317465
0.01457198
0.01567818
0.01406651
0.01327865
0.01641109
0.01286018
0.01254075
0.01538800
0.01434885
0.01486640
0.01354237
0.01506498
0.01582462
0.01488949
0.01569349
0.01475922
0.01264545
0.01533723
0.01470130
0.01452904
0.01569380
0.01389173
0.01363267
0.01392568
0.01748373
0.01438800
0.01375490
0.01521344
0.01420190
0.01418759
0.01443498
0.01323418
0.01502466
0.01325406
0.01437466
0.01246768
0.01481054
0.01442225
0.01653581
0.01271556
0.01636072
0.01290231
0.01458933
0.01386575
0.01347565
0.01324012
0.01452232
0.01434640
0.01384216
0.01501287
0.01254584
0.01459649
0.01347986
0.01598415
0.01410628
0.01472901
0.01516958
0.01337737
0.01313695
0.01498733
0.01369195
0.01565456
0.01435399
0.01514771
0.01392111
0.01608563
0.01505045
0.01545865
0.01535589
0.01390050
0.01461951
0.01453099
0.01446718
0.01393766
0.01450742
0.01307072
0.01330044
0.01597364
0.01904071
0.01427927
0.01257731
0.01408868
0.01381887
0.01229806
0.01504661
0.01561775
0.01468304
0.01337107
0.01436114
0.01402793
0.01366035
0.01388298
0.01343445
0.01286646
0.01445688
0.01282278
0.01561822
0.01522807
0.01763323
0.01495679
0.01252562
0.01240756
0.01751107
0.01222958
0.01185534
0.01304304
0.01339213
0.01548178
0.01499866
0.01493055
0.01315820
0.01751076
0.01443552
0.01653498
0.01349707
0.01493184
0.01359784
0.01209293
0.01723487
0.01439613
0.01412640
0.01461357
0.01386405
0.01385379
0.01443246
0.01130493
0.01469566
0.01555876
0.01408148
0.01777999
0.01208388
0.01409763
0.01488693
0.01430059
0.01340741
0.01599978
0.01499738
0.01459387
0.01647673
0.01365437
0.01385882
0.01511862
0.01521617
0.01439356
0.01551470
0.01288724
0.01683559
0.01252508
0.01497699
0.01497774
0.01476669
0.01524318
0.01437267
0.01427185
0.01481943
0.01302475
0.01345732
0.01439764
0.01789437
0.01393592
0.01381675
0.01330233
0.01263908
0.01203934
0.01438502
0.01308598
0.01352276
0.01532279
0.01261311
0.01471351
0.01404552
0.01455665
0.01422458
0.01425806
0.01392865
0.01475349
0.01321033
0.01285417
0.01322749
0.01408606
0.01254143
0.01256277
0.01557574
0.01316429
0.01408149
0.01281783
0.01550973
0.01356363
0.01567032
0.01386288
0.01422339
0.01343242
0.01517050
0.01244845
0.01371844
0.01680682
0.01569433
0.01514864
0.01565143
0.01340373
0.01450819
0.01441190
0.01449631
0.01598779
0.01414575
0.01437140
0.01607517
0.01578536
0.01702929
0.01567568
0.01705924
0.01206965
0.01554477
0.01513309
0.01660691
0.01318101
0.01340295
0.01480688
0.01458750
0.01500898
0.01578705
0.01434950
0.01451984
0.01476081
0.01373312
0.01395638
0.01575689
0.01269329
0.01250350
0.01281375
0.01402110
0.01483851
0.01530641
0.01541212
0.01230951
0.01586593
0.01465471
0.01406866
0.01456506
0.01621166