0.08205368
0.04423490
0.03635297
0.03261859
0.03716083
0.04384444
0.04608288
0.03548614
0.03590344
0.03139045
0.04158638
0.03359416
0.03892250
0.04013614
0.05623055
0.03223117
0.04428253
0.03291654
0.03291593
0.04836323
0.04474582
0.04015596
0.04310987
0.03233283
0.03287246
0.04936449
0.04502564
0.04496037
0.03289310
0.03580075
0.03096860
0.03476914
0.05470687
0.03857583
0.03671241
0.05028344
0.04671949
0.04210832
0.03042524
0.03815974
0.03866703
0.04208476
0.03041034
0.04198581
0.03329751
0.05351891
0.03654640
0.03623564
0.03542526
0.03547166
0.03825158
0.04278663
0.03406211
0.03139115
0.04418888
0.03084727
0.04306737
0.04069384
0.04037537
0.03839884
0.04528972
0.02856074
0.04223753
0.03719385
0.04635125
0.03579714
0.03420780
0.03788696
0.03203680
0.03524297
0.03525263
0.03452783
0.03816172
0.04183246
0.03803495
0.03676839
0.03752521
0.03677762
0.05198202
0.03482810
0.03261787
0.03801926
0.03314448
0.05072760
0.03427274
0.03210639
0.03129543
0.03663722
0.03806721
0.03365758
0.03610655
0.03437827
0.03960382
0.03876944
0.06660237
0.04205305
0.03586768
0.03031881
0.03792454
0.03104550
0.05231875
0.04080997
0.03480003
0.04351757
0.03688766
0.05543586
0.03605562
0.04780249
0.04402419
0.04583950
0.03529156
0.03736725
0.04815480
0.02878329
0.03397828
0.03292792
0.03903775
0.03947281
0.04453565
0.04327557
0.03353481
0.04088618
0.04500379
0.03680685
0.03581829
0.03740590
0.03941614
0.03897946
0.04240404
0.03359226
0.03503185
0.05622868
0.03481512
0.03922643
0.02928328
0.04501775
0.03640491
0.04202419
0.03699163
0.03778186
0.04447766
0.04554654
0.03496039
0.04038056
0.04834115
0.04113408
0.03537705
0.02969408
0.04247898
0.03426622
0.04860304
0.03756341
0.03224422
0.04502804
0.03919644
0.04301071
0.04012680
0.03616736
0.03835241
0.03713007
0.04005654
0.03184163
0.04008946
0.02796991
0.03719310
0.03242884
0.06046555
0.04802178
0.03960117
0.04083942
0.03802161
0.03811327
0.03066398
0.05037534
0.03355601
0.03406043
0.04164462
0.03727416
0.03990511
0.04356007
0.02907553
0.03206331
0.03761904
0.03249434
0.03223284
0.03919811
0.03676225
0.03172890
0.04754767
0.03611795
0.03360762
0.02769543
0.04029619
0.03731070
0.03687355
0.03121499
0.03977360
0.03852629
0.04470846
0.03748962
0.03571008
0.05425430
0.03741566
0.03693681
0.04735736
0.04328507
0.03610738
0.04069855
0.03123956
0.03886269
0.04811420
0.03276459
0.04504436
0.03348710
0.02869581
0.03427896
0.05380356
0.03262508
0.02999570
0.03370413
0.04037981
0.04322251
0.04450927
0.04331844
0.03028821
0.03084021
0.04604821
0.03033411
0.03555394
0.03725654
0.03281979
0.03139370
0.05323408
0.03198396
0.03828307
0.04478181
0.03241824
0.04139497
0.03613620
0.04172927
0.03620802
0.03387377
0.03604789
0.03510153
0.04351155
0.03250949
0.03266437
0.03146871
0.03763758
0.04049743
0.04649205
0.03254676
0.03900911
0.02744486
0.03735264
0.04639419
0.03362497
0.04152689
0.03989339
0.03510102
0.03252284
0.04082530
0.04009930
0.03651443
0.04183784
0.03601377
0.03908403
0.03062596
0.03457726
0.03834803
0.03505923
0.03187606
0.03968012
0.03966051
0.04942282
0.03492742
0.03767577
0.03708720
0.04274464
0.04011413
0.04584544
0.04118321
0.03367902
0.04000558
0.04839112
0.04610978
0.03239512
0.03389555
0.03652811
0.03542833
0.03433032
0.03773390
0.04216217
0.04065102
0.04189930
0.03938447
0.03213798
0.03200700
0.04769518
0.03925168
0.03388204
0.04192195
0.04442040
0.03443100
0.04215039
0.03329449
0.03140334
0.04649811
0.04382480
0.03747113
0.03906133
0.05157185
0.03891976
0.03556678
0.04203422
0.03442591
0.04353182
0.02984068
0.03925666
0.04508796
0.04383299
0.03600270
0.04316706
0.03574930
0.03943658
0.03297410
0.03335246
0.04599487
0.04199183
0.03121172
0.04335553
0.03338993
0.03454049
0.03404130
0.05598657
0.04557755
0.03267299
0.03541669
0.03908885
0.04150658
0.03051864
0.03924635
0.04377805
0.04968029
0.03699675
0.04623071
0.04061337
0.04596871
0.04256513
0.04670134
0.03404569
0.03006797
0.03249684
0.03908284
0.04611013
0.03215496
0.03869790
0.03838814
0.03242627
0.03518267
0.03020386
0.03621155
0.04746180
0.04557699
0.03685407
0.03130803
0.04281951
0.04553736
0.03479258
0.03041196
0.03288263
0.03144422
0.03894909
0.04241077
0.03597457
0.04759369
0.03429639
0.03308572
0.03807619
0.03228725
0.03450707
0.03343467
0.03113557
0.03401362
0.03266648
0.04117498
0.03059189
0.03394246
0.04481168
0.04639163
0.03084991
0.03467412
0.03804384
0.03315370
0.02986486
0.04089745
0.03892211
0.04069793
0.03506924
0.04765831
0.04624149
0.03279923
0.03153441
0.04136862
0.03171911
0.03153977
0.04874496
0.04824204
0.04517374
0.04277738
0.04280545
0.02895543
0.03207307
0.04354534
0.04080346
0.03461837
0.05651543
0.03867736
0.04133158
0.03431842
0.03827148
0.03336834
0.04451812
0.04510923
0.03551552
0.03825803
0.05165063
0.05173743
0.05104698
0.04123980
0.02953839
0.04290036
0.03301080
0.03381995
0.04081041
0.04352758
0.04497590
0.04271725
0.04152250
0.03108505
0.06597349
0.03487044
0.03629644
0.03770811
0.03397989
0.03788750
0.04132280
0.03278808
0.03230932
0.03891073
0.03914500
0.04157403
0.03283390
0.04327400
0.03298664
0.04516910
0.03514399
0.04186852
0.03271340
0.04192083
0.03633817
0.02954058
0.04023672
0.03260081
0.04282076
0.03641452
0.03553402
0.02982094
0.05666683
0.04670670
0.03089744
0.04645833
0.03835191
0.03589410
0.02879670
0.04069255
0.02797203
0.05437920
0.04182625
0.03502665
0.04099895
0.06961680
0.03734375
0.03375606
0.03503992
0.03760169
0.03174082
0.03564304
0.04228199
0.03648312
0.03838043
0.04389935
0.04888966
0.04538270
0.03650961
0.03145574
0.03265675
0.03891055
0.04766713
0.04851552