0.07825550
0.05913054
0.06074483
0.05549926
0.05810275
0.05602400
0.05466441
0.07151994
0.05830265
0.05494272
0.05463901
0.09089446
0.05494223
0.06797309
0.05416123
0.06395329
0.05300037
0.05684077
0.07226678
0.06879427
0.05788859
0.05586811
0.05788476
0.05734240
0.06483674
0.11264635
0.05616722
0.05913617
0.05300214
0.11465034
0.06438538
0.05945507
0.05927719
0.05868995
0.06784637
0.06539486
0.05683123
0.05540528
0.06165490
0.06731576
0.06330294
0.05685737
0.07104854
0.05237977
0.05920268
0.05501651
0.05397965
0.05584479
0.05458054
0.06305183
0.06301491
0.05818124
0.07096257
0.06231260
0.05488722
0.05684684
0.06281468
0.05922009
0.06207159
0.06855020
0.06281986
0.05401858
0.05204445
0.05573459
0.06057098
0.05378995
0.05470572
0.06290375
0.05870896
0.05801629
0.06146725
0.05953128
0.05642319
0.05877564
0.05451669
0.05558059
0.05645565
0.06470874
0.05877100
0.06070897
0.05037912
0.06079109
0.06022262
0.06126070
0.06169458
0.06236981
0.07020174
0.06003539
0.06052055
0.06787640
0.05746680
0.06165357
0.06490328
0.05448448
0.06367874
0.06213603
0.06096960
0.06406497
0.05859830
0.06168154
0.05872283
0.06516419
0.07049016
0.06583163
0.05779477
0.05843952
0.05657453
0.06268214
0.05596862
0.06742092
0.05950078
0.06577878
0.06113455
0.05585833
0.06831068
0.05411313
0.05871120
0.06702666
0.05732372
0.06433493
0.06143412
0.05675636
0.05689214
0.05344004
0.06055780
0.05828233
0.05408437
0.06103031
0.06913715
0.06143810
0.06669481
0.06188115
0.05673605
0.07241489
0.06925758
0.06381720
0.05252495
0.05486548
0.05123938
0.05446929
0.06585630
0.05355185
0.05538474
0.05957207
0.06023616
0.05317614
0.06705223
0.06489867
0.05620143
0.07804308
0.05723508
0.06569982
0.06536506
0.06533172
0.05740237
0.05592116
0.06327068
0.05844585
0.05403486
0.05787583
0.05773647
0.05703017
0.07404193
0.05720068
0.06144095
0.05444163
0.05909151
0.06265171
0.06556766
0.05653488
0.05647112
0.05870149
0.06032040
0.06042736
0.05739129
0.05771159
0.04990293
0.06970166
0.05959314
0.06155026
0.05435845
0.05549381
0.06053100
0.05706059
0.05869983
0.05592433
0.05755409
0.05753585
0.05278613
0.05649290
0.05974559
0.05327931
0.05412493
0.05584370
0.05625064
0.05930576
0.06037711
0.05912484
0.06127062
0.05858009
0.07036212
0.05749640
0.06019037
0.05806037
0.05714102
0.05265154
0.06456202
0.05852764
0.05657886
0.06139691
0.05676320
0.05734891
0.06425728
0.05738475
0.05339483
0.05617145
0.05997173
0.06042811
0.07050282
0.05962036
0.05376277
0.06726767
0.05613337
0.05816130
0.05673455
0.06475939
0.06216981
0.05852127
0.05949915
0.05244900
0.05452783
0.06988671
0.05642177
0.05942332
0.05645631
0.06020039
0.05702501
0.06211359
0.05376650
0.05719925
0.05641940
0.05411678
0.07320043
0.05609018
0.05750882
0.06500086
0.06480030
0.05661315
0.05814255
0.06016976
0.06142508
0.05823644
0.05629742
0.07375788
0.06351228
0.05416832
0.05568364
0.05806189
0.05375548
0.05825281
0.05502205
0.06668202
0.06264829
0.06048668
0.05672811
0.06455920
0.05713849
0.05364128
0.07399324
0.06557990
0.05979641
0.05729701
0.05659919
0.06461692
0.06088566
0.06631247
0.05656964
0.05369198
0.11169320
0.05837361
0.06176213
0.05638116
0.05555386
0.05269827
0.06799715
0.05871868
0.06633960
0.06369447
0.05984871
0.05752162
0.07287407
0.05688740
0.06055476
0.05824662
0.05509426
0.05648573
0.06415356
0.05201134
0.06435684
0.07074857
0.05692764
0.05599846
0.06103189
0.05853880
0.06350655
0.06458969
0.06492090
0.06729772
0.09658645
0.05668493
0.06097657
0.05930049
0.05773721
0.05943443
0.05613042
0.05849075
0.06319400
0.05593536
0.06123892
0.06149957
0.05413341
0.05771980
0.06134648
0.06335490
0.07874755
0.06204241
0.07028616
0.05477017
0.05341715
0.06952998
0.05913075
0.05565634
0.11838114
0.05742967
0.05618489
0.05520604
0.05957015
0.06007486
0.06419841
0.05460076
0.05794969
0.08055161
0.06263762
0.06214407
0.06121480
0.06249686
0.05945039
0.06180159
0.05484816
0.06821342
0.05839145
0.09605838
0.06560555
0.06360832
0.05830112
0.05869596
0.05854047
0.05452178
0.05976639
0.05668775
0.06182391
0.07235360
0.06378820
0.06057141
0.06275233
0.06252039
0.06162013
0.05915614
0.05374984
0.05686443
0.06066826
0.05906179
0.05728035
0.05692549
0.05727382
0.05727216
0.06025553
0.05645686
0.05650753
0.07005508
0.06936305
0.06052375
0.06179501
0.05972086
0.05676544
0.06078037
0.05869097
0.05466729
0.05642501
0.05883128
0.06074364
0.05901913
0.06499695
0.05639887
0.05872280
0.05972655
0.05388656
0.05990315
0.07074566
0.07594080
0.05943777
0.05923836
0.06604727
0.05939468
0.06614450
0.06142451
0.05434045
0.07475161
0.06041879
0.06232337
0.05884402
0.06432750
0.05817221
0.05425278
0.05172603
0.05529809
0.06214792
0.06639806
0.05885593
0.05269819
0.06900790
0.05928504
0.06383777
0.06007227
0.06819124
0.06315856
0.05440893
0.05331076
0.07146588
0.05418026
0.05870302
0.06404767
0.06072499
0.05640875
0.05568778
0.05531612
0.05986296
0.05902581
0.07486739
0.06679994
0.05317391
0.05369179
0.05665274
0.05743486
0.05212392
0.07403743
0.06473772
0.05962684
0.06004477
0.05625439
0.06212463
0.05562235
0.05853267
0.06267043
0.05535436
0.06246687
0.05831541
0.05622675
0.06297535
0.06000143
0.05752326
0.06046540
0.06110871
0.05988016
0.05926455
0.05733486
0.05707140
0.06091499
0.08196387
0.06020593
0.06279268
0.06433293
0.06328260
0.05285813
0.06266299
0.06067510
0.05646566
0.05629541
0.05674688
0.05454148
0.05718929
0.05924736
0.06456307
0.05151792
0.05773107
0.05811724
0.06846522
0.06248848
0.06138355
0.06396193
0.05508896
0.06780143
0.06058615
0.05939123
0.06357795
0.06350636
0.06061404
0.06734358
0.05754757
0.06209701