0.02914404
0.02585552
0.03013408
0.02757043
0.02972074
0.02760892
0.02824723
0.02665005
0.02692352
0.02989439
0.02780141
0.02800561
0.02878066
0.03071450
0.04162615
0.02700562
0.03010105
0.03329984
0.02874559
0.02731842
0.03016395
0.03171877
0.02921563
0.03197051
0.03229576
0.02674773
0.02801056
0.03334553
0.02860374
0.02722651
0.02757993
0.02856341
0.03195477
0.03020015
0.02645502
0.03262276
0.02931880
0.02681552
0.02529382
0.02751944
0.02848270
0.02813996
0.03050055
0.02775111
0.04484857
0.02905658
0.02732434
0.02597121
0.03270838
0.02798089
0.02946295
0.02671440
0.02937992
0.02764073
0.02897270
0.02713828
0.02636403
0.03027242
0.02777719
0.02860547
0.02744843
0.02826427
0.03090701
0.02627154
0.03141387
0.02501405
0.03332338
0.02956942
0.02871826
0.02871537
0.03004855
0.02737704
0.02831744
0.02733112
0.02721716
0.03164675
0.02739104
0.02946942
0.02894910
0.02886748
0.02753430
0.02832622
0.02839626
0.02823183
0.02901419
0.03118999
0.02722848
0.02666118
0.02683665
0.02922815
0.02671299
0.02744716
0.02813004
0.03106330
0.02796302
0.02829838
0.02674313
0.03150373
0.03253058
0.02782032
0.02978344
0.02852251
0.02794006
0.02898962
0.02516127
0.02932402
0.02952241
0.02709076
0.02673489
0.03110451
0.02738413
0.02762545
0.03519323
0.02636213
0.03225140
0.02789993
0.03063116
0.02713054
0.03095079
0.02607803
0.03104221
0.02732966
0.02584539
0.02789792
0.02768236
0.02875083
0.02911199
0.02915874
0.02602170
0.03067511
0.02809395
0.02839951
0.02951528
0.03086584
0.02709553
0.02719851
0.03068372
0.02882035
0.02712923
0.02955028
0.02813702
0.02584738
0.02906344
0.02817541
0.02652119
0.02675967
0.02970805
0.02884204
0.02671326
0.02790162
0.02853912
0.03234173
0.02849470
0.03026029
0.03059219
0.02914753
0.02541535
0.03006462
0.02678948
0.02883034
0.02677711
0.02703775
0.02890991
0.02825217
0.02738294
0.02923308
0.02932010
0.02683625
0.02970870
0.03027282
0.03044129
0.02858773
0.03018210
0.02745783
0.02800116
0.02759736
0.02983125
0.02838189
0.02909947
0.02819561
0.02825979
0.03102755
0.02756813
0.02860892
0.02769887
0.02928397
0.03130209
0.02802284
0.02827007
0.02812443
0.02497607
0.03044128
0.02786844
0.03036704
0.02886102
0.03006847
0.02699948
0.02846710
0.02758463
0.02687830
0.02834913
0.02982846
0.02914616
0.02983738
0.03045293
0.02922800
0.02981642
0.02834699
0.02710764
0.02959050
0.02749745
0.02794473
0.03152828
0.02914959
0.02806618
0.02826731
0.02847067
0.02651784
0.02798028
0.02685709
0.02855449
0.02770615
0.02742084
0.03422248
0.02929223
0.02818109
0.02930065
0.03098294
0.02790571
0.02875762
0.02585950
0.02866334
0.02922890
0.02714264
0.02709931
0.03043281
0.02963196
0.02947418
0.03061006
0.02922561
0.03288862
0.02827510
0.03034520
0.02685532
0.02782938
0.02902850
0.02651778
0.02769594
0.02794047
0.02751503
0.03480295
0.02916859
0.02853754
0.02790885
0.03217882
0.02860056
0.03133623
0.03011085
0.02693854
0.03466900
0.02847374
0.02884263
0.02886834
0.03146300
0.02866821
0.03086960
0.02669738
0.02849138
0.04236617
0.02824934
0.03069121
0.02802051
0.02708621
0.02747174
0.03509723
0.03035418
0.03179830
0.02962040
0.02816495
0.02943672
0.03851135
0.02869009
0.03052557
0.02896712
0.02878652
0.02934826
0.02829322
0.02913748
0.02720441
0.02870857
0.02939984
0.03073668
0.03051546
0.02885327
0.02797576
0.02784811
0.02782141
0.03071734
0.02638227
0.02779417
0.03065310
0.02843185
0.03065178
0.02557393
0.02627944
0.02912261
0.03421466
0.02901735
0.02675119
0.03227104
0.03038776
0.02755762
0.03196399
0.03228338
0.02567486
0.02748269
0.02767131
0.02843971
0.02839138
0.02829029
0.02653864
0.02865972
0.02802914
0.02956806
0.02862214
0.03015104
0.02885282
0.02837413
0.02655851
0.02619887
0.03065936
0.02772358
0.02963848
0.02466174
0.02752626
0.02768026
0.02618736
0.02865882
0.02709363
0.02667038
0.02694599
0.02765611
0.02899737
0.02650814
0.02804001
0.02720845
0.02978461
0.02824350
0.02943622
0.03149567
0.03356814
0.03187746
0.02816678
0.02949202
0.02801303
0.02946175
0.03051850
0.02587042
0.02864486
0.02893162
0.02826380
0.03469310
0.02927726
0.02852899
0.02819408
0.02732055
0.02720037
0.02720681
0.02838115
0.02713221
0.03466108
0.03119989
0.02967143
0.02572063
0.03350412
0.02975656
0.02993287
0.02971948
0.02915864
0.02759854
0.03007327
0.03199660
0.03150899
0.02629253
0.02669252
0.02743204
0.04381064
0.03037597
0.02993712
0.02786581
0.02933410
0.02544573
0.02738725
0.02809489
0.02833079
0.02860936
0.03092756
0.02860598
0.03015762
0.02635428
0.02864765
0.02870400
0.02957564
0.02907818
0.02813199
0.02877272
0.02719068
0.02830826
0.02920494
0.02707687
0.03078944
0.02672668
0.02845964
0.02767320
0.02782098
0.02970140
0.03047547
0.02584546
0.02731327
0.02704357
0.03112757
0.02920055
0.02975302
0.03246165
0.02693971
0.02898296
0.03081787
0.02810218
0.02822141
0.02548006
0.02680988
0.02846719
0.03040777
0.02724869
0.03158634
0.02729994
0.02749855
0.02971977
0.02801491
0.02750766
0.02857910
0.02650148
0.02917586
0.02803250
0.02776397
0.02713418
0.02701060
0.02734658
0.02898684
0.02807839
0.02857621
0.02685928
0.02839338
0.03103490
0.03164141
0.02907428
0.02710607
0.03007491
0.03061611
0.02926742
0.02721644
0.02679671
0.02860180
0.02659080
0.02514970
0.03191223
0.02745246
0.03230757
0.02949049
0.02909252
0.02652133
0.03093908
0.02694878
0.03011948
0.02895154
0.02793719
0.02837235
0.02992613
0.02957807
0.03008105
0.03161051
0.03034571
0.02817513
0.02745634
0.02867826
0.02781223
0.02984392
0.02929794
0.02815537
0.02658397
0.02709916
0.02878926
0.02685493
0.02700424
0.02621677
0.03050711
0.02664532
0.02851102
0.03106201
0.02701384