0.01322442
0.01287586
0.01255303
0.01142309
0.01474947
0.01348831
0.01426493
0.01282902
0.01188877
0.01402094
0.01371226
0.01314024
0.01183241
0.01342874
0.01158572
0.01320991
0.01049819
0.01179358
0.01373725
0.01355520
0.01262954
0.01286696
0.01292706
0.01335755
0.01438341
0.01317508
0.01298460
0.01324187
0.01433569
0.01249715
0.01414884
0.01202230
0.01344709
0.01207968
0.01208409
0.01487566
0.01504961
0.01367673
0.01475305
0.01300872
0.01706282
0.01269072
0.01380056
0.01408402
0.01455261
0.01199511
0.01337253
0.01336671
0.01122245
0.01279835
0.01211396
0.01348649
0.01520095
0.01196801
0.01186957
0.01281247
0.01340603
0.01188318
0.01473346
0.01223092
0.01464718
0.01349790
0.01234749
0.01184101
0.01363300
0.01295929
0.01401049
0.01193459
0.01231158
0.01139819
0.01139247
0.01263525
0.01294811
0.01372226
0.01371169
0.01298079
0.01280740
0.01459054
0.01356403
0.01173791
0.01347731
0.01182218
0.01115446
0.01372826
0.01222060
0.01095007
0.01247672
0.01184991
0.01402200
0.01254838
0.01281555
0.01367551
0.01399562
0.01487001
0.01361537
0.01238736
0.01323688
0.01367863
0.01159520
0.01259104
0.01323593
0.01556855
0.01281752
0.01344324
0.01186872
0.01188253
0.01323913
0.01398217
0.01454679
0.01192707
0.01264674
0.01287681
0.01457491
0.01380001
0.01222731
0.01445197
0.01248701
0.01518922
0.01344615
0.01414591
0.01306780
0.01134821
0.01449521
0.01256801
0.01522375
0.01186306
0.01301014
0.01295538
0.01420155
0.01264741
0.01068987
0.01304192
0.01406265
0.01329743
0.01386073
0.01545607
0.01190214
0.01296020
0.01281671
0.01359714
0.01238415
0.01309767
0.01142157
0.01264070
0.01329645
0.01259289
0.01201398
0.01164570
0.01154895
0.01286928
0.01170711
0.01240935
0.01373868
0.01255660
0.01278227
0.01556066
0.01359233
0.01456508
0.01184345
0.01146480
0.01332662
0.01344048
0.01210837
0.01239320
0.01238136
0.01452874
0.01152541
0.01328003
0.01326406
0.01184702
0.01372086
0.01264700
0.01204815
0.01292821
0.01336469
0.01250264
0.01358372
0.01337192
0.01341737
0.01225771
0.01333644
0.01323743
0.01341393
0.01180721
0.01222100
0.01347915
0.01292450
0.01238156
0.01267085
0.01426336
0.01561202
0.01408611
0.01307431
0.01471273
0.01110608
0.01386736
0.01290744
0.01345567
0.01342103
0.01180582
0.01377909
0.01461313
0.01152190
0.01268872
0.01289652
0.01451523
0.01399573
0.01187669
0.01303679
0.01182987
0.01275233
0.01189640
0.01497962
0.01578501
0.01300312
0.01412164
0.01236384
0.01401242
0.01447430
0.01116400
0.01270120
0.01128171
0.01221745
0.01464498
0.01324259
0.01192628
0.01262423
0.01189252
0.01369644
0.01160521
0.01321671
0.01158791
0.01270101
0.01458141
0.01276094
0.01385653
0.01413339
0.01375474
0.01315484
0.01250647
0.01132493
0.01233176
0.01188570
0.01168496
0.01344187
0.01391757
0.01242413
0.01401495
0.01210298
0.01326433
0.01344445
0.01170824
0.01298679
0.01298755
0.01438783
0.01470083
0.01549588
0.01340970
0.01274867
0.01182411
0.01294731
0.01307253
0.01214549
0.01232082
0.01379516
0.01223819
0.01473073
0.01344410
0.01101385
0.01276377
0.01200655
0.01289134
0.01386624
0.01223454
0.01307312
0.01316471
0.01406950
0.01350388
0.01419550
0.01303799
0.01336280
0.01202194
0.01281241
0.01267947
0.01149134
0.01185762
0.01382628
0.01291097
0.01285705
0.01300006
0.01432687
0.01164723
0.01333762
0.01356816
0.01578911
0.01367002
0.01283119
0.01255456
0.01266454
0.01451907
0.01363243
0.01239392
0.01228838
0.01371528
0.01210067
0.01352484
0.01459160
0.01343158
0.01425785
0.01369282
0.01280580
0.01293289
0.01203151
0.01134443
0.01193593
0.01149120
0.01227333
0.01259892
0.01181245
0.01133567
0.01217009
0.01322478
0.01347970
0.01665574
0.01617805
0.01185919
0.01293131
0.01298785
0.01265505
0.01433817
0.01430295
0.01418652
0.01346590
0.01345627
0.01224044
0.01454663
0.01311344
0.01352301
0.01335665
0.01289063
0.01451513
0.01381817
0.01466440
0.01351608
0.01259715
0.01528690
0.01225804
0.01269409
0.01185988
0.01177889
0.01503870
0.01150905
0.01285121
0.01155547
0.01201022
0.01155780
0.01337034
0.01218621
0.01323684
0.01324781
0.01359741
0.01331401
0.01465046
0.01301875
0.01494058
0.01292298
0.01313915
0.01200346
0.01362576
0.01350544
0.01257671
0.01355889
0.01469260
0.01263419
0.01205726
0.01170997
0.01161889
0.01361676
0.01430135
0.01400687
0.01195776
0.01338071
0.01316184
0.01471139
0.01317121
0.01356836
0.01217113
0.01217164
0.01366102
0.01382602
0.01467029
0.01145882
0.01331201
0.01372502
0.01296023
0.01296143
0.01315352
0.01266039
0.01269285
0.01216271
0.01269182
0.01527044
0.01327800
0.01227900
0.01258353
0.01195162
0.01283374
0.01217557
0.01328475
0.01363441
0.01283220
0.01505217
0.01474158
0.01287568
0.01232563
0.01392798
0.01440583
0.01303126
0.01395145
0.01380559
0.01138996
0.01208255
0.01276980
0.01322748
0.01367075
0.01350535
0.01338588
0.01415312
0.01135475
0.01333194
0.01413106
0.01456925
0.01360720
0.01325496
0.01295512
0.01084573
0.01324467
0.01270824
0.01461080
0.01345429
0.01332153
0.01297963
0.01370783
0.01309292
0.01395528
0.01587891
0.01349072
0.01529665
0.01147535
0.01225263
0.01277193
0.01297867
0.01341591
0.01304274
0.01270284
0.01279422
0.01297880
0.01178045
0.01143198
0.01292574
0.01222615
0.01214487
0.01151284
0.01156160
0.01112427
0.01540300
0.01234094
0.01071617
0.01628382
0.01334517
0.01274095
0.01143190
0.01158445
0.01409351
0.01521824
0.01180679
0.01225207
0.01271552
0.01482254
0.01226465
0.01322169
0.01276460
0.01249278
0.01263769
0.01299497
0.01333065
0.01259266
0.01300965
0.01269900
0.01341014
0.01351438
0.01462559
0.01162695
0.01286928
0.01356374
0.01155923
0.01272791
0.01306530
0.01331520
0.01391216