0.02380039
0.02347569
0.02681235
0.02649584
0.02294207
0.02334655
0.02336280
0.02116089
0.02751775
0.02030807
0.02273899
0.02924237
0.02418283
0.02699706
0.02462407
0.02127584
0.02190525
0.02130899
0.02316410
0.02973816
0.02482122
0.02589863
0.02593621
0.02131844
0.02673550
0.02375189
0.02813630
0.02072750
0.02569219
0.02831471
0.02271858
0.02256638
0.02144304
0.02252203
0.03697745
0.02454745
0.02385867
0.02715813
0.02691422
0.02617614
0.02372784
0.02890709
0.02156828
0.02456342
0.02108273
0.02574575
0.02290612
0.02796791
0.02205108
0.02187454
0.02400079
0.02942347
0.02689098
0.02384420
0.02899365
0.02354919
0.02382712
0.02170579
0.02886524
0.02807366
0.02352646
0.02732804
0.02473630
0.02216290
0.02671516
0.02225967
0.02141761
0.02245551
0.02639469
0.03209176
0.02439461
0.02044632
0.02562579
0.02511224
0.02365895
0.02288519
0.02192209
0.02461945
0.02918345
0.02591040
0.02516452
0.02268044
0.03287887
0.02818046
0.02655050
0.02395195
0.02623779
0.02603579
0.02191073
0.02320509
0.02646940
0.02097503
0.02861152
0.02599314
0.02200589
0.02183236
0.03364532
0.02560360
0.03029384
0.03010075
0.02365065
0.02445338
0.02480669
0.02105092
0.02811025
0.02276231
0.02960044
0.02808128
0.02552299
0.02407886
0.02142931
0.02482245
0.03372626
0.02573909
0.02720426
0.02893194
0.03100258
0.02662110
0.02330930
0.03031800
0.02205841
0.02359989
0.02607125
0.02292522
0.02100809
0.02241435
0.03171557
0.02781476
0.02297539
0.02361206
0.02390308
0.03096957
0.02047052
0.03046342
0.02513885
0.02124860
0.02786384
0.02393456
0.02217051
0.02567380
0.03068229
0.02717137
0.02534940
0.02403538
0.02257567
0.02779355
0.02976605
0.02446961
0.02686014
0.02919240
0.02265131
0.02808407
0.02394451
0.02328691
0.02273329
0.02333194
0.02153713
0.03593625
0.02306084
0.02323592
0.02241155
0.02270745
0.02483881
0.02243601
0.03093130
0.02655548
0.02820063
0.02408361
0.02915859
0.03259151
0.02459501
0.02793629
0.02610583
0.02511102
0.02168131
0.02290567
0.02235349
0.02380176
0.02585632
0.02478138
0.02665482
0.02399530
0.02548388
0.02587851
0.02392965
0.02783226
0.02501889
0.02375061
0.02003220
0.02297827
0.02765948
0.02357006
0.02599670
0.02846008
0.02331144
0.03006245
0.02136809
0.02813774
0.02455919
0.02925507
0.02871825
0.02205841
0.02692922
0.02538536
0.02098833
0.02526489
0.02404645
0.02221165
0.02483276
0.03440503
0.02441183
0.02465937
0.03024378
0.02639462
0.02431242
0.02070958
0.02015365
0.02781163
0.03213380
0.02329004
0.02768177
0.03354717
0.02714323
0.02142173
0.02181852
0.02620993
0.02331592
0.02396099
0.02343559
0.02916014
0.02502969
0.02223229
0.02965831
0.03055909
0.02968945
0.02006706
0.02066702
0.02731344
0.02330415
0.02581322
0.02754035
0.02543913
0.02957933
0.02277114
0.02373637
0.03106932
0.02773119
0.02683987
0.03266486
0.02267042
0.02399856
0.02635391
0.02475690
0.02534835
0.02518833
0.02037192
0.02706228
0.02451086
0.02515514
0.02454926
0.02637885
0.02391740
0.02371558
0.03252624
0.02308878
0.03074942
0.02462867
0.02485920
0.02598640
0.02247402
0.02187620
0.02378223
0.02177568
0.02913327
0.02590840
0.02543777
0.02919382
0.01972329
0.01996429
0.02245292
0.02442388
0.02886074
0.02740353
0.02301597
0.02445127
0.02449557
0.02809964
0.02736006
0.02211424
0.03405020
0.02363608
0.02598074
0.02904877
0.02239279
0.03621566
0.02326360
0.02963826
0.02295324
0.02194822
0.03227203
0.03164098
0.02738359
0.02665344
0.02502403
0.02240774
0.02502483
0.02604397
0.01959654
0.02590845
0.02289888
0.02466631
0.02259339
0.02234763
0.02252022
0.02718718
0.02424359
0.02608307
0.02832492
0.02782286
0.02264305
0.02814484
0.02373252
0.02011459
0.02585818
0.02385751
0.02260846
0.02526130
0.02073732
0.02504673
0.02836675
0.02485794
0.03306923
0.02278833
0.02533090
0.02346492
0.02487010
0.02851382
0.02376963
0.03025079
0.02186223
0.02361317
0.02358481
0.02583346
0.02530951
0.02227375
0.02649583
0.02847978
0.03095057
0.02558427
0.02931608
0.02889984
0.02923015
0.02546469
0.02428242
0.02314190
0.02619091
0.02368075
0.02568703
0.02317806
0.02468577
0.02665873
0.03090611
0.03122408
0.02677146
0.02808596
0.03257047
0.02275606
0.02680255
0.03002319
0.02165195
0.02762642
0.01940004
0.02936292
0.02837133
0.02230017
0.02642639
0.02672862
0.02618795
0.02799772
0.02388845
0.02689258
0.02913504
0.02373966
0.02782891
0.02610200
0.03682401
0.02333935
0.02409624
0.02679209
0.02895466
0.02180079
0.02497843
0.02992041
0.02285483
0.02843388
0.03070550
0.02562735
0.02437109
0.02410138
0.02196806
0.02518452
0.02205484
0.02265038
0.02573390
0.02153756
0.02669272
0.02873293
0.01974449
0.02179621
0.03063379
0.02270951
0.02592002
0.03153330
0.03774865
0.02290683
0.02458945
0.02190229
0.02156153
0.02739877
0.02596877
0.02322084
0.02035188
0.02622836
0.02786028
0.02761452
0.02772284
0.02269902
0.02505953
0.02728000
0.02713909
0.02617528
0.02870805
0.02910835
0.02450011
0.02702521
0.04120881
0.03067356
0.03026713
0.02604970
0.02411321
0.03096803
0.02850020
0.02414911
0.02516541
0.02525009
0.02499863
0.02563805
0.02573061
0.02317090
0.03533025
0.02688892
0.02529865
0.02048367
0.02657606
0.02950927
0.02556437
0.02811853
0.02161759
0.02668288
0.03554692
0.02236397
0.02569903
0.02360429
0.02689425
0.02488495
0.03367866
0.02386146
0.02761974
0.02157340
0.02648473
0.02217983
0.02777054
0.02078090
0.02525582
0.02911831
0.02876228
0.02773153
0.02485911
0.02267281
0.02323202
0.02442609
0.02786611
0.02332789
0.02388760
0.02307900
0.02887490
0.02796184
0.02099698
0.03038258
0.02414182
0.02342306
0.02618496
0.02396550
0.03342912
0.02497662
0.02574294
0.02197913
0.02757105
0.03144913
0.02409793