0.01421045
0.01390804
0.01454934
0.01350069
0.01287023
0.01504044
0.01254128
0.01566732
0.01452548
0.01458634
0.01380454
0.01396024
0.01398149
0.01423056
0.01402605
0.01538879
0.01341262
0.01561722
0.01330169
0.01329966
0.01264921
0.01352997
0.01435416
0.01544873
0.01536912
0.01990736
0.01606190
0.01605920
0.01312095
0.01330663
0.01355647
0.01296209
0.01396855
0.01391096
0.01346735
0.01319019
0.01295707
0.01252575
0.01262178
0.01967726
0.01590335
0.01384534
0.01392531
0.01566929
0.01527627
0.01249066
0.01293891
0.01381054
0.01350053
0.01355888
0.01403261
0.01310940
0.01335873
0.01387201
0.01507407
0.01446699
0.01308492
0.01360917
0.01344072
0.01460474
0.01282181
0.01391931
0.01571464
0.01379204
0.01564444
0.01704479
0.01424003
0.01627191
0.01437580
0.01301373
0.01535197
0.01404169
0.01356562
0.01438493
0.01671826
0.01436225
0.01544968
0.01252479
0.01532477
0.01386760
0.01230910
0.01404316
0.01368560
0.01431619
0.01538756
0.01636381
0.01510882
0.01361804
0.01526897
0.01352804
0.01331083
0.01301888
0.01401412
0.01534346
0.01551806
0.01347777
0.01514436
0.01246700
0.01353701
0.01431583
0.01673397
0.01519466
0.01302031
0.01399559
0.01305349
0.01455811
0.01558526
0.01402003
0.01600331
0.01359814
0.01528393
0.01278131
0.01282348
0.01249720
0.01258172
0.01386919
0.01454146
0.01351427
0.01336880
0.01446969
0.01246037
0.01547886
0.01577574
0.01359668
0.01455219
0.01422512
0.01217751
0.01272558
0.01301687
0.01399978
0.01326760
0.01273053
0.01351971
0.01263442
0.01420882
0.01348674
0.01245904
0.01402444
0.01406858
0.01406464
0.01349703
0.01338201
0.01310616
0.01779185
0.01217427
0.01322924
0.01720067
0.01484899
0.01302272
0.01611346
0.01555258
0.01362584
0.01639743
0.01437563
0.01541272
0.01243637
0.01961633
0.01508534
0.01443471
0.01489065
0.01396735
0.01419394
0.01335110
0.01570670
0.01325312
0.01455240
0.01570507
0.01271529
0.01331887
0.01435463
0.01517021
0.01297324
0.01383108
0.01327543
0.01216517
0.01596042
0.01238472
0.01304799
0.01507403
0.01386658
0.01207456
0.01260171
0.01426658
0.01532285
0.01265838
0.01326603
0.01431314
0.01295844
0.01674887
0.01452047
0.01383098
0.01291219
0.01203706
0.01452193
0.01342612
0.01459789
0.01374592
0.01408421
0.01271120
0.01361630
0.01332548
0.01238432
0.01371590
0.01186967
0.01362469
0.01290294
0.01271992
0.01266404
0.01578974
0.01439204
0.01444020
0.01531366
0.01317430
0.01360699
0.01306735
0.01560834
0.01515262
0.01247891
0.01227513
0.01391022
0.01724687
0.01655142
0.01184710
0.01461853
0.01255222
0.01316108
0.01499799
0.01175819
0.01627965
0.01481990
0.01171789
0.01236071
0.01317306
0.01470010
0.01238401
0.01369101
0.01297381
0.01480693
0.01349002
0.01572939
0.01504012
0.01382304
0.01394815
0.01905779
0.01386064
0.01526871
0.01520302
0.01553537
0.01202152
0.01263541
0.01360876
0.01501200
0.01436910
0.01348507
0.01588983
0.01843362
0.01383045
0.01293492
0.01284656
0.01354186
0.01462929
0.01555661
0.01929114
0.01278817
0.01645791
0.01521440
0.01697734
0.01270121
0.01328515
0.01492910
0.01341741
0.01457015
0.01822609
0.01736345
0.01839147
0.01340590
0.01395658
0.01463530
0.01406688
0.01386622
0.01352765
0.01352739
0.01526736
0.01387119
0.01317123
0.01351563
0.01417968
0.01555430
0.01464482
0.01470538
0.01491862
0.01273773
0.01383939
0.01550486
0.01248644
0.01383164
0.01432369
0.01308383
0.01670873
0.01262562
0.01249282
0.01434104
0.01452784
0.01486774
0.01478983
0.01306877
0.01623068
0.01465432
0.01443762
0.01582812
0.01240933
0.01217683
0.01286976
0.01509985
0.01555933
0.01447382
0.01327404
0.01243089
0.01428366
0.01175723
0.01659008
0.01389163
0.01309215
0.01629048
0.01420266
0.01714462
0.01589769
0.01422620
0.01362057
0.01595642
0.01272629
0.01469529
0.01294335
0.01450912
0.01337776
0.01693322
0.01616446
0.01477480
0.01543394
0.01273004
0.01379381
0.01373686
0.01378991
0.01525761
0.01690473
0.01231687
0.01573753
0.01598303
0.01317980
0.01495829
0.01536032
0.01264511
0.01581876
0.01406926
0.01428128
0.01407691
0.01375880
0.01466080
0.01320981
0.01555395
0.01315013
0.01381389
0.01375926
0.01206930
0.01639258
0.01827175
0.01413776
0.01264793
0.01585024
0.01504168
0.01521231
0.01273674
0.01277036
0.01441288
0.01607759
0.01379646
0.01717102
0.01227371
0.01433874
0.01426700
0.01278312
0.01271253
0.01382655
0.01516138
0.01468174
0.01759357
0.01541013
0.01348098
0.01591762
0.01643452
0.01467958
0.01494837
0.01335669
0.01277826
0.01243799
0.01293492
0.01438781
0.01330932
0.01267803
0.01229300
0.01458910
0.01390463
0.01407241
0.01794646
0.01408981
0.01552124
0.01283141
0.01404506
0.01394277
0.01565547
0.01279596
0.01328057
0.01686271
0.01497134
0.01276222
0.01331756
0.01476859
0.01209345
0.01692612
0.01642802
0.01431470
0.02054003
0.01288634
0.01359611
0.01395152
0.01428590
0.01317473
0.01399942
0.01497479
0.01383000
0.01678938
0.01310733
0.01235281
0.01275001
0.01448258
0.01700873
0.01370967
0.01468159
0.01400656
0.01555367
0.01364495
0.01650438
0.01613173
0.01248290
0.01253884
0.01438461
0.01381121
0.01395988
0.01360918
0.01471804
0.01483051
0.01440177
0.01381844
0.01376867
0.01715224
0.01297199
0.01412599
0.01282419
0.01268456
0.01185326
0.01714608
0.01327238
0.01533194
0.01401684
0.01344560
0.01309503
0.01601951
0.01554975
0.01311329
0.01455023
0.01507446
0.01518840
0.01363736
0.01385976
0.01344331
0.01300744
0.01510067
0.01293252
0.01638501
0.01573131
0.01452305
0.01249087
0.01380777
0.01292389
0.01432890
0.01478761
0.01281226
0.01361620
0.01241604
0.01746800
0.01458361
0.01330648
0.01410948
0.01425221
0.01276300
0.01290915
0.01334382
0.01371294
0.01824553
0.01300520