0.00846716
0.00813998
0.00722544
0.00731326
0.00839873
0.00685467
0.00763329
0.00708715
0.00772378
0.00690250
0.00662217
0.00771083
0.00842198
0.00731946
0.00815247
0.00630423
0.00761869
0.00741985
0.00829974
0.00728571
0.00743895
0.00683177
0.00809669
0.00765682
0.00656750
0.00822050
0.00761430
0.00741528
0.00820731
0.00704559
0.00676276
0.00823196
0.00825907
0.00706010
0.00718167
0.00653199
0.00737745
0.00713608
0.00781504
0.00685550
0.00624247
0.00733846
0.00731276
0.00786703
0.00706741
0.00742969
0.00940011
0.00700008
0.00794644
0.00732768
0.00759533
0.00712406
0.00781658
0.00762904
0.00828482
0.00708070
0.00891915
0.00794738
0.00744610
0.00759236
0.00767609
0.00774786
0.00720849
0.00786535
0.00702409
0.00633535
0.00757112
0.00753530
0.00798886
0.00728166
0.00703108
0.00723731
0.00826289
0.00721846
0.00795254
0.00702707
0.00721245
0.00722383
0.00715138
0.00664245
0.00734069
0.00887938
0.00825415
0.00724980
0.00736562
0.00766932
0.00764881
0.00809186
0.00827358
0.00820572
0.00775662
0.00750291
0.00735229
0.00666880
0.00731660
0.00822110
0.00708152
0.00755343
0.00683142
0.00731171
0.00834215
0.00697992
0.00701509
0.00679576
0.00685470
0.00772684
0.00837615
0.00768356
0.00749278
0.00779949
0.00704806
0.00711817
0.00809121
0.00738045
0.00649845
0.00667416
0.00868779
0.00702608
0.00754325
0.00827895
0.00745444
0.00761186
0.00750880
0.00734196
0.00785618
0.00760518
0.00797720
0.00702531
0.00724180
0.00754289
0.00851637
0.00784151
0.00691938
0.00764290
0.00689235
0.00755838
0.00751201
0.00872110
0.00702340
0.00735818
0.00737013
0.00742593
0.00760206
0.00702894
0.00729598
0.00771825
0.00718020
0.00725028
0.00752923
0.00729868
0.00670240
0.00701365
0.00820952
0.00736912
0.00709871
0.00814669
0.00667073
0.00716356
0.00685369
0.00771278
0.00617518
0.00752382
0.00675967
0.00672724
0.00647392
0.00762299
0.00768578
0.00771557
0.00904787
0.00711376
0.00746463
0.00757232
0.00693359
0.00747269
0.00749478
0.00787746
0.00832948
0.00694815
0.00782108
0.00645874
0.00825239
0.00708946
0.00702049
0.00660194
0.00789209
0.00732609
0.00776683
0.00793855
0.00740968
0.00806056
0.00763611
0.00815965
0.00734485
0.00660363
0.00788017
0.00719719
0.00697745
0.00687374
0.00709528
0.00712541
0.00857093
0.00680527
0.00717337
0.00703556
0.00709279
0.00698858
0.00686717
0.00705652
0.00713604
0.00723433
0.00846315
0.00766388
0.00847244
0.00690501
0.00785635
0.00872139
0.00860453
0.00650051
0.00782917
0.00931652
0.00779683
0.00791095
0.00697430
0.00724067
0.00768624
0.00649193
0.00828974
0.00755121
0.00817740
0.00982674
0.00919473
0.00696415
0.00832284
0.00664997
0.00766108
0.00702615
0.00737655
0.00705091
0.00682008
0.00666176
0.00704143
0.00692493
0.00728804
0.00886179
0.00756070
0.00637114
0.00819202
0.00832930
0.00723329
0.00662313
0.00688907
0.00718866
0.00697071
0.00728503
0.00717654
0.00666444
0.00700285
0.00824353
0.00788560
0.00690680
0.00746845
0.00725025
0.00937278
0.00797794
0.00707935
0.00778962
0.00753789
0.00813510
0.00798468
0.00684720
0.00758142
0.00655563
0.00682993
0.00785155
0.00781475
0.00763449
0.00735185
0.00735884
0.00741926
0.00749971
0.00732499
0.00846989
0.00862224
0.00833415
0.00681890
0.00728089
0.00806683
0.00790589
0.00757476
0.00714610
0.00738319
0.00734120
0.00724439
0.00838132
0.00795603
0.00694100
0.00724971
0.00730289
0.00792950
0.00772206
0.00783335
0.00751208
0.00801428
0.00774864
0.00752675
0.00746730
0.00784052
0.00753955
0.00732114
0.00656926
0.00854318
0.00742352
0.00779280
0.00759179
0.00801222
0.00691993
0.00697833
0.00732124
0.00785233
0.00668534
0.00750844
0.00682123
0.00850480
0.00739813
0.00654800
0.00758985
0.00748329
0.00791522
0.00719415
0.00770874
0.00779002
0.00730082
0.00819827
0.00678042
0.00828075
0.00801189
0.00696385
0.00792155
0.00802405
0.00722493
0.00680829
0.00680598
0.00772251
0.00867664
0.00815838
0.00731389
0.00798642
0.00733942
0.00760266
0.00686446
0.00749528
0.00695232
0.00731859
0.00790226
0.00779861
0.00667442
0.00804160
0.00863373
0.00766998
0.00772710
0.00793449
0.00776225
0.00725262
0.00928886
0.00745755
0.00704372
0.00808468
0.00745722
0.00720374
0.00727397
0.00714572
0.00699130
0.00757744
0.00919707
0.00816231
0.00753721
0.00637697
0.00706413
0.00679317
0.00702018
0.00676127
0.00757379
0.00710881
0.00722909
0.00809441
0.00908897
0.00764379
0.00817893
0.00704583
0.00707048
0.00718060
0.00804037
0.00839382
0.00729525
0.00783592
0.00795259
0.00793112
0.00838860
0.00789306
0.00703366
0.00774160
0.00699552
0.00872139
0.00828844
0.00849636
0.00737853
0.00841142
0.00854935
0.00800099
0.00721724
0.00740835
0.00759279
0.00701798
0.00783469
0.00729388
0.00851298
0.00719400
0.00940732
0.00657274
0.00875839
0.00706641
0.00743311
0.00787253
0.00723766
0.00669510
0.00751890
0.00681645
0.00829785
0.00676405
0.00796997
0.00644668
0.00800489
0.00705527
0.00738662
0.00794150
0.00772204
0.00762056
0.00913215
0.00805040
0.00805020
0.00889780
0.00708675
0.00809421
0.00776227
0.00771513
0.00760986
0.00775988
0.00737796
0.00693816
0.00760429
0.00695315
0.00813268
0.00788235
0.00781733
0.00681572
0.00824732
0.00742291
0.00686373
0.00779595
0.00742119
0.00790196
0.00663554
0.00754687
0.00769583
0.00697027
0.00718410
0.00671386
0.00769999
0.00775748
0.00682361
0.00735267
0.00685918
0.00733839
0.00671479
0.00748146
0.00669402
0.00667871
0.00859592
0.00800455
0.00797987
0.00688474
0.00734569
0.00764671
0.00735809
0.00720242
0.00678060
0.00762625
0.00746030
0.00679368
0.00719390
0.00879568
0.00807390
0.00860807
0.00882003
0.00720875
0.00802063
0.00795256
0.00669636
0.00856040
0.00699479