0.01330844
0.01234259
0.01193795
0.01189031
0.01203784
0.01188775
0.01282940
0.01322398
0.01291298
0.01249792
0.01183786
0.01185614
0.01221361
0.01512267
0.01220171
0.01226628
0.01411359
0.01226318
0.01268227
0.01241520
0.01160950
0.01413958
0.01213437
0.01248634
0.01203049
0.01262303
0.01318594
0.01207499
0.01228183
0.01408695
0.01199464
0.01362926
0.01357008
0.01221656
0.01201925
0.01142420
0.01193370
0.01353410
0.01394349
0.01155150
0.01408096
0.01204243
0.01293171
0.01196994
0.01265073
0.01424254
0.01283128
0.01289999
0.01253929
0.01178986
0.01288490
0.01339739
0.01207325
0.01290584
0.01273957
0.01285742
0.01264709
0.01336821
0.01257321
0.01218911
0.01354362
0.01236321
0.01298883
0.01255513
0.01223622
0.01716764
0.01234318
0.01311718
0.01155878
0.01467650
0.01373784
0.01243921
0.01369886
0.01270257
0.01166154
0.01230967
0.01224027
0.01363423
0.01375533
0.01176071
0.01235467
0.01270605
0.01330305
0.01142966
0.01171470
0.01442594
0.01177974
0.01369148
0.01267720
0.01354398
0.01262946
0.01160942
0.01449846
0.01194748
0.01309486
0.01266899
0.01326834
0.01341447
0.01229266
0.01205553
0.01204218
0.01232885
0.01210040
0.01307036
0.01192950
0.01399560
0.01210288
0.01327306
0.01226426
0.01309371
0.01227601
0.01251140
0.01379699
0.01412908
0.01208856
0.01255522
0.01339193
0.01207117
0.01679482
0.01228844
0.01312616
0.01257506
0.01297525
0.01179360
0.01234868
0.01371754
0.01358961
0.01186094
0.01302453
0.01293002
0.01251275
0.01192206
0.01274934
0.01240312
0.01229150
0.01243913
0.01196684
0.01296320
0.01359338
0.01408393
0.01190755
0.01236942
0.01220006
0.01337999
0.01221885
0.01214456
0.01197320
0.01325998
0.01137776
0.01310365
0.01225702
0.01177587
0.01296589
0.01240442
0.01261157
0.01203523
0.01154007
0.01320419
0.01260639
0.01217067
0.01231789
0.01350984
0.01277944
0.01297166
0.01245786
0.01229342
0.01154163
0.01233475
0.01187621
0.01251961
0.01336067
0.01198797
0.01168688
0.01360110
0.01212828
0.01262854
0.01312458
0.01212134
0.01219930
0.01341344
0.01297267
0.01262591
0.01281777
0.01298740
0.01275927
0.01299847
0.01189973
0.01230506
0.01244987
0.01233632
0.01462098
0.01229746
0.01259702
0.01240668
0.01280772
0.01310009
0.01145202
0.01309493
0.01191385
0.01409030
0.01323593
0.01296435
0.01220787
0.01251830
0.01323916
0.01261680
0.01285713
0.01244361
0.01454524
0.01243360
0.01302232
0.01246917
0.01160631
0.01239201
0.01155309
0.01226410
0.01246773
0.01190101
0.01338905
0.01360775
0.01343768
0.01398363
0.01237339
0.01319483
0.01275723
0.01170157
0.01206548
0.01340789
0.01213228
0.01328702
0.01219163
0.01377724
0.01284347
0.01221745
0.01382323
0.01192102
0.01225038
0.01220555
0.01352773
0.01281860
0.01305829
0.01264237
0.01231808
0.01189834
0.01181393
0.01308514
0.01249699
0.01357322
0.01147933
0.01217556
0.01199180
0.01218097
0.01504038
0.01244283
0.01262763
0.01371441
0.01280791
0.01241354
0.01190694
0.01185335
0.01300137
0.01266674
0.01212579
0.01612659
0.01245470
0.01267307
0.01493128
0.01314697
0.01201546
0.01150838
0.01382968
0.01173289
0.01287302
0.01157213
0.01418282
0.01221243
0.01187617
0.01193045
0.01297114
0.01272273
0.01198321
0.01289425
0.01420393
0.01322118
0.01295541
0.01251918
0.01216818
0.01744079
0.01328451
0.01358159
0.01239321
0.01237920
0.01193109
0.01375868
0.01412917
0.01323669
0.01262211
0.01214680
0.01286303
0.01267048
0.01149089
0.01208549
0.01258173
0.01369410
0.01347875
0.01264712
0.01255473
0.01336655
0.01322668
0.01367162
0.01239303
0.01211206
0.01348838
0.01177245
0.01252051
0.01208594
0.01295438
0.01450670
0.01180792
0.01290791
0.01303437
0.01224962
0.01694294
0.01176983
0.01385716
0.01268205
0.01247224
0.01265234
0.01262559
0.01353030
0.01253882
0.01343372
0.01196816
0.01246737
0.01321108
0.01500835
0.01193069
0.01316196
0.01272101
0.01283355
0.01154574
0.01264985
0.01185502
0.01229059
0.01268524
0.01197491
0.01233774
0.01285467
0.01213227
0.01272728
0.01288917
0.01361058
0.01254578
0.01226946
0.01296352
0.01290966
0.01193984
0.01178146
0.01200109
0.01269940
0.01433107
0.01284470
0.01275810
0.01224452
0.01396684
0.01212888
0.01280260
0.01430815
0.01190528
0.01210182
0.01169404
0.01282779
0.01277933
0.01263964
0.01242545
0.01420368
0.01172315
0.01374349
0.01203775
0.01288602
0.01313589
0.01325802
0.01391308
0.01406582
0.01294109
0.01332517
0.01507945
0.01197308
0.01202453
0.01202162
0.01235424
0.01145927
0.01215691
0.01291573
0.01318715
0.01285686
0.01414278
0.01408602
0.01155190
0.01214291
0.01327253
0.01187335
0.01325149
0.01279639
0.01199769
0.01272333
0.01184808
0.01195989
0.01312747
0.01390962
0.01308235
0.01138071
0.01200754
0.01320097
0.01211155
0.01330922
0.01191154
0.01388944
0.01439724
0.01401464
0.01196504
0.01225634
0.01272061
0.01230077
0.01353412
0.01418344
0.01282392
0.01227904
0.01380125
0.01265405
0.01215608
0.01227257
0.01490966
0.01280481
0.01235888
0.01298250
0.01279633
0.01202583
0.01484801
0.01210774
0.01704508
0.01234554
0.01237770
0.01192449
0.01353267
0.01213261
0.01174211
0.01190701
0.01236627
0.01151672
0.01247570
0.01306618
0.01185678
0.01279517
0.01227343
0.01313678
0.01213548
0.01231819
0.01380243
0.01201310
0.01260869
0.01197814
0.01395923
0.01212155
0.01450105
0.01329547
0.01315414
0.01237934
0.01228149
0.01309740
0.01349252
0.01282342
0.01230342
0.01174349
0.01155273
0.01198363
0.01198021
0.01223580
0.01250652
0.01205221
0.01309306
0.01320315
0.01197917
0.01220848
0.01260554
0.01323201
0.01303742
0.01256327
0.01163943
0.01196505
0.01487367
0.01282241
0.01233659
0.01532134
0.01208994
0.01180641
0.01270355
0.01234421
0.01484966
0.01278364