0.05740410
0.06179094
0.05439993
0.05324917
0.05480659
0.05437016
0.05511773
0.05490011
0.05636722
0.05833288
0.05547121
0.06040848
0.05201112
0.05523237
0.05402963
0.05987581
0.06505189
0.05157993
0.05537821
0.05459521
0.05794912
0.05234691
0.05488810
0.05586517
0.05323858
0.05247818
0.05324257
0.05455787
0.05635029
0.05126391
0.05153785
0.05680403
0.06617857
0.06206379
0.05451439
0.05027729
0.05568486
0.05365951
0.07917853
0.05621796
0.05969615
0.05455958
0.05726564
0.05387188
0.05041741
0.06122565
0.05332138
0.05403566
0.06390382
0.05112829
0.06242434
0.05050183
0.05845740
0.05118212
0.05440560
0.05618745
0.05202886
0.05134697
0.05862380
0.06838107
0.05524503
0.05688603
0.05343203
0.05458259
0.05304672
0.05347231
0.06069068
0.05211303
0.05752570
0.05114845
0.04978610
0.05163729
0.05330515
0.05145451
0.05784992
0.05230306
0.05092493
0.06065051
0.05306400
0.05115566
0.06342672
0.05304887
0.05608790
0.05162773
0.05409740
0.05016049
0.05082112
0.05316824
0.04914755
0.05331353
0.05102380
0.05041518
0.05556450
0.05336956
0.05397642
0.05849311
0.05438132
0.06981604
0.05114253
0.05729100
0.05113899
0.05266790
0.05940817
0.05842901
0.05087171
0.05565687
0.06031312
0.05456448
0.05561576
0.05378175
0.07383732
0.05920769
0.05857755
0.05983588
0.05883986
0.05367142
0.05628010
0.06314314
0.05139918
0.05206720
0.05449112
0.05545772
0.05454363
0.05198499
0.05115065
0.05094113
0.05487860
0.05995550
0.05837485
0.05393866
0.05150787
0.05532538
0.05244145
0.05062674
0.05264293
0.05852972
0.05291394
0.05121491
0.06761658
0.05913031
0.05465322
0.05696997
0.05371745
0.04923067
0.05309024
0.05602487
0.06333117
0.04911028
0.05381053
0.05428261
0.05640569
0.04820763
0.05451373
0.05931534
0.05561670
0.05457020
0.05501317
0.05258782
0.05132118
0.06048855
0.05118379
0.06262717
0.05469092
0.05088350
0.05605153
0.05631573
0.05697073
0.05455809
0.05381430
0.05298810
0.05642603
0.05383981
0.05469970
0.05592724
0.05120660
0.05707261
0.05394489
0.05500799
0.05443684
0.06268522
0.05641599
0.05586793
0.11132415
0.05502750
0.05633970
0.07900892
0.04930997
0.06060857
0.05950149
0.06186710
0.05723556
0.05941390
0.06461209
0.05538810
0.04905219
0.05138665
0.06875997
0.05826908
0.06619610
0.07229197
0.05902233
0.05602245
0.05470409
0.05489033
0.05222969
0.06560760
0.05345639
0.05020506
0.05202391
0.05275145
0.05197029
0.06022293
0.05468524
0.07023649
0.06144223
0.06648845
0.05259957
0.05503371
0.05625632
0.05447738
0.05155639
0.05680057
0.05319600
0.05234519
0.05072820
0.05605743
0.06437013
0.05512393
0.05438057
0.05389397
0.05590876
0.05296240
0.05336213
0.05258060
0.05909191
0.05447989
0.05212779
0.06563014
0.05260852
0.05695008
0.05049148
0.05425083
0.05665385
0.04954661
0.05627490
0.05500623
0.05972576
0.05341120
0.05258852
0.05487037
0.05116562
0.06764270
0.12045805
0.05320323
0.05211150
0.05543202
0.05301023
0.05403752
0.05220266
0.05495251
0.06155776
0.05570504
0.06008888
0.05735682
0.05992292
0.05702275
0.05674629
0.05113690
0.05476532
0.05240811
0.05075161
0.05812356
0.06295687
0.06348185
0.06007304
0.06040030
0.05574350
0.05977226
0.05007888
0.06127733
0.05502089
0.05724239
0.05801331
0.05325948
0.05285428
0.05734506
0.05851733
0.05804887
0.05773658
0.05338544
0.05924303
0.05973496
0.05588114
0.05426177
0.06022742
0.06147101
0.05883367
0.06216765
0.05234604
0.05268222
0.06005347
0.04736179
0.05366490
0.05712169
0.05370337
0.06097410
0.05589210
0.05215612
0.05686719
0.05318932
0.05148796
0.05819922
0.05468767
0.05181208
0.06199917
0.05407079
0.04915244
0.05417446
0.05586752
0.08040141
0.06151380
0.05121664
0.05428785
0.05982466
0.05243967
0.05242795
0.05805967
0.06495165
0.05902823
0.05978440
0.05602846
0.06516771
0.05272480
0.05681952
0.06015974
0.06521898
0.05663336
0.06012613
0.05156641
0.05644282
0.06134293
0.06072358
0.05899119
0.05140816
0.05753926
0.05451604
0.05152906
0.05289971
0.05164134
0.05465236
0.08152012
0.05378044
0.05658509
0.05511983
0.05153531
0.05124215
0.05426568
0.05606355
0.06061123
0.05713268
0.06047488
0.05174124
0.05257052
0.06870591
0.05119309
0.05772791
0.05166307
0.06263652
0.06405212
0.05644028
0.05704998
0.05190540
0.06398485
0.05454847
0.05859754
0.05432222
0.05857299
0.05138829
0.06306979
0.05820852
0.05630165
0.05687218
0.05456951
0.05146193
0.06604902
0.04986768
0.06008790
0.06084492
0.06305744
0.05294081
0.05715780
0.05641879
0.06162949
0.05319695
0.06503326
0.05952644
0.05803881
0.05210474
0.05870041
0.05545932
0.06728365
0.05761097
0.06078661
0.05366728
0.05911809
0.05297088
0.06056541
0.05208601
0.05479880
0.05781134
0.05278652
0.06421542
0.05072741
0.05271845
0.05865017
0.05481247
0.06242819
0.07279394
0.05120133
0.05106425
0.06171046
0.05185493
0.05653736
0.05966079
0.05344797
0.05210133
0.04970744
0.05767332
0.04960163
0.05977707
0.05297249
0.05296726
0.05030113
0.05293132
0.06174995
0.05540472
0.05980732
0.05893987
0.05156422
0.06421834
0.05192064
0.05394774
0.05656052
0.05292497
0.05772435
0.05405356
0.05612938
0.05337217
0.05280681
0.05903393
0.05214124
0.05538364
0.05587612
0.06824705
0.05355282
0.05806582
0.05400948
0.05080361
0.05211435
0.05479025
0.05526917
0.05530292
0.04994990
0.05779524
0.05229148
0.06146450
0.04870882
0.05415980
0.04974422
0.05209099
0.05195359
0.05170585
0.06139312
0.08588362
0.06116495
0.05607716
0.06130740
0.05160279
0.05952326
0.05440782
0.05472527
0.05261490
0.06046246
0.05944491
0.05754980
0.05397114
0.05419575
0.05175042
0.05470289
0.05536048
0.05159955
0.05413206
0.05377112
0.05144563
0.05708729
0.05712539
0.05705696
0.04972166
0.05474842
0.05652257