0.01280658
0.01322344
0.01225896
0.01196550
0.01453359
0.01179424
0.01268748
0.01105257
0.01074681
0.01515750
0.01268330
0.01317257
0.01396664
0.01380620
0.01165815
0.01246920
0.01248925
0.01235358
0.01456380
0.01199506
0.01171766
0.01310196
0.01226276
0.01227363
0.01369536
0.01223924
0.01356964
0.01036756
0.01316005
0.01311928
0.01326742
0.01274555
0.01090998
0.01162374
0.01205782
0.01515054
0.01186111
0.01326149
0.01243742
0.01263395
0.01265186
0.01297950
0.01263980
0.01207361
0.01384633
0.01155174
0.01324352
0.01190574
0.01275643
0.01047817
0.01112208
0.01328099
0.01326202
0.01254529
0.01190838
0.01248118
0.01409757
0.01141022
0.01209237
0.01252041
0.01287798
0.01346851
0.01262296
0.01346452
0.01093429
0.01098070
0.01489886
0.01288055
0.01102386
0.01281631
0.01433065
0.01396906
0.01351791
0.01188113
0.01111373
0.01167851
0.01253771
0.01535707
0.01222776
0.01262215
0.01209755
0.01140781
0.01306770
0.01212845
0.01407780
0.01276790
0.01355936
0.01226737
0.01207093
0.01064560
0.01232353
0.01314594
0.01402588
0.01068992
0.01292323
0.01215836
0.01176418
0.01386147
0.01178020
0.01210564
0.01153274
0.01360066
0.01198109
0.01320763
0.01300137
0.01443984
0.01172144
0.01228200
0.01158146
0.01233025
0.01052861
0.01085217
0.01166382
0.01305216
0.01317551
0.01246982
0.01243497
0.01542236
0.01371074
0.01233181
0.01200577
0.01326704
0.01353469
0.01347521
0.01231057
0.01209086
0.01137136
0.01259825
0.01270205
0.01326924
0.01153235
0.01309918
0.01207081
0.01266487
0.01285606
0.01315589
0.01216775
0.01182291
0.01073927
0.01292219
0.01121033
0.01155834
0.01431378
0.01541344
0.01500548
0.01056952
0.01220264
0.01229021
0.01250362
0.01131644
0.01163371
0.01181150
0.01204785
0.01203921
0.01202013
0.01307134
0.01373095
0.01311172
0.01426410
0.01154071
0.01227481
0.01324552
0.01274900
0.01125568
0.01266798
0.01342274
0.01200230
0.01296295
0.01246619
0.01143229
0.01223155
0.01408750
0.01016969
0.01409281
0.01305600
0.01330269
0.01227223
0.01351977
0.01330234
0.01235722
0.01179609
0.01375898
0.01233270
0.01359549
0.01326173
0.01192600
0.01103712
0.01169005
0.01286535
0.01203654
0.01303583
0.01362325
0.01541920
0.01379783
0.01182338
0.01128224
0.01473945
0.01146938
0.01270433
0.01333395
0.01394441
0.01197102
0.01492383
0.01464762
0.01372148
0.01163410
0.01234149
0.01265301
0.01187841
0.01158707
0.01422036
0.01312926
0.01328632
0.01213027
0.01340231
0.01166416
0.01258915
0.01297651
0.01135927
0.01322109
0.01299192
0.01207004
0.01286084
0.01149910
0.01335680
0.01216872
0.01273506
0.01246993
0.01284965
0.01226791
0.01520067
0.01287602
0.01268424
0.01330593
0.01330983
0.01166013
0.01296866
0.01266632
0.01333823
0.01274907
0.01256820
0.01176698
0.01317186
0.01332920
0.01358083
0.01361433
0.01227561
0.01241486
0.01302597
0.01280226
0.01309730
0.01218273
0.01344264
0.01114213
0.01218604
0.01186476
0.01400585
0.01444407
0.01236480
0.01281037
0.01133420
0.01226809
0.01233825
0.01285392
0.01262729
0.01249877
0.01108916
0.01193522
0.01212266
0.01110413
0.01224013
0.01305587
0.01223344
0.01312607
0.01330948
0.01188371
0.01150319
0.01236624
0.01140186
0.01090069
0.01352270
0.01106095
0.01208276
0.01076179
0.01311128
0.01394580
0.01381653
0.01168605
0.01134343
0.01103253
0.01256452
0.01522456
0.01299792
0.01293956
0.01223398
0.01114182
0.01231848
0.01491634
0.01260904
0.01251009
0.01331037
0.01052344
0.01170557
0.01305214
0.01332153
0.01119964
0.01311447
0.01254966
0.01280876
0.01174412
0.01341745
0.01212527
0.01303164
0.01184389
0.01192174
0.01286315
0.01074525
0.01659336
0.01456285
0.01296386
0.01338713
0.01360828
0.01338089
0.01365261
0.01242003
0.01389684
0.01205232
0.01257187
0.01196336
0.01405760
0.01205990
0.01287358
0.01260965
0.01323038
0.01515907
0.01384385
0.01471965
0.01253511
0.01239436
0.01182265
0.01397597
0.01253460
0.01277698
0.01341917
0.01278931
0.01317377
0.01268535
0.01463371
0.01458307
0.01168655
0.01321647
0.01257246
0.01423848
0.01354726
0.01231532
0.01202594
0.01325455
0.01282684
0.01226938
0.01127374
0.01198108
0.01440016
0.01226315
0.01302422
0.01309820
0.01295516
0.01439318
0.01230280
0.01360768
0.01321708
0.01271949
0.01612440
0.01242734
0.01245427
0.01389650
0.01264940
0.01103928
0.01146473
0.01199612
0.01321232
0.01196905
0.01050102
0.01086774
0.01087256
0.01340509
0.01256464
0.01397161
0.01185592
0.01327706
0.01196806
0.01211136
0.01188434
0.01477848
0.01232330
0.01378081
0.01152142
0.01240932
0.01236084
0.01151611
0.01300405
0.01254203
0.01219300
0.01202350
0.01069209
0.01582292
0.01253400
0.01125436
0.01166367
0.01074021
0.01439318
0.01150713
0.01249161
0.01342534
0.01169739
0.01253528
0.01208424
0.01222162
0.01195088
0.01272321
0.01475083
0.01188522
0.01217100
0.01330363
0.01563929
0.01325575
0.01303069
0.01450657
0.01508333
0.01126811
0.01215438
0.01392743
0.01437946
0.01265376
0.01364587
0.01247722
0.01327141
0.01191703
0.01090481
0.01397666
0.01221849
0.01425957
0.01323764
0.01279916
0.01077197
0.01190989
0.01566763
0.01138459
0.01206073
0.01279107
0.01303955
0.01187487
0.01271006
0.01263666
0.01253692
0.01224770
0.01241946
0.01157702
0.01291516
0.01226134
0.01566587
0.01117816
0.01171623
0.01292643
0.01125265
0.01276314
0.01328057
0.01225632
0.01131523
0.01305633
0.01196859
0.01222767
0.01106088
0.01319339
0.01428798
0.01152404
0.01157091
0.01231739
0.01428404
0.01228852
0.01322924
0.01320745
0.01233875
0.01258346
0.01122043
0.01170493
0.01135325
0.01230959
0.01143879
0.01249507
0.01112989
0.01217285
0.01262250
0.01180448
0.01187698
0.01088585
0.01320333
0.01253419
0.01159802
0.01407151
0.01261087