0.01352256
0.01176032
0.01307337
0.01257489
0.01343189
0.01551278
0.01528419
0.01320518
0.01523863
0.01568788
0.01408018
0.01203454
0.01386647
0.01211656
0.01574726
0.01400711
0.01249068
0.01354510
0.01381930
0.01420542
0.01281194
0.01342296
0.01329527
0.01503698
0.01327071
0.01437901
0.01321724
0.01376407
0.01427731
0.01447100
0.01537418
0.01387557
0.01155167
0.01524204
0.01502089
0.01274226
0.01481138
0.01527544
0.01704374
0.01318993
0.01186482
0.01385619
0.01291463
0.01116469
0.01405719
0.01403673
0.01466939
0.01313892
0.01384957
0.01365198
0.01464057
0.01329746
0.01548929
0.01247870
0.01207172
0.01186313
0.01309727
0.01319558
0.01317581
0.01400221
0.01312607
0.01480944
0.01213654
0.01297383
0.01308195
0.01287893
0.01357546
0.01501151
0.01441220
0.01460162
0.01483175
0.01521520
0.01379592
0.01428147
0.01388668
0.01172067
0.01337358
0.01316587
0.01551365
0.01288335
0.01334896
0.01529961
0.01384741
0.01431275
0.01365889
0.01360659
0.01216065
0.01546549
0.01502408
0.01246052
0.01322789
0.01309827
0.01488590
0.01236376
0.01211815
0.01267440
0.01373196
0.01409445
0.01370123
0.01402598
0.01504178
0.01222450
0.01276495
0.01496503
0.01287320
0.01381057
0.01171660
0.01186647
0.01466061
0.01224853
0.01295337
0.01555207
0.01413949
0.01231426
0.01416855
0.01208433
0.01269736
0.01339233
0.01393945
0.01550844
0.01343255
0.01260473
0.01339872
0.01422891
0.01350236
0.01191327
0.01588244
0.01443051
0.01416532
0.01527203
0.01236030
0.01303835
0.01209644
0.01452956
0.01342686
0.01261021
0.01349813
0.01429945
0.01269464
0.01495598
0.01340724
0.01388612
0.01358452
0.01750728
0.01390458
0.01582105
0.01492621
0.01470496
0.01329067
0.01307645
0.01321493
0.01244571
0.01304662
0.01353322
0.01269037
0.01312767
0.01309211
0.01314858
0.01561454
0.01403072
0.01117220
0.01398424
0.01496846
0.01346784
0.01360587
0.01458584
0.01333000
0.01279447
0.01504075
0.01488908
0.01326404
0.01604021
0.01418692
0.01159980
0.01261519
0.01305415
0.01439931
0.01349131
0.01441683
0.01318135
0.01379966
0.01273133
0.01415159
0.01237847
0.01227852
0.01189957
0.01438402
0.01401758
0.01505066
0.01321787
0.01214394
0.01388638
0.01211877
0.01319676
0.01183769
0.01479755
0.01381005
0.01555500
0.01301653
0.01467999
0.01252080
0.01250949
0.01553629
0.01384897
0.01359243
0.01363962
0.01231384
0.01292160
0.01409563
0.01555008
0.01754505
0.01490157
0.01333957
0.01470617
0.01203252
0.01374164
0.01297115
0.01202014
0.01399253
0.01581473
0.01520769
0.01271227
0.01436031
0.01601415
0.01419020
0.01324154
0.01303692
0.01313150
0.01312420
0.01331778
0.01342138
0.01460091
0.01354174
0.01387585
0.01463267
0.01435980
0.01428041
0.01291448
0.01335408
0.01269647
0.01205633
0.01362484
0.01196452
0.01286180
0.01210608
0.01669776
0.01414139
0.01378922
0.01338083
0.01356344
0.01394501
0.01289340
0.01435912
0.01324112
0.01407864
0.01272463
0.01249402
0.01435357
0.01347594
0.01440304
0.01546496
0.01279072
0.01309207
0.01302205
0.01479513
0.01446484
0.01710025
0.01395539
0.01386102
0.01334980
0.01215028
0.01264659
0.01345020
0.01363291
0.01331525
0.01736606
0.01471469
0.01229074
0.01284812
0.01563248
0.01208259
0.01441164
0.01500192
0.01537879
0.01420263
0.01312900
0.01337074
0.01392349
0.01611939
0.01438867
0.01331969
0.01314920
0.01434206
0.01393581
0.01338620
0.01279299
0.01374436
0.01355063
0.01403633
0.01193850
0.01359508
0.01355399
0.01459215
0.01637529
0.01219498
0.01288789
0.01424499
0.01356532
0.01160864
0.01202925
0.01369754
0.01374930
0.01429874
0.01278248
0.01309101
0.01522540
0.01224500
0.01402349
0.01172038
0.01568775
0.01279795
0.01537941
0.01300335
0.01382602
0.01451640
0.01403666
0.01432676
0.01307365
0.01349052
0.01371119
0.01211688
0.01614426
0.01450509
0.01313274
0.01586054
0.01385757
0.01284298
0.01404684
0.01378440
0.01584250
0.01680828
0.01544056
0.01334420
0.01258331
0.01277628
0.01337874
0.01426825
0.01481261
0.01244027
0.01262436
0.01223665
0.01742138
0.01269254
0.01796247
0.01486960
0.01560945
0.01413665
0.01277641
0.01613351
0.01437851
0.01595718
0.01217257
0.01468242
0.01446469
0.01483851
0.01469679
0.01287519
0.01519435
0.01366932
0.01281657
0.01445338
0.01536571
0.01411506
0.01382587
0.01547382
0.01414347
0.01692884
0.01410797
0.01401935
0.01323274
0.01166954
0.01279338
0.01325968
0.01516828
0.01274585
0.01404625
0.01537904
0.01228494
0.01296853
0.01521717
0.01205938
0.01325444
0.01400809
0.01421843
0.01386034
0.01670348
0.01602180
0.01564894
0.01538538
0.01271746
0.01389058
0.01492786
0.01341716
0.01423677
0.01259990
0.01216899
0.01239453
0.01193933
0.01210822
0.01276211
0.01256078
0.01182117
0.01437661
0.01601287
0.01272572
0.01244377
0.01564943
0.01431384
0.01317172
0.01538561
0.01630811
0.01341104
0.01201728
0.01206654
0.01487372
0.01207253
0.01627417
0.01176409
0.01251568
0.01301534
0.01339556
0.01448319
0.01324319
0.01503594
0.01374711
0.01341239
0.01275951
0.01210830
0.01290819
0.01286490
0.01366794
0.01748878
0.01510213
0.01461725
0.01496685
0.01367747
0.01685559
0.01419067
0.01318033
0.01249458
0.01342530
0.01485404
0.01463674
0.01366073
0.01244167
0.01362484
0.01415573
0.01350614
0.01822214
0.01489298
0.01284211
0.01375448
0.01476466
0.01328954
0.01358839
0.01325539
0.01429442
0.01249993
0.01298728
0.01624444
0.01521461
0.01205071
0.01103969
0.01149427
0.01380404
0.01449057
0.01485928
0.01578015
0.01569248
0.01367293
0.01659590
0.01462735
0.01273756
0.01257203
0.01441248
0.01500268
0.01294510
0.01263181
0.01222652
0.01332224
0.01373527
0.01405197
0.01336313
0.01327816
0.01300598
0.01653637
0.01194507
0.01294520
0.01322311
0.01208396