0.02679849
0.02974213
0.03036538
0.02681182
0.02681885
0.02690371
0.02731891
0.02942861
0.02791288
0.02706665
0.02688021
0.02515546
0.02734035
0.02820689
0.02700095
0.02877400
0.02606480
0.02675848
0.02777352
0.02643256
0.03099331
0.03087189
0.02978213
0.02981850
0.02537730
0.02961950
0.02651139
0.02766940
0.02864497
0.03007929
0.02668963
0.02620272
0.02868426
0.02658175
0.02747364
0.02603379
0.03454726
0.03124723
0.02987195
0.03365694
0.02757055
0.02763819
0.02727956
0.02739426
0.02834777
0.02647735
0.02782107
0.02539791
0.02639221
0.03199699
0.02569109
0.02942979
0.02869617
0.03010594
0.02797761
0.02832017
0.02637691
0.02819349
0.02604264
0.02806730
0.02753463
0.03256343
0.03120774
0.02551483
0.02936242
0.02560556
0.02761705
0.02785290
0.02825213
0.03481443
0.02823673
0.02741214
0.03020941
0.02862203
0.02936758
0.02822099
0.02886058
0.02720472
0.03118007
0.02794651
0.02795320
0.02975429
0.02708214
0.02750025
0.02787635
0.02856415
0.02602553
0.02650677
0.03070306
0.02793742
0.02602236
0.02817068
0.02725849
0.02690130
0.02949749
0.02725046
0.02622459
0.02786787
0.02807100
0.02976891
0.02711842
0.02726756
0.02900981
0.02585483
0.02711032
0.02993932
0.02723420
0.02556184
0.03411177
0.02491120
0.02570438
0.02943142
0.02775210
0.02762739
0.02833823
0.02789450
0.02842944
0.02791987
0.02881573
0.02770310
0.02810695
0.02928458
0.02605953
0.03204125
0.02840201
0.02814238
0.02940451
0.02605077
0.03293872
0.02770859
0.02594983
0.02816943
0.02819024
0.02782670
0.03258449
0.02702026
0.02929605
0.02878607
0.02726165
0.02740790
0.02788917
0.02707286
0.02717188
0.02784688
0.02917616
0.03368074
0.02776078
0.02753902
0.03161368
0.02641438
0.03055086
0.02902632
0.02681210
0.02677678
0.02852331
0.02735347
0.02912134
0.02760568
0.03035487
0.02734087
0.02677625
0.02788903
0.02937520
0.02653517
0.02663704
0.02737835
0.02713156
0.02813945
0.02762001
0.02651883
0.02878442
0.02727454
0.02960025
0.02981903
0.03213979
0.02797297
0.02975437
0.02759756
0.02815436
0.02754549
0.02781337
0.02770491
0.02779898
0.02910025
0.02926130
0.02905247
0.03023682
0.02924507
0.02673459
0.02602261
0.02891480
0.02861806
0.02804136
0.02862191
0.02671027
0.02781545
0.02778114
0.02906815
0.03038707
0.02869118
0.02667877
0.02866475
0.02734635
0.02647192
0.03130858
0.03016589
0.02830426
0.02839738
0.02999046
0.03008098
0.03413278
0.02780817
0.02898834
0.02675136
0.02783370
0.02784673
0.02874525
0.02688927
0.02702677
0.02813406
0.02628488
0.02709001
0.02597238
0.02547413
0.02830702
0.02932221
0.02868443
0.02585210
0.03026333
0.02842930
0.03011974
0.02874632
0.02611375
0.02644662
0.02583998
0.02726469
0.02938284
0.02665359
0.02759442
0.02864122
0.02858026
0.02778074
0.02979471
0.02774044
0.02588002
0.02743813
0.02887286
0.02749333
0.02756778
0.02796985
0.02692600
0.02647460
0.02736536
0.03062922
0.02668518
0.02781800
0.02622133
0.02771528
0.02792643
0.02756474
0.02902143
0.03033182
0.03088442
0.02805478
0.03118966
0.02642242
0.02795012
0.02769780
0.02820824
0.02840214
0.03048368
0.02703974
0.02905583
0.02771145
0.02685089
0.02791525
0.02582892
0.02767089
0.02932797
0.02733331
0.03011611
0.02850485
0.02643249
0.02892582
0.02900928
0.02687524
0.02754820
0.02720367
0.02690501
0.02714265
0.02949765
0.02724630
0.02868350
0.02802827
0.02687994
0.02723366
0.02714819
0.02869888
0.02682441
0.02759140
0.02557416
0.02767366
0.02755178
0.02731261
0.02587751
0.03071889
0.02686304
0.02659027
0.02764263
0.03361019
0.02792649
0.02743042
0.02800873
0.03254221
0.02741756
0.02475410
0.02739580
0.02828532
0.03087483
0.02742078
0.02916353
0.02800186
0.02753057
0.02824282
0.02476048
0.02557008
0.02737594
0.03085734
0.03067788
0.02626144
0.02788911
0.03094555
0.02671310
0.03060015
0.02573750
0.02798189
0.02981607
0.02692244
0.02850101
0.02928643
0.02601325
0.02795893
0.02998532
0.02885083
0.02864270
0.02640352
0.02712026
0.02901967
0.02676325
0.02902539
0.02684643
0.02605815
0.02765973
0.02775137
0.02759170
0.02962988
0.02819351
0.03805849
0.02742975
0.02624516
0.02655661
0.02467319
0.02765827
0.03260158
0.02832814
0.02652789
0.02895796
0.02885921
0.02968692
0.02864045
0.02653998
0.02709850
0.02791878
0.02472576
0.02974987
0.02867392
0.02836781
0.02732623
0.02905090
0.02871748
0.03022726
0.03023543
0.02973970
0.02764941
0.02570929
0.02736784
0.03050894
0.02788975
0.02765908
0.02634005
0.02687108
0.03363816
0.02918940
0.02766186
0.02823356
0.03222917
0.03017141
0.02827317
0.02680417
0.03046941
0.02798626
0.03148417
0.02897495
0.02661615
0.02895874
0.02615146
0.02518602
0.02687786
0.02892086
0.02665522
0.02951849
0.02953405
0.03094903
0.02994457
0.02778121
0.02798049
0.02780362
0.02626250
0.02679130
0.02778199
0.02687814
0.02686296
0.02762633
0.02724359
0.02669095
0.03090614
0.02925095
0.02962794
0.03034301
0.02640294
0.02872909
0.02798368
0.02855430
0.02716803
0.03003432
0.03362248
0.03036099
0.02645360
0.02653309
0.02705958
0.02619684
0.02719948
0.02852115
0.02862089
0.02799522
0.02562821
0.02599470
0.02945688
0.02731014
0.02719310
0.03134281
0.02989360
0.02578237
0.02918292
0.03213913
0.02695253
0.02655712
0.02804465
0.02593823
0.02703523
0.02599534
0.02826116
0.02827011
0.03132755
0.02813510
0.02513964
0.02801730
0.03187506
0.03140856
0.02833606
0.02654516
0.03287910
0.02729324
0.02725828
0.02947326
0.02613086
0.02653321
0.03128616
0.02657119
0.02713168
0.03058289
0.02597579
0.03021753
0.03069553
0.02943688
0.02694843
0.02791078
0.02711686
0.02808247
0.02840328
0.02741736
0.02838549
0.02626430
0.02741868
0.02786423
0.02982165
0.02533480
0.02912643
0.02926545
0.02788018