0.06094018
0.07423575
0.06166648
0.06648651
0.06382581
0.06329396
0.05786760
0.06926314
0.07050656
0.06746167
0.05599588
0.05442558
0.06244690
0.06369185
0.06910153
0.06148141
0.06254737
0.06870185
0.07496508
0.06742807
0.06613501
0.06030923
0.08073802
0.06222852
0.06713104
0.07152253
0.06558775
0.05854308
0.06683191
0.07086736
0.06024085
0.05940717
0.05730339
0.05730382
0.05906692
0.06274845
0.06716692
0.06520415
0.06731363
0.06385038
0.06534941
0.05628805
0.08803855
0.06615774
0.05717387
0.06360035
0.07041757
0.06932745
0.07490232
0.06540212
0.06659328
0.05957688
0.07469690
0.06371607
0.06159022
0.06950367
0.07661451
0.06625877
0.06335120
0.06085483
0.06725682
0.05753042
0.06627631
0.06106293
0.06349321
0.06272662
0.05589006
0.05925164
0.08371016
0.05892089
0.06577781
0.05528977
0.05680977
0.06596232
0.06434689
0.08932620
0.07438040
0.06479562
0.06267370
0.05952016
0.06470262
0.06153902
0.07072114
0.06155709
0.06344229
0.05938885
0.06426426
0.06405935
0.05597576
0.07751607
0.06833057
0.05899645
0.06994503
0.07361300
0.06475261
0.05661153
0.06122073
0.05648492
0.06634459
0.07277228
0.06306097
0.08865465
0.07162835
0.06372771
0.06216440
0.07357849
0.05675682
0.08239294
0.08155686
0.06108469
0.06375077
0.05777909
0.06404137
0.06884259
0.09211928
0.06227974
0.06142755
0.07412534
0.06824770
0.06483629
0.06170686
0.06233322
0.06529721
0.07013300
0.05933252
0.06357403
0.06854818
0.05770642
0.06154463
0.05952088
0.10296539
0.06072419
0.05661571
0.06994340
0.06829663
0.06552980
0.06025182
0.07341795
0.08696794
0.05830626
0.06496000
0.06232780
0.05849308
0.07308640
0.05698243
0.06808982
0.08764084
0.06482602
0.08050152
0.06810456
0.06914537
0.05936485
0.06323260
0.08543813
0.06772527
0.06275569
0.06744955
0.05994415
0.08726669
0.07742415
0.06467299
0.06129474
0.06053902
0.05117562
0.06401682
0.05937815
0.07905123
0.06474289
0.06304514
0.06753389
0.10262014
0.06125553
0.06323927
0.06251393
0.06483993
0.07282002
0.07849620
0.07037583
0.06045526
0.06883765
0.06970367
0.06001239
0.06212553
0.05824431
0.06926662
0.06214940
0.06379245
0.07461641
0.06454680
0.06752062
0.07832117
0.07206523
0.06290098
0.06515158
0.07030830
0.06622995
0.06115870
0.05699437
0.06125438
0.07179806
0.06052623
0.07228096
0.05850248
0.06977732
0.06267688
0.05805088
0.05935425
0.06271888
0.06650814
0.06519537
0.05590796
0.07062530
0.06334366
0.05916216
0.07532068
0.06167281
0.07939318
0.06246534
0.06713402
0.06205754
0.07670810
0.05968266
0.05933178
0.06852679
0.06505077
0.07482585
0.06877446
0.07899730
0.06423336
0.06797257
0.06864742
0.05799448
0.05983079
0.06243988
0.06008590
0.06943408
0.06011147
0.06699129
0.09064137
0.06144642
0.05939547
0.06005891
0.06893428
0.06190860
0.05816758
0.06574758
0.06872603
0.07158526
0.06431187
0.06337060
0.08058696
0.06421665
0.07896591
0.05548313
0.06860259
0.11564945
0.07791610
0.05825893
0.08046457
0.05471598
0.05909967
0.05958830
0.06966202
0.06420074
0.06132269
0.06303951
0.06458971
0.06729885
0.06154310
0.06624984
0.11608352
0.06421755
0.06125032
0.05682835
0.05728425
0.05908532
0.08166758
0.05932186
0.06584663
0.06530324
0.07588181
0.06661223
0.06193099
0.06472080
0.06943453
0.06111133
0.05695618
0.07365978
0.06362078
0.06138503
0.05986913
0.06112677
0.10208736
0.07449612
0.07112383
0.06415896
0.06375805
0.06269650
0.06176465
0.09002967
0.05252993
0.06098068
0.07338956
0.06555126
0.08091522
0.07013196
0.05754429
0.05936961
0.06192345
0.06263894
0.06150880
0.06729270
0.07175616
0.06889115
0.08150571
0.06697826
0.05993885
0.06433816
0.05978408
0.06173161
0.11961662
0.06529634
0.06358644
0.06774123
0.06689476
0.06036638
0.07028960
0.06641912
0.06120315
0.06155864
0.06901557
0.06497920
0.06460749
0.05418832
0.08008782
0.07772065
0.07020567
0.06651292
0.06371676
0.08144161
0.07296140
0.08365326
0.06121942
0.06104156
0.06590251
0.07596140
0.06500317
0.05944283
0.05961552
0.05941554
0.06310642
0.08013035
0.06384757
0.07162989
0.08940790
0.06990002
0.06517009
0.07355682
0.06218608
0.05789448
0.07390851
0.06556826
0.07499295
0.07162593
0.05788063
0.05897019
0.06643839
0.07006848
0.06484146
0.06327809
0.06053399
0.06542791
0.07417832
0.06110268
0.07688990
0.06130360
0.06116523
0.05506156
0.06679693
0.06562212
0.06644289
0.06515272
0.07509763
0.05938807
0.07235740
0.05872840
0.05484043
0.06437240
0.06355639
0.07927202
0.06886304
0.06148066
0.05708868
0.06470097
0.06574182
0.07421215
0.07030882
0.07733119
0.06191432
0.06713241
0.05815152
0.07011141
0.06642266
0.06540171
0.05470117
0.07037472
0.06897196
0.08644454
0.05639863
0.06165388
0.06247044
0.06772085
0.06021542
0.06613762
0.07196424
0.05602145
0.07681392
0.06130897
0.06506785
0.06248052
0.06413457
0.06197621
0.06515114
0.06175072
0.07225333
0.07784237
0.06851584
0.06372766
0.07200677
0.06218052
0.07665314
0.05882649
0.06906412
0.06258518
0.06689293
0.06664667
0.08749913
0.07617925
0.05972636
0.05663020
0.06685900
0.06453916
0.05958966
0.07991581
0.06484727
0.05854232
0.06609696
0.05848501
0.06878506
0.05599024
0.06176409
0.09584310
0.07284287
0.06229597
0.06226565
0.07130005
0.05837983
0.05831909
0.05847229
0.06814901
0.06968564
0.06011938
0.05529189
0.06720583
0.05844520
0.07259319
0.06175658
0.09162082
0.07106200
0.10792629
0.06351448
0.05761698
0.05930639
0.07471180
0.06660739
0.05870555
0.07889725
0.05987134
0.07141636
0.05883299
0.06111637
0.06473835
0.06137910
0.06884840
0.06595342
0.06285816
0.06542699
0.06213670
0.05902096
0.06495313
0.05913585
0.06814189
0.07019969
0.06550877
0.06980954
0.05480106
0.06403911
0.06655414
0.07352107
0.05918500