0.01813931
0.02381431
0.01758876
0.02034471
0.01873724
0.01686678
0.02083708
0.01742369
0.01765021
0.01873286
0.01905692
0.02097360
0.01747403
0.01481737
0.01757582
0.01781890
0.01778533
0.01870462
0.02109945
0.01866476
0.01780218
0.01998676
0.01724129
0.01895861
0.02015777
0.02337824
0.02093373
0.01806811
0.01821442
0.01708506
0.01991797
0.02193878
0.01834437
0.02024624
0.02174094
0.01848140
0.02046610
0.02174905
0.02106439
0.02005467
0.01931029
0.02180341
0.02122868
0.01799053
0.02025428
0.01951959
0.02136210
0.01854679
0.02090615
0.01855496
0.01902584
0.01902989
0.02104186
0.02111877
0.02008168
0.01873710
0.01852988
0.02326702
0.01841078
0.01695991
0.01933442
0.01944756
0.02118818
0.01854353
0.01823194
0.02278798
0.01878231
0.01994623
0.02202874
0.01772461
0.02013759
0.01539436
0.01642968
0.01994486
0.02028385
0.01805047
0.01610189
0.02161395
0.01882823
0.02184590
0.01811001
0.01959109
0.01716737
0.02210027
0.01741105
0.02239181
0.01721035
0.01776114
0.02124393
0.02038799
0.01701290
0.01790383
0.01921830
0.01864379
0.02131956
0.02222073
0.01976828
0.01985526
0.02239528
0.01833966
0.02024294
0.02177577
0.01961826
0.02106071
0.02020864
0.01787046
0.01796343
0.02452425
0.02194184
0.01795971
0.02296140
0.01774780
0.02286044
0.02005469
0.02696411
0.01947936
0.02193027
0.01887820
0.01708191
0.01806422
0.01803941
0.02179195
0.02709339
0.01995901
0.01856340
0.01989671
0.01628383
0.02058650
0.02595378
0.01763817
0.01743381
0.01976444
0.01748978
0.02120493
0.01882569
0.02051654
0.01946303
0.01777189
0.02071844
0.02216833
0.01886644
0.01982362
0.01966287
0.02098059
0.01913701
0.01974403
0.02082516
0.01660251
0.01826770
0.02153111
0.02159004
0.01917662
0.01982537
0.01852603
0.01871532
0.02021510
0.01838976
0.02093155
0.01978502
0.01960789
0.02295790
0.01641275
0.02021231
0.02036096
0.01843132
0.01799215
0.02041792
0.02092216
0.01974716
0.01979874
0.01897940
0.02089538
0.01758392
0.01683080
0.01983769
0.01689055
0.02136603
0.01753238
0.01725822
0.01618135
0.02180886
0.01970328
0.01831715
0.01932286
0.01621802
0.02165895
0.01867954
0.01985650
0.01954530
0.02029394
0.01967713
0.01760616
0.02440259
0.01869769
0.01647421
0.01833971
0.02264607
0.01925926
0.02188735
0.02021530
0.02015384
0.02321338
0.02022651
0.01818580
0.02070250
0.02039077
0.01730682
0.01614428
0.01823482
0.02382824
0.02339930
0.01985601
0.01725194
0.02005793
0.02231498
0.01971515
0.01779701
0.01972560
0.01882776
0.02227975
0.02084218
0.01841842
0.01920220
0.02187595
0.01896950
0.01755264
0.02018208
0.02041203
0.01825692
0.02209156
0.01750960
0.01748246
0.01744332
0.02364260
0.02216739
0.01869277
0.02158526
0.02041340
0.01954173
0.02129458
0.01987628
0.02019155
0.01586208
0.01705953
0.01802432
0.01823796
0.02132012
0.01668942
0.01902387
0.02326798
0.01972691
0.01620159
0.01712280
0.02017850
0.02102625
0.01982986
0.02124438
0.02048347
0.01824567
0.01847794
0.02236378
0.02183342
0.02045565
0.01676426
0.01904870
0.01963077
0.02067598
0.02271387
0.02034138
0.01634016
0.02170611
0.01978021
0.01940337
0.02127143
0.01668152
0.02469986
0.02326307
0.02083609
0.01948126
0.02117941
0.01821586
0.01992460
0.01852386
0.01996816
0.02026766
0.02111998
0.02291056
0.02181681
0.01911939
0.01917724
0.02151449
0.01977360
0.01972008
0.01985147
0.01597168
0.01908086
0.01987739
0.01777531
0.01731051
0.02083756
0.01857644
0.01632675
0.01719973
0.02010774
0.01806514
0.02121819
0.01780911
0.02039632
0.01963471
0.01965466
0.01761504
0.02026954
0.01969151
0.02132023
0.02082863
0.01952697
0.02026118
0.01770909
0.02067897
0.02277142
0.01555546
0.01916740
0.01787401
0.02266741
0.01750833
0.02019807
0.02322594
0.01981105
0.01928331
0.01887780
0.01532604
0.01902830
0.02134180
0.01999282
0.02239962
0.01966354
0.01722800
0.01869281
0.01583953
0.01749778
0.01799241
0.02067072
0.02112345
0.01977506
0.02133305
0.01736333
0.01660640
0.01971306
0.01961220
0.02089257
0.02116031
0.01896887
0.01797580
0.01876357
0.01615137
0.01815511
0.02327304
0.01957818
0.02380574
0.01949772
0.02003445
0.02172044
0.01905293
0.01846022
0.02000416
0.02085122
0.02240096
0.01926501
0.02014164
0.02251871
0.01827176
0.02244761
0.01839931
0.02077490
0.01864011
0.02241671
0.01979683
0.01993913
0.01960004
0.01891195
0.01877082
0.02041607
0.01645769
0.01805898
0.02356693
0.02013727
0.01995679
0.01759234
0.01915468
0.02172364
0.01862245
0.01831825
0.01993717
0.02383295
0.01747353
0.01640084
0.01921833
0.02077444
0.02018540
0.02044767
0.01959073
0.02067967
0.01994400
0.01863287
0.02001243
0.02191361
0.02021077
0.01652025
0.01804797
0.01925465
0.02251220
0.01949610
0.02015801
0.02102859
0.01747066
0.02039889
0.02147515
0.02149040
0.01752418
0.02076118
0.01576297
0.02017954
0.02058127
0.01888511
0.01965764
0.01970689
0.01883007
0.01893513
0.01684119
0.01701935
0.01704198
0.02002749
0.02335003
0.01769789
0.02165201
0.02085728
0.02137437
0.01897117
0.02203768
0.01692069
0.02057962
0.02173662
0.02115247
0.02050375
0.02039868
0.02226880
0.01664340
0.02070065
0.01961619
0.01699432
0.02055054
0.01712682
0.01775746
0.01850221
0.01811340
0.02199274
0.01754646
0.01867489
0.02220041
0.01709687
0.02459512
0.01952388
0.01789262
0.01795418
0.02278620
0.01974629
0.01587919
0.02270153
0.01694498
0.02149268
0.01956891
0.01768496
0.02032898
0.01976427
0.02010266
0.01987411
0.02762399
0.01990335
0.01943570
0.02217463
0.02286289
0.01922959
0.01850711
0.02198121
0.02171295
0.01968421
0.02061210
0.01938474
0.01690340
0.01956374
0.02151421
0.02114518
0.02178147
0.02038810
0.01635461
0.01872770
0.02045194
0.02372298
0.01814883
0.02048851