0.05814500
0.06092274
0.05894875
0.06619269
0.04987250
0.11284853
0.05295409
0.05766907
0.06196617
0.05321527
0.04763817
0.07640190
0.10392235
0.06078796
0.07734160
0.08373063
0.04984281
0.07163324
0.09659506
0.05095124
0.08243701
0.06372110
0.05924879
0.05925699
0.06080954
0.06302454
0.06455023
0.05973375
0.06006693
0.06550421
0.07454590
0.05823454
0.05706407
0.06078628
0.04915918
0.05351755
0.08158786
0.08847167
0.07723306
0.12789136
0.05881029
0.08025180
0.10252087
0.06919554
0.06228033
0.05495298
0.06421491
0.08375874
0.07461338
0.05783249
0.05673733
0.06360018
0.04755374
0.07839387
0.09822637
0.06613642
0.08493164
0.07277000
0.05521668
0.04906739
0.05583732
0.04632221
0.05292959
0.06657297
0.06360256
0.06821339
0.08713196
0.07098343
0.06321808
0.05428473
0.08273960
0.06033547
0.05082169
0.06261891
0.08474799
0.06680610
0.06350722
0.05717311
0.05620174
0.05243907
0.05450797
0.04649820
0.05147634
0.05382362
0.06091499
0.06748923
0.10655304
0.06063795
0.06037750
0.06570748
0.08679589
0.04689727
0.08659593
0.07470699
0.07724702
0.06457833
0.05524178
0.07221432
0.06380877
0.06091597
0.05373643
0.05259262
0.06753296
0.07932707
0.07327161
0.06321238
0.04595087
0.07064232
0.07104653
0.04935245
0.05355387
0.06744612
0.08420204
0.06102588
0.06301047
0.06109653
0.05536245
0.08978843
0.06878635
0.07687675
0.05862394
0.05349277
0.07173249
0.06058684
0.06601788
0.04734454
0.06509111
0.07755981
0.08278737
0.04608122
0.06384968
0.07211300
0.09463150
0.06205504
0.04950365
0.06284316
0.07244315
0.09208323
0.06840759
0.05776784
0.06205669
0.08668569
0.05552400
0.07410211
0.05486620
0.06635593
0.05323417
0.05239058
0.05186389
0.06357578
0.05148601
0.05451341
0.05838125
0.06022143
0.05425105
0.05722995
0.06124616
0.06469771
0.05654091
0.07422549
0.06506977
0.06779594
0.05697713
0.05755377
0.08708033
0.05209669
0.05119115
0.06635276
0.15846205
0.05498977
0.05686708
0.05373987
0.04976994
0.05898585
0.06090749
0.05324647
0.05802809
0.05681755
0.05051560
0.04917307
0.05499077
0.06108697
0.05987604
0.07290631
0.09814439
0.05964260
0.05351973
0.05583574
0.05872920
0.08582482
0.05302620
0.05799449
0.06459817
0.06181266
0.07066275
0.07451980
0.06171830
0.06807619
0.06416271
0.05326226
0.07557786
0.08806752
0.08366038
0.05548967
0.07366459
0.07699591
0.08873032
0.07906576
0.06332853
0.05821459
0.05689054
0.09384782
0.04926957
0.05859969
0.08577280
0.07382686
0.07125792
0.09123004
0.04977922
0.05806972
0.07623830
0.06545438
0.05220153
0.06443031
0.06319888
0.06506115
0.05304852
0.06756798
0.04904734
0.07642687
0.05218579
0.05965266
0.06098994
0.05363410
0.05366004
0.06255255
0.05786384
0.06373873
0.05945939
0.05278984
0.10342917
0.06868499
0.09064671
0.09639477
0.06576034
0.07572484
0.06756968
0.05429333
0.06205727
0.05669461
0.06750384
0.06180834
0.07351063
0.04632627
0.04717180
0.06177487
0.07319564
0.07272609
0.05120275
0.09243763
0.07234815
0.07928435
0.08376149
0.08576327
0.06067115
0.06679166
0.06700945
0.05508525
0.05842049
0.06171330
0.05993623
0.07436535
0.05951318
0.05640491
0.06149339
0.05284101
0.07938153
0.08803588
0.07194060
0.08620352
0.06719258
0.06391100
0.05533899
0.07135833
0.07480020
0.06017173
0.07534693
0.05345735
0.05390014
0.06091057
0.05176301
0.05018168
0.05278090
0.05709359
0.05854327
0.05356607
0.06757719
0.06786641
0.05808349
0.05785895
0.05220005
0.07405598
0.06980192
0.06761326
0.09008991
0.05297182
0.06069821
0.06165699
0.06889205
0.07023798
0.10398503
0.05515945
0.05389915
0.07339205
0.06983442
0.05089516
0.04551394
0.06162947
0.08208634
0.05160328
0.05450232
0.06385138
0.06266132
0.06489027
0.07059892
0.08606367
0.08089265
0.04996809
0.05305942
0.05594172
0.10889865
0.11324123
0.06850305
0.05837601
0.07284209
0.06541337
0.07458618
0.04989771
0.06790088
0.05185339
0.06321019
0.04982794
0.07244765
0.06246875
0.08638210
0.05930290
0.05361747
0.07637060
0.07272739
0.05667180
0.04884877
0.07875972
0.07232306
0.06061620
0.06287545
0.06285825
0.06999730
0.06510615
0.05757302
0.05793930
0.06018240
0.05314687
0.07185164
0.07727443
0.07635716
0.09556144
0.05580493
0.05338248
0.06180399
0.05619726
0.07754814
0.10696606
0.05938384
0.09024635
0.07781623
0.04909894
0.06248846
0.06274231
0.06981543
0.06188161
0.05140405
0.05842266
0.05116775
0.07116516
0.05727529
0.05761892
0.05978205
0.09690164
0.05847731
0.08457378
0.06200495
0.06133488
0.05338892
0.05616628
0.06643923
0.06312250
0.05342430
0.07856364
0.07150798
0.08368256
0.06340986
0.06190290
0.06957082
0.08702321
0.08220315
0.04975819
0.08715149
0.05437965
0.05977591
0.07684574
0.04635587
0.05028319
0.05260735
0.09297285
0.05386813
0.05601482
0.05535887
0.05903867
0.07348801
0.05806679
0.05332550
0.05284052
0.06646123
0.06151669
0.07529722
0.05697094
0.06222562
0.09766043
0.07734104
0.10776523
0.04519846
0.06435363
0.05159714
0.06144259
0.05897106
0.05628674
0.06163054
0.07086316
0.07013369
0.05972055
0.05777533
0.05793128
0.07398422
0.06781747
0.05666358
0.05983079
0.07797587
0.05937917
0.05660258
0.05774904
0.05505792
0.07666365
0.07037015
0.05597533
0.05372505
0.04964332
0.05503890
0.06632926
0.05997725
0.06101312
0.06175159
0.06041985
0.06954397
0.05938481
0.05523814
0.05660413
0.06284603
0.06158130
0.05892366
0.04891520
0.07381123
0.06120110
0.06366713
0.05845114
0.05103453
0.07110272
0.06294476
0.05604497
0.05980924
0.05885641
0.06444719
0.05809681
0.06354188
0.07830130
0.05385154
0.06362351
0.06657480
0.06526182
0.07755336
0.06083183
0.05106654
0.06752883
0.05041579
0.04633104
0.05891930
0.06759643
0.08325956
0.05894419
0.06878646
0.05886726