0.01387937
0.01511176
0.01402480
0.01450293
0.01365362
0.01403734
0.01524050
0.01344838
0.01401472
0.01609567
0.01524119
0.01304810
0.01685021
0.01428874
0.01439107
0.01508181
0.01557507
0.01611367
0.01298683
0.01448447
0.01461028
0.01342461
0.01344706
0.01482590
0.01467373
0.01704429
0.01524538
0.01405825
0.01438049
0.01459975
0.01184899
0.01520507
0.01631223
0.01534697
0.01442488
0.01343988
0.01182957
0.01596565
0.01614024
0.01385606
0.01402647
0.01377456
0.01498612
0.01363826
0.01532641
0.01395608
0.01527759
0.01282819
0.01566890
0.01394427
0.01622293
0.01613676
0.01342098
0.01821520
0.01308494
0.01664661
0.01631802
0.01325604
0.01415253
0.01474620
0.01303305
0.01613784
0.01717401
0.01392913
0.01349659
0.01443781
0.01528700
0.01431806
0.01362570
0.01395154
0.01437171
0.01492589
0.01237337
0.01426821
0.01371545
0.01371819
0.01461140
0.01266131
0.01272779
0.01548885
0.01397687
0.01387881
0.01350675
0.01268661
0.01379602
0.01575294
0.01456474
0.01301933
0.01765330
0.01635047
0.01697494
0.01447712
0.01526549
0.01455706
0.01602196
0.01649291
0.01903432
0.01602602
0.01419799
0.01376651
0.01365306
0.01288585
0.01545364
0.01426630
0.01484807
0.01516871
0.01239405
0.01652839
0.01439866
0.01456719
0.01755694
0.01429123
0.01514536
0.01350583
0.01365694
0.01390622
0.01529719
0.01271374
0.01489736
0.01437079
0.01345545
0.01357997
0.01767017
0.01499744
0.01426005
0.01389290
0.01280563
0.01462941
0.01632865
0.01464079
0.01319170
0.01565548
0.01764161
0.01366416
0.01533922
0.01440364
0.01494835
0.01324748
0.01394602
0.01414880
0.01452664
0.01568209
0.01462493
0.01255849
0.01720654
0.01382215
0.01408864
0.01696524
0.01453395
0.01530691
0.01484567
0.01843915
0.01258223
0.01456517
0.01310408
0.01300303
0.01493788
0.01312318
0.01282211
0.01680202
0.01399002
0.01432300
0.01756672
0.01366487
0.01568021
0.01473486
0.01508353
0.01396072
0.01476298
0.01438934
0.01334057
0.01398018
0.01410391
0.01691847
0.01412888
0.01357673
0.01226539
0.01339724
0.01331742
0.01461285
0.01403311
0.01619787
0.01329923
0.01410232
0.01369697
0.01563215
0.01463946
0.01515035
0.01458662
0.01381713
0.01560200
0.01615524
0.01794383
0.01415678
0.01418800
0.01532846
0.01344760
0.01578585
0.01727595
0.01598971
0.01638839
0.01450512
0.01435590
0.01355794
0.01349721
0.01273122
0.01422175
0.01402116
0.01360965
0.01313635
0.01485821
0.01560373
0.01643936
0.01496834
0.01693257
0.01368935
0.01363356
0.01363857
0.01440305
0.01265209
0.01480611
0.01223712
0.01301392
0.01354091
0.01329685
0.01333313
0.01270402
0.01406224
0.01265924
0.01346734
0.01629405
0.01409988
0.01346348
0.01504669
0.01390946
0.01421347
0.01705863
0.01395208
0.01294969
0.01488461
0.01534587
0.01436703
0.01657231
0.01507660
0.01538686
0.01845990
0.01418341
0.01573082
0.01591402
0.01362276
0.01504853
0.01521522
0.01340239
0.01279244
0.01433240
0.01436720
0.01544704
0.01485788
0.01597299
0.01302165
0.01586696
0.01594863
0.01569975
0.01430164
0.01488211
0.01453935
0.01400318
0.01680093
0.01320640
0.01409551
0.01446137
0.01428064
0.01315140
0.01414273
0.01476972
0.01388542
0.01264835
0.01781951
0.01416504
0.01563522
0.01572144
0.01564411
0.01832622
0.01498648
0.01574050
0.01265430
0.01474578
0.01425503
0.01374139
0.01398880
0.01686344
0.01439425
0.01578173
0.01502133
0.01380137
0.01673370
0.01401316
0.01293133
0.01262807
0.01318037
0.01322175
0.01618732
0.01571768
0.01360968
0.01604138
0.01310665
0.01423189
0.01586450
0.01265263
0.01385032
0.01374797
0.01519729
0.01638785
0.01394847
0.01351901
0.01533787
0.01245351
0.01398961
0.01594554
0.01349672
0.01872093
0.01551299
0.01624570
0.01355820
0.01648764
0.01273919
0.01357331
0.01490430
0.01356756
0.01477901
0.01546040
0.01737641
0.01486019
0.01638105
0.01488280
0.01416958
0.01387439
0.01443046
0.01681003
0.01745481
0.01369189
0.01194100
0.01738112
0.01178104
0.01510521
0.01374863
0.01316572
0.01413371
0.01384238
0.01430704
0.01314123
0.01521448
0.01352699
0.01512250
0.01280398
0.01337365
0.01269420
0.01391944
0.01405031
0.01462369
0.01265645
0.01608583
0.01570405
0.01578544
0.01353009
0.01519536
0.01543534
0.01344534
0.01330866
0.01589252
0.01305952
0.01629014
0.01281191
0.01536025
0.01563971
0.01384214
0.01381619
0.01633261
0.01552744
0.01568698
0.01383464
0.01260576
0.01366241
0.01300339
0.01352608
0.01472797
0.01569758
0.01734482
0.01571910
0.01402876
0.01404645
0.01359715
0.01328098
0.01375284
0.01564903
0.01630389
0.01492363
0.01391516
0.01629970
0.01269345
0.01409849
0.01605681
0.01255667
0.01555937
0.01366030
0.01374255
0.01431216
0.01501572
0.01410704
0.01598088
0.01553637
0.01387064
0.01433805
0.02076636
0.01370140
0.01401793
0.01464661
0.01420939
0.01301086
0.01662044
0.01608628
0.01380877
0.01512599
0.01541711
0.01493585
0.01611605
0.01267878
0.01460974
0.01410882
0.01285812
0.01494594
0.01344556
0.01362546
0.01420701
0.01220537
0.01353638
0.01602346
0.01414292
0.01496744
0.01305408
0.01527261
0.01352975
0.01398592
0.01424109
0.01447768
0.01555982
0.01404031
0.01439638
0.01331089
0.01243135
0.01437808
0.01361460
0.01492387
0.01376028
0.01485031
0.01694616
0.01252702
0.01518766
0.01387222
0.01649699
0.01562279
0.01335585
0.01615001
0.01448638
0.01448602
0.01660391
0.01391042
0.01516455
0.01299514
0.01463213
0.01448020
0.01515926
0.01567354
0.01214689
0.01348855
0.01760643
0.01429715
0.01602009
0.01396571
0.01386283
0.01419693
0.01634014
0.01311867
0.01357451
0.01306284
0.01389934
0.01485514
0.01215246
0.01553160
0.01632491
0.01737597
0.01386225
0.01534319
0.01819787
0.01691507
0.01469085
0.01478327
0.01429130
0.01491157
0.01681029