0.01866061
0.02337960
0.02202767
0.01943242
0.02071883
0.02177453
0.01868512
0.01982014
0.01795505
0.01835077
0.02063934
0.02148161
0.01970314
0.01803143
0.02232917
0.01951012
0.01896332
0.02624267
0.01767892
0.01871011
0.01951318
0.01937090
0.02179061
0.02074279
0.01862791
0.01920271
0.01909966
0.02034710
0.02039003
0.01928625
0.01853521
0.01949359
0.02242099
0.01891535
0.01990678
0.01917208
0.01887684
0.01884445
0.01879782
0.01823756
0.02290873
0.02174668
0.01939056
0.02277548
0.02005098
0.01999808
0.02009404
0.01798194
0.01899064
0.02308411
0.01985886
0.01931603
0.02185841
0.02035227
0.01861850
0.02204824
0.02392480
0.02260229
0.01814901
0.02020871
0.01827648
0.01834172
0.01996686
0.01979498
0.01915010
0.01721735
0.02454580
0.01797438
0.01915254
0.01924518
0.01968490
0.01895236
0.02047676
0.01798511
0.01996438
0.01822386
0.01941428
0.01918561
0.02099897
0.01775048
0.02005265
0.01748347
0.01867814
0.01810568
0.02052452
0.02151216
0.01953307
0.02818552
0.01880054
0.01807629
0.01701676
0.01805361
0.01979268
0.02110346
0.01884867
0.01823995
0.02008673
0.01815224
0.02099186
0.01959689
0.02431053
0.02055517
0.01978608
0.02096364
0.01894319
0.01988013
0.02328012
0.01938823
0.01908479
0.01785891
0.01934796
0.01859989
0.02053507
0.01720989
0.01909451
0.01697723
0.02078544
0.01931095
0.01925193
0.01799274
0.01982992
0.02697175
0.02035776
0.02014356
0.01914441
0.01837990
0.01838525
0.02274417
0.01904688
0.01832773
0.01825917
0.01880435
0.01846056
0.01810811
0.02000090
0.01715108
0.01858354
0.02005164
0.01966101
0.01957487
0.01779728
0.01951763
0.01738986
0.02341077
0.01799624
0.01900703
0.01933846
0.01847146
0.02376559
0.02053086
0.01936033
0.01924988
0.01992494
0.01850177
0.01829769
0.01791005
0.02006738
0.01906379
0.01844014
0.01818671
0.02022411
0.01958360
0.01832673
0.01947330
0.01920471
0.02051961
0.01783223
0.01819731
0.01695267
0.02062559
0.01870742
0.01827433
0.02129258
0.02020930
0.02158787
0.01920542
0.01908575
0.01825841
0.01756864
0.01827334
0.01832431
0.01841808
0.01836202
0.01990231
0.01784807
0.01868908
0.02288776
0.01816367
0.01866997
0.01945629
0.01932525
0.01920234
0.01822462
0.01938118
0.01831423
0.01855879
0.01892190
0.02462636
0.02380673
0.01940957
0.02025144
0.01890732
0.01929822
0.01866215
0.02182418
0.01852728
0.01702028
0.01884303
0.02229114
0.02178591
0.01833040
0.01973869
0.01957644
0.01884713
0.01912399
0.01872340
0.02343715
0.01816119
0.02072232
0.02020951
0.01926082
0.01957866
0.01957925
0.01975199
0.01850940
0.01789461
0.02354240
0.02096842
0.01989050
0.01905120
0.02094594
0.02479799
0.01969545
0.01793082
0.01733684
0.01877772
0.01764227
0.02326872
0.02448438
0.01894172
0.01877230
0.01961660
0.01961999
0.02273606
0.02141271
0.01976793
0.01796641
0.01933318
0.01702782
0.01954048
0.01817347
0.01818607
0.01996664
0.01856973
0.02376013
0.01955558
0.01820737
0.01737872
0.02332970
0.01795612
0.01835650
0.01821105
0.01953908
0.01995113
0.01872859
0.02005945
0.01854393
0.01815549
0.01797603
0.02019851
0.01937605
0.02283250
0.01871745
0.01847774
0.01948716
0.01819672
0.01981040
0.02031820
0.02335872
0.02313347
0.02019189
0.01817823
0.02019037
0.01970557
0.01915698
0.01945343
0.01822533
0.01724828
0.01691500
0.01930365
0.01859020
0.01991612
0.02081054
0.01908074
0.01839112
0.01916010
0.01992665
0.01990656
0.02218704
0.01970918
0.01855198
0.01929718
0.02032007
0.01865717
0.01984861
0.02003167
0.01884837
0.01938605
0.01960429
0.02597335
0.01764906
0.02016884
0.01937920
0.02302113
0.02095601
0.01915900
0.01896415
0.01937668
0.02051256
0.01853790
0.01928977
0.02033151
0.02049807
0.02038706
0.01702580
0.02242856
0.01893324
0.02694934
0.01894043
0.01874099
0.02249721
0.02194353
0.02006521
0.01938970
0.01846853
0.01977454
0.02166315
0.01889553
0.01950659
0.02381389
0.02078581
0.02182192
0.01917693
0.02075153
0.02209489
0.02073337
0.01890466
0.02012735
0.02085719
0.02235088
0.01807587
0.01915504
0.01904147
0.01892463
0.01882465
0.01912762
0.02137702
0.02441077
0.01889581
0.02393664
0.02399607
0.02108900
0.02577267
0.02049269
0.01818285
0.01888015
0.01857457
0.02128984
0.01789786
0.01975053
0.01949890
0.02004400
0.02015876
0.02005254
0.01817156
0.02119252
0.02127833
0.02031116
0.01791280
0.01978678
0.02041942
0.02019638
0.01877289
0.01841959
0.02143460
0.01721268
0.02049165
0.01856894
0.02145313
0.02084342
0.02097818
0.02105210
0.02116667
0.01780222
0.01898187
0.01947376
0.01829470
0.01839075
0.02064534
0.02134160
0.01978028
0.02201812
0.01961555
0.02691867
0.02006400
0.02116785
0.01814232
0.02072331
0.01880971
0.01845675
0.01965804
0.02325157
0.01902581
0.02020321
0.01951552
0.01961051
0.02035276
0.01927016
0.01724850
0.02209327
0.02159869
0.01773373
0.01980935
0.02083397
0.01893231
0.02098949
0.01920704
0.02456999
0.01867042
0.02301281
0.01965770
0.02127857
0.01866331
0.01710942
0.01843685
0.02200171
0.01962879
0.01938210
0.01714405
0.02096329
0.01893506
0.01856732
0.01860868
0.02024104
0.02043370
0.01690833
0.02003692
0.02253954
0.01922364
0.01881280
0.01848345
0.01794783
0.01835025
0.01861049
0.01780234
0.01763673
0.02130733
0.02035152
0.02334961
0.01921714
0.02083789
0.02108581
0.01905474
0.01848990
0.01883964
0.01893980
0.02002788
0.01808527
0.01925724
0.01739565
0.02013287
0.02052691
0.01653119
0.01857779
0.01851652
0.01999485
0.01802006
0.02141179
0.01873756
0.01906630
0.01900405
0.01921603
0.01948821
0.02202462
0.01896240
0.02050377
0.01834835
0.02251593
0.01759695
0.01836409
0.02310247
0.01820839
0.01948584
0.01877745
0.01828168
0.01818363
0.01958853
0.01729806
0.01833809
0.01969688