0.01760516
0.01808670
0.01999010
0.01917294
0.01481838
0.02227066
0.01825123
0.01721125
0.02070203
0.01529254
0.02054928
0.01968404
0.01947466
0.01862721
0.01990571
0.01987497
0.01775589
0.01513783
0.02195696
0.02228853
0.03241126
0.01669012
0.01699419
0.02008697
0.01950168
0.02023936
0.01761448
0.01922328
0.01810993
0.01825578
0.01739930
0.01845976
0.01667230
0.01765458
0.01588586
0.01633543
0.01595841
0.01759105
0.01619391
0.01697841
0.02130306
0.01875599
0.01872180
0.01781613
0.01997262
0.01746976
0.01811858
0.01644584
0.02079797
0.01624227
0.01752486
0.01680678
0.02169883
0.01880345
0.01879612
0.01458853
0.01679670
0.01819938
0.01867244
0.01709969
0.01922110
0.01731571
0.01766026
0.01758261
0.01632185
0.01723376
0.01694007
0.01752324
0.01775915
0.01511751
0.01938792
0.01692373
0.01738642
0.01908619
0.01909034
0.01716830
0.02049919
0.01804672
0.01647350
0.01974891
0.01744619
0.01877005
0.02187037
0.02079726
0.01701351
0.02060481
0.01681098
0.01952188
0.01686060
0.01612327
0.02095911
0.01645054
0.01502365
0.01965919
0.01835329
0.02281021
0.01879327
0.01876457
0.01653084
0.02053508
0.01783620
0.02062537
0.01447310
0.01701821
0.01756492
0.01625697
0.01800189
0.02167729
0.01974307
0.01681059
0.01934626
0.01589424
0.01884895
0.01791035
0.01757437
0.02066460
0.01632883
0.02359463
0.02447607
0.01833172
0.01771991
0.01716031
0.02018669
0.01828735
0.01847185
0.02056846
0.01735512
0.01928812
0.01893680
0.01892527
0.01971560
0.01797585
0.01632787
0.02879590
0.01695945
0.01879422
0.01629459
0.01742364
0.01885264
0.02174169
0.01826254
0.01704578
0.01651577
0.01614580
0.01863120
0.02303003
0.02397030
0.01745868
0.01754348
0.02038423
0.02423277
0.01772363
0.01776968
0.02056273
0.01858539
0.01981953
0.01772228
0.01935728
0.01703483
0.01693630
0.01650861
0.01899322
0.01822211
0.01633182
0.02115979
0.01620754
0.01877547
0.01943322
0.01957647
0.01691408
0.01789399
0.01986172
0.01690099
0.01503615
0.01873435
0.01947473
0.01861203
0.01811950
0.01950940
0.01714572
0.01790018
0.01830568
0.01609562
0.01995926
0.02102397
0.02021967
0.01873336
0.01748243
0.02403267
0.01922946
0.01800275
0.01804761
0.01773092
0.01679450
0.02162523
0.02061810
0.02063852
0.01564352
0.01872422
0.01792996
0.01829249
0.01734267
0.01725753
0.01902566
0.01990498
0.01961771
0.02230322
0.02120737
0.01858127
0.02035833
0.02146269
0.01891131
0.02210289
0.01729347
0.01797970
0.01876840
0.01712534
0.02014317
0.02367992
0.01720170
0.01775610
0.01609298
0.02090796
0.01812531
0.01922310
0.01893850
0.01673741
0.01635777
0.01763763
0.01664347
0.01516762
0.02109278
0.02388449
0.01612546
0.01888212
0.01605604
0.02120216
0.01571655
0.01974736
0.01986377
0.01743997
0.01877313
0.01559272
0.02003283
0.01767065
0.01561008
0.02006958
0.01651381
0.01988245
0.01836157
0.01646638
0.01765016
0.01740941
0.01842369
0.02036705
0.01843910
0.01931999
0.01910530
0.02019640
0.01996623
0.01944028
0.01589680
0.01987465
0.01993588
0.01550001
0.01678148
0.01702191
0.01596880
0.01731394
0.01567417
0.01950647
0.02030860
0.01701406
0.01832037
0.02099765
0.01950827
0.02058468
0.01555179
0.01593127
0.01589587
0.01755799
0.01732381
0.01654324
0.01521139
0.01871143
0.01913640
0.01858438
0.01943618
0.01878545
0.01707823
0.01843270
0.01953852
0.01697559
0.01454788
0.02491984
0.01610636
0.01915305
0.02178389
0.01723116
0.01929977
0.01801133
0.01713921
0.01909325
0.02633208
0.01734150
0.01839667
0.01965257
0.01585825
0.01661787
0.02006762
0.01958290
0.01884604
0.01647828
0.01828079
0.01581912
0.02073491
0.02250072
0.01984978
0.01709493
0.02092251
0.01737808
0.02013371
0.01995336
0.01749303
0.02018041
0.01890922
0.01967374
0.02004830
0.01809562
0.01871065
0.01583218
0.01709364
0.01518928
0.02028289
0.01835629
0.01648450
0.01974673
0.01771278
0.01956904
0.02180120
0.01828722
0.01607673
0.01746427
0.01678337
0.01938847
0.01879565
0.01782119
0.01755965
0.02086014
0.02174550
0.01696168
0.01881528
0.01536895
0.01609923
0.01706401
0.01710093
0.01736747
0.02336146
0.01706436
0.01935275
0.01535065
0.01813628
0.01672934
0.01711409
0.01856744
0.01775350
0.01945069
0.02139712
0.01567940
0.02144864
0.01452681
0.01702271
0.01541473
0.02027279
0.02052067
0.01528649
0.01718650
0.01640725
0.01925299
0.02003496
0.01802439
0.01765838
0.01784951
0.01782291
0.01897188
0.01830386
0.01950074
0.01930594
0.02196076
0.01879325
0.01674039
0.01789624
0.01512359
0.01843858
0.02114892
0.02018063
0.02075672
0.02383010
0.01790543
0.01865931
0.02355333
0.01723354
0.01951766
0.01781658
0.01782240
0.01651373
0.02175553
0.01977271
0.01656557
0.01873174
0.01809788
0.01980181
0.01508862
0.02005009
0.01710908
0.01906378
0.01765398
0.01689327
0.01716223
0.01925051
0.01623853
0.01419740
0.01789919
0.01973993
0.01605104
0.01723111
0.01915572
0.01819089
0.01703854
0.01725905
0.01853774
0.01655550
0.01734016
0.01661175
0.01687326
0.02218282
0.01935377
0.01681044
0.01939536
0.01595066
0.01701181
0.01997267
0.01701488
0.01586952
0.02010044
0.01816201
0.01750062
0.02261932
0.01973406
0.01947974
0.01788216
0.02071788
0.02082154
0.01817450
0.01579613
0.01708260
0.01493278
0.02031396
0.02001358
0.01705117
0.01693812
0.01642534
0.01764097
0.01727542
0.02326559
0.01678012
0.01659484
0.01908615
0.01858551
0.02086324
0.01669847
0.01894281
0.01439749
0.01915249
0.01906869
0.01856721
0.01892675
0.01616557
0.01870068
0.02006858
0.02233482
0.01677128
0.01726515
0.01599407
0.01888350
0.01849951
0.01752893
0.01982873
0.01765975
0.01728707
0.01693025
0.01819263
0.02258415
0.01706997
0.02251048
0.01553628
0.01657240
0.01833833
0.02184943
0.02376584