0.03029680
0.03132781
0.03338211
0.03113180
0.03436180
0.03301771
0.03294151
0.03635685
0.03324862
0.03344254
0.03319906
0.03461703
0.02908382
0.03764445
0.03313919
0.03398670
0.03815690
0.03641903
0.03243974
0.03513532
0.03308743
0.03262782
0.03983170
0.03235219
0.03626739
0.03137219
0.03369292
0.03258946
0.02897446
0.04019912
0.03507753
0.03028272
0.03387565
0.04067804
0.03237020
0.03159978
0.03324565
0.03244258
0.03135700
0.03468696
0.03329643
0.03552857
0.03288696
0.03158900
0.03140741
0.03700420
0.03239269
0.03589584
0.03958679
0.03835010
0.03365974
0.03341736
0.04105422
0.02927287
0.03293074
0.03443341
0.03207847
0.03528641
0.03432080
0.03542108
0.03581178
0.03327770
0.03156249
0.03302394
0.03151125
0.03892966
0.03139847
0.03326219
0.03194667
0.03849399
0.03518732
0.03157451
0.03539740
0.03178019
0.03318575
0.03820984
0.03425778
0.03691928
0.03212265
0.03270492
0.03415830
0.03501090
0.03772098
0.03144582
0.03461699
0.03077930
0.03901728
0.03559797
0.03620229
0.03438350
0.03253149
0.03305446
0.04014367
0.03176789
0.03381273
0.03312707
0.03328202
0.03602317
0.03015130
0.03644250
0.04321374
0.03268184
0.03703739
0.03513159
0.04608355
0.03212517
0.03168476
0.03198334
0.03359408
0.03844530
0.03175521
0.03331196
0.04577099
0.03671271
0.03068270
0.03381008
0.03331040
0.04192983
0.03207007
0.03886233
0.03831424
0.03206509
0.03514817
0.03142676
0.03415961
0.03309483
0.03672078
0.03309488
0.02965914
0.03530756
0.03611081
0.02878473
0.03196687
0.04016338
0.03485175
0.03042092
0.03388950
0.04141653
0.03341197
0.03182912
0.03099533
0.03277324
0.03084717
0.03320039
0.03410816
0.03038715
0.03421501
0.03013377
0.03561952
0.03072421
0.03321014
0.03507375
0.03342000
0.03524942
0.03210673
0.03398422
0.03275901
0.03301310
0.03754902
0.03082549
0.04340424
0.03297662
0.03373202
0.03468002
0.03712340
0.03237175
0.03190862
0.03289962
0.03577623
0.03296975
0.03550133
0.03408305
0.03319562
0.03529606
0.03776206
0.03045519
0.03272020
0.03305007
0.03190357
0.03098395
0.03273139
0.03091843
0.03457199
0.03283889
0.03103339
0.03243353
0.03009572
0.03257976
0.03352322
0.03152199
0.03316162
0.02990021
0.03008059
0.03388327
0.03506797
0.03217254
0.03220373
0.02951329
0.03553116
0.03501067
0.02969080
0.03565877
0.03217010
0.03608352
0.03125834
0.03338257
0.03416676
0.03131442
0.03217270
0.03141408
0.03847299
0.03343523
0.03856121
0.03228402
0.03361407
0.04011969
0.03436072
0.03325068
0.03385601
0.03202812
0.03298751
0.03109208
0.03311762
0.03655611
0.03434024
0.03126821
0.03410740
0.03680554
0.03158717
0.03843203
0.03410553
0.03172680
0.03650617
0.02990807
0.03225934
0.03103758
0.03130777
0.03025414
0.03245281
0.03364628
0.03378745
0.03293777
0.03365535
0.03866489
0.03101202
0.03236058
0.03342768
0.03234066
0.03570520
0.03140322
0.03375389
0.03093503
0.03289641
0.03277393
0.03175906
0.03298680
0.03122929
0.03388003
0.03733526
0.03454777
0.03170219
0.03519941
0.03380115
0.03162667
0.03242659
0.03537854
0.03430984
0.03451035
0.03249921
0.03068456
0.05077646
0.03132487
0.03465624
0.02940961
0.03150867
0.03113126
0.02863556
0.03160784
0.03154819
0.03685745
0.03482007
0.03469143
0.03383234
0.03305442
0.03066775
0.03233546
0.03380284
0.03406500
0.03650427
0.03832134
0.03503096
0.03468775
0.03435027
0.03471527
0.03720151
0.03247247
0.03343476
0.03179180
0.03803480
0.03502546
0.03735754
0.03832646
0.03799585
0.03207864
0.03750600
0.03053517
0.03356262
0.03155028
0.03291408
0.03646630
0.03423020
0.04031086
0.03617390
0.03272310
0.03402658
0.03420493
0.03240516
0.03461924
0.03658028
0.02914143
0.03498502
0.03071141
0.03219472
0.03092225
0.03355165
0.03266277
0.03146040
0.03534773
0.04151049
0.03378140
0.03368101
0.03559966
0.03647126
0.03640246
0.03211903
0.03166412
0.03763005
0.03259195
0.03265204
0.04127917
0.03133009
0.03279265
0.03600653
0.03492359
0.03659567
0.03111748
0.04372906
0.03076168
0.03518515
0.03946699
0.03203855
0.03222693
0.03408926
0.03771548
0.03354973
0.03059304
0.03324393
0.03325774
0.03148738
0.03600928
0.03449109
0.03656359
0.03148477
0.03528748
0.03051167
0.03044537
0.03564925
0.02983794
0.03671535
0.03234574
0.03292589
0.03234265
0.04388508
0.03474053
0.03363606
0.03256321
0.03280263
0.03820067
0.03534728
0.03982097
0.03360527
0.03114825
0.03334610
0.03359840
0.03382995
0.03293879
0.02844369
0.03427977
0.03845327
0.03277723
0.02979823
0.03645796
0.03281435
0.04344769
0.03487676
0.03166680
0.03610225
0.02985128
0.03419125
0.04171717
0.03419305
0.03520869
0.03177076
0.03130114
0.02978464
0.03156851
0.03525085
0.02988837
0.03439656
0.04300317
0.03964757
0.03167461
0.03478650
0.03735926
0.03601630
0.03442711
0.03467452
0.03349247
0.03383656
0.02901214
0.03366364
0.03277867
0.03677202
0.03090877
0.03590076
0.03738975
0.04122351
0.03324724
0.03563975
0.03346178
0.03386542
0.03534614
0.03219331
0.03270716
0.03178229
0.02833392
0.03360227
0.03978660
0.03254903
0.02939790
0.03140036
0.02918780
0.03384775
0.03336564
0.03310158
0.04020167
0.03353133
0.03460016
0.03150464
0.03563166
0.03182449
0.03430674
0.03350547
0.03147701
0.03221389
0.03238741
0.03186358
0.03463285
0.04286533
0.03216791
0.03002391
0.03519742
0.03004364
0.03416839
0.03193527
0.03263858
0.03243291
0.03082109
0.03395012
0.03716499
0.03409290
0.03833614
0.03410583
0.03213124
0.03609127
0.03275709
0.03433103
0.03436671
0.04528829
0.03300720
0.03148885
0.03068885
0.03781834
0.03524161
0.03111160
0.03692992
0.03395608
0.03783784
0.03596286
0.04244514
0.03821530
0.02863680
0.02943898
0.03497208
0.03499838
0.03178114
0.03299254
0.03597518
0.03460542
0.03279769