0.01705458
0.01621705
0.01342077
0.01344102
0.01342216
0.01608246
0.01728013
0.01389531
0.01405908
0.01360779
0.01705985
0.01468958
0.01937595
0.01403257
0.01315398
0.01509819
0.01420585
0.01493929
0.01683862
0.01708891
0.01664905
0.01662163
0.01627787
0.01672910
0.01551066
0.01341536
0.01544451
0.01569145
0.01637471
0.01469988
0.01418500
0.01735710
0.01458716
0.01495828
0.01395739
0.01360728
0.01410640
0.01390207
0.01445596
0.01308274
0.01303628
0.01409841
0.01423386
0.01390534
0.01509296
0.01484009
0.01415936
0.01976561
0.01567815
0.01564850
0.01409079
0.01328545
0.01513132
0.01615155
0.01503731
0.01703324
0.01340074
0.01483808
0.01652442
0.01518499
0.01660122
0.01471455
0.01488309
0.01589269
0.01544411
0.01406915
0.01788897
0.01644358
0.01565288
0.01532316
0.01512151
0.01581377
0.01445377
0.01750219
0.01574728
0.01462794
0.01527798
0.01498101
0.01536244
0.01634278
0.01607560
0.01561730
0.01467082
0.01589815
0.01424576
0.01726556
0.01338324
0.01550142
0.01436602
0.01687693
0.01487596
0.01717031
0.02190804
0.01397955
0.01579656
0.01451514
0.01626765
0.01394675
0.01718980
0.01790334
0.01367197
0.02061084
0.01418998
0.01486383
0.01499642
0.01305264
0.01624914
0.01419731
0.01655139
0.01637420
0.01490830
0.01625466
0.01549128
0.01350274
0.01258192
0.01602292
0.01509259
0.02184446
0.01514527
0.01529983
0.01580936
0.01654064
0.01495923
0.01488183
0.01521594
0.01805069
0.01566776
0.01562753
0.01523616
0.01460071
0.01499876
0.01792033
0.01594163
0.01366395
0.01523947
0.01717628
0.01639319
0.01544461
0.01689067
0.01997644
0.01329490
0.01567280
0.01464730
0.01833772
0.01713225
0.01727477
0.01505022
0.01574843
0.01865270
0.01573550
0.01487816
0.01422668
0.01641220
0.01725487
0.01610072
0.01791230
0.01357448
0.01589271
0.01382283
0.01494564
0.01640023
0.01649305
0.01492046
0.01343381
0.01687951
0.01410709
0.01643925
0.01639819
0.01391017
0.01555536
0.01607370
0.01564897
0.01537162
0.01536929
0.01262076
0.01668477
0.01428770
0.01572749
0.01468512
0.01522895
0.01408239
0.01610351
0.01693802
0.01345697
0.01729943
0.01417674
0.01328198
0.01640422
0.01578870
0.01494301
0.01392310
0.01505584
0.01519417
0.01451106
0.01570374
0.01536943
0.01375292
0.01667120
0.01672871
0.01380669
0.01714583
0.01379497
0.01429639
0.01517100
0.01524969
0.01436579
0.01458639
0.01457353
0.01565862
0.01546604
0.01574880
0.01442782
0.01700162
0.01658404
0.01612338
0.01436907
0.01675890
0.01456582
0.01574258
0.01392604
0.01610740
0.01406529
0.01360072
0.01507719
0.01513474
0.01424362
0.01574472
0.01672241
0.01592036
0.01407682
0.01468689
0.01439051
0.01581581
0.01467661
0.01413299
0.01359324
0.01516747
0.01487807
0.01659584
0.01589010
0.01539294
0.01868738
0.01383620
0.01502768
0.01437634
0.01270353
0.01404496
0.01642514
0.01360760
0.01393843
0.01535018
0.01366694
0.01463912
0.01530909
0.01804487
0.01293214
0.01763949
0.01559578
0.01264748
0.01456112
0.01554591
0.01393938
0.01565320
0.01655863
0.01580210
0.01870715
0.01684745
0.01390378
0.01472936
0.01553756
0.01610934
0.01437105
0.01332832
0.01767527
0.01472976
0.01631937
0.01399143
0.01568079
0.01437622
0.01414587
0.01539787
0.01598969
0.01473349
0.01333271
0.01340875
0.01339148
0.01485596
0.01432724
0.01349867
0.01404050
0.01323987
0.01872691
0.01824655
0.01505344
0.01551634
0.01636912
0.01637270
0.01510391
0.01456912
0.01837526
0.01517147
0.01588718
0.01567836
0.01476478
0.01607998
0.01398258
0.01429106
0.01537848
0.01602182
0.01380457
0.01374827
0.01361726
0.01436079
0.01560548
0.01630283
0.01499325
0.01263921
0.01491879
0.01951445
0.01468383
0.01488317
0.01781439
0.01840634
0.01622097
0.01625282
0.01564374
0.01413226
0.01588936
0.01419402
0.01402817
0.01563740
0.01704043
0.01303969
0.01459830
0.01483751
0.01794590
0.01386772
0.01519902
0.01404184
0.01577837
0.01401099
0.01580876
0.01553709
0.01634411
0.01372103
0.01589100
0.01359881
0.01449612
0.01607168
0.01428043
0.01349479
0.01281519
0.01687723
0.01759823
0.01354914
0.01626782
0.01306406
0.01400064
0.01701756
0.01661021
0.01549488
0.01737559
0.01680053
0.01838204
0.01608399
0.01351840
0.01365609
0.01421302
0.01936766
0.01623512
0.01617445
0.01386453
0.01477044
0.01451555
0.01978870
0.01465421
0.01746131
0.01387039
0.01845502
0.01676668
0.01616012
0.01415342
0.01487597
0.01338886
0.01672700
0.01538881
0.01542652
0.01323518
0.01667140
0.01650501
0.01424167
0.01423714
0.01782343
0.01480095
0.01280460
0.01533983
0.01834165
0.01337479
0.01684812
0.01287845
0.01853896
0.01573011
0.01651575
0.01629615
0.01469447
0.01608376
0.01467523
0.01527838
0.01570042
0.01921667
0.01469497
0.01948779
0.01520124
0.01319768
0.01333281
0.01594646
0.01286935
0.01708212
0.01419425
0.01606487
0.01613602
0.01642993
0.01422309
0.02008572
0.01593560
0.01822498
0.01606352
0.01637734
0.01419000
0.01549867
0.01697040
0.01884169
0.01437457
0.01502382
0.01465666
0.01405416
0.01539879
0.01380098
0.01503429
0.01879806
0.01698333
0.01859034
0.01387978
0.01617684
0.01422583
0.01648694
0.01515299
0.01447574
0.01553583
0.01538835
0.01579266
0.01492589
0.01624211
0.01492458
0.01656370
0.01760168
0.01292340
0.01498932
0.01478439
0.01772657
0.01489061
0.01501664
0.01401374
0.01743448
0.01356329
0.01733737
0.01590787
0.01384797
0.01707139
0.01528066
0.01764682
0.01933188
0.01484220
0.01700696
0.01601415
0.01591505
0.01568778
0.01348350
0.01780579
0.01479867
0.01772993
0.01807843
0.01885338
0.01488825
0.01435777
0.01825123
0.01728617
0.01591411
0.01750171
0.01681144
0.01474924
0.01257421
0.01387547
0.01904947
0.01789334
0.01538856
0.01597894
0.01317383
0.01407240
0.01400660