0.10691129
0.09330769
0.08400545
0.11925320
0.12873193
0.11840317
0.21086588
0.10615175
0.12549664
0.12307239
0.14877299
0.11076904
0.10374918
0.08407955
0.09289408
0.10629506
0.17212822
0.11708229
0.11657423
0.12892151
0.09519347
0.08554613
0.11931635
0.09465227
0.15485892
0.11351817
0.09446708
0.12853049
0.10707911
0.15347281
0.11834805
0.08864232
0.09488222
0.09141197
0.10246663
0.10281610
0.10516138
0.11769624
0.13489664
0.09115698
0.12152291
0.08899721
0.14642954
0.10535802
0.14288083
0.17910390
0.12262189
0.18244506
0.08734244
0.17912471
0.15459028
0.08330261
0.09238768
0.17015401
0.12599185
0.11152939
0.08194770
0.12903192
0.14185186
0.10909644
0.09827043
0.10636597
0.11973699
0.08852667
0.09314105
0.09654567
0.09925123
0.10073870
0.11681278
0.10240469
0.12253092
0.18888596
0.12325870
0.10467048
0.13111252
0.08451810
0.09728619
0.11286198
0.12167410
0.21256877
0.10731878
0.17312327
0.10301184
0.09666925
0.08879191
0.09805690
0.10111123
0.11404462
0.08926968
0.14255469
0.12326749
0.11297004
0.10872199
0.12342436
0.14233847
0.13351341
0.09274531
0.12088290
0.12226768
0.14820933
0.12398064
0.08285446
0.08655428
0.09024039
0.09330665
0.08933183
0.08977908
0.10176890
0.09951219
0.13617212
0.16640629
0.11910250
0.09119717
0.10235842
0.19384306
0.12665066
0.14652985
0.14532995
0.10027849
0.10225922
0.13007611
0.16713378
0.11603247
0.10672990
0.14197270
0.09010510
0.13102218
0.09281677
0.14552008
0.10322256
0.10979756
0.08274555
0.09321030
0.14128057
0.10226652
0.10452648
0.12332826
0.11040297
0.09512072
0.10095617
0.10447192
0.10469821
0.09754792
0.09080942
0.10631299
0.09042999
0.10527511
0.10864491
0.10107393
0.12217031
0.20177859
0.13846747
0.10543552
0.13835654
0.09180284
0.09008478
0.10960973
0.10883577
0.10426633
0.11670500
0.09544281
0.09074066
0.10996195
0.12576401
0.10691715
0.14733358
0.11770236
0.20753384
0.10074924
0.10635297
0.08824623
0.09599091
0.13591498
0.13835039
0.09011365
0.11638151
0.14052114
0.19775118
0.13045362
0.12233400
0.09955389
0.09949000
0.09207504
0.09116690
0.10779833
0.13272994
0.10257474
0.15771661
0.12272851
0.12851799
0.12803915
0.15229178
0.14868805
0.08512250
0.14060575
0.18609455
0.09139018
0.23666501
0.14488779
0.10159830
0.19502755
0.09063259
0.10240965
0.13675425
0.10474242
0.10563631
0.12907466
0.11700328
0.13863959
0.11343148
0.09391232
0.17713465
0.10812921
0.09991267
0.16142610
0.11281778
0.11712727
0.13517416
0.11225046
0.13667406
0.09561565
0.12308443
0.16092227
0.11976495
0.15470738
0.13028885
0.14644025
0.08910015
0.09051244
0.12039885
0.09169680
0.11873946
0.10638608
0.09985590
0.10078543
0.09203183
0.13002926
0.14201968
0.10892605
0.09316529
0.13510259
0.12722933
0.15632630
0.13267805
0.12466303
0.07467658
0.09909118
0.10716548
0.09831526
0.11050520
0.10854575
0.11996347
0.09438291
0.07470032
0.19250881
0.10941425
0.15411540
0.09392190
0.14444295
0.20925151
0.19512192
0.09436373
0.09065619
0.11177592
0.08806116
0.11209078
0.10167210
0.12112787
0.11132320
0.22707337
0.12247153
0.09929204
0.10033726
0.10207508
0.09621177
0.09695915
0.12239125
0.11170995
0.09517027
0.16425688
0.13938494
0.10531094
0.11063528
0.11665375
0.15815200
0.08888991
0.09524802
0.12702981
0.08957014
0.12666428
0.10743862
0.09259863
0.12031928
0.09704874
0.09779692
0.08596369
0.09241102
0.11675347
0.12669389
0.13353611
0.12512596
0.09364565
0.16962283
0.08704585
0.08745912
0.11957279
0.14224687
0.14228033
0.11027045
0.22328655
0.12243596
0.10765907
0.11636978
0.08437138
0.08066503
0.09117403
0.16127414
0.13496693
0.10870199
0.10436063
0.11194095
0.10117210
0.13114244
0.15451941
0.10606393
0.09477720
0.08693925
0.10680340
0.11042239
0.14114020
0.08946028
0.11859327
0.09861972
0.07844936
0.11328745
0.08580151
0.12354807
0.08594215
0.16231348
0.10892078
0.10819713
0.09005947
0.09296888
0.09007427
0.11371189
0.09128111
0.16053685
0.09695972
0.10318677
0.07897295
0.22496886
0.11346303
0.09067677
0.10523744
0.17319528
0.10329640
0.13802833
0.09839503
0.10494193
0.11117283
0.20878842
0.13445875
0.10820699
0.11669343
0.09577726
0.09815904
0.13666289
0.09359985
0.09625724
0.09171385
0.10341398
0.12769788
0.09731211
0.15659338
0.15274802
0.11330951
0.09231125
0.09574994
0.09483533
0.11584221
0.10076473
0.15570965
0.11217778
0.08863844
0.09177063
0.08103993
0.12185093
0.09953121
0.21899397
0.12532150
0.12884854
0.10643372
0.09751091
0.09645262
0.15157740
0.19465376
0.13184350
0.10641383
0.09822983
0.12410922
0.11175001
0.10949134
0.08879995
0.10913710
0.10902186
0.11122314
0.18247497
0.08433814
0.17933460
0.12187299
0.37341570
0.08558105
0.09605745
0.09954223
0.14421241
0.11074677
0.10810758
0.11270474
0.12163343
0.16293665
0.12651704
0.09165731
0.08885701
0.10985614
0.09522427
0.07997020
0.10239424
0.08219565
0.13423741
0.13147482
0.17812374
0.14617202
0.14023196
0.09158489
0.10458546
0.11733741
0.12394971
0.10513307
0.09999832
0.12002142
0.10746059
0.11011049
0.11533172
0.09216986
0.10264486
0.11165388
0.19915944
0.13127511
0.12596991
0.11823115
0.11828062
0.08865666
0.13628119
0.08267417
0.10970232
0.10163527
0.10744453
0.09766472
0.10897179
0.09078287
0.12461590
0.09429692
0.22360970
0.10724195
0.13282455
0.11796318
0.10413408
0.10074205
0.14126292
0.09144037
0.10410649
0.11036357
0.30845400
0.14608556
0.10395343
0.20925829
0.09530613
0.12241948
0.10277323
0.09731919
0.08964212
0.11019041
0.13243384
0.16393531
0.14632706
0.10063163
0.10683630
0.10383461
0.10544128
0.13501129
0.09576814
0.10823731
0.10503140
0.10913724
0.11881070
0.12606348
0.11285165
0.09880151
0.08545436
0.12285018