0.05200088
0.04913886
0.04696536
0.04798844
0.05329045
0.05438453
0.04793034
0.05235940
0.05459296
0.04821459
0.05295953
0.05518266
0.05132941
0.04594052
0.04925881
0.05048572
0.05013933
0.04748739
0.05062380
0.04931066
0.04892971
0.05350639
0.05124446
0.04746816
0.05063122
0.05203116
0.04666392
0.05089506
0.04753185
0.04965178
0.05508702
0.05112463
0.04834024
0.04686713
0.05717564
0.04925130
0.04994460
0.04899416
0.05365332
0.04908879
0.05127314
0.04824162
0.05143471
0.05205409
0.05607300
0.05133983
0.05246726
0.05136423
0.05560788
0.05157673
0.04822798
0.05078278
0.05464859
0.05250996
0.04662923
0.04995716
0.05457225
0.05102193
0.05393331
0.04828099
0.05736790
0.05026245
0.04794097
0.05241415
0.04818125
0.05842501
0.04777907
0.05496974
0.05037752
0.04732857
0.04996506
0.04826217
0.04795036
0.05084854
0.05018921
0.04744847
0.05169095
0.05167504
0.05009447
0.05348479
0.04765783
0.05079248
0.05609562
0.05396089
0.05093697
0.05178985
0.05116934
0.05208675
0.05272649
0.05221321
0.05154082
0.05058725
0.05006650
0.04816331
0.05127210
0.04756995
0.05178119
0.04914366
0.05061722
0.04970891
0.04998351
0.05043630
0.05351143
0.05166862
0.05151217
0.04902612
0.04524482
0.04677834
0.04838050
0.04999078
0.05169641
0.04497253
0.05649742
0.04858088
0.05212107
0.05047841
0.05076173
0.04810041
0.04715418
0.05767485
0.05018838
0.05023827
0.05274147
0.06055693
0.05172982
0.04792259
0.05045290
0.05338736
0.05009676
0.05064795
0.04778888
0.05474692
0.04855295
0.05044169
0.04640924
0.05217562
0.04789688
0.05054975
0.05444420
0.05002817
0.05160959
0.05103531
0.04838760
0.05228564
0.04935644
0.04928151
0.05411189
0.05354905
0.05394296
0.04787278
0.05531951
0.05074716
0.05014576
0.04760240
0.05049445
0.05398360
0.05211321
0.05114759
0.05091221
0.05277423
0.05593673
0.04881541
0.05069647
0.04711386
0.05217081
0.05191187
0.04787667
0.05408662
0.04826936
0.04961931
0.05177737
0.05109184
0.04815131
0.05306277
0.05417942
0.04895490
0.05170556
0.05294271
0.05702393
0.04653554
0.05771689
0.04998734
0.04783325
0.05167041
0.04658326
0.04927601
0.04838357
0.05237175
0.04819800
0.05019276
0.05291621
0.04711642
0.04930345
0.04640219
0.05100165
0.05193226
0.05034350
0.05907066
0.05023674
0.05079567
0.04906586
0.05279805
0.04990754
0.04764465
0.04884544
0.05259160
0.05009929
0.05788515
0.04776292
0.04842247
0.05337173
0.05112439
0.05113681
0.04983263
0.04906972
0.05237523
0.05006648
0.04940367
0.05039142
0.05420563
0.04581790
0.04823164
0.04953466
0.04803175
0.05248628
0.04941398
0.05172401
0.04773028
0.05079098
0.06789941
0.05563233
0.04888400
0.04907700
0.05607526
0.05357542
0.04855280
0.05091246
0.04992970
0.05050701
0.05062031
0.05108980
0.05587230
0.05183346
0.05146351
0.04778026
0.04996878
0.04945134
0.05071059
0.04991846
0.04776799
0.04781245
0.05573494
0.05639439
0.05185037
0.04662334
0.05006699
0.05096028
0.05633376
0.05357374
0.05023401
0.05339268
0.05439416
0.04626616
0.05344259
0.05585842
0.06699584
0.05486989
0.05063535
0.05614138
0.04839518
0.04959810
0.04990085
0.04864185
0.04815983
0.05127666
0.04897891
0.04925288
0.04772076
0.04850512
0.05934723
0.04851321
0.05074084
0.04828590
0.04799775
0.05819035
0.05105870
0.05023191
0.05757444
0.05077553
0.04910839
0.05143847
0.05083867
0.04912016
0.05066658
0.04625664
0.04856894
0.05603756
0.04958887
0.05286010
0.05177219
0.04583777
0.04914605
0.04866308
0.05208227
0.05069219
0.05392814
0.05981566
0.04817166
0.05074828
0.05244158
0.05189983
0.05001163
0.05407746
0.05626182
0.05371136
0.05001567
0.04618331
0.05045817
0.04422802
0.05127762
0.05120748
0.05386393
0.05092613
0.05123964
0.04777723
0.04837638
0.05285473
0.04910860
0.04766673
0.05077123
0.04907794
0.05123186
0.05630186
0.04599097
0.05622810
0.05119705
0.05224565
0.05729770
0.04613217
0.05389141
0.05419292
0.04852779
0.04620427
0.05580863
0.04813240
0.04878423
0.05127306
0.05003466
0.04924247
0.05145184
0.05240736
0.04850433
0.05428803
0.05013555
0.05063216
0.05101658
0.05050353
0.04872129
0.05584051
0.05386870
0.06306192
0.05002467
0.05094858
0.05235569
0.05276183
0.05325149
0.04977383
0.05185264
0.04862600
0.05130323
0.05438346
0.05248888
0.05190886
0.06876961
0.04986586
0.05409765
0.05195576
0.05551470
0.05221103
0.04877933
0.04803575
0.05234806
0.05076858
0.05180282
0.04884828
0.04848136
0.05703601
0.05043837
0.05019023
0.04997113
0.04773938
0.04742145
0.04693261
0.04885236
0.05459783
0.05136264
0.05194154
0.04961377
0.05460421
0.05908205
0.05316956
0.05473210
0.05192693
0.04871850
0.04912847
0.05525942
0.04614304
0.04960397
0.05514730
0.05173176
0.06258366
0.04898022
0.05184523
0.04799648
0.04740532
0.05143983
0.05618303
0.05023307
0.04585536
0.05277419
0.05099552
0.05901630
0.05313133
0.04800261
0.05199285
0.05715405
0.05257239
0.05007683
0.05064189
0.05363732
0.04965886
0.04951369
0.04928863
0.05769609
0.04938866
0.04828992
0.06474086
0.05180366
0.05453743
0.04904446
0.05113701
0.05041604
0.05398003
0.04960999
0.05191679
0.05025973
0.04970152
0.04876051
0.05131313
0.05136461
0.05527556
0.04884922
0.04874928
0.05029951
0.05097116
0.05267462
0.05212076
0.04923737
0.05392565
0.04694483
0.04625379
0.05147800
0.04996003
0.05178255
0.04686112
0.05662772
0.05590400
0.04966911
0.05335311
0.04771604
0.04818883
0.05134318
0.05173194
0.04979018
0.05080160
0.05244328
0.05091754
0.04653183
0.05068392
0.04677695
0.04928324
0.05015160
0.05138549
0.05443416
0.04841294
0.04776072
0.04787879
0.05917889
0.04631392
0.05004910
0.05064751
0.04822577
0.04757739
0.04714280
0.05137020
0.04583743
0.04760298
0.04685623
0.05031845
0.04941424