0.02085437
0.02224403
0.02458314
0.02432685
0.02376639
0.03302075
0.01987722
0.02574766
0.02168148
0.02767293
0.02250466
0.02316830
0.02572453
0.02532554
0.02350762
0.02237471
0.02526117
0.02390146
0.02205242
0.01983119
0.02040700
0.02112967
0.02123612
0.02079122
0.02134432
0.02379102
0.02127501
0.02495688
0.02022307
0.02532967
0.02106686
0.02141873
0.02711288
0.01985782
0.02414055
0.02150808
0.02506811
0.02501900
0.02034395
0.02410699
0.02226467
0.02321044
0.02198350
0.02083141
0.02247561
0.02251967
0.02028089
0.02145800
0.02080348
0.02368678
0.01975278
0.02230967
0.02117222
0.02148553
0.02316185
0.01926414
0.02185161
0.02133169
0.02032323
0.02059825
0.01965169
0.02155969
0.02397129
0.01996414
0.02002495
0.03156805
0.02225720
0.02223546
0.02251392
0.02144611
0.02033290
0.02150910
0.02563845
0.02487480
0.02284842
0.02149631
0.02070575
0.02492716
0.02095458
0.02555176
0.02219379
0.02215315
0.02898609
0.02272966
0.02161262
0.02628584
0.02547451
0.02161473
0.02357909
0.02133985
0.02504107
0.02096224
0.02151530
0.02180861
0.02408536
0.02115931
0.02728084
0.02152876
0.02575648
0.02241556
0.02286610
0.02647736
0.02377362
0.02094433
0.02262040
0.01988721
0.02126542
0.02173588
0.02064949
0.02001409
0.02077838
0.02022965
0.02425089
0.02521338
0.02222523
0.02456777
0.02761276
0.02723910
0.02376885
0.02001837
0.02313759
0.02279017
0.02249868
0.02326251
0.02052456
0.02514549
0.02325765
0.02780067
0.02316674
0.02270359
0.02183255
0.02370897
0.02124174
0.01999101
0.02322689
0.02167276
0.02425421
0.02097911
0.02231208
0.02062655
0.02141682
0.02873598
0.02393851
0.02266341
0.02451656
0.02493982
0.02015843
0.02122028
0.02464291
0.02470255
0.02591626
0.02908142
0.02001561
0.02639496
0.02280620
0.02327699
0.02368152
0.02060054
0.01930447
0.02261294
0.02335348
0.02008394
0.01986005
0.02096720
0.02279392
0.02147741
0.02392585
0.02151710
0.02152230
0.02638810
0.01806128
0.02265654
0.02463931
0.03242158
0.01928764
0.02155992
0.02325623
0.02411729
0.02288778
0.02228191
0.02209147
0.01878288
0.02074478
0.02475307
0.02066899
0.02441414
0.02114041
0.02941993
0.02138467
0.02052300
0.02232094
0.02534635
0.02353646
0.02330271
0.02258173
0.02210208
0.02319433
0.02178948
0.02140643
0.02233585
0.02166871
0.02889666
0.02140703
0.02242362
0.03596793
0.02145223
0.02038151
0.02167314
0.02095393
0.02232522
0.02364400
0.02616949
0.02350897
0.02252236
0.02017125
0.02132295
0.02562748
0.02233433
0.02173734
0.02207802
0.02022408
0.02296385
0.02062105
0.02047453
0.02258168
0.02180168
0.02665326
0.02179004
0.02076718
0.02701965
0.02010927
0.02502994
0.01959940
0.02943868
0.02149519
0.02281135
0.02290817
0.02303943
0.02133837
0.02184649
0.02363849
0.02172299
0.02125127
0.02418379
0.02188049
0.02220845
0.02244377
0.02246000
0.02378527
0.02417332
0.02305711
0.02167662
0.02117068
0.02021805
0.02026924
0.02427299
0.02401992
0.02052159
0.02746375
0.02162199
0.02154733
0.02149063
0.02125632
0.02283662
0.02419767
0.02669309
0.02738590
0.02218605
0.02377785
0.02173881
0.02224612
0.02148605
0.02039371
0.02469067
0.02068255
0.02322209
0.02389960
0.02223688
0.02146763
0.02596672
0.02221497
0.02227294
0.02192515
0.02100286
0.03002603
0.02227671
0.02102100
0.02369968
0.02349009
0.02480877
0.02234779
0.02355185
0.02238757
0.02476136
0.02295256
0.02162024
0.02576565
0.02235230
0.02366695
0.02359726
0.02423639
0.01952813
0.02425772
0.02446143
0.02395756
0.01851876
0.02190035
0.02012047
0.02556022
0.02026537
0.02064000
0.01947638
0.02175905
0.02303960
0.02151766
0.02108362
0.02105161
0.02251034
0.02231664
0.02242422
0.02352866
0.02560487
0.02118615
0.02166164
0.02195104
0.02289734
0.02013715
0.02900853
0.02032729
0.02287110
0.02010977
0.02158010
0.01892406
0.02230253
0.01983319
0.02199016
0.02299205
0.02343676
0.02088324
0.02528889
0.02063127
0.02211901
0.02072181
0.02010206
0.02241248
0.02307778
0.02349092
0.02286810
0.02024262
0.01940157
0.02157034
0.02162109
0.02231809
0.02369633
0.02328727
0.02453765
0.02394277
0.02079197
0.02180894
0.02318779
0.02167547
0.02239379
0.02296054
0.02097873
0.02269556
0.02595211
0.02742559
0.02519229
0.02210843
0.02458236
0.02409330
0.02208442
0.02067593
0.02160926
0.02475782
0.01988797
0.02528734
0.02178451
0.02219233
0.02174260
0.02308792
0.02087105
0.02210190
0.02106367
0.02090191
0.02089474
0.02328798
0.01973674
0.02199430
0.01964251
0.02121954
0.02099918
0.01953435
0.02038126
0.02109391
0.02311961
0.02303448
0.03670879
0.02314636
0.02223647
0.02429431
0.02069676
0.02294617
0.02225081
0.02262029
0.02433174
0.02232322
0.02230010
0.02436862
0.02125496
0.02254032
0.02197527
0.02284276
0.02202515
0.02312518
0.02151828
0.02376832
0.02276070
0.02036562
0.02068548
0.02056377
0.02512651
0.02124516
0.02265111
0.01887843
0.02283929
0.01978397
0.02167586
0.02365579
0.02661066
0.02021179
0.02408020
0.02089033
0.02634415
0.02112672
0.02584334
0.02507064
0.02911377
0.02237848
0.02072618
0.02483148
0.02148159
0.02364619
0.02114352
0.02302177
0.02247019
0.02237279
0.02271491
0.02123436
0.02345487
0.02190368
0.02692179
0.02093552
0.02449568
0.02286811
0.02293141
0.02010115
0.01942304
0.02233723
0.02454208
0.02238914
0.02154458
0.02429359
0.02201500
0.02476026
0.02251722
0.02773954
0.02235438
0.02155677
0.02450921
0.02517835
0.02025653
0.02000184
0.01963286
0.02243923
0.02188283
0.02020898
0.02126551
0.02475501
0.02238826
0.01993545
0.02857842
0.02267156
0.02139485
0.02173143
0.02204202
0.01920351
0.02287738
0.02226669
0.02186083
0.02489746
0.02314824
0.02129944
0.02167568
0.02397143
0.02219006
0.02206730
0.02885898
0.02308148
0.02363747