0.01426673
0.01309530
0.01479910
0.01317992
0.01368357
0.01321497
0.01154600
0.01300290
0.01149044
0.01453562
0.01407200
0.01151767
0.01450787
0.01552015
0.01246583
0.01293631
0.01469319
0.01210472
0.01248038
0.01268811
0.01348529
0.01266090
0.01302597
0.01344977
0.01436227
0.01367397
0.01314466
0.01149745
0.01321681
0.01413897
0.01406125
0.01185494
0.01470265
0.01288892
0.01316345
0.01492233
0.01278405
0.01497404
0.01365515
0.01346168
0.01168111
0.01420720
0.01432828
0.01448292
0.01344116
0.01195370
0.01363881
0.01391716
0.01369234
0.01367398
0.01441533
0.01364166
0.01501623
0.01411375
0.01316282
0.01309207
0.01316105
0.01329786
0.01373772
0.01312716
0.01473984
0.01110819
0.01464842
0.01282122
0.01400669
0.01221783
0.01282855
0.01284394
0.01348002
0.01437035
0.01378215
0.01406089
0.01232724
0.01398788
0.01257650
0.01168508
0.01556374
0.01343116
0.01325994
0.01282622
0.01283250
0.01275205
0.01288215
0.01321353
0.01121412
0.01417189
0.01563832
0.01652037
0.01287376
0.01328982
0.01362410
0.01425076
0.01309610
0.01466528
0.01166060
0.01517438
0.01290015
0.01356600
0.01249059
0.01398802
0.01301520
0.01403891
0.01193268
0.01343129
0.01486458
0.01333111
0.01436612
0.01182957
0.01664810
0.01341862
0.01369594
0.01259050
0.01388761
0.01287490
0.01538353
0.01414728
0.01298144
0.01336887
0.01245446
0.01435995
0.01379125
0.01362311
0.01661530
0.01463067
0.01512966
0.01188711
0.01236986
0.01369931
0.01299700
0.01246246
0.01420396
0.01423693
0.01299124
0.01256379
0.01232754
0.01739079
0.01228740
0.01389424
0.01517141
0.01261090
0.01487317
0.01321924
0.01211253
0.01199218
0.01337260
0.01306558
0.01722127
0.01438846
0.01152910
0.01233640
0.01275061
0.01237160
0.01397072
0.01357153
0.01388829
0.01201873
0.01287880
0.01241582
0.01292148
0.01258762
0.01275978
0.01281033
0.01573704
0.01350864
0.01322821
0.01437483
0.01387613
0.01359882
0.01193170
0.01300528
0.01458835
0.01210204
0.01167434
0.01162758
0.01409557
0.01354225
0.01180537
0.01189546
0.01306746
0.01315843
0.01106769
0.01439414
0.01285959
0.01349461
0.01269064
0.01524923
0.01305729
0.01316765
0.01292190
0.01282455
0.01420034
0.01367807
0.01469056
0.01346317
0.01400776
0.01482939
0.01406686
0.01291232
0.01540267
0.01186700
0.01115021
0.01216531
0.01300309
0.01411541
0.01374925
0.01286426
0.01257753
0.01385534
0.01529963
0.01297417
0.01243467
0.01446670
0.01286845
0.01376519
0.01444190
0.01337408
0.01308629
0.01425116
0.01439159
0.01283096
0.01261789
0.01260794
0.01274453
0.01427235
0.01343147
0.01441000
0.01507653
0.01434002
0.01503897
0.01281800
0.01386480
0.01198003
0.01189661
0.01268544
0.01222499
0.01395589
0.01190328
0.01303741
0.01268862
0.01196585
0.01294388
0.01245834
0.01571845
0.01511373
0.01354687
0.01299726
0.01388384
0.01212016
0.01357881
0.01419982
0.01273208
0.01275415
0.01199076
0.01366719
0.01480929
0.01295622
0.01289393
0.01158802
0.01472351
0.01397630
0.01521635
0.01514047
0.01256754
0.01143396
0.01279378
0.01431569
0.01377852
0.01460843
0.01394489
0.01591985
0.01475865
0.01144012
0.01171740
0.01330612
0.01243290
0.01454025
0.01316132
0.01212497
0.01172142
0.01397026
0.01415690
0.01275707
0.01290459
0.01266447
0.01249002
0.01373791
0.01227396
0.01603045
0.01261934
0.01212831
0.01323743
0.01414307
0.01350557
0.01314109
0.01336349
0.01402292
0.01353947
0.01310202
0.01349713
0.01370370
0.01281924
0.01287088
0.01160881
0.01302701
0.01418317
0.01334774
0.01223560
0.01222296
0.01201090
0.01417841
0.01202350
0.01376248
0.01364142
0.01541815
0.01192805
0.01325497
0.01430132
0.01138141
0.01151916
0.01325580
0.01370215
0.01349756
0.01238138
0.01310727
0.01235052
0.01201950
0.01154407
0.01293385
0.01185407
0.01532703
0.01387358
0.01154220
0.01182740
0.01324233
0.01288140
0.01204168
0.01547081
0.01158504
0.01162304
0.01192317
0.01723822
0.01280737
0.01306560
0.01280497
0.01461049
0.01204648
0.01409337
0.01104676
0.01574119
0.01332992
0.01215533
0.01183137
0.01235616
0.01274902
0.01309740
0.01481984
0.01304667
0.01459525
0.01458201
0.01586958
0.01565620
0.01508399
0.01267669
0.01357154
0.01228538
0.01243807
0.01347697
0.01269249
0.01115419
0.01454139
0.01495003
0.01237467
0.01224099
0.01281065
0.01300578
0.01431181
0.01358592
0.01220455
0.01402794
0.01244337
0.01273951
0.01288115
0.01271119
0.01313753
0.01151645
0.01598478
0.01254898
0.01312629
0.01280435
0.01289430
0.01299285
0.01405687
0.01278323
0.01411375
0.01507212
0.01334630
0.01177876
0.01329520
0.01540061
0.01296412
0.01359104
0.01564157
0.01290113
0.01278797
0.01324501
0.01268796
0.01222448
0.01458720
0.01481548
0.01261890
0.01421599
0.01318231
0.01243072
0.01582083
0.01364032
0.01358143
0.01212230
0.01239371
0.01356664
0.01345437
0.01400177
0.01224131
0.01286619
0.01397848
0.01270759
0.01207447
0.01680787
0.01451460
0.01338741
0.01240869
0.01426009
0.01379675
0.01308454
0.01256402
0.01286945
0.01231572
0.01524765
0.01177037
0.01118522
0.01335498
0.01252454
0.01321400
0.01380173
0.01381126
0.01350988
0.01234037
0.01165330
0.01370801
0.01096936
0.01297675
0.01310434
0.01348636
0.01209332
0.01707041
0.01304845
0.01359216
0.01359351
0.01466227
0.01466199
0.01266232
0.01435764
0.01218138
0.01176672
0.01292882
0.01212189
0.01194745
0.01296120
0.01448580
0.01069070
0.01360743
0.01331650
0.01345052
0.01644913
0.01460696
0.01135898
0.01539348
0.01287199
0.01300949
0.01319531
0.01163058
0.01378610
0.01424392
0.01217832
0.01502316
0.01431234
0.01311117
0.01180856
0.01288222
0.01277937
0.01209493
0.01332053
0.01261075
0.01223148
0.01245689
0.01565763
0.01293019
0.01336126
0.01220709
0.01325419
0.01168007