0.03077649
0.02756311
0.03465338
0.03347928
0.02871852
0.02703547
0.02898014
0.03560446
0.03080892
0.03328004
0.03234908
0.02919096
0.03189870
0.03189715
0.03072183
0.02743058
0.02946990
0.03080168
0.02882520
0.03053861
0.03023483
0.03030266
0.02844667
0.02904282
0.03105528
0.03103359
0.03038796
0.03096699
0.03036102
0.03431349
0.03401244
0.04155312
0.03014463
0.03014982
0.03064994
0.03391590
0.03050131
0.02991818
0.03152956
0.03198646
0.02992256
0.02838650
0.03037488
0.02745586
0.03438010
0.02998546
0.02981794
0.03221840
0.03313898
0.03020530
0.03159623
0.03313663
0.03248040
0.02741925
0.02815632
0.02921094
0.02979589
0.02712881
0.03362793
0.03159348
0.02976597
0.03109928
0.03186747
0.04439168
0.03621632
0.02990834
0.03773557
0.02924394
0.03046794
0.02844413
0.03232069
0.03328766
0.03057111
0.02769001
0.03295492
0.02704974
0.03142578
0.02869218
0.03183400
0.02949321
0.02850957
0.03135706
0.03131134
0.03396525
0.03077728
0.02903804
0.02785133
0.02857938
0.02795175
0.03355273
0.03013139
0.03327718
0.03166365
0.02991947
0.02874782
0.03074117
0.03158159
0.02862216
0.03096036
0.03900286
0.02799052
0.03109122
0.03676718
0.02981435
0.02934436
0.02954882
0.03195956
0.03072302
0.03441509
0.03069436
0.02831087
0.03173881
0.03463220
0.03442890
0.03087164
0.02870773
0.03358606
0.03225336
0.03048562
0.02865896
0.02996279
0.03138711
0.02782990
0.02757680
0.03851528
0.02985180
0.03097774
0.02783463
0.03153782
0.02666961
0.02803333
0.02890352
0.02807176
0.02842693
0.02864773
0.03461399
0.02900674
0.02707454
0.02673190
0.03275703
0.03027314
0.03246310
0.02869916
0.02859641
0.02969548
0.03042828
0.02834733
0.02753429
0.03141020
0.02856532
0.02962684
0.03012076
0.02947608
0.02977949
0.03592794
0.03775338
0.03091502
0.03004827
0.03040125
0.02875943
0.02926204
0.03311900
0.03033588
0.03158777
0.03053272
0.03152926
0.02994761
0.02689065
0.03086901
0.03460134
0.03030719
0.02963392
0.03049294
0.02833758
0.03061835
0.02822300
0.02843438
0.03103554
0.03086919
0.03319915
0.02910067
0.02842205
0.03052844
0.03132661
0.02985580
0.02958826
0.03346901
0.03070573
0.02994295
0.03430999
0.03034775
0.03034913
0.03154108
0.02896500
0.02754066
0.02932702
0.02800317
0.02969319
0.02897934
0.02904732
0.02999624
0.02812174
0.03223778
0.02908935
0.03010227
0.02945472
0.02942470
0.03354744
0.02732038
0.02949172
0.03040852
0.02701668
0.03204706
0.02999220
0.02992279
0.03096195
0.03066372
0.02852545
0.02989799
0.03050799
0.02876479
0.02791098
0.02730060
0.03535380
0.02801827
0.02877910
0.02688060
0.02982510
0.02990759
0.03187474
0.03309575
0.03162453
0.02747981
0.02946568
0.02939821
0.03087583
0.02916953
0.03038497
0.02759457
0.03203625
0.03356105
0.02936777
0.03017737
0.03017045
0.02821663
0.03017085
0.03365179
0.03339008
0.03086465
0.03188166
0.02845331
0.03031394
0.03264872
0.03329946
0.03739340
0.03143723
0.02906847
0.03095508
0.02986992
0.03010750
0.03404408
0.03165653
0.03256905
0.03098704
0.03181829
0.02807970
0.02848702
0.03118012
0.02910048
0.02752613
0.02812361
0.02956738
0.02981437
0.02789267
0.02810709
0.02917352
0.02906737
0.02882489
0.03154708
0.02979944
0.03094135
0.02834111
0.02839292
0.03191103
0.03014022
0.03921618
0.02879828
0.03132828
0.03472273
0.02929371
0.02828779
0.02826328
0.02976985
0.02894743
0.02994006
0.02842851
0.03154210
0.02738040
0.02827054
0.03129356
0.02904614
0.02773760
0.03154782
0.03345234
0.02831407
0.03046781
0.02732711
0.02878754
0.02980300
0.02768205
0.02914936
0.02998082
0.02932389
0.03200584
0.03068978
0.03253094
0.02624362
0.03381080
0.03170531
0.02948459
0.03212138
0.03108531
0.03193194
0.02812149
0.03212459
0.02914161
0.02850321
0.03207447
0.03481508
0.02803950
0.02858915
0.03149678
0.02987096
0.03214462
0.03112311
0.03225810
0.03123260
0.03011815
0.03063383
0.03096464
0.03423377
0.03309630
0.02798221
0.02632737
0.02937173
0.02968760
0.02832993
0.03180162
0.02909346
0.03022202
0.03293411
0.03191214
0.03440716
0.02750747
0.03155676
0.02922172
0.03519060
0.02979556
0.02718882
0.02941208
0.03007854
0.03203640
0.02906786
0.03085955
0.03186133
0.03049458
0.02969722
0.03366514
0.02951807
0.03080054
0.02839512
0.03047689
0.02787680
0.03116132
0.03012012
0.02949830
0.03146655
0.03326002
0.03293356
0.03029490
0.03287629
0.03037044
0.02882032
0.03151811
0.02967875
0.03305768
0.03128912
0.03009906
0.03332977
0.03343331
0.04119506
0.03230254
0.02851630
0.03311477
0.02819235
0.03147488
0.03039023
0.02934661
0.03102656
0.02842446
0.02875387
0.03364554
0.02917523
0.03042811
0.03077584
0.02735730
0.03572974
0.03901753
0.03073258
0.02865112
0.03183082
0.04692253
0.03713480
0.02745128
0.02846261
0.02945605
0.03074490
0.03133930
0.02913863
0.03043214
0.03044886
0.02832171
0.03031435
0.02791482
0.03248033
0.03070261
0.03358258
0.02932777
0.02932548
0.03313965
0.02841918
0.03104952
0.02837301
0.03317736
0.02986363
0.03020385
0.02812039
0.02898789
0.02935499
0.04347070
0.02867821
0.03272937
0.02927130
0.02934720
0.02870787
0.02831872
0.03192635
0.02951510
0.03079271
0.03151868
0.03473189
0.03357080
0.02919096
0.03017570
0.03222467
0.02815515
0.02944576
0.03043623
0.03122774
0.02723680
0.02992199
0.02895330
0.02985251
0.03018586
0.02822356
0.03022259
0.02763371
0.02940434
0.03132454
0.03073333
0.03117449
0.02973508
0.03471544
0.02756818
0.03105383
0.02672607
0.03008108
0.03042109
0.03179432
0.03102749
0.03123868
0.03226213
0.02928855
0.02822807
0.02936545
0.03204537
0.03016856
0.04448723
0.03207335
0.02825892
0.03191729
0.03450459
0.03203346
0.03617281
0.03013342
0.03123626
0.03039206
0.02998643
0.02928183
0.03188589