0.01797161
0.01860976
0.01837010
0.02037709
0.01809020
0.01785777
0.02225071
0.02454092
0.02119985
0.02324970
0.01810079
0.01704459
0.01729238
0.02214762
0.02022141
0.01830699
0.01802045
0.01899301
0.01827820
0.01947747
0.01809951
0.01880381
0.02336242
0.01971951
0.01796743
0.01774739
0.01698248
0.01912425
0.01759014
0.02254620
0.01763965
0.02090887
0.01669953
0.02048500
0.01871497
0.01884984
0.02007130
0.01867267
0.01829914
0.01832709
0.01975293
0.01700333
0.01793742
0.01678998
0.01674015
0.01889895
0.01894730
0.01885700
0.01765728
0.01997343
0.01851670
0.01866586
0.01748305
0.01955633
0.01745947
0.01752777
0.01880245
0.01748924
0.02075746
0.02109793
0.01865050
0.01970372
0.01906770
0.01927085
0.01848037
0.01785791
0.01979945
0.01746537
0.02036460
0.01977844
0.01729512
0.02061378
0.01921889
0.01849671
0.02013991
0.01990955
0.01812217
0.01893055
0.01820565
0.02138272
0.01813479
0.01778742
0.01731859
0.01816240
0.02022344
0.01921185
0.01794600
0.01797266
0.01987258
0.01989739
0.01623291
0.01776470
0.01776807
0.02186715
0.01892497
0.01920270
0.01765700
0.01993338
0.02006271
0.01827735
0.02047104
0.01931806
0.02010962
0.01767050
0.01977486
0.02070115
0.02077730
0.02016901
0.01889023
0.03459850
0.01791217
0.02083590
0.01990273
0.02201819
0.01779750
0.01690281
0.01727140
0.01829549
0.01819259
0.02141842
0.01938644
0.02083724
0.01996287
0.01915050
0.01884012
0.02060569
0.01737352
0.01857950
0.01834785
0.01948325
0.01790358
0.01789733
0.01996240
0.01832246
0.01983857
0.01986091
0.01732122
0.01737459
0.01834421
0.01690729
0.02030117
0.01845067
0.02012593
0.02030611
0.01862392
0.01746010
0.02047000
0.01871997
0.02317322
0.01874055
0.01877805
0.01875041
0.02008848
0.01757313
0.02236738
0.02044833
0.02010089
0.02063197
0.02252470
0.01954916
0.01743203
0.01740177
0.01875947
0.01735483
0.01981836
0.01908917
0.01793906
0.02445993
0.01970182
0.01828788
0.01855748
0.01787950
0.01714518
0.01949846
0.01734494
0.01883612
0.01756188
0.01859662
0.01859698
0.01779577
0.01847930
0.01646632
0.02092720
0.02203227
0.01764726
0.02197246
0.01946545
0.01948464
0.01813861
0.01704668
0.01752443
0.01974792
0.01951785
0.01898102
0.01721854
0.01974326
0.02012348
0.01975540
0.01872212
0.01940480
0.01976926
0.01868786
0.01818302
0.01920648
0.02055404
0.01770677
0.01962997
0.01958733
0.01860067
0.02085495
0.01857541
0.01943080
0.01843981
0.02056556
0.02007897
0.01939362
0.02056849
0.01723925
0.02148567
0.02970766
0.02230772
0.01822183
0.01880659
0.01728199
0.01847239
0.01893490
0.01740262
0.01807714
0.01850704
0.02143905
0.01954435
0.02225304
0.02009302
0.02126036
0.01891561
0.01776273
0.01788378
0.01935087
0.02068792
0.02001353
0.01875814
0.01948072
0.02177076
0.02076008
0.01805928
0.01744290
0.01778870
0.02071173
0.01825719
0.01941757
0.01987524
0.02265627
0.01918869
0.01749358
0.01799065
0.01861638
0.02042690
0.01959372
0.01915749
0.01992167
0.01869775
0.02126919
0.01840657
0.01788063
0.01833032
0.02126373
0.01864958
0.01915097
0.02069361
0.01862292
0.01861542
0.01996886
0.01914468
0.01947224
0.01846434
0.01898589
0.01685307
0.02173004
0.01799849
0.01975196
0.02126856
0.02339796
0.01824850
0.01698690
0.01843119
0.01819321
0.01734867
0.01931626
0.01710975
0.01770056
0.01768712
0.01907859
0.01641057
0.01820518
0.01845907
0.02067435
0.01753704
0.02278274
0.01857233
0.01932192
0.01734476
0.01804824
0.01984629
0.01903219
0.01749941
0.01724673
0.02042120
0.01817827
0.01955572
0.01986654
0.01728129
0.01874620
0.01878347
0.02187374
0.01901045
0.02323421
0.01982247
0.01988305
0.02057261
0.01886211
0.02072655
0.01981208
0.02015137
0.01750481
0.01791492
0.01839848
0.01811756
0.01844663
0.01904304
0.02109773
0.01755094
0.02069486
0.01827458
0.01929555
0.01936842
0.01814643
0.01910796
0.02019121
0.01926461
0.02189561
0.01785300
0.01740295
0.01794707
0.02481979
0.01672320
0.01852263
0.01806811
0.01927952
0.01802132
0.01796958
0.01695421
0.02025189
0.01881741
0.01750921
0.02088460
0.01753341
0.01911568
0.01948928
0.01811034
0.01774666
0.01783956
0.01688334
0.01830741
0.01778873
0.02023339
0.01816472
0.01697941
0.02262870
0.01864735
0.01879280
0.01982135
0.01890191
0.01782664
0.02082249
0.02017182
0.02136151
0.02590222
0.01978836
0.02022089
0.01885856
0.02215985
0.01924569
0.01811764
0.01668402
0.01896961
0.01846735
0.02047790
0.01707392
0.01752310
0.01754662
0.01762169
0.01928304
0.01799044
0.01896709
0.02077861
0.02167535
0.01730525
0.01979266
0.02026830
0.01930165
0.01996794
0.01721365
0.01887439
0.01764947
0.01850403
0.02087857
0.02073559
0.01795459
0.02182734
0.01735948
0.01909246
0.01952007
0.01847535
0.01845131
0.02136275
0.01953328
0.02001827
0.01727385
0.02008993
0.01862823
0.01924017
0.01762266
0.01968790
0.01885558
0.01895946
0.01814955
0.02119632
0.01932353
0.01951367
0.01888461
0.02298437
0.02167004
0.01920936
0.01855080
0.01848948
0.01852841
0.02212882
0.01879004
0.02008120
0.01984419
0.01739272
0.01870379
0.02056578
0.01862372
0.01788160
0.02036170
0.01898861
0.01891606
0.01722617
0.01788674
0.01828397
0.02260205
0.01943279
0.01815203
0.01870177
0.01751464
0.01846791
0.01824534
0.01867299
0.01847831
0.02136217
0.01949864
0.01848179
0.01912907
0.01992766
0.01739063
0.01684901
0.01763981
0.01836568
0.01721564
0.01882614
0.02040186
0.02050716
0.01702052
0.01772451
0.01942779
0.01876903
0.01846140
0.02043912
0.01819017
0.01836441
0.01923809
0.02274843
0.01840961
0.01693415
0.01820496
0.01700358
0.02160973
0.02200725
0.01749777
0.01753997
0.01691688
0.01851392
0.02097296
0.01893136
0.01866643
0.02100492
0.01797416
0.01957875
0.01913082