0.01942622
0.02341091
0.02136741
0.02054074
0.02251214
0.02117157
0.02018248
0.02060548
0.02146263
0.01939905
0.02201459
0.01984109
0.02062894
0.01984315
0.01950133
0.02033289
0.02049142
0.02093600
0.02076776
0.02119219
0.02483513
0.02868261
0.01990464
0.01984899
0.02566802
0.02001986
0.01864773
0.02347897
0.02077187
0.02036958
0.01950296
0.02138346
0.02084849
0.02531465
0.02111880
0.01939275
0.02039580
0.02001362
0.02443534
0.02111591
0.01979982
0.02598153
0.02044420
0.02165124
0.02045170
0.01940763
0.02208421
0.02039389
0.03213767
0.02685985
0.02192282
0.02137813
0.01895905
0.02112310
0.01833817
0.02091813
0.02745479
0.02201565
0.02160788
0.02192100
0.02100633
0.01910208
0.01801026
0.02116660
0.02055022
0.01904619
0.02365553
0.01946113
0.02153138
0.02311457
0.02165588
0.01971990
0.02209719
0.01996012
0.02255126
0.02166822
0.01884307
0.02020518
0.01933732
0.02005006
0.02108949
0.01946526
0.01874269
0.02403691
0.02346877
0.02803118
0.01926769
0.02456267
0.02004909
0.01891166
0.01990537
0.02042865
0.02140630
0.02979098
0.02617366
0.02090493
0.02076756
0.02057502
0.01900766
0.01894228
0.02177693
0.02083239
0.01881374
0.02223452
0.02187906
0.02005276
0.02167757
0.02130758
0.02197143
0.02125123
0.01906010
0.02461405
0.02000622
0.02124824
0.01701851
0.02035173
0.02143661
0.01948966
0.02524237
0.02251442
0.02071568
0.02511318
0.01947016
0.01860636
0.01936714
0.02064339
0.02163578
0.02742800
0.01957855
0.02467035
0.02078321
0.02470114
0.02077263
0.01995305
0.02285782
0.02010681
0.02148369
0.01942386
0.02256406
0.01902922
0.01971688
0.02084119
0.02008627
0.01981896
0.02044531
0.02120128
0.02149660
0.02016004
0.01989863
0.02196976
0.01930262
0.02504969
0.02018023
0.02135324
0.01963326
0.02110711
0.02539416
0.01973781
0.01917700
0.02272672
0.01959281
0.01963777
0.01989240
0.01981151
0.02293284
0.02243958
0.02104776
0.01910067
0.01963885
0.02071032
0.02628710
0.01858033
0.02154195
0.02116607
0.02659731
0.02040381
0.02860209
0.02166964
0.02054546
0.02429511
0.02027773
0.01786486
0.01857550
0.02081383
0.01891581
0.02187903
0.02346809
0.02021851
0.02165381
0.02216610
0.02042117
0.02425286
0.02199678
0.02292792
0.01920845
0.02095016
0.01972751
0.01971846
0.01810636
0.02098547
0.02092286
0.01978577
0.02064870
0.02158411
0.01896662
0.02162260
0.01977469
0.02056586
0.02192183
0.01882948
0.01829036
0.01876670
0.02203810
0.01918028
0.01994196
0.01942060
0.02492381
0.02022076
0.02231705
0.02294817
0.02413302
0.01969956
0.02115786
0.01683134
0.01798846
0.02183116
0.01842247
0.02046915
0.01926499
0.02190274
0.02045080
0.02029826
0.02807582
0.02039909
0.02068641
0.02006207
0.01991114
0.02109612
0.01966697
0.02056414
0.02150869
0.02094265
0.02336947
0.02065690
0.01946379
0.01963587
0.01883115
0.02153918
0.02151561
0.01961835
0.01882169
0.01970701
0.02718166
0.02033875
0.02378632
0.02129356
0.01820088
0.01747970
0.01987442
0.02159551
0.02283181
0.02075320
0.01915262
0.01943345
0.02191692
0.01863151
0.02833424
0.01897977
0.02590512
0.02755421
0.01854180
0.01952031
0.02124520
0.02309391
0.02071398
0.02137620
0.01945276
0.02044187
0.01963014
0.01873101
0.01868656
0.01887118
0.02036493
0.02103233
0.02330166
0.02115227
0.01872620
0.01953832
0.01978077
0.02257698
0.02273229
0.01903068
0.02088189
0.02070883
0.02208747
0.02183413
0.01867165
0.02206154
0.01697677
0.01972935
0.02036146
0.02248567
0.02079249
0.02071233
0.02484249
0.02224116
0.02047911
0.02104282
0.02010406
0.02347348
0.02066074
0.02537862
0.02107199
0.01961731
0.02137622
0.01968725
0.02099427
0.02031849
0.02007096
0.02144403
0.02070448
0.01931376
0.01809329
0.02217159
0.02575756
0.02038528
0.01702177
0.02298051
0.02140565
0.02285744
0.02208652
0.01995450
0.01932162
0.02595811
0.02302631
0.01910673
0.02016065
0.02409867
0.02001051
0.02572140
0.01903779
0.02011553
0.02337432
0.02110728
0.01997239
0.02203508
0.01887650
0.02412110
0.02109565
0.01864088
0.02351146
0.02066417
0.01973228
0.01970461
0.02088658
0.02356658
0.01845951
0.01776255
0.01896203
0.01855777
0.02223464
0.02271070
0.03468762
0.01775027
0.02703546
0.02134075
0.02140384
0.01991656
0.02280767
0.02020281
0.02055453
0.02145346
0.01920980
0.02002414
0.02029860
0.02300165
0.01840770
0.02110144
0.01951929
0.02046618
0.02358100
0.01998507
0.02079955
0.02143426
0.02270984
0.01972765
0.02092736
0.01894356
0.01950101
0.02006355
0.01896014
0.01928842
0.02013289
0.02407410
0.02163811
0.01926202
0.02595986
0.02197406
0.01886037
0.02349491
0.02245397
0.02080950
0.01979771
0.01968065
0.02044340
0.01973316
0.01913410
0.02303109
0.02238964
0.02415588
0.02067190
0.02251935
0.01792073
0.02086220
0.02080947
0.01937253
0.02654665
0.02171381
0.02071567
0.02525890
0.01998956
0.02101137
0.01955667
0.02054091
0.01974317
0.02492402
0.02154581
0.02286458
0.02111081
0.02049118
0.01924874
0.01992336
0.02268192
0.02072155
0.02191827
0.02049933
0.02159646
0.02119074
0.02008736
0.02166466
0.02360112
0.02183697
0.02206733
0.01831923
0.01938326
0.02189176
0.02253937
0.01926127
0.02189723
0.01970435
0.01970997
0.02043278
0.01851083
0.02146409
0.02272290
0.01870953
0.02158800
0.01981415
0.02087552
0.01988476
0.01944785
0.02449090
0.02083801
0.02051152
0.02109061
0.02209939
0.02008530
0.01913861
0.02095676
0.01963471
0.01744434
0.02281336
0.02361704
0.01958982
0.02045324
0.01970430
0.02085364
0.01994429
0.02017286
0.02057443
0.01992964
0.01962494
0.02180777
0.01920114
0.02056248
0.01939243
0.02022745
0.01932084
0.02059631
0.02166905
0.02154916
0.02060358
0.02083203
0.02836656
0.02550334
0.02262140
0.02399232
0.01921682
0.01917924
0.02058860