0.02768283
0.02624411
0.02690729
0.02974970
0.03390699
0.02457518
0.02569538
0.02437603
0.02853852
0.02411584
0.02878576
0.02299104
0.03163283
0.02854545
0.03178093
0.02451113
0.02361829
0.02896338
0.02857391
0.02595460
0.02747270
0.02303167
0.02410047
0.02796874
0.03064809
0.02584936
0.03151633
0.02744052
0.02315644
0.02753879
0.02483843
0.02511262
0.02509887
0.02424452
0.02356596
0.02637452
0.02138019
0.02647475
0.02241199
0.02570487
0.02444692
0.02807975
0.02416265
0.02634355
0.02672104
0.02506683
0.02958330
0.02377553
0.02483888
0.02582214
0.02563552
0.02583661
0.02922452
0.02668636
0.03018671
0.02345580
0.02287342
0.03959157
0.02745052
0.02296611
0.02602570
0.02449887
0.02517185
0.02270796
0.02676723
0.02633862
0.02798693
0.02669377
0.02574027
0.02504529
0.02801135
0.02725030
0.02771142
0.03285599
0.02844190
0.02541199
0.02166963
0.02416151
0.02507527
0.03187948
0.02443354
0.02561992
0.02591245
0.02512765
0.02930069
0.02567911
0.02655699
0.03129078
0.02684558
0.02527533
0.02529319
0.02410527
0.03090141
0.02591302
0.02064899
0.02247021
0.02852285
0.02261313
0.02246826
0.02293548
0.02756810
0.02851245
0.02329417
0.02322522
0.03108311
0.02784304
0.02360374
0.02319748
0.02473804
0.02723930
0.02913276
0.02373430
0.02710048
0.02528231
0.03280635
0.02645295
0.03006120
0.02584106
0.02336161
0.02775224
0.02789165
0.02037877
0.02294983
0.02327246
0.03094565
0.02375408
0.02603967
0.02750930
0.02500960
0.03135602
0.02465496
0.02658212
0.02576998
0.02464599
0.02401136
0.02482116
0.02498567
0.02423920
0.02864556
0.02696126
0.02725026
0.02477712
0.02580825
0.02654490
0.02277501
0.02546672
0.02557657
0.02475851
0.02183598
0.02467260
0.04057029
0.02711811
0.02343623
0.02607683
0.02352336
0.02570679
0.02557924
0.02458564
0.03103259
0.02645959
0.02531764
0.02327842
0.02670159
0.02836814
0.02337574
0.02738340
0.02065591
0.02287508
0.02506618
0.02956532
0.02699156
0.02499434
0.02296130
0.02379586
0.03323552
0.02261056
0.02431926
0.02794297
0.02898878
0.03343915
0.02997510
0.02788003
0.02570900
0.02625991
0.03862835
0.02394224
0.02756993
0.02283159
0.02250246
0.02510841
0.02512037
0.02281847
0.03678311
0.02663570
0.02296215
0.02366235
0.02353656
0.02397787
0.02122199
0.03340796
0.02224235
0.02672475
0.02445723
0.02945049
0.02780318
0.02314543
0.02473835
0.02460703
0.03007889
0.02514819
0.02811829
0.02469881
0.02661032
0.02246700
0.02430172
0.02363694
0.02385418
0.02480004
0.02707106
0.02240976
0.02692702
0.02320161
0.02490265
0.02517578
0.02477410
0.02479813
0.02997873
0.02259712
0.02253574
0.02378765
0.02489556
0.02579932
0.02710500
0.02258933
0.02782440
0.02707485
0.02289720
0.02636834
0.02618169
0.03928915
0.02577807
0.02337329
0.02456924
0.02264460
0.02304841
0.02489022
0.02283418
0.02309367
0.02478235
0.02369624
0.02253568
0.02320166
0.02464709
0.02451556
0.02367928
0.03006065
0.02255992
0.02465273
0.02354680
0.02661364
0.02216314
0.02990181
0.02467457
0.02912399
0.02527976
0.02777722
0.02248207
0.02856821
0.02971641
0.02436342
0.02754483
0.03149560
0.02979213
0.02863574
0.02386632
0.02851788
0.02793513
0.02606139
0.02720392
0.02616007
0.02923984
0.02304410
0.02649208
0.02667732
0.02664305
0.02551833
0.02315186
0.02529845
0.02250160
0.02539299
0.02651406
0.02454151
0.02392864
0.02299399
0.02455939
0.02437053
0.02571485
0.02535347
0.02380060
0.02309513
0.02722571
0.02535001
0.03453171
0.02688216
0.02940824
0.02790399
0.02825643
0.02592902
0.02437258
0.02649705
0.02362762
0.02377529
0.02421185
0.02326179
0.02490567
0.02669015
0.02378126
0.02325919
0.02546994
0.02812328
0.02508625
0.02716264
0.02694569
0.02590435
0.02208604
0.02646787
0.02273646
0.02504908
0.02275922
0.02339730
0.02436779
0.02557188
0.02551515
0.02791606
0.02588790
0.02637576
0.02676339
0.02563694
0.02327414
0.02318363
0.02789563
0.02482929
0.02703727
0.02681782
0.02593628
0.02260130
0.02401393
0.02318853
0.02445326
0.02606822
0.02304054
0.02433435
0.03331652
0.02484019
0.03169515
0.02171041
0.02494709
0.02432466
0.02541929
0.03246695
0.02915867
0.03254445
0.02427555
0.03108655
0.02553414
0.02289016
0.02707406
0.02387787
0.02105860
0.02731189
0.02493040
0.02092036
0.02446743
0.02565107
0.02478413
0.02261573
0.02710241
0.02282525
0.02578936
0.02236891
0.02493173
0.02585803
0.02317236
0.02285900
0.02816824
0.03260283
0.02817781
0.02435615
0.02658608
0.02756351
0.02682195
0.02315490
0.03558024
0.02260204
0.02599512
0.02347317
0.02963789
0.02353658
0.02395797
0.02331509
0.03235548
0.02644803
0.02494450
0.02561821
0.02430055
0.03081377
0.02552823
0.02619969
0.02319739
0.02320343
0.02209373
0.02642762
0.02493235
0.02849843
0.03143724
0.02756492
0.02826792
0.02417283
0.02769777
0.02275487
0.02429782
0.02635190
0.02744032
0.02708679
0.02609426
0.03314130
0.02498584
0.02863568
0.03135494
0.02122815
0.02290802
0.02448908
0.02455352
0.02523213
0.02640170
0.02449810
0.02619254
0.02488727
0.02454309
0.03303112
0.02658651
0.02586067
0.02223536
0.03125713
0.02646792
0.03536971
0.02169736
0.02150274
0.02372622
0.02578054
0.02810049
0.02499915
0.02937108
0.02250212
0.02622153
0.02951325
0.02491228
0.02676217
0.02444849
0.02054190
0.02948736
0.02261130
0.02770230
0.02370857
0.02494850
0.02624096
0.02316099
0.02244480
0.02698319
0.02509000
0.02405201
0.02733492
0.02529581
0.02864869
0.02255408
0.02277265
0.02301112
0.03254332
0.02366304
0.02360919
0.02422841
0.02618515
0.02728357
0.02362020
0.02365985
0.02334742
0.02588735
0.02686013
0.02268925
0.02525539
0.02601759
0.02617000
0.03464365
0.02319877
0.02501678
0.02510741
0.02360371
0.03028323
0.02323824
0.02420610