0.03585630
0.03609743
0.03944844
0.04820859
0.04389442
0.03335194
0.03268676
0.03571763
0.03451377
0.03596292
0.03470439
0.03587233
0.03508425
0.03646026
0.04016234
0.03478817
0.03757831
0.04495912
0.03451245
0.03620337
0.03238163
0.03650151
0.04855003
0.03197417
0.03367955
0.03695310
0.03854337
0.03229215
0.03402211
0.03330216
0.04247276
0.05730205
0.03928267
0.03335765
0.03283291
0.03576518
0.04052087
0.03344531
0.04290147
0.03425836
0.03608568
0.03346778
0.03288265
0.03634572
0.04093976
0.03537998
0.03333103
0.04539580
0.04019105
0.03385772
0.03645652
0.03059894
0.03694122
0.03539837
0.03718850
0.03515953
0.03651472
0.03238530
0.03546010
0.03512248
0.04009742
0.03420617
0.03795925
0.03407898
0.03817817
0.04377412
0.03492174
0.03541462
0.03444913
0.04426712
0.03796668
0.03711108
0.03700385
0.03495988
0.03594230
0.03272221
0.03540641
0.03758271
0.04047569
0.03703190
0.03865932
0.03477532
0.03437304
0.04060403
0.04276388
0.04611609
0.03462627
0.03958119
0.04485335
0.03691384
0.03913582
0.03480672
0.03304762
0.03173960
0.03332320
0.03752768
0.04212425
0.03693049
0.03686562
0.03268380
0.03809936
0.04148355
0.03629213
0.03328141
0.04351483
0.04328439
0.04060845
0.03678804
0.03651463
0.05243792
0.03406302
0.03515681
0.03050095
0.04817016
0.03403628
0.03635258
0.03663189
0.03378884
0.03462636
0.03719904
0.03564717
0.03980092
0.03638827
0.03526622
0.03628903
0.03406471
0.04993438
0.03988215
0.03547845
0.03853226
0.03764539
0.03291234
0.04018327
0.03588659
0.03806462
0.03589275
0.03619497
0.03279135
0.04676635
0.04067506
0.03360109
0.03348755
0.03252315
0.04091431
0.03675913
0.04167543
0.03299784
0.03005801
0.03557269
0.04207179
0.04358425
0.03250618
0.03964941
0.03493807
0.03437463
0.03967604
0.03411489
0.03349615
0.03346010
0.03867732
0.03505260
0.03485676
0.03814943
0.03333523
0.03896599
0.03365077
0.03213453
0.03097082
0.03156842
0.04648664
0.03076780
0.03637402
0.03890851
0.04035691
0.03709857
0.03732547
0.03632461
0.03661304
0.03689427
0.03653940
0.03375572
0.03444087
0.04049792
0.04904925
0.03368897
0.04404329
0.03752348
0.03968911
0.03296448
0.03743281
0.03815474
0.03729713
0.03555460
0.03093686
0.03160191
0.03470130
0.03583755
0.03476385
0.04049232
0.03502623
0.03325351
0.04937519
0.03374807
0.03629273
0.03336586
0.02948859
0.03367749
0.03548430
0.04087378
0.03460666
0.04189283
0.03891391
0.04187953
0.03810102
0.03893087
0.03471361
0.03676748
0.04218997
0.02924894
0.03409983
0.05811973
0.03775492
0.03839303
0.03964766
0.05139467
0.03383478
0.03193028
0.03553217
0.03668026
0.04084947
0.03365732
0.03859818
0.03667191
0.04869400
0.03802453
0.05048975
0.03418116
0.03159629
0.03200262
0.03554331
0.03867527
0.03716052
0.03930814
0.03538886
0.03342612
0.03826279
0.03609798
0.03651280
0.04040324
0.03271051
0.03318719
0.03516528
0.03795038
0.03545698
0.03738263
0.03396722
0.03960074
0.03270422
0.03529602
0.03920822
0.03371753
0.03285135
0.03430543
0.03187465
0.03574443
0.03932640
0.03798505
0.03629944
0.04110303
0.03423537
0.04280464
0.03390167
0.03316633
0.03429398
0.03362006
0.04194034
0.03767326
0.03560970
0.04687561
0.04737048
0.03632821
0.03894961
0.03647448
0.04239905
0.03748699
0.04322396
0.03668349
0.03355103
0.03611595
0.03608776
0.03663874
0.03511704
0.03596077
0.04203805
0.03015588
0.03431027
0.03342690
0.03366892
0.03620183
0.03476585
0.04080266
0.04725891
0.03672386
0.03077359
0.03511416
0.04891969
0.04187456
0.03194504
0.03359387
0.04808459
0.03288319
0.04096163
0.03318992
0.03857119
0.03437188
0.03509152
0.03407566
0.03497831
0.03257757
0.04642520
0.03270411
0.03496257
0.04875969
0.03475463
0.03202383
0.04046132
0.03626944
0.03192098
0.04344555
0.03417374
0.04449000
0.05042787
0.03690622
0.03412708
0.03458451
0.03655360
0.03718272
0.03948550
0.03612720
0.03437902
0.03687317
0.03357566
0.03238941
0.03758625
0.03458147
0.03542137
0.03274180
0.03518048
0.03610123
0.04713424
0.04523903
0.03899435
0.03842693
0.03662504
0.03878951
0.03616478
0.04830908
0.03406867
0.04715530
0.03945892
0.03009495
0.03425974
0.04021129
0.04060763
0.03579045
0.04096584
0.03541591
0.03367696
0.04662236
0.03815415
0.03434714
0.03434750
0.03243306
0.03193548
0.03430047
0.03482713
0.03362261
0.04148390
0.03402350
0.03571978
0.04272999
0.03400597
0.03757738
0.03263992
0.03344410
0.03731117
0.03349151
0.04776118
0.03518820
0.03511524
0.03099109
0.03545738
0.03302176
0.03847928
0.03829729
0.03652716
0.04000128
0.04592019
0.03888017
0.03531166
0.03670322
0.03721555
0.03434356
0.03646859
0.03348987
0.03236350
0.03881886
0.03438261
0.03450583
0.03232443
0.03336541
0.04126423
0.03444482
0.03180993
0.03854197
0.03444899
0.03723616
0.04400944
0.03642806
0.03408795
0.04563976
0.03458501
0.03886604
0.03490604
0.03097816
0.03632534
0.03293803
0.03743976
0.03981200
0.03595623
0.03984777
0.03739336
0.03513768
0.03852435
0.03676033
0.03691286
0.04578623
0.03475123
0.03491590
0.03808383
0.03276915
0.04369090
0.03507582
0.03140601
0.03527824
0.03565023
0.04208427
0.03224954
0.03121804
0.03525654
0.03468718
0.03876271
0.03633499
0.03549948
0.03653454
0.05156763
0.03505281
0.04110494
0.03792765
0.03986024
0.04011220
0.03493758
0.04092910
0.03556522
0.03397091
0.04126328
0.04784733
0.03297366
0.04377726
0.03331843
0.04337486
0.03833164
0.03771442
0.03907993
0.03817018
0.03823857
0.03456604
0.03367246
0.03332871
0.04965528
0.03326509
0.03577691
0.03422321
0.03961044
0.04012202
0.03913873
0.03672736
0.03494839
0.03758170
0.03255855
0.04150129
0.03440807
0.03487549
0.04320346
0.03267944
0.03152595
0.03394719
0.03746710
0.03427510
0.05452274