0.07933755
0.08006486
0.07757611
0.06810660
0.07161446
0.06189646
0.06975358
0.08522790
0.08170568
0.06978327
0.06053252
0.06465811
0.06196242
0.07766181
0.07473269
0.07452056
0.14673648
0.07755274
0.06016530
0.07110754
0.08951023
0.08878337
0.07687232
0.06398925
0.08344507
0.07260736
0.07311927
0.06841989
0.07901565
0.06805547
0.07831210
0.08811284
0.05776429
0.07934169
0.08078823
0.06906826
0.06440287
0.06674260
0.06719117
0.06223800
0.08431678
0.07512628
0.07551497
0.07123318
0.09990601
0.06679715
0.07073152
0.07696741
0.07052667
0.07254726
0.07961206
0.11816348
0.06341303
0.07251197
0.07191575
0.07859646
0.07747548
0.06643469
0.07350859
0.06685889
0.06888095
0.06755352
0.07116306
0.08557083
0.07532197
0.07159581
0.07462225
0.06781556
0.08591581
0.08342626
0.07908854
0.08541498
0.07129464
0.06399605
0.08137029
0.07046104
0.07745516
0.07652393
0.09976060
0.06392544
0.07207998
0.06793483
0.10295087
0.07208563
0.07407143
0.08169034
0.06428458
0.06533933
0.08712424
0.07099851
0.05952082
0.06827149
0.07059370
0.08763420
0.07165381
0.06447249
0.07402036
0.08644423
0.07022417
0.06880611
0.06969238
0.06516513
0.06576819
0.07384471
0.07546620
0.07871268
0.08059128
0.08579233
0.07774114
0.10514702
0.06714165
0.13094607
0.06830556
0.07230696
0.06870721
0.07176577
0.09372902
0.06531618
0.07812800
0.11268020
0.07828679
0.07193169
0.06446263
0.08047583
0.10757497
0.07544888
0.06745156
0.07531204
0.07234399
0.06665998
0.07847528
0.07985796
0.08560635
0.07479108
0.08233886
0.06574164
0.06681269
0.06336668
0.08556197
0.07144155
0.09265836
0.07230819
0.06287025
0.07251924
0.06464740
0.07642469
0.10184904
0.06329060
0.08329057
0.07411861
0.07266120
0.07634739
0.08573240
0.07590121
0.06868750
0.08746575
0.07728586
0.07068303
0.07984636
0.08287574
0.07241373
0.09980833
0.07851436
0.07570321
0.07520919
0.07860942
0.08507228
0.07105201
0.06410518
0.06980759
0.08111307
0.08341532
0.06533850
0.10437337
0.07961345
0.09083958
0.06817319
0.11909012
0.14011437
0.07205249
0.06633559
0.06823531
0.08962068
0.08039673
0.07359954
0.08099561
0.06719409
0.07199126
0.05858697
0.07041088
0.06448603
0.07069551
0.08128475
0.06671300
0.06819102
0.06957162
0.07742555
0.05868364
0.08034836
0.06818377
0.07453466
0.06466539
0.06963195
0.06750662
0.08840639
0.07917199
0.08458196
0.07519013
0.06692318
0.07306302
0.08372402
0.07478077
0.06284798
0.07776429
0.09507204
0.08831424
0.06709659
0.07642169
0.07502647
0.08209259
0.07198401
0.07626636
0.07373604
0.06631229
0.07267295
0.05976598
0.06945245
0.07152744
0.12802365
0.06338519
0.06658999
0.09034434
0.08162176
0.08612141
0.08254222
0.07269082
0.06831309
0.06950260
0.08237400
0.07968389
0.09912668
0.07125808
0.06909865
0.07527859
0.06406592
0.07345762
0.11098182
0.06614308
0.07599747
0.07985087
0.07078445
0.07224716
0.08628126
0.07252653
0.06937593
0.07283787
0.06715080
0.07530241
0.09133804
0.07613590
0.07184301
0.07167491
0.08640458
0.06325169
0.07996776
0.12662787
0.07545908
0.07527355
0.06751601
0.06676071
0.08218203
0.06012451
0.08932276
0.08888751
0.08100900
0.06868224
0.07059201
0.07079779
0.06459143
0.07914922
0.08132121
0.08567015
0.06562047
0.08242344
0.05996098
0.09740148
0.07565645
0.06864112
0.07258503
0.07054507
0.07200378
0.13803787
0.08056780
0.06408477
0.05992209
0.08636821
0.08521828
0.08998643
0.08374574
0.07414715
0.08127155
0.07289800
0.06385715
0.07454043
0.07365033
0.07895112
0.08948632
0.06982180
0.07609820
0.07793457
0.08823295
0.08063698
0.06515972
0.06650989
0.06991878
0.07042429
0.06577160
0.06797457
0.07436717
0.06651785
0.07320296
0.09079516
0.07082139
0.07275773
0.07886419
0.06318835
0.06034789
0.06364545
0.07028070
0.06678838
0.06615100
0.08479470
0.09113802
0.07980058
0.07711276
0.06822916
0.06933038
0.07296205
0.08061493
0.07245720
0.07702235
0.07820252
0.06521663
0.18090087
0.09560644
0.06274638
0.06378985
0.06676142
0.06783022
0.06892340
0.07603406
0.14301026
0.07328439
0.06805861
0.06231509
0.19223677
0.06566359
0.06956576
0.06805843
0.07031227
0.07963417
0.07649494
0.07803897
0.07515448
0.08117356
0.07406824
0.06962242
0.06753590
0.06292782
0.07833288
0.07154381
0.07143096
0.06997405
0.07541791
0.08098031
0.07166559
0.08126488
0.06600552
0.06052625
0.06215182
0.09141174
0.06631942
0.06366997
0.07046721
0.06851816
0.06689504
0.07901317
0.11418956
0.06770407
0.06463497
0.09272117
0.06825463
0.06529099
0.06004842
0.07208212
0.07045420
0.06872677
0.08026600
0.07636687
0.08112454
0.05854507
0.06058830
0.09499153
0.06315594
0.06509012
0.11786951
0.06810634
0.07731823
0.08393151
0.07911204
0.07402878
0.06936829
0.06648831
0.06799725
0.07559685
0.07155101
0.07115764
0.06823078
0.06507967
0.07141080
0.06797689
0.06199790
0.07409447
0.08045497
0.07433961
0.07991892
0.06991380
0.08151907
0.07209377
0.08084356
0.07564871
0.07570334
0.06886040
0.08156001
0.07246693
0.09230173
0.06538722
0.07618363
0.07505502
0.06891238
0.07629116
0.07808182
0.06396217
0.07015715
0.07885657
0.10555932
0.08610023
0.07865870
0.06537457
0.08701420
0.07452092
0.08396250
0.07121316
0.06542211
0.06364756
0.06828451
0.08423409
0.08253289
0.07837845
0.09985808
0.06770079
0.07011983
0.07487948
0.08568757
0.06928151
0.09012818
0.07702326
0.08537179
0.07565749
0.06818007
0.11217234
0.06220091
0.06646407
0.06994213
0.06759236
0.07738163
0.06503350
0.10210778
0.08666230
0.08637380
0.07006226
0.06882606
0.07120308
0.06864095
0.07680856
0.06914354
0.05989143
0.07991531
0.07624080
0.07869282
0.06653404
0.07288252
0.07043954
0.07717655
0.07750169
0.07330984
0.06956119
0.07051517
0.06566181
0.06114479