0.01534292
0.01489567
0.01499165
0.01570987
0.01279234
0.01734392
0.01396938
0.01569940
0.01548250
0.01529821
0.01643950
0.01435305
0.01575110
0.01599555
0.01562265
0.01435890
0.01648358
0.01572308
0.01523571
0.01408039
0.01724291
0.01521384
0.01555015
0.01716147
0.01458542
0.01577360
0.01542071
0.01654049
0.01491951
0.01540149
0.01542962
0.01724719
0.01467561
0.01359288
0.01338547
0.01875892
0.01670410
0.01317443
0.01538275
0.01545513
0.01688840
0.01483703
0.01655989
0.01568669
0.01798897
0.01367255
0.01311295
0.01751943
0.01496517
0.01555644
0.01524560
0.01389070
0.01620044
0.01547592
0.01431552
0.01617532
0.01399580
0.01578410
0.01332146
0.01280270
0.01726539
0.01700828
0.01454649
0.01498188
0.01651977
0.01566511
0.01586795
0.01866090
0.01534652
0.01489633
0.01453870
0.01607316
0.01557336
0.01563188
0.01570462
0.01556977
0.01515370
0.01900959
0.01396960
0.01493741
0.01484204
0.01579139
0.01668176
0.01622786
0.01571798
0.01685222
0.01502883
0.01551529
0.01804627
0.01814671
0.01547454
0.01555561
0.01483681
0.01653531
0.01839896
0.01377492
0.01432313
0.01512614
0.01605375
0.01673902
0.01522813
0.01667986
0.01498767
0.01665658
0.01365266
0.01745599
0.01604741
0.01568203
0.01422967
0.01549200
0.01539092
0.01555353
0.01439303
0.01667033
0.01927031
0.01581216
0.01594843
0.01568759
0.01406428
0.01399795
0.01472840
0.01697810
0.01557378
0.01299399
0.01434173
0.01687949
0.01368306
0.01569104
0.01829718
0.01237728
0.01636918
0.01453445
0.01504577
0.01584019
0.01487678
0.01295015
0.01720891
0.01831631
0.01459030
0.01590525
0.01609494
0.01604134
0.01412656
0.01428544
0.01942797
0.01688535
0.01970680
0.01504216
0.01804292
0.01507588
0.01604626
0.01856894
0.01573127
0.01358345
0.01549751
0.01392957
0.01376208
0.01487961
0.01556833
0.01562089
0.01856133
0.01640706
0.01577476
0.01715817
0.01817876
0.01736721
0.01530682
0.01513615
0.01393484
0.01594090
0.01415935
0.01630246
0.01543595
0.01566194
0.01665353
0.01496718
0.01497132
0.01348624
0.01515697
0.01724176
0.01329683
0.01681693
0.01246392
0.01535185
0.01563259
0.01436256
0.01712412
0.01442747
0.01607751
0.01315127
0.01561445
0.01474370
0.01495802
0.01343112
0.01592423
0.01668677
0.01440213
0.01667041
0.01313606
0.01637480
0.01821189
0.01510960
0.01487809
0.01650244
0.01423812
0.01416101
0.01543795
0.01817259
0.01683096
0.01587868
0.01546884
0.01309355
0.01540879
0.01355970
0.01474880
0.01709253
0.01425679
0.01408578
0.01523300
0.01694384
0.01399099
0.01524452
0.01490112
0.01631788
0.01487796
0.01392872
0.01383431
0.01499535
0.01287002
0.01380779
0.01554727
0.01499807
0.01648179
0.01369936
0.01523381
0.01452327
0.01580247
0.01705080
0.01437231
0.01419998
0.01535309
0.01598221
0.01566470
0.01308288
0.01569650
0.01645315
0.01471462
0.01943677
0.01764774
0.01387079
0.01453012
0.01380645
0.01557267
0.01677621
0.01634685
0.01462079
0.01335211
0.01512055
0.01464198
0.01560073
0.01657499
0.01538466
0.01498301
0.01596013
0.01969960
0.01635607
0.01716656
0.01677466
0.01407915
0.01476343
0.01515238
0.01703986
0.01694160
0.01409117
0.01462069
0.01579217
0.01366404
0.01592318
0.01581465
0.01564243
0.01511711
0.01808261
0.01602902
0.01548916
0.01761049
0.01511514
0.01385629
0.01477263
0.01535809
0.01436077
0.01734323
0.01612840
0.01596811
0.01698755
0.01578257
0.01611357
0.01267272
0.01550885
0.01613126
0.01461414
0.01443361
0.01506027
0.01633114
0.01641997
0.01401973
0.01426919
0.01536202
0.01653652
0.01705072
0.01657044
0.01572389
0.01731515
0.01503795
0.01653266
0.01739511
0.01812057
0.01549992
0.01419701
0.01421217
0.01802829
0.01446117
0.01506928
0.01507136
0.01475728
0.01425995
0.01789148
0.01649798
0.01369524
0.01413086
0.01394309
0.01596320
0.01403542
0.01289035
0.01421501
0.01486254
0.01366242
0.01600385
0.01597191
0.01430946
0.01576482
0.01364557
0.01366107
0.01606977
0.01393557
0.01685769
0.01480157
0.01657599
0.01358856
0.01331537
0.01304175
0.01376776
0.01477453
0.01545666
0.01474571
0.01454568
0.01680775
0.01603396
0.01543409
0.01618882
0.01555692
0.01466752
0.01531485
0.01539365
0.01464208
0.01698677
0.01738944
0.01590682
0.01510476
0.01777218
0.01492463
0.01588385
0.01637550
0.01419629
0.01577354
0.01824217
0.01584846
0.01741237
0.01634847
0.01673846
0.01584894
0.01551666
0.01524972
0.01830546
0.01605759
0.01534707
0.01454826
0.01777099
0.01408488
0.01583911
0.01450080
0.01242567
0.01589564
0.01510386
0.01468117
0.01810841
0.01701329
0.02220218
0.01417656
0.01727805
0.01570171
0.01607759
0.01327004
0.01361812
0.01493885
0.01639854
0.01564286
0.01542398
0.01601856
0.01426044
0.01433870
0.01307349
0.01533832
0.01452266
0.01275300
0.01669296
0.01422655
0.01662718
0.01459705
0.01590790
0.01776347
0.01606357
0.01591820
0.01505361
0.01703926
0.01418714
0.01588464
0.01553406
0.01732609
0.01616506
0.01513736
0.01363535
0.01564985
0.01309194
0.01507077
0.01755545
0.01594788
0.01623647
0.01571801
0.01729825
0.01484276
0.01459713
0.01471442
0.01856056
0.01490557
0.01399353
0.01495698
0.01842522
0.01422491
0.01684240
0.01393616
0.01442668
0.01473181
0.01541312
0.01513523
0.01593157
0.01464598
0.01599823
0.01384093
0.01766260
0.01800318
0.01309512
0.01584958
0.01619923
0.01367186
0.01350453
0.01638131
0.01453658
0.01415054
0.01563909
0.01704288
0.01558645
0.01989166
0.01509137
0.01416275
0.01345714
0.01506493
0.01459664
0.01559791
0.01799123
0.01379934
0.01633837
0.01495681
0.01380389
0.01377294
0.01648050
0.01693965
0.01507127
0.01538609
0.01512188
0.01819718
0.01916141
0.01691573
0.01564430
0.01788190
0.01654598
0.01762986
0.01693315
0.01649131
0.01628783
0.01783484