0.03573885
0.03713071
0.05653552
0.04550282
0.03744138
0.04178064
0.05017822
0.03927546
0.04610805
0.04079869
0.04251928
0.03466060
0.04608154
0.04953867
0.03553101
0.04021928
0.04521716
0.04327088
0.03927442
0.03787527
0.05070414
0.04939734
0.06736945
0.04071406
0.04580724
0.04342959
0.04058235
0.03704796
0.04147290
0.03810706
0.03417423
0.04022729
0.05009298
0.05176478
0.04494790
0.04295612
0.04203382
0.05156509
0.06564543
0.03777858
0.04569259
0.04267793
0.03674572
0.04825248
0.03730396
0.04529107
0.03779688
0.03708440
0.05042813
0.04593865
0.04417558
0.05033212
0.03370051
0.04633895
0.03953416
0.04489700
0.04857975
0.04119774
0.05203786
0.03861584
0.07124070
0.05268139
0.04448592
0.03584541
0.04261256
0.03807672
0.03845463
0.04364886
0.04527946
0.04135460
0.04033140
0.04092046
0.04114792
0.03899271
0.04636896
0.04255968
0.04147308
0.04524938
0.03728022
0.03651696
0.03933169
0.03967184
0.04940146
0.04520708
0.04354713
0.04400201
0.03937471
0.04049681
0.03637447
0.04494512
0.03558823
0.04434507
0.04158592
0.04051863
0.04383857
0.03884357
0.05268104
0.04010282
0.04205077
0.03914432
0.03627100
0.04396981
0.04775611
0.05696141
0.04394162
0.03744231
0.04322887
0.04865688
0.04985504
0.05644443
0.07991228
0.04259500
0.04203280
0.04427494
0.04016710
0.03928602
0.04957503
0.03537202
0.04017145
0.04466101
0.04908594
0.04382387
0.04661566
0.04093857
0.04219348
0.04044281
0.04685413
0.04447987
0.03920770
0.04111806
0.03828935
0.04622914
0.04478076
0.04926661
0.04402930
0.04490877
0.03880102
0.04385422
0.05619423
0.04009824
0.04741871
0.05140178
0.04416357
0.03722364
0.03657194
0.06186643
0.03881509
0.05058793
0.04145338
0.04006848
0.03957454
0.04393437
0.04089480
0.04115058
0.03342714
0.04359571
0.03890926
0.03719997
0.04003008
0.06332355
0.04069015
0.03728616
0.04270115
0.04188651
0.04060846
0.04644636
0.04849298
0.03941340
0.05144276
0.08580672
0.03804980
0.04518113
0.04017628
0.05634976
0.03809773
0.03858896
0.04159605
0.04299972
0.04001031
0.04288969
0.04625785
0.03746176
0.04025431
0.04617515
0.04160537
0.03806686
0.04144648
0.03908663
0.04443520
0.04260460
0.04312141
0.03963046
0.04266794
0.03784644
0.03581360
0.04125288
0.05287975
0.04319862
0.03804640
0.03671672
0.04177931
0.03797840
0.05157210
0.04230381
0.04518115
0.04278229
0.04539060
0.04540645
0.04348180
0.04001808
0.03925154
0.03983843
0.05243464
0.03590147
0.03652553
0.04640407
0.04508316
0.03710434
0.03775806
0.04399502
0.04097452
0.04375506
0.06507624
0.05010225
0.04805429
0.04496115
0.03662244
0.04972932
0.05368352
0.04314364
0.03926118
0.03918341
0.03575325
0.04471387
0.04238779
0.03626909
0.04322146
0.04215444
0.03831786
0.04158940
0.05439752
0.03757887
0.04287600
0.04001985
0.04247604
0.04462629
0.03595447
0.03798622
0.04009958
0.03922706
0.03615266
0.03463188
0.03967928
0.04459305
0.04427122
0.05604429
0.03655064
0.04414097
0.03885068
0.03919997
0.03537019
0.04292321
0.03952590
0.03687140
0.04018635
0.03988998
0.03868058
0.04330894
0.04218921
0.03870227
0.04257004
0.04436776
0.04018957
0.04006172
0.04031075
0.03552302
0.04128825
0.03779571
0.04193136
0.03611715
0.04394873
0.04609439
0.04529368
0.03959546
0.04675586
0.03973616
0.03929378
0.03827597
0.04388449
0.03894949
0.04049826
0.04386681
0.03829731
0.04185874
0.04306192
0.04612719
0.03970337
0.04808260
0.04314621
0.03747123
0.05402232
0.04085250
0.03538496
0.04462528
0.04420647
0.03780705
0.04059943
0.04188992
0.04254207
0.03987716
0.03894293
0.04245145
0.03730500
0.03587065
0.04617343
0.03792178
0.03664425
0.03739362
0.04360196
0.03736738
0.05140541
0.03871467
0.04131871
0.04027147
0.05094625
0.04141996
0.06046434
0.04224128
0.05036058
0.04617928
0.03439366
0.04002929
0.04321625
0.05255951
0.03982365
0.04100459
0.04154941
0.04266658
0.04237712
0.03560902
0.03967541
0.04239449
0.04335369
0.04032878
0.04306427
0.03665213
0.04635738
0.04055278
0.03945996
0.03931158
0.03439892
0.04121307
0.03818362
0.03970244
0.04477171
0.04426562
0.03961770
0.04242803
0.04619102
0.04616187
0.04517475
0.04272121
0.04008381
0.06281800
0.04357476
0.04028647
0.03773595
0.03808426
0.04306153
0.03702154
0.03419506
0.04929301
0.04060132
0.04387069
0.03699330
0.04322698
0.03903388
0.05118816
0.03426440
0.03714696
0.05457243
0.06269262
0.04127956
0.04219577
0.03716280
0.04132243
0.04280025
0.05252846
0.03756349
0.03676474
0.04233656
0.04131766
0.04111410
0.05425627
0.03947192
0.03836160
0.03879838
0.04800872
0.04251552
0.03979881
0.04781313
0.04954335
0.03856286
0.04189421
0.03626396
0.04193452
0.03595731
0.04477781
0.04407824
0.03753248
0.04333183
0.04241871
0.03725554
0.04017394
0.03954780
0.03730851
0.04171338
0.04950267
0.04052829
0.04624069
0.04938385
0.04164506
0.04092139
0.03637387
0.04376102
0.04243943
0.03627936
0.04582563
0.04987127
0.07972551
0.04067018
0.04163294
0.03586173
0.05590074
0.04159032
0.04578994
0.04135395
0.06775249
0.04562874
0.03926577
0.04310345
0.04701230
0.04555303
0.04065069
0.06391163
0.04188685
0.04122657
0.06599736
0.03588749
0.03698644
0.04089535
0.04372321
0.04630126
0.04141206
0.03714371
0.04183646
0.04520163
0.03780193
0.04317546
0.04090457
0.04415207
0.04251592
0.04084986
0.05316587
0.05232717
0.03854310
0.04727438
0.03629194
0.03573914
0.04006078
0.06298881
0.04177248
0.04380590
0.03951562
0.05100769
0.03885129
0.05985218
0.03961030
0.06286513
0.04911381
0.04198819
0.03878714
0.04103786
0.03872833
0.05829193
0.08951730
0.04050603
0.03582324
0.03807212
0.04240498
0.03898019
0.04044642
0.04061402
0.04216390
0.04178192
0.03851391
0.04380677
0.03825145
0.04564727
0.04424292