0.01598254
0.01599976
0.01766610
0.01606667
0.01411118
0.01434696
0.01861006
0.01499663
0.01648018
0.01530253
0.01577380
0.01596778
0.01850345
0.01729178
0.01573669
0.01549319
0.01548932
0.01309748
0.01860419
0.01650918
0.01459203
0.01698570
0.01397338
0.01696283
0.01483615
0.01803967
0.01522338
0.01472740
0.01736223
0.01879431
0.01863421
0.01718199
0.01465033
0.01511674
0.01453686
0.01582225
0.01908297
0.01759680
0.01914949
0.01733567
0.01806684
0.01646662
0.01823572
0.01470934
0.01418966
0.01369815
0.01644478
0.01655849
0.01758642
0.01608439
0.01784079
0.01558388
0.01459331
0.01877072
0.01787923
0.01885523
0.01582120
0.01759385
0.01673447
0.01660759
0.01666098
0.01825721
0.01520647
0.01711083
0.02017027
0.01498190
0.01563600
0.01721580
0.01656616
0.01416924
0.01484636
0.01542989
0.01583735
0.01362957
0.01572292
0.01630308
0.01901713
0.01574604
0.01652387
0.01810375
0.01686152
0.01693583
0.01376731
0.01601134
0.01561916
0.01459910
0.02271265
0.01600254
0.01793587
0.01735005
0.01588098
0.01396603
0.01561227
0.01753418
0.01817646
0.01666665
0.01536335
0.01501643
0.01493497
0.01523777
0.01632134
0.01462233
0.01436340
0.01563747
0.01774960
0.01700915
0.01553042
0.01602585
0.01764334
0.01512255
0.01410953
0.01624725
0.01464926
0.01537347
0.01592420
0.02011829
0.01568904
0.01754874
0.01418345
0.01813892
0.01644837
0.01847075
0.01632971
0.02267704
0.01749336
0.01484061
0.01886677
0.01560490
0.01620689
0.01815098
0.01647849
0.01839423
0.01545711
0.01884281
0.01468919
0.01609626
0.01597349
0.01905701
0.01965395
0.01564007
0.01715254
0.01421062
0.01377280
0.01800784
0.01474030
0.01654058
0.02066769
0.01450746
0.02000063
0.01512331
0.01699896
0.01508497
0.01823264
0.01529000
0.01501004
0.01611945
0.01450954
0.01630082
0.01742499
0.01684434
0.01316710
0.01519544
0.01817885
0.01722273
0.01486394
0.01646961
0.01608738
0.01669386
0.01691279
0.01578768
0.01725185
0.01558060
0.01407925
0.01425857
0.01499089
0.01490179
0.01713583
0.01585786
0.01579112
0.01546051
0.01806985
0.01831100
0.01579934
0.01753479
0.01580931
0.01833176
0.01693173
0.01765271
0.01754988
0.01540557
0.01685839
0.01620621
0.01648719
0.01812925
0.01591620
0.01392933
0.01705858
0.01939694
0.01659493
0.01426702
0.02090780
0.01459195
0.01969953
0.01581425
0.01868604
0.01634168
0.01562884
0.01773164
0.01541368
0.01520718
0.01451802
0.01702472
0.01590730
0.01754425
0.01451402
0.01487495
0.01657628
0.01440147
0.01749866
0.01500539
0.01740292
0.01827554
0.01463619
0.01545393
0.01563727
0.01628589
0.01804816
0.01550213
0.01871842
0.01673410
0.01505330
0.01702229
0.01840567
0.01536696
0.01561537
0.01374199
0.01670565
0.01459567
0.01602496
0.01660199
0.01881813
0.02086269
0.01643653
0.01618444
0.01534446
0.01891711
0.01392920
0.01638686
0.01754999
0.01986395
0.01514256
0.01495098
0.01539763
0.01823939
0.01449322
0.02029787
0.01527318
0.01785423
0.01593616
0.01593355
0.01661759
0.01993278
0.01786961
0.01593205
0.01750870
0.01499290
0.01722593
0.01958998
0.01471804
0.01592351
0.01394743
0.01539431
0.01434265
0.01960661
0.01591818
0.01720522
0.01737014
0.01468120
0.01620018
0.01973674
0.01428841
0.01758419
0.01534794
0.01805918
0.01453320
0.01696313
0.01463342
0.01472862
0.01750811
0.01447611
0.01653809
0.01525251
0.01569407
0.01622214
0.01386601
0.01918229
0.01737738
0.01363907
0.01476691
0.01445025
0.01811553
0.01522772
0.01536868
0.01935604
0.01724144
0.01370005
0.01915779
0.01771703
0.01596825
0.01637420
0.01945032
0.01495187
0.01494049
0.01817774
0.01631801
0.01725951
0.01847893
0.01855838
0.01637664
0.01826490
0.01612747
0.01643274
0.01870512
0.01468527
0.01369212
0.01609486
0.01512358
0.01635550
0.01660695
0.01414359
0.01641788
0.01492659
0.01777782
0.01627054
0.01721475
0.01551769
0.01597592
0.01572348
0.01641295
0.01561750
0.01448045
0.01685689
0.01442337
0.01570522
0.01684671
0.01563259
0.01600216
0.01524858
0.01480434
0.01542183
0.01585452
0.01640753
0.01504998
0.01534121
0.01817515
0.01582749
0.01567656
0.01412393
0.01532969
0.01902713
0.01799724
0.01560843
0.01624507
0.01705793
0.01733159
0.01549285
0.01515640
0.01495428
0.01886606
0.02000381
0.01902225
0.01751418
0.01705423
0.02062507
0.01878664
0.01761478
0.01399521
0.01725346
0.02024178
0.01447873
0.01583170
0.01482161
0.01884212
0.01998522
0.01713240
0.01421049
0.01571576
0.01473678
0.01649948
0.01521951
0.01545161
0.01507979
0.01454100
0.01762378
0.01986516
0.02030729
0.01567495
0.01771496
0.01750116
0.01677770
0.01688312
0.01726222
0.01607820
0.01451006
0.01823293
0.01764475
0.01706773
0.01682208
0.01341139
0.01436891
0.01582691
0.01391030
0.01598877
0.01413689
0.01639153
0.01464189
0.01520315
0.01770045
0.01874316
0.01560327
0.01475402
0.01660823
0.01816504
0.01623177
0.01579851
0.01475227
0.01451535
0.01576902
0.01687514
0.01447191
0.01676587
0.01477490
0.01712651
0.01527610
0.01583274
0.01568525
0.01665979
0.01536346
0.01808873
0.01846913
0.02147465
0.01653613
0.02045554
0.01803335
0.01811347
0.01564281
0.01434346
0.01635866
0.01656296
0.01774504
0.01910809
0.01495900
0.01580232
0.01825046
0.01499756
0.01501551
0.01960299
0.01589880
0.01860713
0.01449876
0.01577785
0.01672158
0.01977372
0.02206442
0.01553249
0.01470242
0.01567457
0.01985900
0.01559335
0.01393401
0.01975513
0.01671532
0.01419365
0.01502583
0.01859904
0.01639579
0.01602812
0.01422863
0.01825581
0.01706035
0.01608802
0.01444745
0.01387712
0.01683055
0.01560746
0.01935948
0.01553271
0.01847959
0.01428893
0.01783976
0.01686222
0.01721161
0.01719709
0.01451241
0.01742366
0.01698197
0.01765378
0.02059268
0.01621819
0.01578626