0.05036085
0.04800353
0.04987026
0.05248825
0.04530419
0.05141783
0.05262135
0.05062404
0.05248836
0.05391828
0.05257416
0.04600270
0.04876561
0.04780742
0.05165891
0.04931728
0.04598384
0.04725152
0.05016955
0.05015332
0.04933783
0.04837847
0.04687020
0.04859832
0.04627311
0.04927009
0.05039158
0.05260983
0.04718953
0.05599597
0.05403881
0.04824485
0.05072637
0.05428027
0.04921761
0.04872175
0.05310227
0.04762083
0.04439966
0.05012627
0.05007248
0.05069626
0.04536730
0.05311514
0.04961319
0.05229145
0.04701599
0.05013172
0.04974192
0.04836414
0.05111169
0.04738591
0.04595804
0.04766458
0.05187251
0.04896569
0.04649597
0.05667302
0.04784080
0.04804825
0.04737392
0.04892989
0.05079317
0.04876658
0.05247233
0.04948413
0.05108276
0.04855053
0.04773064
0.05044513
0.04593484
0.05291694
0.05103086
0.04987606
0.05173871
0.05361351
0.04887760
0.04886278
0.05880483
0.04809198
0.04869001
0.04914077
0.05220716
0.04764083
0.05769448
0.05756086
0.04807456
0.04915292
0.05435168
0.04736255
0.05124609
0.05233708
0.04781511
0.04889898
0.04947932
0.05172808
0.04666692
0.04984976
0.04521213
0.05120264
0.05154653
0.06076409
0.04900575
0.05001862
0.04734436
0.04662073
0.05382381
0.05006856
0.05111848
0.04998520
0.04997609
0.04917663
0.04883096
0.05596442
0.04816898
0.05055530
0.04974219
0.05468348
0.04968521
0.05051015
0.05144180
0.04965990
0.05804115
0.05021113
0.05294311
0.05031088
0.04828321
0.04719713
0.05101375
0.04885044
0.05307166
0.05060091
0.04859512
0.04980638
0.05054656
0.04761695
0.04801461
0.06061964
0.04612667
0.04536463
0.04944374
0.05160739
0.05640738
0.04716102
0.04890010
0.04869575
0.04870617
0.04589375
0.04685378
0.04746504
0.04691314
0.05665088
0.05119589
0.05335426
0.05033448
0.05527739
0.04691007
0.05069568
0.04903282
0.04969300
0.04515631
0.05079231
0.05013772
0.04910596
0.04790696
0.04914377
0.05717715
0.05124721
0.04758988
0.05262428
0.04520581
0.05188972
0.04569448
0.05060497
0.04687592
0.04823228
0.04901075
0.04961291
0.04873044
0.05248136
0.04587936
0.04708024
0.04658310
0.04789979
0.04604111
0.05333232
0.04905608
0.04706051
0.04785293
0.04840745
0.04558801
0.04674459
0.04875168
0.04931850
0.04577376
0.04648804
0.04797397
0.04536054
0.04958195
0.04729550
0.04559725
0.04783261
0.04778490
0.04741593
0.05004098
0.06108964
0.05160388
0.05259272
0.05033381
0.04657913
0.05122814
0.04996167
0.04873483
0.05249200
0.04685116
0.04914619
0.05138065
0.04660457
0.04832358
0.04724083
0.04859673
0.04673069
0.05079338
0.04983932
0.04855537
0.04922262
0.04777250
0.04528703
0.04862604
0.05498428
0.04713608
0.05046738
0.04911573
0.04748799
0.06117792
0.04919617
0.04845034
0.04886099
0.05230814
0.04648098
0.04934693
0.04810015
0.04741555
0.05108713
0.04840769
0.04773939
0.04446722
0.05117920
0.04821598
0.04718662
0.04771495
0.04652334
0.04715010
0.06249029
0.04896664
0.04881187
0.04900573
0.04710528
0.04929153
0.05084677
0.04781015
0.05343492
0.04843075
0.04626221
0.04868029
0.04696662
0.04735652
0.04836426
0.04653391
0.04875115
0.04918507
0.04839961
0.05777985
0.05000894
0.05251218
0.05141467
0.04875931
0.05142859
0.05004149
0.04961182
0.06083853
0.05209721
0.04638391
0.04715874
0.04980807
0.04921418
0.04860970
0.05487203
0.05352148
0.04742289
0.05069743
0.05062195
0.04939176
0.04794690
0.05683647
0.04911757
0.04842824
0.04841174
0.04783947
0.05031672
0.04731528
0.05160961
0.05565224
0.05285036
0.04739297
0.04649195
0.04543124
0.05299325
0.05306372
0.05317890
0.05449385
0.04562439
0.04618808
0.04777897
0.06029004
0.04651126
0.04661327
0.04996225
0.04644210
0.05037447
0.05091015
0.04811916
0.05757093
0.04723433
0.05257110
0.04868762
0.05180540
0.05132632
0.05566789
0.04523707
0.04840809
0.04928880
0.05164047
0.04754284
0.05130280
0.04611902
0.05035519
0.04395353
0.04962334
0.05076124
0.04725905
0.04887202
0.04695493
0.04765047
0.04706768
0.05289446
0.05268478
0.05122906
0.04966559
0.05227745
0.04710896
0.05269022
0.04642752
0.04800653
0.04590726
0.04904195
0.04904164
0.04763652
0.05147888
0.04876165
0.04875927
0.04966913
0.04657303
0.04763231
0.04919976
0.04494839
0.04972151
0.04625518
0.05106407
0.04835187
0.04655137
0.04966038
0.04929228
0.04614386
0.04825651
0.05348991
0.04503558
0.05035460
0.04935702
0.04858148
0.04953644
0.04694002
0.04973890
0.05153382
0.05080603
0.05156463
0.05199836
0.05209505
0.04897628
0.05213028
0.04662997
0.05093921
0.04883490
0.04660565
0.05001285
0.04610554
0.05935624
0.04840938
0.05554287
0.04746807
0.04994883
0.04656214
0.04702034
0.05203455
0.05313990
0.04947676
0.04882628
0.04573086
0.04628985
0.04543852
0.05077019
0.05822227
0.04943372
0.04817907
0.04728694
0.05186806
0.05116600
0.04736871
0.05267174
0.05158540
0.05417253
0.04579225
0.04636907
0.04917431
0.04826592
0.05220270
0.04761673
0.04906007
0.04796034
0.04625283
0.05225657
0.05387479
0.04677111
0.04802839
0.05345607
0.05274572
0.05354273
0.05143523
0.05288047
0.04802347
0.05182754
0.05095649
0.05046650
0.04838901
0.05030691
0.05086657
0.04844929
0.04618449
0.05866796
0.05514358
0.05052975
0.04646735
0.04730979
0.04758513
0.04646249
0.05524467
0.04926085
0.05191756
0.04738999
0.05036768
0.05219015
0.04521607
0.04880472
0.04796065
0.04882521
0.04792538
0.04977741
0.04924066
0.04457881
0.04605163
0.04932332
0.05076429
0.04751313
0.04720403
0.05124846
0.04865005
0.04898022
0.04596191
0.04572393
0.04915845
0.05112836
0.05221398
0.05004077
0.04721793
0.05320292
0.04577508
0.04613455
0.05867276
0.04483061
0.04852067
0.05471984
0.04961613
0.04984915
0.04923157
0.04997084
0.04661686
0.04525246
0.05109057
0.04936100
0.05058869