0.00684767
0.00538975
0.00540179
0.00564382
0.00600778
0.00586038
0.00600212
0.00696852
0.00553816
0.00553781
0.00520241
0.00533716
0.00530983
0.00493361
0.00576594
0.00609298
0.00576839
0.00525712
0.00661125
0.00520659
0.00529864
0.00499233
0.00558864
0.00649538
0.00629285
0.00591538
0.00595406
0.00555439
0.00539153
0.00535321
0.00518243
0.00674647
0.00519131
0.00603375
0.00529491
0.00866724
0.00496523
0.00498818
0.00521349
0.00586421
0.00545454
0.00513895
0.00587540
0.00650147
0.00564315
0.00589540
0.00586279
0.00609249
0.00530715
0.00600923
0.00499858
0.00583126
0.00539446
0.00624368
0.00552759
0.00589519
0.00538024
0.00862160
0.00522005
0.00549366
0.00538635
0.00569244
0.00576593
0.00542221
0.00695300
0.00555670
0.00600214
0.00555043
0.00598172
0.00589057
0.00596971
0.00555513
0.00486422
0.00585338
0.00508580
0.00485114
0.00538572
0.00483277
0.00477023
0.00506802
0.00658147
0.00516047
0.00673103
0.00528588
0.00569904
0.00571279
0.00537980
0.00544390
0.00609191
0.00621212
0.00496681
0.00695462
0.00726484
0.00609412
0.00513037
0.00513786
0.00536522
0.00895699
0.00563406
0.00521538
0.00573038
0.00546418
0.00763343
0.00541798
0.00589498
0.00618623
0.00504318
0.00527419
0.00507713
0.00624573
0.00597550
0.00555822
0.00515265
0.00625496
0.00531202
0.00558298
0.00658220
0.00645609
0.00548275
0.00493520
0.00629862
0.00584449
0.00571445
0.00604227
0.00598993
0.00522441
0.00542513
0.00534118
0.00669647
0.00700267
0.00610067
0.00636182
0.00549111
0.00639440
0.00670896
0.00557737
0.00615167
0.00531591
0.00502534
0.00503868
0.00512752
0.00601364
0.00558782
0.00576986
0.00585348
0.00633218
0.00617273
0.00585534
0.00550298
0.00505594
0.00543484
0.00548717
0.00581377
0.00557990
0.00510624
0.00506674
0.00477094
0.00568350
0.00502328
0.00507545
0.00661379
0.00592440
0.00536525
0.00504950
0.00553317
0.00535186
0.00563062
0.00727725
0.00602922
0.00569543
0.00517211
0.00524442
0.00906922
0.00806351
0.00527944
0.00604423
0.00616101
0.00569927
0.00517533
0.00644674
0.00700277
0.00551982
0.00596237
0.00600932
0.00519958
0.00583569
0.00585790
0.00506599
0.00557656
0.00530900
0.00558033
0.00561999
0.00552266
0.00626592
0.00615620
0.00588987
0.00542946
0.00686598
0.00561846
0.00480077
0.00516319
0.00540421
0.00562136
0.00678410
0.00622256
0.00658211
0.00556297
0.00544294
0.00542593
0.00578787
0.00727077
0.00542183
0.00693393
0.00516874
0.00701619
0.00632424
0.02357849
0.00484788
0.00608238
0.00502205
0.00573169
0.00556985
0.00595006
0.00622441
0.00539117
0.00684366
0.00600409
0.00685293
0.00583056
0.00715178
0.00501749
0.00592387
0.00627509
0.00557224
0.00565855
0.00534116
0.00527256
0.00580614
0.00495812
0.00586815
0.00691333
0.00613258
0.00534996
0.00530752
0.00547080
0.00597264
0.00469593
0.00602053
0.00485207
0.00603154
0.00726087
0.00577679
0.00528349
0.00644890
0.00577034
0.00682865
0.00690470
0.00662105
0.00584212
0.00641554
0.00473462
0.00620572
0.00915236
0.00584056
0.00539463
0.00560711
0.00499214
0.00548063
0.00657177
0.00559976
0.00659986
0.00539338
0.00665947
0.00753462
0.00527601
0.00492457
0.00566111
0.00583563
0.00558648
0.00518148
0.00532713
0.00518239
0.00471703
0.00581725
0.00511087
0.00536505
0.00566349
0.00719780
0.00551926
0.00558234
0.00604637
0.00499516
0.00545187
0.00562501
0.00459125
0.00570760
0.00568998
0.00600939
0.00705417
0.00619958
0.00508635
0.00586431
0.00578399
0.00524555
0.00548473
0.00930977
0.00627649
0.00595754
0.00499386
0.00743493
0.00563278
0.00548615
0.00490057
0.00582997
0.00529616
0.00542312
0.00536058
0.00634693
0.00787564
0.00572166
0.00576229
0.00508165
0.00488137
0.00556032
0.00592886
0.00606059
0.00573186
0.00520290
0.00567852
0.00527158
0.00535577
0.01416741
0.00504320
0.00543631
0.00500556
0.00516387
0.00517767
0.00650688
0.00543477
0.00531660
0.00517771
0.00639338
0.00523288
0.00522428
0.00539064
0.00540962
0.00611554
0.00572226
0.00680884
0.00535330
0.00538137
0.00563116
0.00640523
0.00638367
0.00580043
0.00515068
0.00550705
0.00565508
0.00566356
0.00831365
0.00623386
0.00649454
0.00620178
0.00547141
0.00561091
0.00523407
0.00550498
0.00629205
0.00643550
0.00616031
0.00581864
0.00623182
0.00528817
0.00588964
0.00550673
0.00521678
0.00518293
0.00532903
0.00542525
0.00598353
0.00554287
0.00600241
0.00618583
0.00532778
0.00480440
0.00506593
0.00537634
0.00528701
0.00533860
0.00515976
0.00528434
0.00545381
0.00475075
0.00483228
0.00623523
0.00716246
0.00564357
0.00562336
0.00553436
0.00556030
0.00527638
0.00605736
0.00576985
0.00512364
0.00506462
0.00548247
0.00663831
0.00537114
0.00595732
0.00515472
0.00522473
0.00712085
0.00617038
0.00600055
0.00558992
0.00817273
0.00593858
0.00492002
0.00520819
0.00499641
0.00627754
0.00744015
0.00528642
0.00619996
0.00587676
0.01053783
0.00576263
0.00587051
0.00530287
0.00568488
0.00584863
0.00558383
0.00535303
0.00620696
0.00499867
0.00479203
0.00515385
0.00523733
0.00653761
0.00546942
0.00583353
0.00529727
0.00657224
0.00551275
0.00542851
0.00594430
0.00596188
0.00585772
0.00496823
0.00479428
0.00559807
0.00767006
0.00635626
0.00623575
0.00543174
0.00551962
0.00502242
0.00603576
0.00621312
0.00548014
0.00496335
0.00568217
0.00659794
0.00527515
0.00507363
0.00535334
0.00557217
0.00589094
0.00556316
0.00571915
0.00730737
0.00835063
0.00543598
0.00601002
0.00579851
0.00545717
0.00586920
0.00550674
0.00493973
0.00659722
0.00691731
0.00587606
0.00488245
0.00474702
0.00538756
0.00592468
0.00604528
0.00553537
0.00819168
0.00575316
0.00573852
0.00505902
0.00540635
0.00564577
0.00499464
0.00715640
0.00513292
0.00493083
0.00576315
0.00540053