0.00415672
0.00352210
0.00664121
0.00361794
0.00501494
0.00500367
0.00528484
0.00453588
0.00528644
0.00406021
0.00703191
0.00603270
0.00839989
0.00394709
0.00539471
0.00411421
0.00393271
0.00389100
0.00519888
0.00369699
0.00359935
0.00289623
0.00558418
0.00401844
0.00747225
0.00454293
0.00463891
0.00328509
0.00450702
0.00417585
0.00492243
0.00398032
0.00436063
0.00297119
0.00417560
0.00370872
0.00424913
0.00604770
0.00498199
0.00398392
0.00390433
0.00540014
0.00402450
0.00342161
0.00419212
0.00364558
0.00507297
0.00461161
0.00433972
0.00469514
0.00482793
0.00366092
0.00343823
0.00514386
0.00358543
0.00304081
0.00734209
0.00403621
0.00505771
0.00472314
0.00412720
0.00636547
0.00531987
0.00478302
0.00715951
0.00372547
0.00332830
0.00406739
0.00390500
0.00407764
0.00696045
0.00384430
0.00423585
0.00312459
0.00521785
0.00376509
0.00491001
0.00458996
0.00368014
0.00408814
0.00465606
0.00437610
0.00424327
0.00460634
0.00427916
0.00491851
0.00721522
0.00397045
0.00353700
0.00390960
0.00331480
0.00638349
0.00524162
0.00464460
0.00428808
0.00572133
0.00495585
0.00665735
0.00597701
0.00568960
0.00661321
0.00530269
0.00433609
0.00526048
0.00480700
0.00429185
0.00445760
0.00399885
0.00905242
0.00605094
0.00503027
0.00359319
0.00387945
0.00401303
0.00404269
0.00493877
0.00621138
0.00362879
0.00356909
0.00426738
0.00720190
0.00358026
0.00505196
0.00291928
0.00660718
0.00538762
0.00641167
0.00572768
0.00500880
0.00399016
0.00356944
0.00481452
0.00392543
0.00466684
0.00473396
0.00519287
0.00514063
0.00536223
0.00363904
0.00455912
0.00342792
0.00396827
0.00436263
0.00287758
0.00596837
0.00634782
0.00588296
0.00291550
0.00411639
0.00401179
0.00628754
0.00552388
0.00298364
0.00564388
0.00463722
0.00550987
0.00499487
0.00536173
0.00411857
0.00376763
0.00424307
0.00413320
0.00393345
0.01010191
0.00446848
0.00554761
0.00291227
0.00311583
0.00374849
0.00270252
0.00647129
0.00397564
0.00942580
0.00311712
0.00348648
0.00463383
0.01212001
0.00545608
0.00420372
0.00556326
0.00353799
0.00733119
0.00403844
0.00434368
0.00558462
0.00483122
0.00334084
0.00459915
0.00317899
0.00443812
0.00372087
0.00489311
0.00437370
0.00543743
0.00351956
0.00419719
0.00341723
0.00571857
0.00535764
0.00489252
0.00626728
0.00478244
0.00379524
0.00285938
0.00315357
0.00526845
0.00333030
0.00400995
0.00581072
0.00366421
0.00342369
0.00525612
0.00632223
0.00447155
0.00398434
0.00431211
0.00715000
0.00343526
0.00449706
0.00383936
0.00392068
0.00502316
0.00402045
0.00362627
0.00507200
0.00460291
0.00352675
0.00509691
0.00739807
0.00432067
0.00662347
0.00436642
0.00501337
0.00654186
0.00366567
0.00270399
0.00527202
0.00337818
0.00599801
0.00334047
0.00477285
0.00297912
0.00454754
0.00338012
0.00382231
0.00398956
0.00526265
0.00642532
0.00310217
0.00864963
0.00500558
0.00549100
0.00694720
0.00533810
0.00428715
0.00500727
0.00396356
0.00522680
0.00351638
0.00367935
0.00354416
0.01431242
0.00409556
0.00345532
0.00427606
0.00472006
0.00428768
0.00475068
0.00422485
0.00418930
0.00584431
0.00350709
0.00742130
0.00534335
0.00417888
0.00384601
0.00458020
0.00450033
0.00411035
0.00462257
0.00401398
0.00413280
0.00330100
0.00410880
0.00478561
0.00596550
0.00481642
0.00624746
0.00341942
0.00572295
0.00732917
0.00548128
0.00396807
0.00715758
0.00854944
0.00419810
0.00718319
0.00390855
0.00658861
0.00365125
0.00630979
0.00592836
0.00934158
0.00528421
0.00596003
0.00554272
0.00811527
0.00439590
0.00526424
0.00353590
0.00463120
0.00403837
0.00391896
0.00413807
0.00490322
0.00337072
0.00441261
0.00467242
0.00438017
0.00464734
0.00526753
0.00256106
0.00587960
0.00321448
0.00431976
0.00300643
0.00414583
0.00650804
0.00438914
0.00661835
0.00354552
0.00661573
0.00430576
0.00481008
0.00344436
0.00601134
0.00739782
0.00509019
0.00340440
0.00439174
0.00529932
0.00353121
0.00635361
0.00530698
0.00568404
0.00425753
0.00469352
0.00420058
0.00460281
0.00348283
0.00457262
0.00465831
0.00661803
0.00553047
0.00519391
0.00426064
0.00517635
0.00538560
0.00385200
0.00375973
0.00504428
0.00765046
0.00377255
0.00626819
0.00593270
0.00608923
0.00618116
0.00408359
0.00551543
0.00476211
0.00345756
0.00441985
0.00450276
0.00269288
0.00326162
0.00310680
0.00667015
0.00376602
0.00468673
0.00357212
0.00672262
0.00479758
0.00338614
0.00504165
0.00519499
0.00441601
0.00372415
0.00342236
0.00346445
0.00428910
0.00702065
0.00331432
0.00415154
0.00349967
0.00442909
0.00353220
0.00302807
0.00637704
0.00261811
0.00332224
0.00404862
0.00370550
0.00433096
0.00467570
0.00521222
0.00438751
0.00396046
0.00409963
0.00465777
0.00587276
0.00536721
0.00352021
0.00464329
0.00443989
0.00273232
0.00357618
0.00457401
0.00474667
0.00595921
0.00383572
0.00431009
0.00506216
0.00525428
0.00718466
0.00570341
0.00467342
0.00487108
0.00558825
0.00552829
0.00334359
0.00579211
0.00618335
0.00495000
0.00624124
0.00939884
0.00376502
0.00356993
0.00486648
0.00534284
0.00576706
0.00340810
0.00347493
0.00517717
0.00505998
0.00317579
0.00543230
0.00364979
0.00322867
0.00388131
0.00638502
0.00301358
0.00736837
0.00432852
0.00686976
0.00457492
0.00339122
0.00330525
0.00533567
0.00403211
0.00441661
0.00395822
0.00394497
0.00510826
0.00452568
0.00353537
0.00416895
0.00355173
0.00537703
0.00579730
0.00404222
0.00388846
0.00744300
0.00446869
0.00412091
0.00469387
0.00462505
0.00512232
0.00446779
0.00423875
0.00357875
0.00487742
0.00320107
0.00407503
0.00354479
0.00382577
0.00366834
0.00460806
0.00497997
0.00539748
0.00374571
0.00447225
0.00494346
0.00310452
0.00576263
0.00470922
0.00369401
0.00316128
0.00414858
0.00564644
0.00590574