0.00295846
0.00274903
0.00313651
0.00300449
0.00272000
0.00266348
0.00294174
0.00299276
0.00334248
0.00305898
0.00278953
0.00310566
0.00317195
0.00270286
0.00284791
0.00296697
0.00278450
0.00303372
0.00372153
0.00322902
0.00264122
0.00296012
0.00289134
0.00289433
0.00300452
0.00255731
0.00279788
0.00275012
0.00309640
0.00282291
0.00317174
0.00280150
0.00279175
0.00275203
0.00319985
0.00296439
0.00269498
0.00292462
0.00303558
0.00303345
0.00316919
0.00283493
0.00320239
0.00345839
0.00334833
0.00258233
0.00287982
0.00267781
0.00299474
0.00323455
0.00273459
0.00293268
0.00288439
0.00259857
0.00261869
0.00252280
0.00286759
0.00261529
0.00281595
0.00266047
0.00323782
0.00332491
0.00305469
0.00279793
0.00286439
0.00287027
0.00317674
0.00275637
0.00269776
0.00276121
0.00270576
0.00256671
0.00275333
0.00342033
0.00287853
0.00259993
0.00358529
0.00280975
0.00279039
0.00288560
0.00299177
0.00269095
0.00280866
0.00304961
0.00270105
0.00300931
0.00276391
0.00288945
0.00277577
0.00349185
0.00336675
0.00257265
0.00333662
0.00266876
0.00263613
0.00345751
0.00271074
0.00308575
0.00287011
0.00311417
0.00348154
0.00276900
0.00308783
0.00296919
0.00303042
0.00306677
0.00305567
0.00286204
0.00280754
0.00327906
0.00266787
0.00297145
0.00305232
0.00322999
0.00325498
0.00283617
0.00313668
0.00375207
0.00251973
0.00280474
0.00315542
0.00272300
0.00283606
0.00276439
0.00310842
0.00293152
0.00288321
0.00292356
0.00261780
0.00346089
0.00291541
0.00291464
0.00252900
0.00311918
0.00322997
0.00299937
0.00276260
0.00283447
0.00301518
0.00290783
0.00363804
0.00308393
0.00289511
0.00276276
0.00281857
0.00318808
0.00265084
0.00308969
0.00309764
0.00307882
0.00351622
0.00275551
0.00310169
0.00264512
0.00273879
0.00267524
0.00284165
0.00260144
0.00270272
0.00453904
0.00282272
0.00297546
0.00277458
0.00281918
0.00281932
0.00275095
0.00279379
0.00256667
0.00276777
0.00291911
0.00280819
0.00295297
0.00334254
0.00306723
0.00292325
0.00328979
0.00287232
0.00288308
0.00259318
0.00335762
0.00275185
0.00317025
0.00335477
0.00295476
0.00287885
0.00276031
0.00314100
0.00346133
0.00296142
0.00292068
0.00279335
0.00306754
0.00276235
0.00283158
0.00287684
0.00267342
0.00290960
0.00277050
0.00288114
0.00289094
0.00282811
0.00288212
0.00271404
0.00279281
0.00286297
0.00318211
0.00301164
0.00285805
0.00267473
0.00278858
0.00272138
0.00334316
0.00289520
0.00251143
0.00294537
0.00296432
0.00302358
0.00330013
0.00293886
0.00277289
0.00275437
0.00297323
0.00328938
0.00291849
0.00280477
0.00279829
0.00348519
0.00259707
0.00317992
0.00319761
0.00276543
0.00261023
0.00298588
0.00301852
0.00295745
0.00281635
0.00319538
0.00570802
0.00267272
0.00323329
0.00314875
0.00331340
0.00292111
0.00261712
0.00286298
0.00291358
0.00347608
0.00353647
0.00269184
0.00252371
0.00282493
0.00289428
0.00293170
0.00299660
0.00276240
0.00292737
0.00290728
0.00282591
0.00356231
0.00279769
0.00288549
0.00338852
0.00288251
0.00284757
0.00311098
0.00276169
0.00293015
0.00319407
0.00288593
0.00294501
0.00279174
0.00326925
0.00344021
0.00303114
0.00279108
0.00284551
0.00301042
0.00287674
0.00285711
0.00270185
0.00283555
0.00304613
0.00286470
0.00300135
0.00287232
0.00265587
0.00247338
0.00276455
0.00379774
0.00272470
0.00273374
0.00291519
0.00305721
0.00278394
0.00284732
0.00301976
0.00312616
0.00284022
0.00282561
0.00301765
0.00262845
0.00295926
0.00279421
0.00273724
0.00301226
0.00267774
0.00279675
0.00358049
0.00296075
0.00283993
0.00271757
0.00311137
0.00300439
0.00322507
0.00262249
0.00282533
0.00276165
0.00288824
0.00303077
0.00282736
0.00273840
0.00334413
0.00255646
0.00307227
0.00290226
0.00320742
0.00363783
0.00279534
0.00296610
0.00278231
0.00266918
0.00321156
0.00279461
0.00287432
0.00253167
0.00273484
0.00282558
0.00274520
0.00409365
0.00295564
0.00276467
0.00266517
0.00258256
0.00274425
0.00291756
0.00270203
0.00255328
0.00269122
0.00335833
0.00305365
0.00288187
0.00316332
0.00305990
0.00280464
0.00298085
0.00301518
0.00291158
0.00299430
0.00293102
0.00261038
0.00253675
0.00278141
0.00284764
0.00255084
0.00289566
0.00282617
0.00271458
0.00296834
0.00288196
0.00311906
0.00273237
0.00277763
0.00282266
0.00271715
0.00334887
0.00302981
0.00293323
0.00339107
0.00297125
0.00275018
0.00283125
0.00294284
0.00266260
0.00293099
0.00304291
0.00286559
0.00294823
0.00320951
0.00288905
0.00304314
0.00270739
0.00273988
0.00310932
0.00281055
0.00283112
0.00398037
0.00310799
0.00304136
0.00280815
0.00287087
0.00293066
0.00296912
0.00287955
0.00276035
0.00300194
0.00273501
0.00274186
0.00323047
0.00294584
0.00277032
0.00282907
0.00266877
0.00297755
0.00285037
0.00277133
0.00262861
0.00268686
0.00284848
0.00291901
0.00267323
0.00369955
0.00296946
0.00297844
0.00258729
0.00269473
0.00306350
0.00322377
0.00274589
0.00282745
0.00264321
0.00283966
0.00273578
0.00285120
0.00292950
0.00263889
0.00328104
0.00294420
0.00264946
0.00294165
0.00270024
0.00274999
0.00309262
0.00260262
0.00358913
0.00330676
0.00297269
0.00280630
0.00319419
0.00370726
0.00295358
0.00304362
0.00293251
0.00288870
0.00284719
0.00269254
0.00296262
0.00269321
0.00348393
0.00395626
0.00324255
0.00266502
0.00320858
0.00274602
0.00280874
0.00263135
0.00287325
0.00305176
0.00274067
0.00297881
0.00288943
0.00276151
0.00297077
0.00304820
0.00262184
0.00287901
0.00310204
0.00279659
0.00271743
0.00282298
0.00295436
0.00255035
0.00278083
0.00273371
0.00343145
0.00286727
0.00424860
0.00295645
0.00279215
0.00323736
0.00271467
0.00271243
0.00345438
0.00343154
0.00286192
0.00307242
0.00276939
0.00332046
0.00292422
0.00269802
0.00272826