0.02144491
0.01546090
0.01820913
0.01647110
0.00963012
0.01237199
0.01117112
0.01046429
0.02143165
0.01166754
0.00937611
0.02064832
0.00795322
0.01112246
0.00799112
0.01302999
0.01641383
0.01697252
0.01206326
0.01280708
0.00827538
0.00821067
0.01058867
0.00755854
0.00783308
0.00843181
0.00910383
0.00973324
0.01225147
0.01365458
0.01873154
0.01449892
0.01481932
0.01082333
0.01254899
0.03200900
0.00709870
0.00711198
0.00723408
0.00958391
0.01756821
0.01604390
0.00982499
0.00755211
0.01797861
0.00783149
0.01183898
0.00797474
0.01567979
0.00822522
0.01172705
0.00656806
0.01525453
0.02203973
0.01087115
0.01843648
0.01027997
0.01206692
0.01267633
0.01630141
0.01082876
0.02436782
0.00697275
0.01296492
0.00631312
0.02514154
0.01022580
0.00880575
0.00905702
0.01212268
0.00645392
0.01832707
0.00775813
0.00743995
0.01241021
0.00746132
0.01336722
0.01307877
0.00812637
0.01293628
0.00989962
0.01034886
0.01112523
0.01257652
0.01353661
0.01542932
0.00907595
0.01822796
0.01388438
0.03180594
0.01665933
0.00738556
0.00930272
0.02085933
0.02289852
0.00816994
0.01515310
0.01585989
0.00967979
0.01206377
0.01297919
0.00934242
0.00669581
0.01105567
0.01487867
0.00620293
0.00911623
0.01217841
0.01316391
0.00965279
0.01630161
0.00640764
0.01001391
0.00716345
0.01815555
0.01181193
0.01327831
0.00833587
0.01098163
0.01443364
0.00972280
0.00924378
0.01134771
0.00787098
0.01281071
0.00794305
0.00813008
0.00886464
0.00656021
0.01642009
0.01288870
0.00900861
0.01117813
0.01593010
0.00799500
0.00965065
0.00800941
0.01131036
0.01950285
0.01604668
0.01545889
0.00751150
0.00863934
0.01567542
0.00708462
0.00944227
0.01410787
0.00929589
0.00815136
0.01311454
0.01510286
0.01139054
0.02590991
0.00894716
0.00846759
0.01094568
0.00775121
0.00845964
0.01486393
0.01309942
0.00695980
0.00667925
0.00588541
0.00991934
0.00797222
0.01778935
0.01548204
0.00861753
0.01613540
0.00729898
0.00985739
0.00873364
0.02909602
0.01291870
0.00861438
0.01478417
0.01076635
0.00790886
0.02281863
0.01293012
0.01063615
0.01230854
0.00857346
0.01034346
0.00978165
0.01146158
0.01703208
0.00938478
0.01031081
0.01335407
0.01827096
0.00765828
0.00994718
0.01495265
0.00987848
0.01919464
0.01203057
0.00839970
0.01250472
0.00935054
0.00768941
0.00615506
0.00890983
0.01012269
0.01245357
0.01444969
0.00873372
0.01377645
0.01087776
0.00637285
0.01026420
0.01319923
0.00839637
0.00989368
0.00821874
0.00804924
0.00890792
0.01043463
0.00631065
0.01824298
0.01812694
0.00925600
0.00843764
0.02344375
0.01010056
0.02589556
0.00611989
0.01078115
0.01460740
0.01455198
0.01904780
0.00842462
0.01210865
0.00836776
0.01211375
0.00904255
0.01045270
0.01197240
0.00730219
0.01349926
0.00824702
0.00983553
0.01586392
0.01183232
0.00792483
0.01184346
0.01399714
0.01619844
0.01251396
0.00985156
0.00781897
0.00904680
0.01384391
0.01673262
0.02327574
0.00862456
0.00874649
0.00947489
0.01225556
0.01125776
0.00829077
0.00670789
0.01067897
0.01482707
0.00742183
0.02204094
0.01768649
0.01342183
0.00885674
0.00713811
0.00662069
0.01246025
0.01174064
0.00874396
0.00722983
0.00837564
0.00756935
0.01042083
0.00771356
0.00972632
0.00752634
0.00800295
0.01506246
0.01363454
0.01719115
0.01102367
0.02473296
0.01338915
0.01552562
0.01701636
0.00954735
0.02318837
0.01142035
0.00597903
0.00663322
0.00584915
0.01208218
0.03765499
0.02563637
0.02115659
0.01108761
0.01449611
0.01797080
0.00632909
0.00692387
0.00785183
0.00937575
0.00666959
0.02196158
0.01707039
0.00849153
0.01632461
0.01448624
0.00571637
0.01133879
0.00868009
0.01481139
0.01286152
0.01356796
0.01369797
0.00895817
0.00866728
0.01340053
0.01518729
0.00822726
0.01447094
0.00936710
0.01215958
0.00664065
0.01113040
0.01354935
0.01360880
0.00832989
0.01847040
0.00660596
0.00897967
0.01341515
0.02066233
0.01148349
0.01543324
0.00777155
0.01329698
0.00969704
0.00759781
0.01653472
0.00853772
0.01240230
0.00591196
0.01545474
0.01252637
0.01207422
0.01375901
0.01741842
0.00804916
0.03106261
0.00776992
0.01840331
0.01074677
0.01292569
0.00739542
0.00697738
0.00728673
0.00965791
0.01364874
0.00752462
0.01154860
0.01295096
0.00821810
0.01912705
0.00741093
0.01832623
0.01076359
0.00607911
0.03307800
0.00856089
0.00847278
0.02759621
0.02237706
0.00748198
0.00772331
0.01405967
0.00900956
0.01849439
0.00974102
0.00856503
0.00946102
0.00956798
0.01251082
0.01169146
0.01643401
0.01404480
0.00918240
0.02331039
0.00849480
0.00694016
0.01248029
0.00941987
0.01266247
0.01170007
0.01081876
0.01133203
0.01382416
0.01144017
0.00831934
0.01519383
0.00938089
0.01125703
0.00923353
0.01291045
0.01644525
0.01687594
0.03123063
0.00784541
0.01860166
0.01444046
0.00788093
0.01390349
0.00614119
0.00827034
0.00663202
0.01021559
0.01451597
0.01102688
0.00830848
0.00899128
0.01102915
0.00987616
0.00784859
0.01410323
0.03772517
0.02160048
0.00632595
0.02226244
0.00870761
0.01341479
0.01549507
0.01080308
0.00886040
0.00728359
0.01422044
0.00988919
0.00946738
0.01124295
0.00718426
0.01124572
0.00857146
0.01270374
0.01396880
0.01095857
0.01012161
0.00744363
0.03621576
0.00821688
0.01031244
0.00971982
0.00752854
0.01460715
0.01109765
0.00726788
0.01070456
0.02417054
0.01087781
0.00748555
0.00925475
0.00629085
0.01113056
0.01235089
0.02311441
0.00688238
0.00604933
0.00769367
0.01592487
0.01053819
0.00932489
0.03430772
0.01234897
0.01123294
0.01157482
0.01450555
0.01534928
0.01192654
0.01329129
0.00919966
0.01060959
0.01776238
0.01013491
0.02298971
0.00838913
0.02488986
0.00905420
0.02774922
0.01186519
0.01484468
0.00841642
0.00880188
0.01631872
0.01017555
0.01502383
0.01556680
0.00666726