0.00260056
0.00243516
0.00240359
0.00246931
0.00248297
0.00242873
0.00254934
0.00259058
0.00267209
0.00251425
0.00231887
0.00280701
0.00265192
0.00241958
0.00244996
0.00254973
0.00269599
0.00252819
0.00235279
0.00266956
0.00249282
0.00254358
0.00280611
0.00240065
0.00237019
0.00253820
0.00255608
0.00253023
0.00239445
0.00255594
0.00259426
0.00249593
0.00269743
0.00247226
0.00252806
0.00249300
0.00259783
0.00259998
0.00239507
0.00243751
0.00269408
0.00271295
0.00233209
0.00252348
0.00265445
0.00249487
0.00262539
0.00260665
0.00237519
0.00244264
0.00251296
0.00250750
0.00259140
0.00249202
0.00236872
0.00223363
0.00256621
0.00324741
0.00281633
0.00263745
0.00263351
0.00292852
0.00247195
0.00271501
0.00240191
0.00261257
0.00253601
0.00255968
0.00256576
0.00240318
0.00321423
0.00252377
0.00250672
0.00243913
0.00264063
0.00252172
0.00255000
0.00278314
0.00253662
0.00256758
0.00256107
0.00235558
0.00244029
0.00275514
0.00232704
0.00247229
0.00294919
0.00236441
0.00264333
0.00255165
0.00225302
0.00247842
0.00267414
0.00244559
0.00299860
0.00251871
0.00248209
0.00301955
0.00291122
0.00241747
0.00257220
0.00267451
0.00260608
0.00240971
0.00237955
0.00263555
0.00263825
0.00248688
0.00246900
0.00259383
0.00250584
0.00241578
0.00325806
0.00235334
0.00263751
0.00247921
0.00251565
0.00281387
0.00265145
0.00248932
0.00255049
0.00235777
0.00275739
0.00282843
0.00241271
0.00261837
0.00250875
0.00241126
0.00247329
0.00283084
0.00413381
0.00250912
0.00270216
0.00272120
0.00253565
0.00255744
0.00243978
0.00261017
0.00263007
0.00245438
0.00240966
0.00274980
0.00244750
0.00321653
0.00275141
0.00236216
0.00257272
0.00270007
0.00268914
0.00248557
0.00256375
0.00246875
0.00244608
0.00244250
0.00275098
0.00246935
0.00230557
0.00243453
0.00241490
0.00256260
0.00256706
0.00252473
0.00246293
0.00243458
0.00276982
0.00253444
0.00267664
0.00254103
0.00254019
0.00246415
0.00253511
0.00247647
0.00254364
0.00240457
0.00304762
0.00249709
0.00263416
0.00244673
0.00238009
0.00244857
0.00270492
0.00262296
0.00250824
0.00235555
0.00260386
0.00256355
0.00252644
0.00263926
0.00269236
0.00253725
0.00250156
0.00250910
0.00260887
0.00235812
0.00237885
0.00253142
0.00250003
0.00240245
0.00270141
0.00265523
0.00246181
0.00239036
0.00257070
0.00258249
0.00258488
0.00245317
0.00282942
0.00265060
0.00255932
0.00253525
0.00260536
0.00260950
0.00279950
0.00266139
0.00253842
0.00265305
0.00242484
0.00256933
0.00262875
0.00276497
0.00281235
0.00277894
0.00256076
0.00264090
0.00253344
0.00249614
0.00237831
0.00231958
0.00251121
0.00228444
0.00243500
0.00242239
0.00243327
0.00259635
0.00238948
0.00240550
0.00268218
0.00256016
0.00253823
0.00260828
0.00249778
0.00252006
0.00244860
0.00232809
0.00251255
0.00238974
0.00282051
0.00259632
0.00248267
0.00250820
0.00262813
0.00253408
0.00293858
0.00242119
0.00242936
0.00261069
0.00286461
0.00249447
0.00249097
0.00237988
0.00271976
0.00251698
0.00242565
0.00325413
0.00263187
0.00245662
0.00241707
0.00250837
0.00236913
0.00254244
0.00240083
0.00230298
0.00251012
0.00246858
0.00261451
0.00267647
0.00245138
0.00277133
0.00268790
0.00267976
0.00252152
0.00291943
0.00255476
0.00270657
0.00248098
0.00251797
0.00335826
0.00234919
0.00244907
0.00273281
0.00275859
0.00263833
0.00278751
0.00249552
0.00258192
0.00251623
0.00251912
0.00241023
0.00242511
0.00241842
0.00252298
0.00237791
0.00238723
0.00280225
0.00254276
0.00251157
0.00269260
0.00368063
0.00241725
0.00251633
0.00260366
0.00246849
0.00239475
0.00255111
0.00249975
0.00248535
0.00223204
0.00256173
0.00263701
0.00242872
0.00247168
0.00274207
0.00254484
0.00250202
0.00237828
0.00242434
0.00240289
0.00261429
0.00260484
0.00252741
0.00241203
0.00242740
0.00251015
0.00253770
0.00297238
0.00242538
0.00236335
0.00241245
0.00270937
0.00259279
0.00324997
0.00260060
0.00229579
0.00237398
0.00238969
0.00258799
0.00239345
0.00239732
0.00320845
0.00243059
0.00244459
0.00238800
0.00247335
0.00249329
0.00251557
0.00257215
0.00259842
0.00262869
0.00259651
0.00252853
0.00237139
0.00255752
0.00244899
0.00235961
0.00278470
0.00238422
0.00284978
0.00282443
0.00263892
0.00264211
0.00251013
0.00252497
0.00273934
0.00252351
0.00254757
0.00248460
0.00260776
0.00245737
0.00246873
0.00249975
0.00257077
0.00250746
0.00231960
0.00228736
0.00242542
0.00245073
0.00227012
0.00225656
0.00257043
0.00252180
0.00260173
0.00277555
0.00260938
0.00229142
0.00242414
0.00268991
0.00255473
0.00234924
0.00256444
0.00258286
0.00268444
0.00247361
0.00280353
0.00244175
0.00269956
0.00264304
0.00251203
0.00257279
0.00250511
0.00256399
0.00243256
0.00253159
0.00245204
0.00256019
0.00266431
0.00269221
0.00243084
0.00257405
0.00237428
0.00240627
0.00243782
0.00236956
0.00249366
0.00249828
0.00230281
0.00248347
0.00268322
0.00249839
0.00249437
0.00255884
0.00267204
0.00231966
0.00247374
0.00253003
0.00258763
0.00256139
0.00255717
0.00247699
0.00279791
0.00250986
0.00257998
0.00273715
0.00256684
0.00275207
0.00267743
0.00234371
0.00242636
0.00248991
0.00254947
0.00250184
0.00254839
0.00236785
0.00258794
0.00250509
0.00252074
0.00264031
0.00228841
0.00264691
0.00245676
0.00234273
0.00285348
0.00259929
0.00259795
0.00269927
0.00266364
0.00258374
0.00258882
0.00234495
0.00246227
0.00251851
0.00237639
0.00241039
0.00272854
0.00280834
0.00263760
0.00239052
0.00240774
0.00243544
0.00247532
0.00271764
0.00273696
0.00273641
0.00265212
0.00273966
0.00256511
0.00261985
0.00257961
0.00244246
0.00246150
0.00244762
0.00248693
0.00267903
0.00259346
0.00247890
0.00240692
0.00248912
0.00265863
0.00249332
0.00266683
0.00246386