0.00332410
0.00334031
0.00427868
0.00617806
0.00374438
0.00329069
0.00380515
0.00424720
0.00314843
0.00353538
0.00359284
0.00316965
0.00333792
0.00367265
0.00354415
0.00336808
0.00338693
0.00367988
0.00280851
0.00486051
0.00386110
0.00375224
0.00408500
0.00423074
0.00441570
0.00292514
0.00343235
0.00443615
0.00350316
0.00318809
0.00339373
0.00343012
0.00347752
0.00329255
0.00613773
0.00358571
0.00318122
0.00346885
0.00415781
0.00424990
0.00350180
0.00409924
0.00338729
0.00391737
0.00368566
0.00328406
0.00387793
0.00505770
0.00288935
0.00316517
0.00362648
0.00334822
0.00337989
0.00325706
0.00348855
0.00384176
0.00354900
0.00415459
0.00506185
0.00331053
0.00375987
0.00322143
0.00804108
0.00340515
0.00399357
0.00316803
0.00349572
0.00416011
0.00365402
0.00360438
0.00315271
0.00363448
0.00350487
0.00876305
0.00341949
0.00332201
0.00307193
0.00442934
0.00423778
0.00543154
0.00328798
0.00358516
0.00382180
0.00460650
0.00382268
0.00372135
0.00379940
0.00359156
0.00390462
0.00393395
0.00365639
0.00368509
0.00306046
0.00325580
0.00335482
0.00553915
0.00623607
0.00436012
0.00352394
0.00550809
0.00359320
0.00375701
0.00479093
0.00410807
0.00356451
0.00352239
0.00422707
0.00311476
0.00356189
0.00342675
0.00474007
0.00414541
0.00362039
0.00389522
0.00537311
0.00333965
0.00316780
0.00429647
0.00356161
0.00352659
0.00319093
0.00343788
0.00395675
0.00346921
0.00292672
0.00396055
0.00402266
0.00458994
0.00337642
0.00338117
0.00324107
0.00378939
0.00560971
0.00615221
0.00361562
0.00368800
0.00647899
0.00337410
0.00342441
0.00662866
0.00439948
0.00354842
0.00390108
0.00392542
0.00430234
0.00370406
0.00413960
0.00368830
0.00381720
0.00343529
0.00306809
0.00402374
0.00395196
0.00391616
0.00300735
0.00422223
0.00569437
0.00311218
0.00310083
0.00469217
0.00330301
0.00336295
0.00387055
0.00340802
0.00398975
0.00285830
0.00367767
0.00368281
0.00360004
0.00366822
0.00333265
0.00332965
0.00386748
0.00344272
0.00401067
0.00393134
0.00356028
0.00447053
0.00364378
0.00430852
0.00347992
0.00308095
0.00340402
0.00370013
0.00410804
0.00396552
0.00405367
0.00317733
0.00425336
0.00291346
0.00290663
0.00363644
0.00408918
0.00293676
0.00401572
0.00332016
0.00756250
0.00376826
0.00411048
0.00346405
0.00343807
0.00470873
0.00483927
0.00510840
0.00306085
0.00367690
0.00386242
0.00388692
0.00333666
0.00352128
0.00468321
0.00390493
0.00330723
0.00483436
0.00434264
0.00431521
0.00361862
0.00403102
0.00451508
0.00366779
0.00371943
0.00359711
0.00364553
0.00339296
0.00442644
0.00357906
0.00300841
0.00351638
0.00367956
0.00354078
0.00417744
0.00352994
0.00368477
0.00368506
0.00437358
0.00357557
0.00332984
0.00381386
0.00421590
0.00377634
0.00450694
0.00724828
0.00390229
0.00448517
0.00353730
0.00390585
0.00359069
0.00439800
0.00385130
0.01744762
0.00757267
0.00378810
0.00304631
0.00292035
0.00324119
0.00397115
0.00338861
0.00406034
0.00305467
0.00338299
0.00338537
0.00322661
0.00339436
0.00317470
0.00341960
0.00503384
0.00392747
0.00367676
0.00438279
0.00423313
0.00318062
0.00372384
0.00391834
0.00315564
0.00431438
0.00398624
0.00510054
0.00344078
0.00369670
0.00405935
0.00363617
0.00383334
0.00442910
0.00333731
0.00343431
0.00447886
0.00421356
0.00330208
0.00365896
0.00382858
0.00331670
0.00387647
0.00323018
0.00466332
0.00343667
0.00442948
0.00314763
0.00323810
0.00312495
0.00373293
0.00355300
0.00391928
0.00429234
0.00429401
0.00313211
0.00300376
0.00574355
0.00418143
0.00329227
0.00337875
0.00326069
0.00413107
0.00364489
0.00389945
0.00370987
0.00352220
0.00416072
0.00390754
0.00383952
0.00305378
0.00372825
0.00360990
0.00384949
0.00340625
0.00318226
0.00341269
0.00325566
0.00345546
0.00360252
0.00363142
0.00318139
0.00491127
0.00397854
0.00358417
0.00362192
0.00404723
0.00396054
0.00352109
0.00348193
0.00315036
0.00383723
0.00370863
0.00392633
0.00493686
0.00310145
0.00405761
0.00359347
0.00364547
0.00318838
0.00377848
0.00307458
0.00433926
0.00422345
0.00451561
0.00410772
0.00406419
0.00358061
0.00361411
0.00446567
0.00372017
0.00314927
0.00309056
0.00327873
0.00350045
0.00700919
0.00402855
0.00355639
0.00371484
0.00478797
0.00377253
0.00360466
0.00295631
0.00324590
0.00355249
0.00415673
0.00353861
0.00399932
0.00366053
0.00402492
0.00416139
0.00377580
0.00355588
0.00308054
0.00413717
0.00329648
0.00440291
0.00471066
0.00320640
0.00326402
0.00436251
0.00350727
0.00330538
0.00430456
0.00388422
0.00562424
0.00332437
0.00466632
0.00333941
0.00361091
0.00427521
0.00381511
0.00343781
0.00364209
0.00418894
0.00305884
0.00374650
0.00394065
0.00400548
0.00364587
0.00389751
0.00462859
0.00329196
0.00353831
0.00415971
0.00444668
0.00450081
0.00743259
0.00344878
0.00359218
0.00436836
0.00347465
0.00359612
0.00326736
0.00332531
0.00359230
0.00367841
0.00387688
0.00322997
0.00428588
0.00359308
0.00393819
0.00343758
0.00413055
0.00353119
0.00339583
0.00319078
0.00325391
0.00388320
0.00392648
0.00317165
0.00345086
0.00355207
0.00484117
0.00424331
0.00424630
0.00363357
0.00330459
0.00369760
0.00315371
0.00401316
0.00412585
0.00434371
0.00330221
0.00316863
0.00356009
0.00326318
0.00348502
0.00320441
0.00332713
0.00318377
0.00333784
0.00290026
0.00331284
0.00414346
0.00412386
0.00395182
0.00373552
0.00338685
0.00362532
0.00484274
0.00396548
0.00347648
0.00487953
0.00346894
0.00399852
0.00368140
0.00361792
0.00358412
0.00416878
0.00368640
0.00337452
0.00507943
0.00337387
0.00358377
0.00375289
0.00396534
0.00348903
0.00361250
0.00380159
0.00565710
0.00404358
0.00339151
0.00354319
0.00387830
0.00323976
0.00355438
0.00326048
0.00346527
0.00405313
0.00345633