0.01011950
0.00735854
0.00715957
0.00859619
0.00708458
0.00962009
0.00832526
0.00946448
0.00882105
0.00691640
0.00640439
0.00717629
0.00988793
0.00620179
0.01009780
0.00621091
0.00725951
0.00739713
0.01083163
0.00999314
0.00700154
0.00790875
0.00788110
0.00800738
0.00704505
0.00575971
0.00838817
0.00776248
0.00667723
0.00702856
0.00937425
0.00688377
0.00872092
0.00669701
0.00830780
0.00631838
0.00606148
0.00616741
0.00745362
0.00902229
0.00644216
0.00754690
0.00630228
0.00695434
0.00937972
0.00830355
0.00757990
0.00687394
0.00697475
0.01138488
0.00634045
0.00886823
0.00642753
0.00689606
0.00762284
0.00627825
0.00773921
0.00786667
0.00638141
0.00604413
0.00645673
0.00838712
0.01037655
0.00657047
0.01066950
0.00597894
0.00876165
0.00637237
0.00769928
0.00774715
0.00836704
0.00961493
0.00711394
0.01240215
0.00623140
0.00744083
0.00764510
0.01088316
0.00719775
0.00591690
0.00632202
0.00631991
0.00665595
0.00745612
0.01200140
0.00742906
0.00749771
0.00728757
0.00600665
0.00672299
0.00659979
0.00573307
0.00694828
0.00711931
0.00691080
0.00695019
0.00736014
0.00771182
0.00598945
0.00616739
0.00638060
0.00750314
0.00872739
0.00637595
0.00635530
0.00599018
0.00842125
0.00913410
0.00729989
0.00597481
0.00649833
0.00640774
0.00702829
0.00875785
0.00643573
0.00795911
0.00809417
0.00865776
0.00620731
0.00694557
0.00811495
0.00976720
0.00739640
0.00676779
0.00614685
0.00743869
0.00770546
0.00689068
0.00645215
0.00699665
0.00639976
0.00607495
0.00685988
0.00641279
0.00850883
0.00964003
0.00601717
0.00803006
0.00738888
0.00726638
0.00585950
0.00713619
0.00770434
0.00846034
0.00731009
0.00671410
0.00540590
0.00766215
0.00661532
0.00979342
0.00842915
0.00626985
0.00703263
0.00583987
0.00633046
0.01110494
0.01386192
0.01026076
0.00641087
0.00641929
0.00825561
0.00831302
0.00697006
0.00664644
0.00685229
0.00924239
0.00792427
0.00636036
0.00900633
0.00657151
0.01072896
0.00788816
0.00714183
0.00787410
0.00775353
0.00945863
0.00660313
0.00605337
0.00663411
0.00679444
0.00777454
0.00750857
0.00673704
0.00623402
0.00835184
0.00833192
0.00768347
0.00649861
0.00684204
0.00658998
0.00729909
0.00734360
0.00748252
0.00747013
0.00834512
0.00661279
0.00739584
0.00691118
0.00691983
0.03281449
0.00669398
0.00624238
0.00790266
0.00867684
0.00530790
0.00594683
0.00858761
0.00821955
0.00687062
0.00686031
0.00789939
0.00635408
0.00630196
0.00637116
0.00679846
0.00603510
0.00679336
0.00703683
0.00867051
0.00683641
0.00657891
0.00660457
0.00779084
0.00780137
0.00622778
0.00724066
0.01292382
0.00792352
0.01009027
0.00711066
0.00600727
0.00768947
0.00745972
0.00999356
0.00647434
0.00610011
0.00698031
0.00710849
0.00985910
0.00815942
0.00629048
0.00629826
0.00815650
0.00743961
0.00700240
0.00733249
0.00873132
0.00728800
0.01125983
0.01145692
0.00853114
0.00711081
0.00543751
0.00618928
0.00546260
0.00650273
0.00793476
0.00724484
0.00879940
0.00675998
0.00822255
0.00797874
0.00946830
0.00641461
0.00658769
0.02579997
0.00690080
0.00669202
0.00727947
0.00676573
0.00782990
0.00641081
0.00943637
0.00714189
0.00666222
0.00895676
0.00894042
0.00810810
0.00659542
0.00688913
0.00605310
0.00860497
0.01097625
0.00812302
0.00649698
0.00580033
0.00715354
0.00664378
0.00547459
0.00676095
0.00863133
0.00583345
0.00654064
0.00670757
0.00744827
0.01060944
0.00835577
0.01178489
0.00678378
0.00598179
0.00735522
0.00695046
0.01038030
0.00710046
0.00643119
0.00596630
0.00849108
0.00611637
0.00694203
0.00675727
0.01051353
0.00677633
0.00703816
0.00710928
0.00835253
0.00670142
0.00892923
0.00742622
0.00613419
0.00759560
0.00884824
0.00606607
0.01597190
0.00905867
0.00839483
0.00632555
0.00989164
0.00769728
0.00605387
0.00585372
0.00721742
0.00671986
0.00636621
0.00828696
0.00604843
0.00880800
0.00649308
0.00627109
0.00675417
0.00681583
0.00796218
0.00659168
0.00687814
0.00694538
0.00717814
0.00693862
0.00706676
0.00949555
0.00587324
0.00856135
0.00750893
0.00637571
0.01005131
0.00746504
0.00856202
0.00663685
0.00813358
0.00670653
0.00681967
0.00727489
0.00784030
0.00818868
0.00746816
0.00666435
0.00920311
0.00734765
0.00608908
0.00623091
0.00550153
0.00745251
0.00646894
0.00772004
0.02124640
0.00596051
0.00640769
0.00733057
0.00613381
0.00608740
0.00601790
0.00740542
0.00882935
0.01065014
0.00814048
0.00555546
0.00678289
0.00753498
0.00737899
0.00728447
0.00698003
0.00633985
0.00655011
0.00619305
0.00579879
0.00641403
0.01213972
0.00723526
0.00715515
0.00602675
0.00663422
0.00590786
0.00760874
0.00703119
0.00690841
0.00717974
0.00938085
0.00756147
0.00781162
0.00721441
0.00708827
0.00951062
0.00657851
0.00706276
0.00801972
0.00668349
0.00613979
0.00647978
0.01072365
0.00752245
0.00708046
0.00865208
0.00678681
0.00970349
0.00767772
0.00732303
0.00795294
0.00636596
0.00612333
0.00828002
0.00942943
0.00602758
0.00624284
0.00603992
0.00662338
0.00819075
0.00627916
0.00645747
0.00780416
0.00704646
0.01093797
0.00672793
0.00690946
0.00944434
0.00639903
0.00717224
0.00683160
0.00679809
0.00661663
0.00793930
0.00905067
0.00937317
0.01812810
0.00650712
0.00856469
0.00752466
0.00708520
0.00667489
0.00612530
0.00553677
0.00658276
0.00579030
0.01272394
0.00641526
0.00986922
0.00653143
0.00690868
0.00653960
0.00932987
0.00650514
0.00684132
0.00664145
0.00702513
0.00587317
0.00667327
0.00597758
0.00832842
0.01070821
0.00769092
0.00720201
0.00574984
0.02297126
0.00615358
0.00733655
0.00813398
0.00664045
0.00596291
0.00652007
0.00670027
0.00754756
0.00731107
0.00600222
0.00736260
0.00873204
0.00942141
0.00665082
0.00864346
0.00739317
0.00596039
0.00824282
0.00841055
0.00739870