0.00563137
0.00749425
0.00513309
0.01144290
0.01393185
0.00848276
0.00882935
0.01228276
0.00701222
0.01815449
0.00670876
0.01136297
0.00573939
0.00897099
0.00963038
0.00719190
0.00917814
0.00968934
0.00976614
0.00892015
0.00997949
0.01705279
0.01039580
0.00695247
0.01057034
0.01113822
0.00572705
0.00638057
0.00841785
0.01091058
0.01221670
0.01069326
0.00946873
0.00667525
0.00600334
0.00941895
0.00535938
0.00952209
0.00693414
0.00802346
0.00585397
0.00866745
0.00857005
0.01185974
0.00551113
0.00747641
0.01162897
0.00963383
0.00642440
0.01078444
0.01219565
0.00926877
0.01218584
0.00866605
0.02628732
0.00630655
0.00918980
0.00480087
0.01124726
0.01417671
0.00830582
0.00773046
0.01310202
0.01069887
0.01088600
0.00783283
0.00587945
0.00549818
0.00500979
0.00649717
0.00847251
0.01239420
0.01830411
0.00709594
0.00619614
0.01653036
0.01420083
0.00828001
0.01012655
0.02281949
0.02029472
0.01077770
0.00700291
0.00501311
0.00804697
0.00579152
0.00837330
0.00527588
0.00728965
0.00877628
0.00771495
0.01942897
0.00587039
0.01199049
0.00910188
0.00795049
0.01282983
0.00907336
0.00753008
0.02093793
0.00709243
0.00622722
0.00837880
0.00821458
0.00906022
0.00905180
0.00814489
0.00916057
0.01197415
0.00633688
0.00681637
0.00639905
0.00797112
0.00667202
0.01052464
0.00443353
0.00642015
0.02118785
0.00738684
0.01137805
0.01405255
0.00608915
0.00495098
0.01101239
0.00568504
0.00686877
0.01304241
0.00781349
0.00682240
0.02668224
0.00726748
0.00862817
0.00773620
0.00860489
0.00549373
0.00975344
0.01154973
0.01536076
0.01701385
0.00946096
0.00606220
0.00939151
0.00775786
0.00879710
0.00824312
0.00579716
0.00716430
0.01200305
0.00707294
0.00626954
0.01291798
0.00721838
0.01954921
0.00824139
0.00602075
0.00645224
0.00565441
0.02091647
0.00972666
0.00605587
0.00965389
0.00471218
0.00588993
0.00843919
0.00633843
0.00913992
0.01051527
0.00941549
0.01414012
0.00722121
0.01063796
0.00661631
0.01673104
0.01736548
0.00950489
0.01757220
0.00953072
0.00706162
0.00845106
0.00744387
0.01936478
0.02917952
0.00956506
0.02018801
0.01121272
0.01093930
0.00960921
0.01930909
0.01443571
0.01343527
0.01373273
0.00968080
0.00812809
0.00970720
0.00699257
0.00726133
0.00612812
0.00702612
0.01729289
0.00822706
0.01144246
0.00863198
0.00562976
0.00632260
0.00655668
0.01073471
0.02681335
0.01015353
0.00684859
0.01023766
0.01081263
0.00683266
0.00547097
0.01088703
0.00634724
0.01274969
0.01390980
0.01098963
0.00778091
0.00702694
0.02472886
0.00709308
0.00620048
0.00596149
0.00892122
0.01239351
0.01002165
0.00557778
0.00469923
0.00847665
0.00662065
0.00716610
0.00872352
0.01716476
0.00907286
0.00801722
0.00792308
0.00599858
0.00822454
0.00806323
0.00541815
0.00860713
0.00579698
0.01325838
0.00598425
0.00726020
0.00902046
0.01336574
0.00897789
0.01373661
0.00709196
0.00932083
0.00853684
0.01309755
0.00783039
0.00840719
0.00744621
0.00841346
0.00698378
0.00656688
0.01224777
0.00843025
0.00658670
0.00858908
0.00631327
0.00656989
0.01814561
0.01478508
0.01011463
0.00573557
0.00523016
0.00683838
0.00673647
0.00676608
0.00488411
0.00775306
0.00604696
0.00917636
0.01149595
0.00677308
0.00797710
0.00575154
0.00821104
0.00922181
0.00699309
0.01716706
0.00659998
0.02063269
0.01177308
0.00713515
0.01094094
0.00641906
0.00861909
0.01801058
0.00927877
0.01260672
0.00773221
0.02128298
0.00695833
0.00807431
0.00684915
0.01180768
0.00608716
0.00921075
0.00650886
0.00763761
0.01694005
0.00483428
0.01066864
0.00639494
0.00902534
0.00590150
0.00792071
0.01311459
0.00873672
0.00687987
0.00976033
0.00744375
0.01313916
0.01071340
0.00886602
0.00801154
0.01313215
0.01763637
0.00573950
0.01092342
0.00747544
0.00935799
0.00874949
0.00741082
0.01232344
0.02124668
0.00661904
0.01080982
0.00832455
0.01100432
0.00751636
0.01318810
0.00669544
0.00841000
0.00721717
0.00884248
0.01049890
0.01022505
0.00888309
0.01219742
0.00915153
0.01118657
0.00515361
0.00805267
0.01058673
0.01061642
0.00771587
0.00596161
0.00906382
0.00549393
0.00808985
0.00708651
0.00798874
0.00636405
0.01069757
0.00612876
0.00556026
0.00973250
0.00887429
0.01596004
0.01443196
0.00864702
0.01473263
0.00806032
0.01017962
0.00999135
0.00631342
0.01630082
0.01300047
0.00597221
0.00762240
0.00560287
0.00806924
0.00797206
0.00952922
0.00804915
0.00766155
0.01454454
0.01498077
0.00724368
0.00530379
0.01783252
0.01527293
0.00728629
0.00819150
0.00566223
0.00560653
0.00690629
0.01067394
0.00804184
0.00613499
0.01573729
0.00690600
0.00922652
0.01275869
0.00963445
0.00740604
0.00629397
0.00560666
0.00834470
0.01258312
0.00832420
0.00765508
0.01529981
0.01346673
0.00958390
0.01510901
0.00642698
0.00725155
0.00807350
0.00845604
0.00637906
0.01341292
0.00685979
0.01064404
0.00904812
0.01539731
0.00663040
0.00723376
0.00779337
0.00751338
0.00947512
0.01377633
0.00923745
0.01017484
0.00517269
0.00598095
0.00604391
0.00837579
0.00544332
0.00829946
0.01125682
0.00661740
0.00903788
0.00864669
0.00831754
0.01032181
0.00849046
0.00802634
0.00715851
0.00649340
0.01006787
0.01297947
0.00733766
0.01184941
0.00581692
0.00998072
0.00718733
0.01209228
0.00637550
0.00909492
0.00850507
0.00712013
0.00566632
0.00632371
0.01102343
0.00631714
0.00680523
0.00605175
0.00926864
0.00640456
0.00644437
0.00638392
0.00972544
0.00856436
0.00614104
0.01439585
0.01120398
0.02624201
0.00506495
0.00758203
0.00636876
0.00808937
0.00622116
0.00699339
0.00962769
0.01100470
0.00906524
0.00947664
0.00785037
0.00668958
0.00659734
0.00961594
0.00811244
0.00984371
0.00755359
0.00703944
0.01323114
0.00996196
0.01206135
0.00841832
0.00607288
0.00839927
0.00576073