0.00511909
0.00462919
0.00486744
0.00467311
0.00452898
0.00462175
0.00469760
0.00503068
0.00490776
0.00501951
0.00560444
0.00518361
0.00500532
0.00480014
0.00534914
0.00532645
0.00451734
0.00531586
0.00508038
0.00660500
0.00438418
0.00599759
0.00562919
0.00517266
0.00476193
0.00488230
0.00493122
0.00545794
0.00466791
0.00487181
0.00473433
0.00490160
0.00520519
0.00502747
0.00471784
0.00518933
0.00515606
0.00488576
0.00489636
0.00518330
0.00461074
0.00528828
0.00531251
0.00500218
0.00432589
0.00534502
0.00529206
0.00477777
0.00515190
0.00519897
0.00497285
0.00462075
0.00457627
0.00487745
0.00491666
0.00474158
0.00518382
0.00597321
0.00601309
0.00448290
0.00522225
0.00523766
0.00546292
0.00515150
0.00539256
0.00495911
0.00464727
0.00491046
0.00505213
0.00452498
0.00582235
0.00468849
0.00468404
0.00480536
0.00508436
0.00437031
0.00499781
0.00462080
0.00483956
0.00531116
0.00498671
0.00447855
0.00507053
0.00562229
0.00500080
0.00502194
0.00507053
0.00521888
0.00496520
0.00463076
0.00462681
0.00443365
0.00501229
0.00472994
0.00487424
0.00509176
0.00515059
0.00447877
0.00484926
0.00519610
0.00465080
0.00538771
0.00511105
0.00466496
0.00474514
0.00504826
0.00460916
0.00489795
0.00475240
0.00454347
0.00578730
0.00454368
0.00473721
0.00483880
0.00526421
0.00536599
0.00564976
0.00469123
0.00476831
0.00509709
0.00542797
0.00437419
0.00589492
0.00564922
0.00464716
0.00534894
0.00475751
0.00487838
0.00497133
0.00501088
0.00513010
0.00494980
0.00522230
0.00507903
0.00534800
0.00494177
0.00477814
0.00541761
0.00452527
0.00519184
0.00472641
0.00492404
0.00455997
0.00477193
0.00475979
0.00453750
0.00469127
0.00507124
0.00529410
0.00443678
0.00561417
0.00514933
0.00495172
0.00451544
0.00490748
0.00494486
0.00459179
0.00474839
0.00499788
0.00491132
0.00553251
0.00562233
0.00628231
0.00507139
0.00502995
0.00475513
0.00499985
0.00519313
0.00456593
0.00462780
0.00464469
0.00476194
0.00475221
0.00469627
0.00467044
0.00467248
0.00504979
0.00462428
0.00508629
0.00480960
0.00457990
0.00478190
0.00458636
0.00466547
0.00471589
0.00544676
0.00499608
0.00464060
0.00484108
0.00461628
0.00508995
0.00468547
0.00473244
0.00469044
0.00510478
0.00520636
0.00505477
0.00473401
0.00492264
0.00463285
0.00487785
0.00483666
0.00480531
0.00475282
0.00491510
0.00506122
0.00493905
0.00445273
0.00509117
0.00529331
0.00498585
0.00651207
0.00513663
0.00475535
0.00483775
0.00521889
0.00539349
0.00499615
0.00561506
0.00546520
0.00480659
0.00464175
0.00467550
0.00474842
0.00551072
0.00540349
0.00603229
0.00525411
0.00462334
0.00491116
0.00479882
0.00557307
0.00496594
0.00567789
0.00573196
0.00509120
0.00485280
0.00501621
0.00588862
0.00461221
0.00505431
0.00478492
0.00514163
0.00484012
0.00631238
0.00488115
0.00483505
0.00519047
0.00457893
0.00584723
0.00510403
0.00509399
0.00499947
0.00473822
0.00513426
0.00474459
0.00513992
0.00492943
0.00591318
0.00489648
0.00468126
0.00475707
0.00461921
0.00487939
0.00488020
0.00501430
0.00486243
0.00502728
0.00554972
0.00453409
0.00454761
0.00563269
0.00448732
0.00572812
0.00458820
0.00474878
0.00507167
0.00487719
0.00482332
0.00512828
0.00482288
0.00541271
0.00465170
0.00471995
0.00536161
0.00535628
0.00524101
0.00474134
0.00513279
0.00455781
0.00536565
0.00474399
0.00454913
0.00556284
0.00496828
0.00489780
0.00443203
0.00458278
0.00508422
0.00478503
0.00448694
0.00513587
0.00532515
0.00517125
0.00463297
0.00458176
0.00608295
0.00463813
0.00540278
0.00538440
0.00562588
0.00532218
0.00605820
0.00481405
0.00456487
0.00509145
0.00455441
0.00465075
0.00561159
0.00520309
0.00534069
0.00647409
0.00547085
0.00500120
0.00475165
0.00516535
0.00533741
0.00475220
0.00519027
0.00505890
0.00494045
0.00507440
0.00622175
0.00467916
0.00496508
0.00469437
0.00510661
0.00518256
0.00461620
0.00541720
0.00520364
0.00487980
0.00502609
0.00483756
0.00594843
0.00440617
0.00479592
0.00507271
0.00536624
0.00570688
0.00499450
0.00462812
0.00470625
0.00525060
0.00487442
0.00494395
0.00481348
0.00593195
0.00503209
0.00506271
0.00619556
0.00501828
0.00561739
0.00450989
0.00486728
0.00538944
0.00587175
0.00572711
0.00511280
0.00529318
0.00549436
0.00498804
0.00487423
0.00470601
0.00523313
0.00457239
0.00509840
0.00504666
0.00453688
0.00486220
0.00473956
0.00523180
0.00483855
0.00516432
0.00465492
0.00459531
0.00505643
0.00513159
0.00471353
0.00579617
0.00530484
0.00476313
0.00468867
0.00500522
0.00505700
0.00530341
0.00454987
0.00510665
0.00524089
0.00496030
0.00511387
0.00505135
0.00518829
0.00498240
0.00491783
0.00555659
0.00468355
0.00483304
0.00449446
0.00517817
0.00770718
0.00573831
0.00495131
0.00445702
0.00488530
0.00529198
0.00447306
0.00475165
0.00451459
0.00477699
0.00467595
0.00497988
0.00480431
0.00474752
0.00493570
0.00464062
0.00483568
0.00533404
0.00462811
0.00581252
0.00481473
0.00489527
0.00501235
0.00429581
0.00479715
0.00575015
0.00477353
0.00466372
0.00525663
0.00478930
0.00532167
0.00511742
0.00478678
0.00431600
0.00521575
0.00521591
0.00495926
0.00483639
0.00489161
0.00471571
0.00586653
0.00467550
0.00525186
0.00516301
0.00537119
0.00517024
0.00480369
0.00482000
0.00576614
0.00524662
0.00538398
0.00457610
0.00462158
0.00470910
0.00525938
0.00461948
0.00512152
0.00466118
0.00502697
0.00507004
0.00507287
0.00559769
0.00494954
0.00509902
0.00480040
0.00495719
0.00464120
0.00488568
0.00467123
0.00460197
0.00447929
0.00483401
0.00566372
0.00521866
0.00580152
0.00476669
0.00445056
0.00569273
0.00524713
0.00456943
0.00478850
0.00520641
0.00478573
0.00488389
0.00461677
0.00515987
0.00528387
0.00469359
0.00581689
0.00483694