0.00142394
0.00127212
0.00133389
0.00132543
0.00132776
0.00147369
0.00141110
0.00133698
0.00129776
0.00134045
0.00130377
0.00139953
0.00126005
0.00135862
0.00125818
0.00136878
0.00136925
0.00124953
0.00140769
0.00128529
0.00132610
0.00130323
0.00128953
0.00129655
0.00128226
0.00141956
0.00128820
0.00132908
0.00131941
0.00133288
0.00135233
0.00128214
0.00126792
0.00125516
0.00132960
0.00138887
0.00142055
0.00127101
0.00128906
0.00132244
0.00130351
0.00135598
0.00130418
0.00128322
0.00126760
0.00130000
0.00129012
0.00125003
0.00135275
0.00132411
0.00125952
0.00128654
0.00132353
0.00133170
0.00128255
0.00132678
0.00133840
0.00128334
0.00131686
0.00135838
0.00141519
0.00131389
0.00128403
0.00145176
0.00127200
0.00128742
0.00135296
0.00138311
0.00131515
0.00122207
0.00140907
0.00129138
0.00133032
0.00137670
0.00130734
0.00128608
0.00132317
0.00147874
0.00130889
0.00138041
0.00129804
0.00136865
0.00133765
0.00134714
0.00128946
0.00129868
0.00128865
0.00138006
0.00131866
0.00127559
0.00133005
0.00132798
0.00126411
0.00136374
0.00136012
0.00124915
0.00129588
0.00131093
0.00127028
0.00142895
0.00133646
0.00143002
0.00129436
0.00141790
0.00140553
0.00129538
0.00130054
0.00130344
0.00129314
0.00134303
0.00131448
0.00136581
0.00125788
0.00135405
0.00134792
0.00125463
0.00128266
0.00126833
0.00128397
0.00122463
0.00132209
0.00135628
0.00132908
0.00129331
0.00135881
0.00134455
0.00130784
0.00130913
0.00137917
0.00130374
0.00128690
0.00138611
0.00129984
0.00137050
0.00131585
0.00136256
0.00136725
0.00126642
0.00123589
0.00126379
0.00133785
0.00130341
0.00149561
0.00138233
0.00122573
0.00126590
0.00129331
0.00131461
0.00132084
0.00135233
0.00127031
0.00136689
0.00139481
0.00137333
0.00128705
0.00128443
0.00133695
0.00140582
0.00129650
0.00131173
0.00125091
0.00128243
0.00136445
0.00127577
0.00124561
0.00124738
0.00129619
0.00131408
0.00132266
0.00134564
0.00128902
0.00130703
0.00139985
0.00135159
0.00135764
0.00130662
0.00130963
0.00148622
0.00130006
0.00134267
0.00135791
0.00133450
0.00135685
0.00136130
0.00128189
0.00133983
0.00131853
0.00126020
0.00133169
0.00131843
0.00132952
0.00136223
0.00130776
0.00129935
0.00128734
0.00133950
0.00126828
0.00126731
0.00132434
0.00125368
0.00146404
0.00138897
0.00131462
0.00134600
0.00127072
0.00126598
0.00129982
0.00133300
0.00133607
0.00138163
0.00125795
0.00132988
0.00135306
0.00136426
0.00123738
0.00124904
0.00131041
0.00131195
0.00135434
0.00132836
0.00135335
0.00142943
0.00124316
0.00132584
0.00131944
0.00136468
0.00142772
0.00134311
0.00136348
0.00131703
0.00131777
0.00139970
0.00127462
0.00137046
0.00130096
0.00126320
0.00134910
0.00128014
0.00134488
0.00133705
0.00131349
0.00125999
0.00123784
0.00134769
0.00132388
0.00155417
0.00131133
0.00128910
0.00131811
0.00134039
0.00130864
0.00126687
0.00128538
0.00132993
0.00139379
0.00124834
0.00132792
0.00126609
0.00131521
0.00125233
0.00129708
0.00134594
0.00129333
0.00131044
0.00131854
0.00134966
0.00143698
0.00130010
0.00130249
0.00133059
0.00127826
0.00127941
0.00126427
0.00141006
0.00127161
0.00135542
0.00132216
0.00138007
0.00129465
0.00132780
0.00134779
0.00127776
0.00133841
0.00128765
0.00130263
0.00129199
0.00127896
0.00126545
0.00150488
0.00134197
0.00145813
0.00128182
0.00131147
0.00137673
0.00130850
0.00127236
0.00131052
0.00126074
0.00142691
0.00129191
0.00131748
0.00134006
0.00137105
0.00138033
0.00124057
0.00123526
0.00133557
0.00131483
0.00127007
0.00134227
0.00135863
0.00142096
0.00131923
0.00131859
0.00133186
0.00142774
0.00131993
0.00132390
0.00135351
0.00132591
0.00133987
0.00129306
0.00124309
0.00127978
0.00135186
0.00134928
0.00133304
0.00123213
0.00131943
0.00132773
0.00130183
0.00134376
0.00135651
0.00136953
0.00124795
0.00128599
0.00132982
0.00132569
0.00131782
0.00125187
0.00124245
0.00133576
0.00137151
0.00136681
0.00145828
0.00131406
0.00132506
0.00126076
0.00133111
0.00132449
0.00132014
0.00124745
0.00125741
0.00123689
0.00127007
0.00134098
0.00131320
0.00130872
0.00130876
0.00128276
0.00132165
0.00141958
0.00134707
0.00130142
0.00136560
0.00130572
0.00136493
0.00133410
0.00127653
0.00125977
0.00130802
0.00131934
0.00136991
0.00132635
0.00133006
0.00136001
0.00125816
0.00126534
0.00128020
0.00131926
0.00138682
0.00134926
0.00142362
0.00133130
0.00133456
0.00130076
0.00136078
0.00129869
0.00134236
0.00122782
0.00127815
0.00130195
0.00130161
0.00142065
0.00133301
0.00138243
0.00131075
0.00125824
0.00128510
0.00129606
0.00124453
0.00136033
0.00137120
0.00123857
0.00131675
0.00129631
0.00132132
0.00128396
0.00143126
0.00130994
0.00134954
0.00129671
0.00145884
0.00128436
0.00130331
0.00122969
0.00136886
0.00136367
0.00134192
0.00129484
0.00132073
0.00133082
0.00127117
0.00132212
0.00131840
0.00137993
0.00139305
0.00132742
0.00135659
0.00125063
0.00129460
0.00141321
0.00137116
0.00129647
0.00140582
0.00132579
0.00137564
0.00139971
0.00132922
0.00134960
0.00129000
0.00126516
0.00129281
0.00135070
0.00136309
0.00132874
0.00131917
0.00131526
0.00135928
0.00139723
0.00130230
0.00133990
0.00130848
0.00136893
0.00133434
0.00133332
0.00132186
0.00137390
0.00127757
0.00136261
0.00129620
0.00127176
0.00139431
0.00127729
0.00139962
0.00125519
0.00133530
0.00140569
0.00131440
0.00132149
0.00132166
0.00128864
0.00132615
0.00126668
0.00131620
0.00129990
0.00126533
0.00132732
0.00130835
0.00124279
0.00129011
0.00128201
0.00131966
0.00133532
0.00133435
0.00127476
0.00149155
0.00129526
0.00139780
0.00141607
0.00125823
0.00129734
0.00134244
0.00128562
0.00133820
0.00131155
0.00162255
0.00131018
0.00136083
0.00130345