0.00594082
0.00823417
0.00348416
0.00412099
0.00353416
0.00497414
0.00428089
0.00327152
0.00848003
0.00461079
0.00444794
0.00401268
0.00452153
0.00428081
0.00982437
0.00388567
0.00372144
0.00647790
0.00389764
0.00372600
0.00390979
0.00373669
0.00500362
0.00398682
0.00366350
0.00665474
0.00451962
0.00353980
0.00492253
0.00460381
0.00413080
0.00342211
0.00388973
0.00440335
0.00406731
0.00412795
0.00394729
0.00958695
0.00399495
0.00407496
0.00371261
0.00455107
0.00510334
0.00392648
0.00522238
0.00551789
0.00673532
0.00530005
0.00617277
0.00406625
0.00431485
0.00401116
0.00501378
0.00413104
0.00427329
0.00365425
0.00481290
0.00521602
0.00441634
0.00447636
0.00468957
0.00840527
0.00418303
0.00533818
0.00368391
0.00346203
0.00760514
0.00668024
0.00330577
0.00679541
0.00321535
0.00553620
0.00352783
0.00378236
0.00352328
0.00702429
0.00592441
0.00402112
0.00454058
0.00460548
0.00464763
0.00323576
0.00676611
0.00432592
0.00563135
0.00517309
0.00443581
0.00609322
0.00459989
0.00343180
0.00346723
0.00439411
0.00509062
0.00317786
0.00411755
0.00464563
0.00462539
0.00305863
0.00448981
0.00374323
0.00915331
0.00367719
0.00425022
0.00394784
0.00443004
0.00523444
0.00397154
0.00548885
0.00448198
0.00296257
0.00300296
0.00873575
0.00351535
0.00445608
0.00491951
0.00445574
0.00408211
0.00440079
0.00427877
0.00538583
0.00368582
0.00398023
0.00556204
0.00406259
0.00433703
0.00521845
0.00467478
0.00409391
0.00374042
0.00397337
0.00635603
0.00670423
0.00448844
0.00491213
0.00372743
0.00554285
0.00902197
0.00547179
0.00524363
0.00445984
0.00461928
0.00364453
0.00449751
0.00374301
0.00364401
0.00454179
0.00414468
0.00337700
0.00468548
0.00460292
0.00481418
0.00323803
0.00658343
0.00406157
0.00472766
0.00409398
0.00745524
0.00371683
0.00340819
0.00583959
0.00492672
0.00553723
0.00404019
0.00397737
0.00350506
0.00375901
0.00416603
0.00383780
0.00356507
0.00428101
0.00357061
0.00402466
0.00419180
0.00398732
0.00374934
0.00412224
0.00367211
0.00377535
0.00357138
0.00490320
0.00494185
0.00370795
0.00331218
0.00350602
0.00522380
0.00427182
0.00454699
0.00945587
0.00399616
0.00683648
0.00402739
0.00394429
0.00354817
0.00355056
0.00418674
0.00378240
0.00431165
0.00621204
0.00329248
0.00412221
0.00316607
0.00352938
0.00386281
0.00498843
0.00416544
0.00426810
0.00386574
0.00419498
0.00428226
0.00577070
0.00369858
0.00362328
0.00515041
0.00300858
0.00412940
0.00542479
0.00344490
0.00465394
0.00449095
0.00430778
0.00454823
0.00448802
0.00777140
0.00587768
0.00417817
0.00479378
0.00347989
0.00469368
0.00342121
0.00516510
0.00403869
0.00382426
0.00383330
0.00345866
0.00437967
0.00513237
0.00471885
0.00339551
0.00398361
0.00404217
0.00568486
0.00424681
0.00400796
0.00364607
0.00447295
0.00492137
0.01059745
0.00480485
0.00429419
0.00388886
0.00588762
0.00500054
0.00324331
0.00410441
0.00465180
0.00436017
0.00385996
0.00523961
0.00586347
0.00990822
0.00612361
0.00730299
0.00364539
0.00340534
0.00517658
0.00809524
0.00570836
0.00476376
0.00407075
0.00632424
0.00771332
0.00708815
0.00477987
0.00552718
0.00302442
0.00463817
0.00658263
0.00568125
0.00421980
0.00639471
0.00774834
0.00441245
0.00389650
0.00411679
0.00482196
0.00488711
0.00420346
0.00500129
0.00399712
0.00379990
0.00371093
0.00459136
0.00323582
0.00533482
0.00735977
0.00340719
0.00353423
0.00438092
0.00362921
0.00466537
0.00607604
0.00441033
0.00575457
0.00514876
0.00444181
0.00436288
0.00420043
0.00616812
0.00521573
0.00614724
0.00410289
0.00354806
0.00413286
0.00477730
0.00461140
0.00325999
0.00471111
0.00365358
0.00388048
0.00512944
0.00352125
0.00310711
0.00559721
0.00579410
0.00466367
0.00329030
0.00376600
0.00637444
0.00466345
0.00410401
0.00504497
0.00492572
0.00415527
0.00378250
0.00490265
0.00454436
0.00394129
0.00584107
0.00368718
0.00576644
0.00338614
0.00517747
0.00408319
0.00409039
0.00326061
0.00385506
0.00415084
0.00413755
0.00670928
0.00542891
0.00602733
0.00383611
0.00451591
0.00532083
0.00332530
0.00338156
0.00422756
0.00537378
0.00388232
0.00487675
0.00455623
0.00357054
0.00547060
0.00500471
0.00473139
0.00362709
0.00424318
0.00479330
0.00558633
0.00369593
0.00388155
0.00537070
0.00349871
0.00439121
0.00479618
0.00458253
0.00422478
0.00479978
0.00462704
0.00520950
0.00443944
0.00458557
0.00420835
0.00410044
0.00453029
0.00412068
0.00369151
0.00343146
0.00465704
0.00326417
0.00335083
0.00398744
0.00420758
0.00352373
0.00429237
0.00431635
0.00368139
0.00380302
0.00359336
0.00562846
0.00615887
0.00749408
0.00409704
0.00543315
0.00363243
0.00476257
0.00343585
0.00418953
0.00332822
0.00432231
0.00352489
0.00393032
0.00344684
0.00475909
0.00610574
0.00389724
0.00523282
0.00362715
0.01061934
0.00366805
0.00455712
0.00436683
0.00346776
0.00358192
0.00527123
0.00469669
0.00408500
0.00412734
0.00466574
0.00596186
0.00423249
0.00441323
0.00424658
0.00375533
0.00380064
0.00424761
0.00421707
0.00521026
0.00486154
0.00454044
0.00912777
0.00383938
0.00397084
0.00472719
0.00506730
0.00459086
0.00477404
0.00344285
0.00385188
0.00415107
0.00595552
0.00354342
0.00391293
0.00487988
0.00376396
0.00360406
0.00314600
0.00487618
0.00361237
0.00412364
0.00604497
0.00410622
0.00355251
0.00639062
0.00456757
0.00389117
0.00377303
0.00318277
0.00421364
0.00688661
0.00417378
0.00654727
0.00495761
0.00400798
0.00395914
0.00384141
0.00501205
0.00363560
0.00475129
0.00470981
0.00376762
0.00435195
0.00382559
0.00366591
0.00521940
0.00599832
0.00388317
0.00481501
0.00381204
0.00354723
0.00308945
0.00408476
0.00333926
0.00743600
0.00416789
0.00328862
0.00450629
0.00377950
0.00813553
0.00383689