0.00103555
0.00101032
0.00098741
0.00101225
0.00103084
0.00099335
0.00101429
0.00103021
0.00099533
0.00098044
0.00098565
0.00094856
0.00106652
0.00102519
0.00102404
0.00097700
0.00099280
0.00103813
0.00100138
0.00103462
0.00098557
0.00110652
0.00098877
0.00101252
0.00100307
0.00111456
0.00098836
0.00100483
0.00098250
0.00101158
0.00102662
0.00103358
0.00096721
0.00097471
0.00099320
0.00098045
0.00102110
0.00097897
0.00103972
0.00099323
0.00101729
0.00099444
0.00102739
0.00104748
0.00095416
0.00099010
0.00103093
0.00097490
0.00101854
0.00096894
0.00106541
0.00102419
0.00104420
0.00104759
0.00102566
0.00107274
0.00099130
0.00102270
0.00099237
0.00098926
0.00101765
0.00099684
0.00101216
0.00097765
0.00105708
0.00101084
0.00105163
0.00103449
0.00104752
0.00100862
0.00103658
0.00098270
0.00099351
0.00099502
0.00101435
0.00103595
0.00101448
0.00101333
0.00099307
0.00112542
0.00103516
0.00102042
0.00109007
0.00100701
0.00101239
0.00100226
0.00104848
0.00102203
0.00096896
0.00103256
0.00100803
0.00104736
0.00098766
0.00104018
0.00101037
0.00098256
0.00099665
0.00103918
0.00100394
0.00099945
0.00105425
0.00097180
0.00101934
0.00099760
0.00099929
0.00107412
0.00100522
0.00104338
0.00103189
0.00100439
0.00098451
0.00100877
0.00103897
0.00099310
0.00102154
0.00098799
0.00101948
0.00107430
0.00105464
0.00104660
0.00101943
0.00099479
0.00102447
0.00102720
0.00097009
0.00105662
0.00100982
0.00095598
0.00101807
0.00106912
0.00100567
0.00096685
0.00094608
0.00103381
0.00101689
0.00106624
0.00105489
0.00097794
0.00102322
0.00100703
0.00101111
0.00104707
0.00103628
0.00110367
0.00095734
0.00098988
0.00095142
0.00095255
0.00101934
0.00102279
0.00096886
0.00098709
0.00096876
0.00099971
0.00101335
0.00100383
0.00101226
0.00102949
0.00106840
0.00102683
0.00104765
0.00100704
0.00096850
0.00095399
0.00096479
0.00102397
0.00101809
0.00098114
0.00104451
0.00107727
0.00106930
0.00110506
0.00098210
0.00101069
0.00098059
0.00103714
0.00099496
0.00103604
0.00102726
0.00102221
0.00099432
0.00100711
0.00102146
0.00103648
0.00103230
0.00104845
0.00098921
0.00106673
0.00104460
0.00103877
0.00101766
0.00104955
0.00099374
0.00094451
0.00099307
0.00101206
0.00097776
0.00103601
0.00105871
0.00102264
0.00103427
0.00100340
0.00100095
0.00099329
0.00097887
0.00097997
0.00097732
0.00105606
0.00103406
0.00098834
0.00098291
0.00100683
0.00103013
0.00099473
0.00106452
0.00100727
0.00105532
0.00102664
0.00098161
0.00096759
0.00102149
0.00100275
0.00103758
0.00105229
0.00106138
0.00101496
0.00095929
0.00100188
0.00098405
0.00100143
0.00099094
0.00102362
0.00093738
0.00100760
0.00098520
0.00104687
0.00096527
0.00100470
0.00108137
0.00101150
0.00103189
0.00099452
0.00099352
0.00100286
0.00110188
0.00109173
0.00105208
0.00100930
0.00104849
0.00102355
0.00103335
0.00100074
0.00099529
0.00104706
0.00102418
0.00103854
0.00097840
0.00103040
0.00112060
0.00099649
0.00100611
0.00102251
0.00108655
0.00099119
0.00102150
0.00100215
0.00100923
0.00103832
0.00101921
0.00104789
0.00108224
0.00103186
0.00098025
0.00099759
0.00103655
0.00102036
0.00101581
0.00101091
0.00107961
0.00103164
0.00108804
0.00101923
0.00107637
0.00100931
0.00104813
0.00097390
0.00104912
0.00100355
0.00102167
0.00098033
0.00101445
0.00101220
0.00105468
0.00103479
0.00098499
0.00103297
0.00098991
0.00103768
0.00097701
0.00102109
0.00100315
0.00104280
0.00097418
0.00098986
0.00097492
0.00105938
0.00097913
0.00098510
0.00099508
0.00101437
0.00098535
0.00109457
0.00102066
0.00103387
0.00103423
0.00101236
0.00100949
0.00103415
0.00098468
0.00101051
0.00095652
0.00099401
0.00105364
0.00098599
0.00098655
0.00099406
0.00099775
0.00102719
0.00100467
0.00099861
0.00101214
0.00097887
0.00099239
0.00100039
0.00106850
0.00100475
0.00102363
0.00102899
0.00098394
0.00107492
0.00100241
0.00101678
0.00098880
0.00108820
0.00100211
0.00105268
0.00101596
0.00099964
0.00100013
0.00100089
0.00106736
0.00102031
0.00099099
0.00098454
0.00099777
0.00102594
0.00103541
0.00101697
0.00108577
0.00096248
0.00095926
0.00102609
0.00098369
0.00098084
0.00096280
0.00100331
0.00100060
0.00102152
0.00099745
0.00096389
0.00097612
0.00095660
0.00102073
0.00109653
0.00105260
0.00099241
0.00107838
0.00100603
0.00097766
0.00099436
0.00102004
0.00101975
0.00100216
0.00100734
0.00099829
0.00101197
0.00096996
0.00105267
0.00104621
0.00096483
0.00100156
0.00099000
0.00098389
0.00100032
0.00100669
0.00099660
0.00099793
0.00100876
0.00099570
0.00102697
0.00102172
0.00100397
0.00100842
0.00095225
0.00098671
0.00099634
0.00098660
0.00097864
0.00100072
0.00096770
0.00102832
0.00095863
0.00101671
0.00101587
0.00100006
0.00099293
0.00103712
0.00101035
0.00096439
0.00101836
0.00099021
0.00101472
0.00104313
0.00095266
0.00100146
0.00101078
0.00098056
0.00099334
0.00097396
0.00105788
0.00101711
0.00099032
0.00099619
0.00100025
0.00099147
0.00105680
0.00097662
0.00101302
0.00100591
0.00098296
0.00101051
0.00095521
0.00105760
0.00106051
0.00103392
0.00102211
0.00102443
0.00104821
0.00099663
0.00102961
0.00101381
0.00098951
0.00098746
0.00104079
0.00102850
0.00108957
0.00111725
0.00097142
0.00096492
0.00100570
0.00100747
0.00099019
0.00101088
0.00099084
0.00101646
0.00104962
0.00106270
0.00108000
0.00101432
0.00100121
0.00101911
0.00099335
0.00099816
0.00100056
0.00099217
0.00097996
0.00103718
0.00099321
0.00100291
0.00103459
0.00102740
0.00104104
0.00100414
0.00100639
0.00099265
0.00101712
0.00100812
0.00098947
0.00095599
0.00099936
0.00099416
0.00100912
0.00094113
0.00098797
0.00096606
0.00094357
0.00106268
0.00104927
0.00099423
0.00096434