0.00156405
0.00147088
0.00151715
0.00167189
0.00158802
0.00144995
0.00154643
0.00171049
0.00145721
0.00137936
0.00145389
0.00155907
0.00148330
0.00145951
0.00154559
0.00138605
0.00142447
0.00156167
0.00149342
0.00159965
0.00137316
0.00154987
0.00166227
0.00186316
0.00142681
0.00163963
0.00152343
0.00152442
0.00142528
0.00148299
0.00141127
0.00147536
0.00140926
0.00144762
0.00145464
0.00154282
0.00152739
0.00144428
0.00141145
0.00160132
0.00144816
0.00145152
0.00147844
0.00178937
0.00141025
0.00156965
0.00143337
0.00144293
0.00151513
0.00155995
0.00148591
0.00149801
0.00152106
0.00146460
0.00147002
0.00169718
0.00139126
0.00151268
0.00155084
0.00139335
0.00158701
0.00143033
0.00141604
0.00147603
0.00154562
0.00151596
0.00151219
0.00153026
0.00152972
0.00146995
0.00157841
0.00146590
0.00162793
0.00159986
0.00149763
0.00146326
0.00147023
0.00139965
0.00148349
0.00145044
0.00152789
0.00145122
0.00146431
0.00150625
0.00157744
0.00152423
0.00147473
0.00158210
0.00156870
0.00158437
0.00145323
0.00159102
0.00147755
0.00152434
0.00210271
0.00142122
0.00154181
0.00141048
0.00155059
0.00158011
0.00175173
0.00150564
0.00147724
0.00140393
0.00157783
0.00150446
0.00139540
0.00151144
0.00148484
0.00146666
0.00143810
0.00155914
0.00149642
0.00149918
0.00144930
0.00145961
0.00153069
0.00162071
0.00139914
0.00157066
0.00154171
0.00156095
0.00151959
0.00142009
0.00151672
0.00142965
0.00148923
0.00143392
0.00160039
0.00151967
0.00134578
0.00153956
0.00150081
0.00135378
0.00145710
0.00150044
0.00160598
0.00151702
0.00156207
0.00165030
0.00136762
0.00149661
0.00134065
0.00134816
0.00139888
0.00151206
0.00149993
0.00150183
0.00164983
0.00151309
0.00157257
0.00160461
0.00142075
0.00148190
0.00142150
0.00152340
0.00155261
0.00147346
0.00169335
0.00172044
0.00163224
0.00136868
0.00138867
0.00153031
0.00151030
0.00182093
0.00142971
0.00148563
0.00137474
0.00149401
0.00142704
0.00159573
0.00141668
0.00154315
0.00143187
0.00142663
0.00151440
0.00143962
0.00161842
0.00143768
0.00170958
0.00140457
0.00141439
0.00148103
0.00146073
0.00138698
0.00141702
0.00154444
0.00147743
0.00154241
0.00152278
0.00135432
0.00140492
0.00150174
0.00157850
0.00145623
0.00156158
0.00142146
0.00153378
0.00145050
0.00135389
0.00143982
0.00138929
0.00151851
0.00136221
0.00156162
0.00144635
0.00195580
0.00158813
0.00144836
0.00156588
0.00142954
0.00142346
0.00148475
0.00144011
0.00147115
0.00154397
0.00140581
0.00138458
0.00157021
0.00147073
0.00136714
0.00153581
0.00152312
0.00147516
0.00153341
0.00140544
0.00170711
0.00147874
0.00151795
0.00178759
0.00157820
0.00151108
0.00152122
0.00143746
0.00143599
0.00137927
0.00159087
0.00158663
0.00145187
0.00142767
0.00143616
0.00139261
0.00153018
0.00145626
0.00143427
0.00152168
0.00159673
0.00151923
0.00144932
0.00155701
0.00148131
0.00142090
0.00150887
0.00153422
0.00156367
0.00157708
0.00153425
0.00147475
0.00144083
0.00152367
0.00174902
0.00152029
0.00149050
0.00143518
0.00143290
0.00152653
0.00170743
0.00163941
0.00150450
0.00163892
0.00149087
0.00148980
0.00142019
0.00141964
0.00148296
0.00164618
0.00142788
0.00152038
0.00155636
0.00140763
0.00141022
0.00146257
0.00140394
0.00151486
0.00147821
0.00140352
0.00149012
0.00151412
0.00156578
0.00147637
0.00142140
0.00143373
0.00144117
0.00151318
0.00152312
0.00161351
0.00146100
0.00145642
0.00142618
0.00152503
0.00137993
0.00148077
0.00132902
0.00155579
0.00166625
0.00145406
0.00162819
0.00156551
0.00150355
0.00152082
0.00156625
0.00144411
0.00147814
0.00140865
0.00143753
0.00146658
0.00166362
0.00140340
0.00151837
0.00153851
0.00140287
0.00149525
0.00146837
0.00157202
0.00134768
0.00159421
0.00143539
0.00156310
0.00158276
0.00150756
0.00155359
0.00139807
0.00153370
0.00149720
0.00156712
0.00144586
0.00145569
0.00150672
0.00135104
0.00157424
0.00152910
0.00149691
0.00156247
0.00158097
0.00145761
0.00149711
0.00156810
0.00141658
0.00146915
0.00159593
0.00151805
0.00133415
0.00147692
0.00140880
0.00149095
0.00152051
0.00155936
0.00162318
0.00147359
0.00150934
0.00155403
0.00168868
0.00145664
0.00141105
0.00145467
0.00140020
0.00150818
0.00139505
0.00140898
0.00266987
0.00149839
0.00141801
0.00175431
0.00147573
0.00137384
0.00150287
0.00163888
0.00141606
0.00150029
0.00144005
0.00145570
0.00140908
0.00143874
0.00141721
0.00147739
0.00140063
0.00146834
0.00152359
0.00138179
0.00141655
0.00149342
0.00159629
0.00149494
0.00158165
0.00144779
0.00163407
0.00149684
0.00172643
0.00149737
0.00149248
0.00152729
0.00147914
0.00162008
0.00142366
0.00152504
0.00144165
0.00142496
0.00172393
0.00152353
0.00156113
0.00150043
0.00158971
0.00150189
0.00148788
0.00144087
0.00177092
0.00144491
0.00149575
0.00143469
0.00157141
0.00148423
0.00145336
0.00142475
0.00158856
0.00152846
0.00145722
0.00137381
0.00143487
0.00145445
0.00148635
0.00147879
0.00157198
0.00155131
0.00149421
0.00138676
0.00160131
0.00146889
0.00164454
0.00150834
0.00150526
0.00133894
0.00151983
0.00139046
0.00152452
0.00165142
0.00152035
0.00147610
0.00152105
0.00147535
0.00158562
0.00148475
0.00154951
0.00148261
0.00138390
0.00158210
0.00142488
0.00164774
0.00144787
0.00138513
0.00144508
0.00139946
0.00145330
0.00143346
0.00134106
0.00137720
0.00148173
0.00150778
0.00149586
0.00146225
0.00142537
0.00147652
0.00149130
0.00146910
0.00148356
0.00149912
0.00153671
0.00146831
0.00159927
0.00151512
0.00155132
0.00160768
0.00149865
0.00181975
0.00155329
0.00180033
0.00151234
0.00162068
0.00141755
0.00154711
0.00157383
0.00174884
0.00162630
0.00150177
0.00148081
0.00143190
0.00147192
0.00141702
0.00157846
0.00141448