0.00052196
0.00054973
0.00054038
0.00053082
0.00052692
0.00055526
0.00051636
0.00056823
0.00058257
0.00050108
0.00053986
0.00050825
0.00051484
0.00058743
0.00052701
0.00053221
0.00054711
0.00053354
0.00053980
0.00053025
0.00051588
0.00055646
0.00051124
0.00053586
0.00054890
0.00053253
0.00057570
0.00050553
0.00051529
0.00056355
0.00054320
0.00055483
0.00050913
0.00053573
0.00052965
0.00050420
0.00051205
0.00051395
0.00052865
0.00053505
0.00054635
0.00051712
0.00054219
0.00052574
0.00052424
0.00051824
0.00053771
0.00051618
0.00056714
0.00053901
0.00052099
0.00051904
0.00054530
0.00054958
0.00056480
0.00050714
0.00049979
0.00051867
0.00052474
0.00052400
0.00054464
0.00051742
0.00055163
0.00051726
0.00052221
0.00056543
0.00053995
0.00055125
0.00052615
0.00054983
0.00052528
0.00049084
0.00055390
0.00056873
0.00052421
0.00051840
0.00056033
0.00052997
0.00053758
0.00055056
0.00055645
0.00053758
0.00051142
0.00054455
0.00051856
0.00051615
0.00051874
0.00052592
0.00052219
0.00051096
0.00051450
0.00052290
0.00049567
0.00052158
0.00055384
0.00053534
0.00058449
0.00055977
0.00054747
0.00054563
0.00049810
0.00051192
0.00051576
0.00051649
0.00050420
0.00052677
0.00050795
0.00050852
0.00054460
0.00052220
0.00052690
0.00050464
0.00051194
0.00053349
0.00052728
0.00055806
0.00052152
0.00052801
0.00055569
0.00058664
0.00051394
0.00055039
0.00053179
0.00051633
0.00054574
0.00054934
0.00052012
0.00055805
0.00055448
0.00049751
0.00052715
0.00051514
0.00054520
0.00053884
0.00056398
0.00054193
0.00058818
0.00052619
0.00051743
0.00057078
0.00052373
0.00055161
0.00056366
0.00058514
0.00050044
0.00049275
0.00052221
0.00053597
0.00051273
0.00053426
0.00054781
0.00049922
0.00052143
0.00050386
0.00049801
0.00050908
0.00051011
0.00051092
0.00051755
0.00053298
0.00052122
0.00056911
0.00051162
0.00052973
0.00054451
0.00052120
0.00051166
0.00054934
0.00057083
0.00055685
0.00051785
0.00051653
0.00053194
0.00058784
0.00057447
0.00059801
0.00054572
0.00051909
0.00052950
0.00051986
0.00050991
0.00052796
0.00051724
0.00053301
0.00051881
0.00052333
0.00056856
0.00055492
0.00051198
0.00056012
0.00054315
0.00053034
0.00051874
0.00059309
0.00053419
0.00051647
0.00050930
0.00053717
0.00057434
0.00052225
0.00055826
0.00052317
0.00054716
0.00052620
0.00054591
0.00055041
0.00058450
0.00051865
0.00056079
0.00052716
0.00052304
0.00052705
0.00050557
0.00052539
0.00054012
0.00053138
0.00054454
0.00052841
0.00054245
0.00053091
0.00053191
0.00050390
0.00056159
0.00053819
0.00056630
0.00058218
0.00052964
0.00057777
0.00052879
0.00055103
0.00053262
0.00052891
0.00050746
0.00054661
0.00052787
0.00054018
0.00051488
0.00052599
0.00051815
0.00052492
0.00052340
0.00054188
0.00054039
0.00051432
0.00053598
0.00055043
0.00054504
0.00052519
0.00051802
0.00049690
0.00058320
0.00055737
0.00050691
0.00049714
0.00053039
0.00052216
0.00057491
0.00059994
0.00052871
0.00054063
0.00051350
0.00054488
0.00053849
0.00055967
0.00058695
0.00053073
0.00050583
0.00057205
0.00052876
0.00049525
0.00052593
0.00050019
0.00052113
0.00056042
0.00055971
0.00053239
0.00050276
0.00053684
0.00053101
0.00048473
0.00051391
0.00056633
0.00055910
0.00053286
0.00052517
0.00057478
0.00049880
0.00052152
0.00052502
0.00052474
0.00051655
0.00052745
0.00051214
0.00054133
0.00058942
0.00051893
0.00050915
0.00053565
0.00052217
0.00052784
0.00052034
0.00052658
0.00054422
0.00058635
0.00054484
0.00056589
0.00054998
0.00057268
0.00053658
0.00055115
0.00053246
0.00054289
0.00051089
0.00057677
0.00053243
0.00050588
0.00054796
0.00054478
0.00053992
0.00051620
0.00056678
0.00052448
0.00054519
0.00056965
0.00056249
0.00050618
0.00052909
0.00052844
0.00054492
0.00054238
0.00054256
0.00056958
0.00052709
0.00055586
0.00052873
0.00050634
0.00052867
0.00053461
0.00051197
0.00052884
0.00053985
0.00053818
0.00053533
0.00055072
0.00051052
0.00051732
0.00050647
0.00050069
0.00053895
0.00053556
0.00049522
0.00055346
0.00053498
0.00054095
0.00055629
0.00055637
0.00054485
0.00055568
0.00050219
0.00051656
0.00052201
0.00049410
0.00055417
0.00052657
0.00053830
0.00053323
0.00052614
0.00052095
0.00053522
0.00052562
0.00052715
0.00052587
0.00054394
0.00055348
0.00055855
0.00057906
0.00054380
0.00051099
0.00057150
0.00053671
0.00051906
0.00055987
0.00052915
0.00054316
0.00053816
0.00052990
0.00060139
0.00050643
0.00050938
0.00053880
0.00053771
0.00053992
0.00050778
0.00053540
0.00059399
0.00052331
0.00052780
0.00056173
0.00050758
0.00053430
0.00052789
0.00056956
0.00051721
0.00057402
0.00052874
0.00053500
0.00052637
0.00056105
0.00055437
0.00054597
0.00054186
0.00051386
0.00052992
0.00052052
0.00055162
0.00051396
0.00054456
0.00053945
0.00051901
0.00052116
0.00053949
0.00051048
0.00051219
0.00052676
0.00054137
0.00054927
0.00053096
0.00052494
0.00052055
0.00056045
0.00057417
0.00054521
0.00057825
0.00049829
0.00051439
0.00054207
0.00053336
0.00056312
0.00059182
0.00052609
0.00051007
0.00055512
0.00049652
0.00054696
0.00054712
0.00052154
0.00050696
0.00054086
0.00051474
0.00050795
0.00053151
0.00052582
0.00053412
0.00054604
0.00055319
0.00054758
0.00053172
0.00050756
0.00055217
0.00051075
0.00052070
0.00052879
0.00050052
0.00050799
0.00050961
0.00051732
0.00054015
0.00054120
0.00053281
0.00052935
0.00053144
0.00054641
0.00059871
0.00055048
0.00054513
0.00050672
0.00054028
0.00053963
0.00053375
0.00054549
0.00052399
0.00051920
0.00053223
0.00060868
0.00049675
0.00055075
0.00052586
0.00055138
0.00051588
0.00051656
0.00052778
0.00055224
0.00052620
0.00051625
0.00052456
0.00049910
0.00060207
0.00055350
0.00048734
0.00053111