0.00104619
0.00109352
0.00113952
0.00114036
0.00111574
0.00108584
0.00130409
0.00107015
0.00117157
0.00113768
0.00114983
0.00107727
0.00106473
0.00111902
0.00118905
0.00111748
0.00120617
0.00110766
0.00119975
0.00122918
0.00109641
0.00118475
0.00113740
0.00118956
0.00117158
0.00113573
0.00118041
0.00116875
0.00111401
0.00111510
0.00114751
0.00113507
0.00109605
0.00112319
0.00119091
0.00119569
0.00111861
0.00115446
0.00117105
0.00124466
0.00116234
0.00110994
0.00120813
0.00105892
0.00111626
0.00114684
0.00110981
0.00115730
0.00112441
0.00121755
0.00116952
0.00114346
0.00110920
0.00110453
0.00110187
0.00115691
0.00116680
0.00111103
0.00119390
0.00117278
0.00112153
0.00110388
0.00118582
0.00112876
0.00109686
0.00111222
0.00114029
0.00119788
0.00111539
0.00114137
0.00116744
0.00104317
0.00115619
0.00106377
0.00119948
0.00116435
0.00112064
0.00126230
0.00113914
0.00104327
0.00120170
0.00115526
0.00117575
0.00124699
0.00119695
0.00111561
0.00125545
0.00107039
0.00107480
0.00115253
0.00112753
0.00110423
0.00111098
0.00110334
0.00111133
0.00108222
0.00124679
0.00111615
0.00115721
0.00116654
0.00111292
0.00110701
0.00123368
0.00121779
0.00116985
0.00109922
0.00113605
0.00109734
0.00115418
0.00112296
0.00111737
0.00111882
0.00105491
0.00116077
0.00118511
0.00113024
0.00137412
0.00118702
0.00110939
0.00118650
0.00113104
0.00113424
0.00120738
0.00117378
0.00111535
0.00108358
0.00106162
0.00110673
0.00120434
0.00126663
0.00119633
0.00115591
0.00120307
0.00124162
0.00118524
0.00116743
0.00111864
0.00107510
0.00117858
0.00123246
0.00120737
0.00111155
0.00111307
0.00120316
0.00110590
0.00114797
0.00116605
0.00115813
0.00107712
0.00113482
0.00112882
0.00113278
0.00111686
0.00114957
0.00109055
0.00126852
0.00116047
0.00136177
0.00113465
0.00116037
0.00120688
0.00115346
0.00105246
0.00108130
0.00113628
0.00110357
0.00113153
0.00113527
0.00115917
0.00127611
0.00113364
0.00108706
0.00111969
0.00110977
0.00128775
0.00116400
0.00114466
0.00109569
0.00108097
0.00108141
0.00109443
0.00117858
0.00114812
0.00113329
0.00115484
0.00123506
0.00112016
0.00107808
0.00111410
0.00124474
0.00104865
0.00116264
0.00115919
0.00109899
0.00107457
0.00117020
0.00119663
0.00118675
0.00113954
0.00108620
0.00101355
0.00119419
0.00124386
0.00112636
0.00121133
0.00108590
0.00110947
0.00109467
0.00118059
0.00112747
0.00111474
0.00111632
0.00112236
0.00119280
0.00121147
0.00114784
0.00114675
0.00115716
0.00107167
0.00107779
0.00114613
0.00115178
0.00110802
0.00110737
0.00128342
0.00109858
0.00113802
0.00112929
0.00114861
0.00115461
0.00105910
0.00113520
0.00109954
0.00113999
0.00114869
0.00131212
0.00118042
0.00112056
0.00109058
0.00113641
0.00112930
0.00108602
0.00117802
0.00108029
0.00119117
0.00125544
0.00114600
0.00116757
0.00108123
0.00127405
0.00110549
0.00111009
0.00119323
0.00120037
0.00112311
0.00116735
0.00109738
0.00129422
0.00114782
0.00122331
0.00109888
0.00114426
0.00111124
0.00108235
0.00111273
0.00113512
0.00116851
0.00124209
0.00116604
0.00109074
0.00110606
0.00110187
0.00108785
0.00109362
0.00111347
0.00112504
0.00115474
0.00119879
0.00114194
0.00116497
0.00113513
0.00113820
0.00107838
0.00119752
0.00108535
0.00119534
0.00117496
0.00108924
0.00109018
0.00108130
0.00123020
0.00111921
0.00119541
0.00110608
0.00108895
0.00123932
0.00114796
0.00112200
0.00110062
0.00113906
0.00120715
0.00113631
0.00108563
0.00109862
0.00103468
0.00120005
0.00115489
0.00108490
0.00121229
0.00108601
0.00109497
0.00114114
0.00102229
0.00139262
0.00110872
0.00113832
0.00113681
0.00109261
0.00110828
0.00122741
0.00111268
0.00126162
0.00119298
0.00111100
0.00120027
0.00114843
0.00107074
0.00114731
0.00124696
0.00115250
0.00115338
0.00106057
0.00117077
0.00122029
0.00115518
0.00118330
0.00114537
0.00110162
0.00133363
0.00105359
0.00111882
0.00114317
0.00111290
0.00111329
0.00117569
0.00121324
0.00128340
0.00113763
0.00116348
0.00118821
0.00114233
0.00112339
0.00120053
0.00111737
0.00125060
0.00110439
0.00118549
0.00119017
0.00110432
0.00117958
0.00106318
0.00121617
0.00114973
0.00109151
0.00115007
0.00112802
0.00120956
0.00113661
0.00122601
0.00114342
0.00108137
0.00115416
0.00121429
0.00111829
0.00116069
0.00124924
0.00109493
0.00115970
0.00111665
0.00107480
0.00113300
0.00110789
0.00117814
0.00127491
0.00123960
0.00109271
0.00107809
0.00110791
0.00117900
0.00118722
0.00105390
0.00114077
0.00112469
0.00120544
0.00115866
0.00114884
0.00122300
0.00113778
0.00123130
0.00117177
0.00106726
0.00123073
0.00111418
0.00122744
0.00123983
0.00116467
0.00117174
0.00111067
0.00119135
0.00108868
0.00113690
0.00112482
0.00114010
0.00115633
0.00108961
0.00127041
0.00107633
0.00124953
0.00121073
0.00118413
0.00107470
0.00115142
0.00110370
0.00107334
0.00107274
0.00117691
0.00109819
0.00112639
0.00119057
0.00114378
0.00110713
0.00116051
0.00120008
0.00112389
0.00137366
0.00117964
0.00108234
0.00105899
0.00110134
0.00111502
0.00110910
0.00108652
0.00118286
0.00106408
0.00112506
0.00126881
0.00111174
0.00114369
0.00121955
0.00116639
0.00113287
0.00116303
0.00114431
0.00115038
0.00123625
0.00118783
0.00113597
0.00110133
0.00106382
0.00111340
0.00109879
0.00113078
0.00112249
0.00114614
0.00118204
0.00129184
0.00108657
0.00112597
0.00119757
0.00109897
0.00119955
0.00115733
0.00109154
0.00121247
0.00114683
0.00111461
0.00111660
0.00110722
0.00109097
0.00114083
0.00113411
0.00110429
0.00114239
0.00114244
0.00116277
0.00111673
0.00115547
0.00112762
0.00112098
0.00110052
0.00113128
0.00126226
0.00110328
0.00118546
0.00107604
0.00109493
0.00111026
0.00108606
0.00108897
0.00110883