0.00221073
0.00271536
0.00198834
0.00195684
0.00167694
0.00176077
0.00190968
0.00198100
0.00214494
0.00225234
0.00158828
0.00157594
0.00172967
0.00203026
0.00182960
0.00272167
0.00188550
0.00192921
0.00189446
0.00192332
0.00210792
0.00210960
0.00214081
0.00189577
0.00161371
0.00213785
0.00190769
0.00158267
0.00207434
0.00262158
0.00192172
0.00197519
0.00176224
0.00174970
0.00177727
0.00163558
0.00208210
0.00165019
0.00168640
0.00186922
0.00212557
0.00185376
0.00208197
0.00209378
0.00174869
0.00185623
0.00172030
0.00200182
0.00177380
0.00217426
0.00207117
0.00215365
0.00171363
0.00257841
0.00181210
0.00219389
0.00208834
0.00219737
0.00158412
0.00198148
0.00180926
0.00206446
0.00185603
0.00175783
0.00186689
0.00157578
0.00212792
0.00178807
0.00175734
0.00197941
0.00217358
0.00227017
0.00193434
0.00190474
0.00193097
0.00281165
0.00175109
0.00187018
0.00205091
0.00180098
0.00212209
0.00174489
0.00192220
0.00189443
0.00199050
0.00196891
0.00197420
0.00186676
0.00225562
0.00187417
0.00206935
0.00219153
0.00212224
0.00221816
0.00166809
0.00186641
0.00180332
0.00167340
0.00174602
0.00185568
0.00240473
0.00181091
0.00175168
0.00176499
0.00179217
0.00177478
0.00179666
0.00190695
0.00196297
0.00199452
0.00190998
0.00184988
0.00172832
0.00192551
0.00192755
0.00224872
0.00252557
0.00198285
0.00192671
0.00198121
0.00196540
0.00186876
0.00176871
0.00197417
0.00179343
0.00194638
0.00182273
0.00207622
0.00186604
0.00166688
0.00205024
0.00175179
0.00174579
0.00237122
0.00184553
0.00161221
0.00176404
0.00175123
0.00167949
0.00192505
0.00171859
0.00187059
0.00220250
0.00199073
0.00283399
0.00223105
0.00206079
0.00195922
0.00173379
0.00180917
0.00169219
0.00183783
0.00176308
0.00185187
0.00179987
0.00180775
0.00193916
0.00173587
0.00191855
0.00191577
0.00199597
0.00193122
0.00198441
0.00186047
0.00246246
0.00187716
0.00228798
0.00189995
0.00202058
0.00199690
0.00163543
0.00174207
0.00193045
0.00196985
0.00158897
0.00203085
0.00205759
0.00178479
0.00186279
0.00172618
0.00206987
0.00223524
0.00165052
0.00239875
0.00209488
0.00198603
0.00208305
0.00178912
0.00171898
0.00173295
0.00201111
0.00212024
0.00181642
0.00190138
0.00179011
0.00177288
0.00203543
0.00172345
0.00185313
0.00195958
0.00187276
0.00173540
0.00186599
0.00179154
0.00216528
0.00174850
0.00205488
0.00174328
0.00177542
0.00197988
0.00221659
0.00276157
0.00179365
0.00188529
0.00172677
0.00190787
0.00196472
0.00205541
0.00219987
0.00210896
0.00191573
0.00192040
0.00198952
0.00192474
0.00164286
0.00200936
0.00234266
0.00211889
0.00175620
0.00166339
0.00181832
0.00175422
0.00174506
0.00182647
0.00170250
0.00176911
0.00177054
0.00209158
0.00187754
0.00198268
0.00158226
0.00203429
0.00182178
0.00198390
0.00192691
0.00188339
0.00182197
0.00197754
0.00175476
0.00193719
0.00178826
0.00195477
0.00187773
0.00185341
0.00188678
0.00195046
0.00178650
0.00170513
0.00168624
0.00187705
0.00169091
0.00227185
0.00171745
0.00183906
0.00165807
0.00195380
0.00189627
0.00184750
0.00204109
0.00211981
0.00178976
0.00190472
0.00178250
0.00186115
0.00192111
0.00182279
0.00224348
0.00176418
0.00169277
0.00174198
0.00182684
0.00189781
0.00177827
0.00205892
0.00181802
0.00208022
0.00202143
0.00172745
0.00198590
0.00208884
0.00189131
0.00207380
0.00196732
0.00184572
0.00179647
0.00199255
0.00220583
0.00219165
0.00179144
0.00260543
0.00176704
0.00220640
0.00191849
0.00203324
0.00212089
0.00163502
0.00192268
0.00174692
0.00185509
0.00202423
0.00190519
0.00199999
0.00261630
0.00286391
0.00170405
0.00204981
0.00181172
0.00186239
0.00174504
0.00199343
0.00177409
0.00200336
0.00240220
0.00185975
0.00180664
0.00209617
0.00171460
0.00191382
0.00202872
0.00171069
0.00194902
0.00205572
0.00193636
0.00213218
0.00175787
0.00175434
0.00185382
0.00195503
0.00228819
0.00208273
0.00204499
0.00344705
0.00179073
0.00212374
0.00183853
0.00209990
0.00171470
0.00179133
0.00194192
0.00164988
0.00218694
0.00185580
0.00177089
0.00208439
0.00230804
0.00193804
0.00202919
0.00199887
0.00201148
0.00288474
0.00180490
0.00206439
0.00206522
0.00171942
0.00171688
0.00251946
0.00182819
0.00184522
0.00199961
0.00208705
0.00186527
0.00255498
0.00170984
0.00234185
0.00201426
0.00189881
0.00171816
0.00179981
0.00189377
0.00187591
0.00217602
0.00184294
0.00198816
0.00197994
0.00192057
0.00199527
0.00180123
0.00185486
0.00189837
0.00180256
0.00191321
0.00175718
0.00177534
0.00192317
0.00180307
0.00196371
0.00185443
0.00192955
0.00256163
0.00270628
0.00187210
0.00181592
0.00198241
0.00232876
0.00249621
0.00215941
0.00177256
0.00179032
0.00187803
0.00176097
0.00169011
0.00203756
0.00193754
0.00186389
0.00181808
0.00166628
0.00203202
0.00177798
0.00169277
0.00215364
0.00183165
0.00182955
0.00202756
0.00187164
0.00211752
0.00251604
0.00197741
0.00187361
0.00204150
0.00180083
0.00179446
0.00239832
0.00159399
0.00173168
0.00184620
0.00214343
0.00205133
0.00206853
0.00182048
0.00183819
0.00205510
0.00184735
0.00194547
0.00164113
0.00181854
0.00195290
0.00196058
0.00178013
0.00186010
0.00202846
0.00192479
0.00187986
0.00179318
0.00205132
0.00170019
0.00181836
0.00209621
0.00202124
0.00183715
0.00193849
0.00185301
0.00190469
0.00195342
0.00220980
0.00190033
0.00181815
0.00198347
0.00185241
0.00187314
0.00191227
0.00206579
0.00167366
0.00175588
0.00179453
0.00186856
0.00206957
0.00180639
0.00171008
0.00192378
0.00173382
0.00191248
0.00160284
0.00184114
0.00190335
0.00179558
0.00178154
0.00178810
0.00196682
0.00178406
0.00226084
0.00252782
0.00194411
0.00170126
0.00184630
0.00185332
0.00192909
0.00210390
0.00213957
0.00195035
0.00196824