0.00040073
0.00039244
0.00039995
0.00039748
0.00040631
0.00039809
0.00039498
0.00039743
0.00038601
0.00041736
0.00040526
0.00039839
0.00040011
0.00039190
0.00039393
0.00041242
0.00040516
0.00040005
0.00039425
0.00040863
0.00039976
0.00039443
0.00039661
0.00040341
0.00039128
0.00040462
0.00041239
0.00039070
0.00040670
0.00039447
0.00040305
0.00038486
0.00040072
0.00039500
0.00040103
0.00040066
0.00041373
0.00039594
0.00040902
0.00039042
0.00038882
0.00039546
0.00039837
0.00040456
0.00040428
0.00039518
0.00040742
0.00038683
0.00039702
0.00039898
0.00040462
0.00039203
0.00039877
0.00040122
0.00039961
0.00039766
0.00039032
0.00038269
0.00039985
0.00039577
0.00039719
0.00039409
0.00039873
0.00039501
0.00041722
0.00040842
0.00041433
0.00039611
0.00040349
0.00039939
0.00040441
0.00039555
0.00040630
0.00039290
0.00039630
0.00040120
0.00040019
0.00039193
0.00039268
0.00039170
0.00039493
0.00041935
0.00039789
0.00039311
0.00039798
0.00040296
0.00039143
0.00039813
0.00039431
0.00040319
0.00039955
0.00040844
0.00038685
0.00040709
0.00040914
0.00038950
0.00038693
0.00039855
0.00039412
0.00040819
0.00040343
0.00041646
0.00039903
0.00039252
0.00040011
0.00039582
0.00039836
0.00039756
0.00039858
0.00040656
0.00038933
0.00040139
0.00040308
0.00041013
0.00041508
0.00040475
0.00038865
0.00039921
0.00040114
0.00042686
0.00040066
0.00040312
0.00039262
0.00040442
0.00040526
0.00040063
0.00039546
0.00039410
0.00040166
0.00038821
0.00040478
0.00040398
0.00040060
0.00041537
0.00040218
0.00040172
0.00040600
0.00039843
0.00039201
0.00039235
0.00039237
0.00039779
0.00040843
0.00040071
0.00039981
0.00039643
0.00038578
0.00040651
0.00039459
0.00039097
0.00040324
0.00040680
0.00040473
0.00040831
0.00040062
0.00040102
0.00040083
0.00040475
0.00039117
0.00039543
0.00039711
0.00039539
0.00040036
0.00039660
0.00039407
0.00039717
0.00040352
0.00039557
0.00040418
0.00039323
0.00039129
0.00040234
0.00040081
0.00039719
0.00039625
0.00040115
0.00040277
0.00040840
0.00039896
0.00039178
0.00038879
0.00040266
0.00040698
0.00038950
0.00041219
0.00040419
0.00040058
0.00039850
0.00039317
0.00039045
0.00039709
0.00039987
0.00039023
0.00039538
0.00039757
0.00039297
0.00040277
0.00039568
0.00040781
0.00038924
0.00039494
0.00039373
0.00039193
0.00040150
0.00040226
0.00039709
0.00039421
0.00039061
0.00039644
0.00039150
0.00039205
0.00038875
0.00039235
0.00039828
0.00040537
0.00038925
0.00041672
0.00039945
0.00039525
0.00038683
0.00039225
0.00039414
0.00039909
0.00039767
0.00040479
0.00039590
0.00039528
0.00039713
0.00039654
0.00039999
0.00038838
0.00038960
0.00042605
0.00039799
0.00039563
0.00039547
0.00039963
0.00039525
0.00040182
0.00038940
0.00040660
0.00040451
0.00039770
0.00041184
0.00039817
0.00039553
0.00039833
0.00039174
0.00040334
0.00039431
0.00039089
0.00039452
0.00039472
0.00039030
0.00039301
0.00040303
0.00039790
0.00039632
0.00039025
0.00040487
0.00040401
0.00039268
0.00040029
0.00039333
0.00039669
0.00038639
0.00039383
0.00039776
0.00039149
0.00038930
0.00041731
0.00039680
0.00039073
0.00039089
0.00038940
0.00040577
0.00039864
0.00039782
0.00040255
0.00040157
0.00040336
0.00039972
0.00039304
0.00040896
0.00041800
0.00039535
0.00040405
0.00040370
0.00038883
0.00039358
0.00039751
0.00039189
0.00040242
0.00039967
0.00039161
0.00039344
0.00040123
0.00039690
0.00040161
0.00039517
0.00040128
0.00040221
0.00040736
0.00040152
0.00040313
0.00039645
0.00040726
0.00039321
0.00039464
0.00039202
0.00040419
0.00039287
0.00039567
0.00040058
0.00040177
0.00040059
0.00039626
0.00039627
0.00040139
0.00040354
0.00039051
0.00042032
0.00038910
0.00040126
0.00040781
0.00040525
0.00041130
0.00038386
0.00039482
0.00039107
0.00039127
0.00039463
0.00040493
0.00039414
0.00040074
0.00039574
0.00039257
0.00041282
0.00040208
0.00038765
0.00039151
0.00040026
0.00039760
0.00040488
0.00040297
0.00039604
0.00038769
0.00041846
0.00040153
0.00039870
0.00039205
0.00039795
0.00040125
0.00040487
0.00040702
0.00040397
0.00039938
0.00040870
0.00039233
0.00039410
0.00040520
0.00039827
0.00038969
0.00039512
0.00039817
0.00040634
0.00039386
0.00039998
0.00039524
0.00040146
0.00039890
0.00039025
0.00039682
0.00039157
0.00038998
0.00039072
0.00039220
0.00039502
0.00039984
0.00040887
0.00039862
0.00040314
0.00039693
0.00039249
0.00040703
0.00040220
0.00041531
0.00041038
0.00039465
0.00039572
0.00040046
0.00038840
0.00039730
0.00040951
0.00039200
0.00040892
0.00040400
0.00040408
0.00040262
0.00038849
0.00040075
0.00039691
0.00039923
0.00039094
0.00040540
0.00038925
0.00040105
0.00039226
0.00039008
0.00039927
0.00039992
0.00039284
0.00038611
0.00040590
0.00039302
0.00040389
0.00040426
0.00039387
0.00038986
0.00039637
0.00039610
0.00040722
0.00038556
0.00039381
0.00038396
0.00038928
0.00038481
0.00040566
0.00039255
0.00039788
0.00040665
0.00039995
0.00039349
0.00039852
0.00039580
0.00040415
0.00040473
0.00040327
0.00038607
0.00040640
0.00040838
0.00040190
0.00040565
0.00039035
0.00039740
0.00039630
0.00039812
0.00039608
0.00039609
0.00039770
0.00040808
0.00038507
0.00040250
0.00040241
0.00039224
0.00039934
0.00039455
0.00040395
0.00039119
0.00041253
0.00039422
0.00038614
0.00041003
0.00040170
0.00039844
0.00038939
0.00039601
0.00040558
0.00040292
0.00039495
0.00040222
0.00040031
0.00038459
0.00038843
0.00039871
0.00039497
0.00040037
0.00040059
0.00039689
0.00039722
0.00039784
0.00039196
0.00040436
0.00039990
0.00039587
0.00039577
0.00038881
0.00040065
0.00040619
0.00039411
0.00040141
0.00040055
0.00040009
0.00040918
0.00039631
0.00039148
0.00039688
0.00039100
0.00040438
0.00040630