0.01033042
0.01043734
0.00997698
0.01125805
0.01167366
0.00950326
0.01007359
0.01153092
0.01062472
0.01470615
0.01135066
0.01301082
0.00939186
0.00960988
0.01077564
0.01103052
0.00974995
0.01056642
0.01008376
0.01274992
0.00983544
0.01188496
0.01690010
0.00913558
0.01111353
0.01102064
0.00929417
0.01136926
0.01190526
0.01307030
0.01128682
0.01028498
0.01414073
0.01450632
0.01093269
0.01287827
0.01341770
0.01309135
0.01270260
0.01096962
0.01197625
0.01378483
0.01246966
0.00928850
0.01028950
0.01239752
0.00952910
0.01182518
0.01308795
0.01019255
0.00916304
0.01073573
0.01424272
0.01171352
0.00933314
0.01163935
0.01036481
0.01549454
0.01082347
0.01345936
0.01057533
0.01093271
0.01047264
0.01113488
0.00948062
0.00956585
0.01186456
0.01236019
0.00979380
0.01068580
0.01216002
0.00977193
0.01160503
0.01307453
0.01008445
0.01005657
0.01415146
0.01089094
0.01044797
0.01148874
0.01293422
0.01194091
0.01255248
0.01035691
0.00978462
0.01187250
0.01011436
0.00957439
0.01190668
0.00963904
0.01121015
0.01082090
0.01175313
0.01132111
0.02167728
0.00984341
0.01166928
0.00964263
0.01154724
0.01080650
0.00968409
0.01304515
0.01088152
0.01031768
0.01227546
0.01027250
0.00964409
0.00965975
0.01143716
0.01249069
0.01114406
0.01116937
0.01174540
0.01046991
0.01734056
0.01062790
0.01916798
0.01046460
0.01070085
0.01370330
0.01041671
0.01192424
0.01041785
0.01444389
0.01164594
0.01170340
0.01066630
0.01172341
0.01318197
0.00944766
0.01000990
0.00973172
0.01182284
0.01233809
0.01549760
0.01032297
0.00977530
0.01109677
0.00966194
0.00971260
0.01108496
0.01357569
0.01029054
0.01005908
0.01254770
0.01308633
0.00974907
0.01078220
0.01744879
0.01105537
0.01230610
0.01273127
0.00909441
0.01177146
0.00951858
0.00955288
0.01039888
0.00944147
0.00992817
0.00984934
0.01357579
0.01142943
0.01124492
0.01250623
0.00972243
0.00981994
0.01150167
0.01227181
0.01026965
0.01076270
0.01198005
0.01228066
0.01054693
0.01181722
0.01401393
0.01018805
0.00947821
0.01072419
0.00953086
0.01019922
0.00921805
0.01206465
0.01024892
0.01167766
0.00943684
0.00953668
0.01008092
0.01259919
0.01164516
0.01118207
0.01160075
0.01626024
0.01050608
0.00994492
0.01061303
0.01141795
0.00967188
0.01169837
0.01245648
0.01839532
0.00964950
0.01174784
0.01085331
0.01099044
0.01220016
0.00940583
0.01164263
0.01095596
0.01072812
0.01066823
0.01416725
0.01046367
0.01300453
0.01218443
0.01405354
0.00929217
0.01256636
0.01027515
0.00939730
0.02027886
0.00952243
0.01182728
0.01114482
0.01326346
0.01158022
0.00987183
0.01102573
0.00983248
0.01082198
0.01107850
0.00920636
0.01670176
0.01207466
0.01047688
0.01045917
0.01324192
0.01089481
0.01619247
0.01175008
0.01413046
0.01406639
0.01919811
0.01032559
0.01205057
0.01102913
0.02440802
0.01108712
0.00931320
0.01031848
0.00988000
0.01508603
0.01148841
0.01042034
0.01020456
0.01187282
0.01167445
0.00915577
0.01091812
0.00993324
0.01071114
0.01090946
0.02450160
0.01324887
0.01290957
0.01066811
0.00977808
0.01045291
0.01206416
0.00969205
0.01078131
0.01364331
0.00997543
0.00984803
0.01109788
0.00981551
0.00950756
0.01102398
0.01021755
0.01096588
0.01278442
0.01162896
0.00999745
0.01113309
0.00942083
0.01463460
0.01309569
0.01580001
0.01045659
0.01106763
0.01086645
0.01002022
0.00971453
0.01200750
0.01181058
0.02066684
0.01280611
0.01285316
0.01058916
0.01137458
0.01066635
0.00983989
0.00993144
0.01203533
0.01201370
0.00993618
0.00962387
0.01003133
0.01129009
0.01048290
0.01024207
0.00995573
0.00939461
0.01242169
0.01948017
0.01055907
0.01013003
0.01143702
0.01561717
0.01169709
0.01241222
0.01106386
0.01229891
0.01542857
0.01562431
0.00890274
0.01011390
0.01663637
0.01022029
0.01100025
0.00973293
0.02112497
0.01225696
0.00993306
0.01100122
0.00954813
0.01093914
0.01074580
0.01052564
0.00992842
0.01785562
0.01788709
0.00976872
0.01073848
0.01297421
0.01043735
0.01056939
0.01073697
0.01052273
0.01163489
0.00938633
0.01233906
0.01487724
0.00924653
0.01172993
0.01100244
0.01029844
0.01114992
0.00972999
0.01024347
0.01009539
0.01043087
0.00975538
0.01251868
0.01424132
0.01368143
0.00946739
0.01070558
0.01122516
0.01062006
0.01352860
0.01108431
0.02224496
0.00927919
0.01045994
0.01375362
0.01136535
0.00996505
0.01281387
0.00964121
0.01000313
0.01218381
0.00969035
0.01064344
0.01209268
0.01165672
0.01886623
0.01016719
0.00975990
0.00974941
0.00958215
0.01309789
0.01222442
0.00927009
0.02161399
0.01267696
0.01408202
0.01290570
0.01059037
0.01172710
0.01067075
0.01016121
0.01166885
0.01309443
0.01131296
0.01183207
0.01005176
0.00968207
0.01722589
0.00963008
0.01009529
0.01011046
0.01254540
0.01659307
0.01168816
0.00841793
0.01131120
0.01106528
0.01307967
0.00958956
0.00926155
0.01087181
0.00990157
0.01100536
0.00993677
0.00904089
0.00913437
0.01194977
0.01263815
0.01154125
0.01068853
0.01369689
0.00933900
0.00997618
0.01211142
0.01131006
0.00996566
0.01088561
0.01072610
0.00915315
0.01082516
0.01177204
0.01109992
0.00873109
0.01113342
0.01410023
0.00996355
0.01101168
0.01097318
0.01056431
0.00928727
0.01040252
0.01076849
0.00994148
0.01247088
0.00959457
0.01007335
0.01253479
0.00931691
0.00993912
0.00946707
0.00981470
0.01035375
0.01286816
0.01063519
0.01220929
0.00942172
0.01653403
0.01067970
0.01194162
0.01020749
0.00986809
0.01101380
0.01329313
0.00976037
0.01173592
0.00972120
0.01137613
0.01025860
0.01086756
0.01099447
0.01136402
0.00982296
0.01202615
0.01092476
0.00991148
0.01025227
0.00981870
0.01765275
0.01226468
0.01390070
0.01454340
0.01334005
0.01048293
0.00952574
0.01276984
0.01061616
0.00974451
0.01278896
0.00994430
0.01034582