0.01419530
0.01571177
0.03751046
0.01465450
0.04467302
0.02721396
0.02874696
0.02613370
0.10009245
0.01680427
0.01313305
0.02260226
0.04274521
0.02749740
0.01870658
0.01955284
0.01431717
0.03054358
0.03870439
0.04835171
0.01827401
0.01390838
0.01849486
0.03829864
0.01697718
0.01933511
0.01989041
0.02207545
0.03508210
0.01537549
0.01573141
0.02025185
0.01540506
0.01623617
0.01448275
0.02046965
0.01856611
0.03116781
0.05341632
0.02893725
0.01598204
0.02879873
0.01693410
0.01579177
0.01698686
0.02879949
0.02704474
0.01647408
0.07232809
0.02325806
0.01974310
0.02269552
0.02316749
0.01597701
0.01818295
0.01994574
0.01662143
0.02859381
0.02248737
0.01300982
0.01775323
0.01699664
0.03687416
0.02153431
0.02928648
0.02146546
0.01467727
0.01714210
0.01921465
0.01931650
0.01416519
0.02810484
0.01458315
0.02683282
0.07660490
0.01275797
0.03278506
0.01529201
0.02006777
0.01954103
0.02166238
0.01708230
0.02159508
0.01829607
0.02393623
0.02052029
0.01326866
0.02864163
0.01787612
0.02722705
0.03452120
0.02232228
0.02332115
0.03175906
0.02648290
0.02938160
0.01653964
0.01859582
0.02847600
0.02097513
0.02104038
0.01548772
0.01543942
0.02762356
0.02039634
0.02202970
0.02239805
0.02056993
0.02077974
0.01734186
0.02786896
0.01611786
0.01574661
0.03539688
0.02107006
0.01493894
0.01712821
0.02290349
0.01882980
0.01715383
0.02072120
0.01729164
0.02216201
0.01817928
0.01980466
0.03518949
0.02786471
0.02425847
0.02169327
0.01602513
0.03015167
0.02227743
0.01930787
0.09862624
0.02211189
0.03386939
0.01616683
0.02152595
0.01754283
0.01671317
0.02125570
0.01736185
0.02047812
0.07672768
0.02237563
0.02189875
0.02760252
0.01807761
0.03757300
0.01786100
0.04999601
0.03599450
0.05839955
0.07471678
0.02734908
0.02089625
0.02543844
0.01712106
0.07551814
0.02525656
0.01938006
0.01682670
0.01516080
0.02786006
0.02259408
0.02587690
0.02689329
0.05207011
0.01749961
0.02285980
0.01467120
0.01659647
0.01544484
0.02098733
0.01370990
0.01522301
0.01825140
0.19848036
0.01443632
0.01852667
0.01748001
0.01415511
0.02237394
0.01917489
0.03245754
0.07686896
0.01516620
0.02077789
0.01425757
0.01824929
0.01591112
0.03776313
0.02134174
0.02686075
0.02061603
0.01747223
0.02544675
0.01883924
0.01997454
0.02237874
0.02169568
0.01944953
0.03432581
0.03366399
0.01429572
0.02349495
0.02646835
0.01843714
0.01742312
0.01587619
0.01571066
0.01213386
0.01686015
0.03302884
0.01788241
0.02150418
0.01807564
0.03612634
0.01779352
0.01484124
0.01949064
0.01422868
0.03307219
0.01856368
0.01461566
0.01392787
0.04087510
0.01882988
0.01438370
0.02739432
0.01797309
0.02083263
0.02848819
0.02477198
0.01706782
0.01660527
0.01534467
0.01807126
0.01710179
0.01822678
0.02042777
0.02040078
0.03350396
0.01770303
0.02293511
0.01527892
0.01718279
0.02119819
0.02325641
0.02287340
0.02502919
0.02137396
0.03277191
0.02800978
0.01500867
0.03142832
0.02595915
0.02104008
0.02238322
0.01955937
0.01828897
0.04753361
0.01628678
0.01649610
0.01946523
0.01722523
0.01901238
0.03186680
0.01911937
0.03134746
0.01435607
0.02742895
0.01507122
0.01892044
0.02033626
0.01710819
0.04500497
0.02366019
0.01614422
0.02949876
0.01683299
0.02915582
0.02034297
0.01932366
0.01895184
0.03454201
0.02496184
0.01904062
0.01738922
0.03296112
0.02266229
0.02009916
0.02329858
0.02327645
0.03954846
0.02118475
0.01448203
0.04479878
0.01680984
0.02478891
0.02657688
0.01349572
0.01770319
0.01925837
0.02977747
0.01816186
0.01577338
0.01667748
0.01846509
0.01989060
0.01595785
0.03730738
0.04586029
0.01495091
0.01999697
0.05065110
0.01718540
0.03241593
0.01963314
0.01865692
0.01601927
0.01572011
0.02162378
0.01358337
0.02679321
0.03477940
0.03614878
0.01766731
0.01847345
0.02105883
0.03133780
0.01831509
0.01434596
0.01553287
0.01443250
0.01552577
0.02459488
0.01804348
0.02414215
0.02567814
0.02740876
0.01811976
0.01705541
0.01780900
0.02107167
0.02957468
0.02085115
0.02252198
0.02034080
0.02015837
0.02108851
0.02914321
0.02142499
0.01469308
0.01586276
0.04018031
0.02327430
0.03326311
0.01753626
0.01809260
0.02248894
0.01579496
0.02046504
0.01948060
0.01563919
0.01703437
0.01874816
0.02208773
0.05444139
0.01877348
0.02475882
0.02321696
0.01571097
0.01749021
0.02448724
0.01926602
0.02467190
0.02212765
0.03787150
0.01219865
0.01332858
0.02220358
0.02497836
0.02443108
0.01869727
0.07482919
0.05140501
0.07337160
0.02403551
0.02897491
0.02362210
0.03001952
0.01400121
0.02274748
0.01497035
0.03237878
0.01701734
0.02454106
0.01560934
0.01644119
0.02392906
0.03512828
0.01276023
0.01811599
0.02270100
0.02408503
0.01626264
0.03413160
0.02179650
0.02291963
0.01524443
0.01730764
0.01995009
0.02395198
0.02225646
0.01843313
0.04039995
0.01872658
0.03016581
0.02110568
0.01484987
0.02585936
0.02868066
0.01887988
0.03134447
0.01767657
0.01537243
0.01983232
0.02121764
0.01584336
0.02090586
0.02811865
0.01943263
0.02983310
0.02234684
0.01746697
0.02686964
0.01787283
0.01983983
0.02141772
0.01647797
0.01355569
0.02902775
0.02299316
0.01436158
0.03024067
0.02541393
0.02332842
0.01884310
0.02071001
0.04701359
0.01732083
0.02074536
0.01501189
0.01827951
0.03516861
0.01498465
0.01377072
0.01597290
0.02604260
0.02200608
0.01719756
0.01525630
0.01699726
0.01267850
0.01734855
0.07000270
0.01366034
0.01961636
0.01579267
0.01390478
0.01648261
0.03450198
0.02889659
0.01893129
0.01300446
0.02674552
0.01893322
0.01958960
0.03334257
0.01791492
0.03287601
0.01598303
0.02043086
0.01607798
0.01786547
0.02041295
0.10551750
0.01932305
0.01939798
0.06629660
0.01454704
0.02555418
0.02252908
0.01934930
0.01622060
0.01954646
0.01620053
0.01572428
0.02374599