0.01386448
0.01365233
0.01230770
0.01101156
0.01462679
0.01311914
0.01368116
0.01140940
0.01269308
0.01108615
0.01110997
0.01028274
0.01280419
0.01506667
0.05644464
0.02507594
0.01171693
0.01203848
0.01869090
0.02152724
0.01412635
0.01702519
0.01368288
0.04480730
0.01628130
0.01285619
0.02588244
0.01290844
0.01094279
0.00996812
0.01718432
0.01352021
0.01144404
0.01197650
0.01090723
0.01172978
0.01138534
0.01048347
0.01511341
0.01998294
0.01053241
0.01156043
0.01250515
0.01373489
0.01130725
0.01515548
0.03652808
0.01291238
0.01602671
0.01346940
0.01259266
0.01376632
0.01049670
0.01000292
0.01363332
0.01076495
0.00962060
0.01217681
0.01228040
0.01111850
0.01322014
0.01135365
0.01212014
0.01196398
0.01249093
0.01263086
0.01130153
0.01679641
0.01141552
0.01598090
0.01511145
0.01216733
0.00970963
0.01204950
0.01465618
0.01158630
0.01511035
0.01071495
0.01241716
0.01178270
0.01520291
0.01240816
0.01334629
0.01147184
0.01190210
0.01278323
0.01405753
0.01544098
0.01164473
0.01224659
0.01139039
0.01330776
0.01365984
0.01369252
0.01111426
0.01272534
0.01098097
0.02326662
0.01654573
0.01275932
0.01062632
0.01432221
0.01322846
0.01186658
0.02265947
0.01439554
0.01099481
0.01315519
0.01126242
0.01640251
0.01144571
0.01178624
0.01296132
0.01382439
0.01145522
0.01145379
0.01150758
0.04077112
0.01245161
0.01191238
0.01145142
0.01505995
0.01738224
0.01118359
0.01341087
0.01705851
0.02030799
0.01160098
0.01797375
0.01506170
0.01501683
0.01188213
0.01285636
0.01391184
0.01187812
0.01396733
0.01055205
0.01167460
0.01242052
0.01469602
0.02578368
0.01350678
0.02444796
0.01442975
0.01121519
0.01307835
0.01579154
0.01137400
0.01275912
0.01230096
0.01254679
0.01328965
0.01278911
0.01112692
0.01475330
0.01202606
0.01452996
0.01197158
0.01043214
0.01680600
0.01260479
0.01271158
0.01186415
0.01510837
0.01297525
0.01364919
0.01252179
0.01169484
0.01024964
0.01098898
0.01043382
0.01248835
0.01076311
0.01030520
0.01136005
0.01193632
0.01280473
0.01162150
0.01491400
0.01146258
0.01558934
0.01099067
0.01313346
0.01256377
0.01134356
0.01326370
0.01501624
0.01084755
0.01155798
0.01732514
0.01130472
0.01275539
0.01192533
0.02105481
0.01888633
0.01202570
0.01074996
0.01478877
0.01246591
0.01059640
0.01472611
0.01289906
0.02060837
0.01065672
0.01047803
0.01613007
0.01096860
0.01037371
0.01128346
0.01375107
0.01087574
0.01471309
0.01265941
0.01327320
0.01318106
0.00857961
0.01207176
0.01295567
0.01109911
0.01286445
0.01253693
0.01005476
0.01439026
0.01340597
0.01261171
0.01309888
0.01838690
0.01328647
0.01403463
0.01142567
0.01367788
0.01327886
0.01598091
0.01450422
0.01039247
0.01322558
0.01226764
0.01359926
0.01165443
0.01319389
0.01483987
0.01377535
0.01373914
0.01178704
0.01314509
0.01765586
0.01207571
0.02250366
0.01236653
0.01431438
0.01517135
0.01257716
0.01877449
0.01731005
0.01308014
0.01094023
0.01250460
0.01958843
0.01063915
0.02231807
0.01070845
0.01507290
0.01369932
0.01231779
0.01181553
0.01169444
0.01464766
0.01499035
0.01987085
0.01282935
0.01192483
0.01210754
0.01363232
0.01236287
0.01244331
0.01143739
0.01120635
0.02173664
0.01708708
0.01269113
0.01123032
0.07153681
0.01188940
0.01292366
0.01152756
0.01354305
0.01397704
0.01028710
0.01007670
0.01287128
0.01687132
0.02328333
0.01226946
0.01078297
0.01090267
0.01479660
0.01560719
0.01067876
0.01145389
0.01492997
0.01941635
0.01572625
0.01055563
0.01375631
0.01287568
0.01584615
0.01200500
0.01766110
0.01887085
0.01213850
0.01116320
0.01067968
0.01334785
0.01330641
0.01360000
0.01379840
0.01184003
0.00981731
0.01365652
0.01835416
0.01575503
0.01657676
0.02106099
0.01195167
0.01209352
0.01240892
0.01132042
0.01501161
0.02120128
0.01079729
0.01201352
0.01169024
0.01130763
0.01000332
0.01161807
0.01903231
0.01052347
0.01162178
0.01356372
0.01208972
0.01054203
0.01329691
0.01970936
0.00996589
0.01584774
0.01279106
0.01177097
0.01434805
0.02742698
0.01724929
0.01658846
0.01529513
0.01299149
0.01441094
0.01268452
0.01346098
0.01340729
0.01356093
0.02599778
0.01483264
0.01085168
0.01363355
0.01203504
0.01067944
0.02208835
0.01460206
0.01097414
0.01385124
0.01036787
0.01514584
0.01468782
0.01074359
0.01244650
0.01448620
0.01173677
0.01221335
0.01314777
0.01149599
0.01193503
0.01287066
0.02507148
0.01221810
0.01348437
0.01476668
0.01523144
0.01888547
0.01229210
0.01340503
0.01126043
0.01188069
0.01595436
0.01070935
0.01117009
0.01316709
0.01571944
0.01379206
0.01179202
0.01222245
0.01333618
0.01282983
0.01312126
0.01221507
0.01231566
0.01107718
0.01264679
0.01261162
0.01462449
0.01197995
0.01152431
0.01138091
0.01241445
0.01686200
0.01157234
0.01215554
0.01136356
0.01246162
0.01312368
0.01198753
0.01552212
0.01636668
0.01079736
0.01580236
0.01169387
0.02262366
0.01139957
0.01035298
0.01373844
0.01203061
0.01011842
0.01439306
0.01263020
0.01220237
0.01152029
0.01141606
0.01691544
0.01062647
0.01824130
0.01654665
0.01148805
0.01239164
0.01832525
0.01043626
0.01032829
0.01147579
0.01595517
0.01048303
0.02784666
0.01068782
0.01227613
0.01296436
0.01487386
0.01221414
0.01699160
0.01062454
0.01287053
0.01104885
0.01088774
0.01619371
0.01243043
0.00913050
0.01117993
0.01220627
0.02431657
0.01771435
0.01199169
0.01236674
0.02420996
0.01127292
0.01623196
0.01227146
0.01156166
0.01395944
0.01268050
0.00995706
0.01021123
0.05863878
0.01009436
0.01060469
0.01389926
0.00981143
0.01263827
0.01320534
0.01503958
0.01185477
0.01370366
0.01457419
0.02242431
0.01101955
0.01099956
0.00973275
0.01350217
0.01223455
0.01545681
0.01184523
0.01324787
0.01404909
0.01086245
0.01351524
0.01232778
0.01129007