0.00043893
0.00044569
0.00043358
0.00042732
0.00044481
0.00042879
0.00044854
0.00043821
0.00043719
0.00044801
0.00042328
0.00043479
0.00045235
0.00043439
0.00043329
0.00043749
0.00043883
0.00048002
0.00044418
0.00043564
0.00045528
0.00045534
0.00044123
0.00043315
0.00043631
0.00044029
0.00045775
0.00049225
0.00045230
0.00046825
0.00044561
0.00043445
0.00043059
0.00042725
0.00044087
0.00046146
0.00045721
0.00043737
0.00043322
0.00048881
0.00044696
0.00045523
0.00046146
0.00045159
0.00044711
0.00044126
0.00047494
0.00042815
0.00044460
0.00046057
0.00043998
0.00046105
0.00044773
0.00044003
0.00043849
0.00043694
0.00042958
0.00047068
0.00042568
0.00044325
0.00044073
0.00042634
0.00044127
0.00044560
0.00043963
0.00044141
0.00043514
0.00043069
0.00044013
0.00045192
0.00044166
0.00043455
0.00044951
0.00043318
0.00044048
0.00042326
0.00043070
0.00044409
0.00045425
0.00049360
0.00043935
0.00043290
0.00042901
0.00043810
0.00043089
0.00044432
0.00042235
0.00044889
0.00043675
0.00044167
0.00043597
0.00043165
0.00042892
0.00043990
0.00045281
0.00045021
0.00046295
0.00044578
0.00045830
0.00044392
0.00044674
0.00045241
0.00043263
0.00044586
0.00043996
0.00044715
0.00043488
0.00043499
0.00045149
0.00045936
0.00043138
0.00043546
0.00042984
0.00043662
0.00046506
0.00044373
0.00043896
0.00044430
0.00045977
0.00044051
0.00042758
0.00043950
0.00044846
0.00046018
0.00045772
0.00045665
0.00043006
0.00044932
0.00043679
0.00043715
0.00043375
0.00045380
0.00043148
0.00044572
0.00043204
0.00044518
0.00045639
0.00042890
0.00043617
0.00044758
0.00043929
0.00045257
0.00046997
0.00043998
0.00043457
0.00044691
0.00045107
0.00044983
0.00043193
0.00042975
0.00044309
0.00044012
0.00045075
0.00044735
0.00044751
0.00042175
0.00044117
0.00043125
0.00043409
0.00042093
0.00044327
0.00044821
0.00043206
0.00044272
0.00044447
0.00046069
0.00043969
0.00043775
0.00044487
0.00043455
0.00044860
0.00045299
0.00043520
0.00043985
0.00043369
0.00045041
0.00042896
0.00043867
0.00043903
0.00043780
0.00045135
0.00046567
0.00045040
0.00043418
0.00043853
0.00045223
0.00044456
0.00045154
0.00044636
0.00044593
0.00043950
0.00044596
0.00042806
0.00042345
0.00044009
0.00044418
0.00045650
0.00044444
0.00045007
0.00044103
0.00042310
0.00043751
0.00045078
0.00042544
0.00043680
0.00043912
0.00043583
0.00042566
0.00044810
0.00046179
0.00043694
0.00043414
0.00044323
0.00044079
0.00043843
0.00043851
0.00044361
0.00045069
0.00044321
0.00045398
0.00044469
0.00043735
0.00043319
0.00044220
0.00041998
0.00045470
0.00043747
0.00043116
0.00042943
0.00043319
0.00042427
0.00044410
0.00045840
0.00042833
0.00043172
0.00043641
0.00044479
0.00043137
0.00043706
0.00043892
0.00044098
0.00043875
0.00043708
0.00043992
0.00044277
0.00044801
0.00043844
0.00043127
0.00043455
0.00045721
0.00045258
0.00044469
0.00044555
0.00043907
0.00044182
0.00042436
0.00044024
0.00042054
0.00044613
0.00043811
0.00046100
0.00042629
0.00043489
0.00043850
0.00044367
0.00042482
0.00043775
0.00043512
0.00046125
0.00045780
0.00043618
0.00042765
0.00045226
0.00044410
0.00045419
0.00043694
0.00044208
0.00044540
0.00044118
0.00045187
0.00042504
0.00045658
0.00045593
0.00043170
0.00044051
0.00044825
0.00043160
0.00042944
0.00043052
0.00044451
0.00044327
0.00042499
0.00043640
0.00045131
0.00045522
0.00045687
0.00043947
0.00043172
0.00045654
0.00043750
0.00043352
0.00043673
0.00046588
0.00044281
0.00041611
0.00044814
0.00043689
0.00042644
0.00047929
0.00045678
0.00043297
0.00044099
0.00043871
0.00046101
0.00043565
0.00042844
0.00042899
0.00044161
0.00044285
0.00045125
0.00044105
0.00042531
0.00044137
0.00043098
0.00043827
0.00044443
0.00044202
0.00043862
0.00044856
0.00046169
0.00042909
0.00043291
0.00045628
0.00046883
0.00042555
0.00043279
0.00045138
0.00045135
0.00043890
0.00041945
0.00045905
0.00043621
0.00045002
0.00044561
0.00044932
0.00042755
0.00043936
0.00044592
0.00044674
0.00044695
0.00043503
0.00043274
0.00042379
0.00042928
0.00044272
0.00044791
0.00042957
0.00044194
0.00045492
0.00046156
0.00043875
0.00043256
0.00044557
0.00042531
0.00044761
0.00043424
0.00043667
0.00044467
0.00043657
0.00042957
0.00043436
0.00043812
0.00046311
0.00043948
0.00047749
0.00044665
0.00043113
0.00043643
0.00046562
0.00046726
0.00044711
0.00044174
0.00044785
0.00044665
0.00043702
0.00047252
0.00043749
0.00043941
0.00043644
0.00045502
0.00043811
0.00046385
0.00044003
0.00043020
0.00044677
0.00044948
0.00043604
0.00047546
0.00044503
0.00044611
0.00045278
0.00044849
0.00043562
0.00043262
0.00045913
0.00043514
0.00044205
0.00042865
0.00043485
0.00045385
0.00043027
0.00045488
0.00043440
0.00044205
0.00044128
0.00043791
0.00043819
0.00043014
0.00045207
0.00044569
0.00044594
0.00043057
0.00044512
0.00045816
0.00044799
0.00043245
0.00044394
0.00045431
0.00044998
0.00043434
0.00043743
0.00044470
0.00043400
0.00043882
0.00043122
0.00043072
0.00043642
0.00044278
0.00045405
0.00045078
0.00044302
0.00044528
0.00044612
0.00044160
0.00044421
0.00045262
0.00044175
0.00044146
0.00045102
0.00043407
0.00043295
0.00043864
0.00044234
0.00045115
0.00043621
0.00044436
0.00044324
0.00043688
0.00044505
0.00044711
0.00044640
0.00045087
0.00043156
0.00041839
0.00043469
0.00041888
0.00044075
0.00049515
0.00044267
0.00043460
0.00043667
0.00044060
0.00042013
0.00043278
0.00043111
0.00043327
0.00043246
0.00042268
0.00045481
0.00046046
0.00046253
0.00044002
0.00045759
0.00043642
0.00042284
0.00044443
0.00043359
0.00044488
0.00043171
0.00044170
0.00045160
0.00045048
0.00045483
0.00048696
0.00045011
0.00044194
0.00043334
0.00044783
0.00043158
0.00044224