0.00847038
0.00928132
0.01353102
0.00999748
0.01288846
0.01001925
0.01050247
0.00740028
0.00838068
0.04934941
0.00971989
0.00780526
0.01422244
0.01159562
0.00793839
0.00817098
0.01596735
0.01100198
0.01354186
0.05534864
0.00946831
0.02329592
0.01020025
0.00925476
0.01447932
0.01107763
0.01072204
0.00807093
0.01003777
0.01275287
0.00865002
0.00936122
0.00898902
0.00794954
0.00903293
0.01411721
0.01253787
0.00904796
0.01165291
0.00837966
0.00824953
0.00874333
0.01175385
0.01011745
0.01008656
0.01006362
0.00894813
0.01472726
0.01181861
0.01242702
0.01226575
0.01169986
0.01142780
0.01237317
0.00992230
0.01064340
0.00842770
0.00793259
0.01271270
0.01428908
0.00836435
0.01190923
0.00927885
0.01337678
0.01436052
0.01597767
0.01180970
0.00799534
0.01064166
0.01132087
0.01429987
0.00826141
0.00885394
0.01165341
0.01420122
0.00705712
0.01139847
0.00979748
0.00970840
0.02422437
0.01261035
0.00875313
0.00869933
0.01408817
0.01368741
0.01329477
0.01448917
0.02791948
0.01334947
0.00959831
0.00959518
0.01194992
0.00984271
0.00851296
0.00983882
0.01486455
0.00770624
0.01200998
0.01246544
0.02210833
0.01054306
0.00722585
0.02246445
0.00968137
0.01229832
0.00818067
0.00879414
0.00911831
0.00998172
0.01370452
0.01040872
0.01017556
0.01539392
0.01252361
0.01082670
0.01598384
0.00883276
0.00866609
0.01339914
0.00976513
0.02003978
0.00881793
0.02707516
0.01069365
0.00887978
0.00911951
0.01159052
0.00893343
0.01023332
0.01066462
0.00893231
0.01146122
0.01144513
0.00971018
0.00942446
0.07835769
0.00899271
0.00829187
0.01077485
0.00730299
0.01431196
0.00975124
0.01148466
0.01807458
0.00726151
0.01420255
0.01229442
0.01396164
0.00942113
0.00887367
0.02500205
0.01064233
0.01273122
0.00784802
0.00788573
0.00994887
0.01202360
0.01025289
0.00796477
0.01010924
0.00888170
0.01310977
0.00993306
0.01008614
0.01825820
0.01246549
0.01370697
0.01550803
0.00961902
0.00836041
0.01202183
0.00690004
0.01642473
0.01169929
0.00843499
0.00888686
0.01255280
0.01348447
0.00976143
0.00838766
0.01216090
0.01035981
0.01387363
0.01086425
0.01516917
0.01007780
0.01417191
0.00978219
0.00744876
0.01185189
0.00908189
0.00782863
0.01382019
0.01121454
0.01182017
0.01043049
0.00876231
0.01171839
0.01190352
0.01124327
0.00865216
0.00983854
0.00801996
0.01658455
0.01222020
0.00919206
0.01779581
0.00932226
0.01127219
0.01005589
0.00853783
0.01052571
0.01241625
0.01638049
0.00916078
0.01609018
0.00935460
0.01020420
0.00960984
0.01028419
0.01246382
0.01557354
0.01110302
0.01971906
0.01664915
0.01007084
0.02687563
0.00889242
0.01077019
0.02274864
0.01101140
0.01052955
0.00871964
0.01047619
0.00780981
0.01071363
0.00758597
0.01128502
0.00837626
0.02630451
0.01318214
0.01037455
0.01439965
0.01194570
0.01212458
0.00892663
0.02123584
0.00989825
0.01018948
0.01058351
0.00930783
0.00940042
0.01204682
0.01200241
0.01343131
0.00967688
0.01202526
0.00760137
0.00845158
0.02247795
0.00897232
0.01262721
0.00928656
0.01016787
0.04399334
0.00904004
0.02102191
0.01100219
0.00965266
0.01089098
0.01329258
0.00918341
0.00971131
0.01349330
0.01472994
0.01784579
0.00934513
0.02740345
0.01375525
0.01441682
0.01787640
0.00828747
0.01112378
0.01846312
0.00911542
0.01120293
0.01098296
0.00846863
0.00939609
0.01042642
0.00910579
0.01988733
0.01080185
0.00972263
0.01423088
0.01694696
0.01361286
0.01691166
0.02395090
0.01225944
0.01850004
0.01233769
0.00971579
0.01514259
0.00789661
0.02872650
0.00765767
0.01090816
0.00703804
0.01838305
0.00689446
0.01006216
0.01263172
0.01638146
0.00912901
0.01211005
0.01101930
0.00703946
0.01087543
0.01640778
0.01173020
0.01194240
0.01532314
0.00779243
0.01406863
0.00899030
0.01379020
0.00987029
0.01212773
0.01178723
0.01091316
0.00756078
0.00793120
0.01100576
0.01084782
0.00844936
0.01191336
0.01049784
0.00970522
0.00982043
0.00921172
0.01229547
0.01042471
0.01569538
0.01589505
0.00872018
0.01211670
0.01302616
0.01149840
0.01296086
0.00876220
0.01280779
0.01098178
0.01207255
0.02284360
0.00997662
0.01187341
0.00797070
0.01130439
0.01352923
0.00924261
0.01493824
0.00773614
0.01175161
0.01025961
0.00944355
0.00792148
0.01005402
0.00937858
0.00759804
0.01094441
0.00893314
0.00891705
0.01333106
0.00875959
0.01023059
0.01464096
0.00890174
0.01185651
0.01468046
0.01011649
0.01150173
0.00983456
0.01104992
0.01008356
0.00850492
0.00946248
0.02437491
0.01824719
0.00750765
0.01078249
0.01019842
0.01150890
0.01233019
0.01317758
0.00766353
0.01204224
0.01109446
0.01008826
0.01211709
0.01004446
0.01123178
0.01391313
0.01924194
0.00782760
0.00893064
0.00976559
0.00779793
0.01561816
0.01537914
0.00857499
0.01102118
0.01179787
0.00751846
0.01308170
0.01288710
0.01335396
0.01211112
0.01674160
0.01111000
0.00820421
0.00862937
0.01211252
0.00823088
0.00975595
0.00966231
0.01139882
0.00804108
0.01104546
0.00799215
0.00857874
0.01189164
0.01357302
0.01224945
0.02820015
0.00883741
0.00919929
0.00923563
0.01529028
0.00687849
0.00975743
0.00844833
0.00755705
0.01418387
0.01311267
0.01294228
0.00853342
0.01176794
0.01049702
0.01566538
0.01024042
0.00818482
0.01536892
0.01818912
0.00776436
0.01073440
0.01439716
0.02246352
0.01035701
0.01347698
0.01483316
0.01264905
0.02533978
0.00938137
0.01215109
0.01261772
0.01040311
0.00959815
0.00898256
0.00790313
0.00875277
0.02016681
0.01189884
0.03716824
0.01222453
0.00803355
0.00708514
0.00973871
0.01830629
0.01146574
0.01644491
0.01759898
0.00858277
0.00820817
0.01170630
0.01058218
0.03035046
0.01075394
0.01247128
0.01438101
0.01041939
0.01083962
0.00760495
0.01112435
0.01960558
0.01140331
0.01418942
0.01385784
0.01128568
0.01328657