0.00446954
0.00494842
0.00560222
0.00431062
0.00701935
0.00586582
0.00462647
0.00568178
0.00552903
0.00461112
0.01992699
0.01457379
0.00801228
0.00527768
0.00492483
0.00643188
0.00547499
0.01004372
0.00438157
0.00592073
0.00593376
0.00703045
0.00588361
0.00507603
0.00585144
0.00522338
0.00552330
0.00471984
0.00587942
0.00450032
0.00454128
0.00544412
0.00446672
0.00718510
0.00503292
0.00950189
0.00559557
0.00463809
0.00504133
0.00572132
0.00508512
0.00463762
0.00468883
0.00851509
0.00503482
0.00523269
0.00919567
0.00646214
0.00669285
0.00536950
0.00439049
0.00503872
0.00617854
0.00570623
0.00466629
0.00591435
0.00604782
0.00633221
0.00783908
0.00553642
0.00412603
0.00394217
0.00546747
0.00575384
0.00413847
0.00738515
0.00641830
0.00397490
0.00607472
0.00727885
0.00487736
0.00763293
0.00555209
0.00538369
0.00587443
0.00495055
0.00573896
0.00726390
0.00509074
0.00701439
0.00508950
0.00599156
0.00432519
0.00497248
0.00449987
0.00516225
0.00513096
0.01390901
0.00687447
0.00446072
0.00582519
0.00546473
0.00668928
0.00471611
0.00583842
0.00668127
0.00419873
0.00659084
0.00500436
0.00533401
0.00548860
0.00590392
0.00444188
0.00527215
0.00524044
0.01185798
0.00655168
0.01223704
0.00646384
0.00597866
0.00576129
0.00857512
0.00476737
0.00578129
0.00550896
0.00530391
0.00800124
0.00650537
0.00730933
0.00647351
0.00571532
0.00521728
0.00557518
0.00501077
0.01351524
0.00544915
0.01101134
0.00664245
0.00791587
0.00519910
0.00710519
0.00642126
0.00414801
0.00589503
0.00565453
0.00542557
0.00491694
0.00495624
0.00477796
0.01013367
0.00733357
0.00676511
0.00515438
0.00660704
0.00913437
0.00456699
0.00408093
0.00591542
0.00566162
0.00538308
0.00479523
0.00404846
0.00603054
0.00580448
0.00561362
0.00567160
0.00485822
0.00535485
0.00584081
0.00594495
0.00456448
0.00774441
0.00461220
0.00596559
0.00535637
0.00870617
0.00455554
0.00523549
0.00717129
0.00554922
0.00532242
0.00469448
0.00513288
0.01036918
0.00631516
0.00659533
0.00547792
0.00792243
0.01156095
0.00892795
0.00626740
0.00547089
0.00535792
0.00603109
0.00529388
0.00485156
0.00560051
0.00436177
0.00647712
0.00627387
0.00668528
0.00604695
0.00486976
0.00457077
0.00493158
0.00761460
0.00639835
0.00551837
0.00577884
0.00626949
0.00546741
0.00487737
0.00455473
0.00566627
0.00683425
0.00446860
0.00637108
0.00672422
0.00537199
0.00590401
0.00454380
0.00621918
0.00897956
0.00633926
0.00483624
0.00561665
0.00579513
0.00517544
0.00521647
0.00651841
0.00446772
0.00588234
0.00534352
0.00462171
0.00504352
0.00568956
0.00465710
0.00447357
0.00455978
0.00422785
0.00907619
0.00482004
0.00531416
0.00557193
0.00578875
0.01700248
0.00487210
0.00638785
0.00736623
0.00495285
0.00440137
0.00548430
0.00537448
0.00508626
0.00643466
0.00492868
0.00894713
0.00472700
0.00580875
0.00657179
0.00573686
0.00705766
0.00545765
0.00740493
0.00436542
0.00505390
0.00857428
0.00978883
0.00646075
0.00586615
0.00451084
0.00535149
0.00621869
0.00908903
0.00429858
0.00419101
0.00502344
0.00489315
0.00544474
0.00692960
0.00703415
0.00752558
0.00469939
0.00478742
0.00751925
0.00579097
0.00489462
0.00622346
0.00609649
0.00589180
0.00493968
0.00526239
0.00532315
0.00698613
0.01046898
0.00519475
0.00521017
0.00522396
0.00504548
0.00505786
0.00627591
0.00478017
0.00495156
0.01155174
0.00503387
0.00429085
0.00632830
0.00510296
0.01072552
0.00451516
0.00454372
0.00507035
0.00614536
0.00584816
0.00436952
0.00527725
0.00534680
0.00636808
0.00500149
0.00528427
0.00593133
0.00496996
0.00690089
0.00504894
0.00856989
0.00564085
0.00574246
0.00517338
0.00943607
0.00507328
0.00464256
0.00449808
0.00465756
0.00497518
0.00759093
0.01269348
0.00830200
0.00654623
0.00448027
0.00692159
0.00494950
0.00613794
0.00568003
0.00569292
0.00813060
0.00722659
0.00553832
0.00657854
0.00695016
0.00953892
0.00428844
0.00535935
0.00400159
0.00574940
0.00674012
0.00767980
0.00477634
0.00496394
0.00723136
0.00544095
0.00572469
0.00530078
0.00978696
0.00436761
0.00531995
0.00914658
0.00559135
0.00694661
0.00475088
0.00500167
0.00547372
0.00545294
0.00452129
0.00550180
0.00461021
0.00531305
0.00711473
0.00556203
0.01085715
0.00496134
0.00431228
0.00619472
0.00560367
0.00469307
0.00977141
0.00553513
0.00408085
0.00680013
0.00471360
0.00533399
0.00443602
0.00624970
0.00642566
0.00584094
0.00673132
0.00703031
0.00397250
0.00848120
0.00776238
0.00612138
0.01492949
0.00910102
0.00624006
0.00877391
0.00653582
0.00583201
0.00786042
0.00819336
0.00487929
0.00831705
0.00558518
0.00624299
0.00469838
0.00948559
0.00566661
0.00548331
0.00459218
0.00801193
0.00845424
0.01026596
0.00571323
0.00723603
0.00507764
0.00505520
0.00529754
0.00536629
0.00620478
0.00710688
0.00408293
0.00405340
0.00436479
0.00855879
0.00851472
0.00870843
0.00449101
0.00605032
0.00712392
0.00661333
0.00469333
0.00471076
0.00687186
0.00626507
0.01006528
0.00740648
0.00394928
0.00485948
0.00474953
0.00516271
0.00648180
0.00604000
0.00441704
0.00590745
0.01240621
0.00545547
0.00488864
0.00453983
0.00511796
0.00522602
0.00536023
0.00400566
0.00445600
0.00488601
0.00609279
0.00795177
0.00551537
0.00493610
0.00893906
0.00653532
0.00727464
0.00987913
0.00548228
0.00577131
0.00507270
0.00546107
0.00587182
0.00553671
0.00515289
0.00543698
0.00592595
0.00511941
0.00664686
0.00574173
0.00555499
0.00396103
0.00596476
0.00524914
0.00481328
0.00669061
0.00676167
0.01208084
0.00493301
0.00577678
0.00834867
0.00538118
0.00556530
0.00533143
0.00486173
0.00484321
0.00811497
0.00530548
0.00693248
0.00445980
0.00553037
0.00757029
0.00510889
0.00652214
0.01081016
0.00403181
0.00522841
0.00454327