0.01704181
0.01488807
0.01725907
0.01508626
0.01277866
0.01554223
0.04879801
0.02475140
0.01394824
0.02052839
0.02186794
0.01202907
0.05902644
0.02497992
0.05775535
0.01698372
0.01311973
0.01964462
0.01526827
0.01403536
0.03269359
0.04020452
0.01521796
0.03916158
0.04661999
0.04519720
0.01378057
0.01660577
0.01997690
0.01903787
0.01590353
0.02583031
0.03381006
0.01782677
0.02195312
0.00958279
0.01915441
0.01684551
0.03393552
0.01564127
0.02145868
0.01188851
0.01277059
0.02623044
0.00942691
0.01711383
0.02594985
0.01691192
0.03745331
0.01692598
0.01430985
0.01872607
0.01275380
0.01396982
0.03495445
0.04522812
0.05211326
0.03867670
0.02705874
0.01804808
0.01283909
0.01528905
0.02222075
0.07262616
0.03658171
0.01795399
0.02369437
0.04062643
0.01873141
0.05437680
0.01862837
0.01433400
0.02876376
0.01301448
0.01570621
0.01320153
0.03578421
0.02196111
0.04848427
0.01603544
0.01753531
0.02058675
0.01680827
0.02304942
0.01999070
0.04075897
0.01215420
0.01562683
0.01252570
0.01841439
0.01725891
0.01336223
0.01763115
0.02596817
0.02353209
0.01700819
0.03068357
0.03235544
0.01173901
0.02066406
0.03216643
0.09737803
0.02294310
0.01417991
0.02260878
0.03141979
0.01703601
0.03559317
0.01016998
0.01795873
0.01778469
0.02225044
0.02172393
0.01378702
0.03490234
0.01266749
0.01776883
0.02558190
0.04453677
0.02282461
0.01864186
0.01427216
0.02073411
0.04902477
0.04761961
0.01630804
0.01849621
0.01748590
0.02318378
0.01816324
0.02059867
0.01811045
0.03832244
0.03836981
0.06260740
0.01468251
0.06032206
0.04174248
0.01303802
0.01531712
0.01214625
0.02566843
0.01373020
0.01818523
0.01744539
0.01698689
0.01840537
0.03801996
0.06342938
0.01779955
0.01666761
0.01492332
0.01179802
0.01361298
0.01522147
0.01186455
0.02840222
0.01558337
0.02207461
0.02696317
0.02056080
0.03902254
0.10950864
0.02196132
0.01538966
0.02758850
0.01348347
0.01106093
0.01178362
0.02996411
0.01687760
0.01089857
0.01724093
0.03130362
0.01190600
0.01781199
0.03209701
0.02639453
0.01260683
0.01148192
0.02338615
0.03053680
0.02502920
0.02075811
0.02659213
0.01527729
0.03359687
0.06499572
0.01842337
0.01728531
0.03445308
0.01991943
0.02033998
0.01617513
0.01712497
0.02260649
0.02876232
0.04476183
0.02596168
0.02221920
0.02329958
0.01358048
0.02091314
0.01754453
0.01089941
0.02059903
0.02003181
0.01891436
0.01415497
0.02871137
0.01452570
0.01628370
0.01292569
0.02326943
0.01446583
0.03898810
0.04217054
0.01552108
0.01774045
0.01258620
0.01638445
0.01762826
0.02136432
0.02208543
0.02051669
0.01646152
0.03627580
0.01458081
0.01586601
0.02666773
0.02120161
0.01525920
0.03728054
0.01658196
0.02421985
0.01738050
0.01788012
0.02557043
0.01264611
0.01636176
0.02883361
0.05339734
0.01240113
0.01617733
0.06868751
0.01606271
0.03095576
0.01654053
0.03679912
0.00962938
0.13103210
0.01691680
0.01713657
0.02249538
0.03053913
0.03728728
0.01583815
0.02290469
0.01657361
0.01294664
0.01934681
0.01462065
0.01605860
0.05665197
0.02085653
0.01534204
0.07271773
0.02909370
0.01645048
0.03469935
0.02460881
0.01690505
0.02293890
0.02801656
0.01163817
0.03249749
0.01589930
0.01709388
0.01515412
0.04286834
0.02734254
0.01292517
0.02051851
0.04333266
0.01864092
0.01663734
0.02446242
0.01576727
0.01684924
0.01352436
0.03163425
0.02062766
0.01623335
0.01920533
0.02430245
0.02288337
0.01372517
0.02133855
0.08283263
0.02827208
0.01381068
0.01783474
0.01584983
0.04008566
0.01061345
0.01425846
0.01477421
0.03095144
0.02422029
0.01913251
0.03283722
0.01339944
0.04911580
0.01964415
0.02005948
0.06713379
0.01660210
0.01103357
0.00879938
0.01833436
0.05514403
0.04775500
0.01216323
0.03454303
0.02155236
0.01467136
0.02867086
0.01570520
0.01360051
0.04838282
0.01226511
0.07096016
0.02709874
0.03994736
0.02834529
0.02060906
0.02762502
0.01366611
0.01789041
0.01934086
0.02987696
0.02550097
0.01565347
0.02555371
0.02922355
0.01196990
0.01359882
0.01568246
0.01252600
0.02787562
0.06276593
0.04132415
0.01194386
0.01753749
0.02963800
0.04146984
0.02609875
0.01585202
0.03584510
0.02168329
0.01676773
0.04123344
0.05650104
0.02734095
0.01478453
0.03081382
0.02217248
0.04353816
0.02842568
0.04111306
0.01706163
0.01564717
0.02338576
0.01113095
0.06258871
0.01815447
0.06748538
0.01513710
0.03933609
0.01983909
0.02204913
0.02463762
0.03597323
0.01557856
0.01527170
0.01413012
0.01085881
0.01276270
0.01464612
0.02035739
0.01434977
0.01984228
0.02268194
0.01962470
0.03534731
0.02313092
0.01507512
0.03079125
0.01675193
0.02122668
0.01313400
0.01283559
0.01714324
0.01875864
0.01359030
0.02300227
0.01257750
0.02039779
0.01615955
0.01393027
0.01404319
0.02407453
0.01916431
0.02062181
0.04247546
0.01687314
0.01949137
0.02892964
0.03537418
0.02761293
0.02578200
0.01357547
0.02699356
0.05565162
0.03412110
0.01452727
0.02453033
0.01312272
0.01989414
0.01127215
0.02135188
0.01550373
0.01463698
0.01896494
0.02070042
0.01636992
0.01111612
0.03852583
0.01338082
0.01870462
0.01447569
0.04566592
0.01457887
0.01657233
0.03158387
0.05750288
0.01308026
0.02211348
0.03993670
0.04029229
0.01336976
0.02223999
0.04675562
0.02555632
0.06095797
0.04116143
0.03755768
0.03076980
0.01721815
0.01453588
0.01405810
0.01714260
0.01566148
0.01651645
0.03625418
0.02138399
0.01373596
0.01648391
0.01369221
0.01916987
0.02537639
0.01298235
0.01262009
0.01226078
0.02480762
0.02236744
0.02482512
0.03938310
0.03332166
0.05505919
0.01547598
0.02598482
0.01405314
0.05828497
0.01319926
0.01530724
0.01876545
0.02168638
0.01787556
0.05403881
0.04225528
0.02503570
0.03882060
0.01898769
0.02010063
0.04154669
0.01900234
0.01220286
0.02064582
0.02763623