0.00136540
0.00118911
0.00182657
0.00142158
0.00213152
0.00135964
0.00126746
0.00213809
0.00156392
0.00178054
0.00146920
0.00194019
0.00152134
0.00182169
0.00141613
0.00156620
0.00146897
0.00161680
0.00136462
0.00161241
0.00149229
0.00135188
0.00126781
0.00188769
0.00135341
0.00131254
0.00144144
0.00160855
0.00135259
0.00148826
0.00177261
0.00177995
0.00140984
0.00158802
0.00128013
0.00166672
0.00155978
0.00148204
0.00150638
0.00135206
0.00137273
0.00163059
0.00132866
0.00139956
0.00181437
0.00147414
0.00133454
0.00134353
0.00142355
0.00151097
0.00142017
0.00153086
0.00169412
0.00142977
0.00140654
0.00130779
0.00145376
0.00177368
0.00154066
0.00124491
0.00163999
0.00206992
0.00148133
0.00163264
0.00141337
0.00118797
0.00139234
0.00134717
0.00152293
0.00135467
0.00183536
0.00159567
0.00138840
0.00158249
0.00157474
0.00123742
0.00169188
0.00168597
0.00180247
0.00127404
0.00152084
0.00131064
0.00144217
0.00151263
0.00163576
0.00137689
0.00164940
0.00155953
0.00154847
0.00164154
0.00150476
0.00164405
0.00149602
0.00136006
0.00149797
0.00130506
0.00127411
0.00171216
0.00215318
0.00141824
0.00146289
0.00170660
0.00164916
0.00149272
0.00140155
0.00212966
0.00131380
0.00147530
0.00123995
0.00148422
0.00149542
0.00147935
0.00145556
0.00137438
0.00171616
0.00126829
0.00188837
0.00122078
0.00150514
0.00149425
0.00168525
0.00165742
0.00259035
0.00164121
0.00172271
0.00164410
0.00156542
0.00162525
0.00142892
0.00148869
0.00130216
0.00172137
0.00185717
0.00141425
0.00137123
0.00120828
0.00129907
0.00207796
0.00149566
0.00117970
0.00138392
0.00151684
0.00164098
0.00168695
0.00192547
0.00117649
0.00145708
0.00147178
0.00131530
0.00138498
0.00244534
0.00133216
0.00144811
0.00137389
0.00142375
0.00163860
0.00138121
0.00138008
0.00152874
0.00146636
0.00163434
0.00179363
0.00131736
0.00152916
0.00170542
0.00176116
0.00128427
0.00133202
0.00147312
0.00144513
0.00201128
0.00165666
0.00143986
0.00129467
0.00174061
0.00124109
0.00122689
0.00183912
0.00136974
0.00148291
0.00137502
0.00142452
0.00159280
0.00149799
0.00125961
0.00136301
0.00143582
0.00145272
0.00137003
0.00154318
0.00144327
0.00165475
0.00139804
0.00167942
0.00150804
0.00139644
0.00138299
0.00141906
0.00133305
0.00150338
0.00156077
0.00164490
0.00117654
0.00142401
0.00163943
0.00153199
0.00134860
0.00135670
0.00187028
0.00174016
0.00129884
0.00141186
0.00139637
0.00138540
0.00160853
0.00137042
0.00120607
0.00132761
0.00139386
0.00132796
0.00128504
0.00154310
0.00166219
0.00158595
0.00137073
0.00157486
0.00170774
0.00176524
0.00173171
0.00147145
0.00192973
0.00181483
0.00137683
0.00129103
0.00135031
0.00154304
0.00149052
0.00177185
0.00139166
0.00128917
0.00143834
0.00175455
0.00153482
0.00143251
0.00135590
0.00142278
0.00149052
0.00154088
0.00154206
0.00180516
0.00146551
0.00148917
0.00139365
0.00158283
0.00141024
0.00146393
0.00127587
0.00194698
0.00194587
0.00152351
0.00152661
0.00154710
0.00145565
0.00153511
0.00166179
0.00153742
0.00151541
0.00154131
0.00138881
0.00150659
0.00127876
0.00178031
0.00122141
0.00126493
0.00169447
0.00152391
0.00145703
0.00160359
0.00161406
0.00128724
0.00181546
0.00158789
0.00151611
0.00140645
0.00130365
0.00142720
0.00119277
0.00134046
0.00154088
0.00124763
0.00202650
0.00183764
0.00155164
0.00136694
0.00154768
0.00147732
0.00162813
0.00135075
0.00146566
0.00143697
0.00124578
0.00129687
0.00135011
0.00135552
0.00138686
0.00149474
0.00193842
0.00119810
0.00122119
0.00127319
0.00150101
0.00131795
0.00177343
0.00135298
0.00132705
0.00186257
0.00142479
0.00146082
0.00160504
0.00120818
0.00137974
0.00189724
0.00138641
0.00150267
0.00123211
0.00133211
0.00134487
0.00194188
0.00130416
0.00189053
0.00135699
0.00130302
0.00138367
0.00171331
0.00127089
0.00158830
0.00174884
0.00116253
0.00155779
0.00206089
0.00185250
0.00204434
0.00200521
0.00155452
0.00149236
0.00144360
0.00184225
0.00132033
0.00158182
0.00133104
0.00178461
0.00165284
0.00232670
0.00123136
0.00136600
0.00147950
0.00179944
0.00130002
0.00140331
0.00145041
0.00155253
0.00141506
0.00144959
0.00151701
0.00141244
0.00127806
0.00137815
0.00121150
0.00151233
0.00151931
0.00188274
0.00151857
0.00127925
0.00215481
0.00143828
0.00169581
0.00141143
0.00139522
0.00141836
0.00199279
0.00188188
0.00138120
0.00175795
0.00152819
0.00139741
0.00131786
0.00143270
0.00144416
0.00147022
0.00152972
0.00168056
0.00161283
0.00184424
0.00142097
0.00159617
0.00156532
0.00143977
0.00132905
0.00149313
0.00131573
0.00184136
0.00180156
0.00154847
0.00182751
0.00161404
0.00131833
0.00162694
0.00151551
0.00144309
0.00124948
0.00139317
0.00131738
0.00201097
0.00126048
0.00161669
0.00168969
0.00150842
0.00154014
0.00132428
0.00153841
0.00142940
0.00139251
0.00190326
0.00170125
0.00157187
0.00145604
0.00169433
0.00144215
0.00142432
0.00171754
0.00173551
0.00140208
0.00154352
0.00144348
0.00136684
0.00165979
0.00158766
0.00142157
0.00179372
0.00168772
0.00171608
0.00195545
0.00168677
0.00134073
0.00143163
0.00156406
0.00119502
0.00156793
0.00179303
0.00168461
0.00157490
0.00137654
0.00168943
0.00140575
0.00167600
0.00141912
0.00184562
0.00169416
0.00154161
0.00139860
0.00181315
0.00133896
0.00143972
0.00161100
0.00129528
0.00167523
0.00149987
0.00161879
0.00133110
0.00146033
0.00135068
0.00121668
0.00164661
0.00163358
0.00159948
0.00129386
0.00182795
0.00135234
0.00135513
0.00174004
0.00154339
0.00184440
0.00196444
0.00156859
0.00150616
0.00149607
0.00179494
0.00171179
0.00152307
0.00175098
0.00149208
0.00169494
0.00171876
0.00170518
0.00148771
0.00186866
0.00170670
0.00173215
0.00130476
0.00199978