0.00270241
0.00194174
0.00239750
0.00228514
0.00231682
0.00209529
0.00197540
0.00229337
0.00243682
0.00223381
0.00220484
0.00243779
0.00236684
0.00219691
0.00212170
0.00219714
0.00208821
0.00226801
0.00201700
0.00236445
0.00217278
0.00229102
0.00225807
0.00208636
0.00235754
0.00214301
0.00228172
0.00220175
0.00214012
0.00209534
0.00200534
0.00215443
0.00222211
0.00223175
0.00206822
0.00224940
0.00220652
0.00193508
0.00237394
0.00233013
0.00237774
0.00208675
0.00231631
0.00216282
0.00216884
0.00227716
0.00201424
0.00212550
0.00222751
0.00218771
0.00215368
0.00198075
0.00224818
0.00208795
0.00222927
0.00244061
0.00247931
0.00213272
0.00209701
0.00241778
0.00223145
0.00215400
0.00249352
0.00205918
0.00254159
0.00215433
0.00211362
0.00217813
0.00216317
0.00270186
0.00242838
0.00221384
0.00241959
0.00213019
0.00201107
0.00222847
0.00214971
0.00207379
0.00252381
0.00208236
0.00201889
0.00206414
0.00204326
0.00261081
0.00211804
0.00217389
0.00245179
0.00208602
0.00212689
0.00221224
0.00211967
0.00212221
0.00233651
0.00253034
0.00203537
0.00212628
0.00222602
0.00226627
0.00204968
0.00218324
0.00218686
0.00224754
0.00223918
0.00205162
0.00212194
0.00245813
0.00219824
0.00235055
0.00196525
0.00208131
0.00206376
0.00242745
0.00219030
0.00216648
0.00207712
0.00253836
0.00208798
0.00227621
0.00217759
0.00220981
0.00276116
0.00227749
0.00226161
0.00217450
0.00213712
0.00258820
0.00212993
0.00229944
0.00215048
0.00204914
0.00223544
0.00215790
0.00223849
0.00192020
0.00215078
0.00212366
0.00215598
0.00240677
0.00199681
0.00223555
0.00234910
0.00208078
0.00223859
0.00208690
0.00199970
0.00222925
0.00224286
0.00268262
0.00233133
0.00222675
0.00245261
0.00226573
0.00200787
0.00207214
0.00217555
0.00265010
0.00199140
0.00224911
0.00208952
0.00233807
0.00216658
0.00200823
0.00218651
0.00239227
0.00360463
0.00220541
0.00211529
0.00232246
0.00223595
0.00219662
0.00206285
0.00242432
0.00217556
0.00218351
0.00215138
0.00245204
0.00212826
0.00208561
0.00212290
0.00209859
0.00217122
0.00209480
0.00210147
0.00203611
0.00219404
0.00205488
0.00208636
0.00227977
0.00202862
0.00217517
0.00188429
0.00209175
0.00231758
0.00206208
0.00229520
0.00221317
0.00212071
0.00219779
0.00206867
0.00202625
0.00214447
0.00226024
0.00216388
0.00216819
0.00206572
0.00324716
0.00244701
0.00248857
0.00212465
0.00218064
0.00211971
0.00237379
0.00203429
0.00203782
0.00237862
0.00204411
0.00228675
0.00212459
0.00235070
0.00227124
0.00224745
0.00231114
0.00258694
0.00230677
0.00213240
0.00226740
0.00229367
0.00196850
0.00204427
0.00223510
0.00257857
0.00213376
0.00251103
0.00216452
0.00249442
0.00235391
0.00214156
0.00224468
0.00216458
0.00215793
0.00207998
0.00206562
0.00228421
0.00236451
0.00215851
0.00211995
0.00197679
0.00247838
0.00275616
0.00252559
0.00224750
0.00246165
0.00209136
0.00217958
0.00203066
0.00241316
0.00233791
0.00222201
0.00226236
0.00210101
0.00220231
0.00211857
0.00229398
0.00192037
0.00220695
0.00232177
0.00213118
0.00202462
0.00220443
0.00217868
0.00244613
0.00214998
0.00262178
0.00220106
0.00248875
0.00232382
0.00225707
0.00227641
0.00216253
0.00216208
0.00233273
0.00225307
0.00234615
0.00214017
0.00221060
0.00244376
0.00218720
0.00232873
0.00245265
0.00211349
0.00218920
0.00232302
0.00210517
0.00205746
0.00213239
0.00231434
0.00210021
0.00233225
0.00209483
0.00196302
0.00286286
0.00243217
0.00226165
0.00213016
0.00227543
0.00244530
0.00255397
0.00217468
0.00213766
0.00219685
0.00199363
0.00214111
0.00208991
0.00226206
0.00249224
0.00256093
0.00206835
0.00228948
0.00207913
0.00218566
0.00256781
0.00231928
0.00221087
0.00231214
0.00236193
0.00242519
0.00204649
0.00277970
0.00203546
0.00218562
0.00197817
0.00219516
0.00207897
0.00234812
0.00222585
0.00224253
0.00214170
0.00225685
0.00215828
0.00229962
0.00240134
0.00227178
0.00213320
0.00216140
0.00233321
0.00222380
0.00213402
0.00219214
0.00213902
0.00229236
0.00257132
0.00198328
0.00231960
0.00260462
0.00226486
0.00214747
0.00212211
0.00231915
0.00215286
0.00241640
0.00224499
0.00211693
0.00197310
0.00206038
0.00219927
0.00253611
0.00230927
0.00218207
0.00200609
0.00240175
0.00221872
0.00217661
0.00207623
0.00221081
0.00215631
0.00212636
0.00234293
0.00202432
0.00214286
0.00206883
0.00222992
0.00216832
0.00210139
0.00213400
0.00244394
0.00237617
0.00201289
0.00257620
0.00209773
0.00224955
0.00241881
0.00229290
0.00210870
0.00240407
0.00212486
0.00233088
0.00206704
0.00214927
0.00215533
0.00201759
0.00271900
0.00211266
0.00217738
0.00216723
0.00250703
0.00213720
0.00214425
0.00231656
0.00217916
0.00188784
0.00215163
0.00225792
0.00220695
0.00216617
0.00227033
0.00218043
0.00232075
0.00237607
0.00214864
0.00232871
0.00207179
0.00243553
0.00218427
0.00195747
0.00209804
0.00206714
0.00253084
0.00212053
0.00227698
0.00209601
0.00205294
0.00223381
0.00255741
0.00233463
0.00214315
0.00210414
0.00244011
0.00211646
0.00209647
0.00202893
0.00199276
0.00222225
0.00210147
0.00236148
0.00241623
0.00251276
0.00205559
0.00220365
0.00214602
0.00234080
0.00255304
0.00236916
0.00233563
0.00210198
0.00215664
0.00217433
0.00233722
0.00208711
0.00217349
0.00221280
0.00215445
0.00220693
0.00192788
0.00215526
0.00268053
0.00208735
0.00247721
0.00213503
0.00231881
0.00210294
0.00190965
0.00261246
0.00247700
0.00212267
0.00206465
0.00214804
0.00216833
0.00247002
0.00208978
0.00220693
0.00235348
0.00257300
0.00224314
0.00211926
0.00251277
0.00256823
0.00220415
0.00227472
0.00233315
0.00218826
0.00199172
0.00217059
0.00225147
0.00225049
0.00226034
0.00208150
0.00206803
0.00214605
0.00192128
0.00204194