0.00285024
0.00270960
0.00310412
0.00399059
0.00288773
0.00310822
0.00347947
0.00296674
0.00261923
0.00296726
0.00279912
0.00298268
0.00318680
0.00370775
0.00353471
0.00342607
0.00227117
0.00309097
0.00285153
0.00393592
0.00256415
0.00295173
0.00304450
0.00400976
0.00286731
0.00307426
0.00257155
0.00351887
0.00259697
0.00241322
0.00195527
0.00296867
0.00282999
0.00444389
0.00438500
0.00285988
0.00193559
0.00274277
0.00237696
0.00292380
0.00300159
0.00333504
0.00264761
0.00274835
0.00293510
0.00353230
0.00459190
0.00266064
0.00289561
0.00253805
0.00270228
0.00212291
0.00283951
0.00294828
0.00299906
0.00319912
0.00291965
0.00387875
0.00305813
0.00300939
0.00374311
0.00241892
0.00342388
0.00258041
0.00285600
0.00281423
0.00271358
0.00324081
0.00341213
0.00383269
0.00289101
0.00337987
0.00396143
0.00248106
0.00260162
0.00350911
0.00316533
0.00422928
0.00255642
0.00289596
0.00221565
0.00306930
0.00203514
0.00208687
0.00341607
0.00268447
0.00332712
0.00250375
0.00241792
0.00343216
0.00253697
0.00253304
0.00396721
0.00337895
0.00195498
0.00233870
0.00226697
0.00223982
0.00330181
0.00237000
0.00269320
0.00327955
0.00321226
0.00289196
0.00316623
0.00302985
0.00319291
0.00248218
0.00290132
0.00330458
0.00241120
0.00254723
0.00315439
0.00214423
0.00291350
0.00381017
0.00370987
0.00312419
0.00241293
0.00302693
0.00471201
0.00272750
0.00420579
0.00318386
0.00236609
0.00244513
0.00340430
0.00404652
0.00342749
0.00402918
0.00298550
0.00225776
0.00353675
0.00272845
0.00323661
0.00239876
0.00328326
0.00210692
0.00412917
0.00329394
0.00227056
0.00216061
0.00416896
0.00315391
0.00282547
0.00308909
0.00302072
0.00285027
0.00318191
0.00328564
0.00349027
0.00317764
0.00284028
0.00302856
0.00253870
0.00232257
0.00316592
0.00378919
0.00239252
0.00241134
0.00337541
0.00290081
0.00488512
0.00401084
0.00274908
0.00325082
0.00255392
0.00319912
0.00189096
0.00237222
0.00289145
0.00293060
0.00256838
0.00419546
0.00299067
0.00307043
0.00320313
0.00282370
0.00420210
0.00335610
0.00278168
0.00321176
0.00434987
0.00252899
0.00306579
0.00347627
0.00270155
0.00309611
0.00238406
0.00247635
0.00408159
0.00264538
0.00263718
0.00246277
0.00200579
0.00304050
0.00346261
0.00262997
0.00315325
0.00226122
0.00276915
0.00281529
0.00242996
0.00298704
0.00259174
0.00286447
0.00342582
0.00345910
0.00338223
0.00219662
0.00349835
0.00330066
0.00424121
0.00260386
0.00350342
0.00247055
0.00404356
0.00438970
0.00370946
0.00294892
0.00295762
0.00313676
0.00266354
0.00246646
0.00297754
0.00379908
0.00647546
0.00304336
0.00357920
0.00274212
0.00386694
0.00272396
0.00246197
0.00279381
0.00258218
0.00290186
0.00272216
0.00282065
0.00284209
0.00457019
0.00197500
0.00292992
0.00345680
0.00258154
0.00243467
0.00272344
0.00279812
0.00280970
0.00351331
0.00421379
0.00324914
0.00298016
0.00235511
0.00295808
0.00315899
0.00267331
0.00264733
0.00265524
0.00212720
0.00405307
0.00340380
0.00375425
0.00305029
0.00300084
0.00314234
0.00461784
0.00219333
0.00298661
0.00220371
0.00401585
0.00285761
0.00307058
0.00304689
0.00295455
0.00329518
0.00284843
0.00302418
0.00298588
0.00478096
0.00430313
0.00400332
0.00250997
0.00504099
0.00223348
0.00347217
0.00337965
0.00372222
0.00222187
0.00453453
0.00313893
0.00363479
0.00289193
0.00276992
0.00256009
0.00374893
0.00315488
0.00329659
0.00287737
0.00346651
0.00369334
0.00309844
0.00404223
0.00271960
0.00284164
0.00258506
0.00393499
0.00298426
0.00392505
0.00241077
0.00308881
0.00273356
0.00211008
0.00404686
0.00221160
0.00203274
0.00195400
0.00344728
0.00385134
0.00272235
0.00411066
0.00304095
0.00432653
0.00300368
0.00404156
0.00252881
0.00299509
0.00323097
0.00317484
0.00416947
0.00497625
0.00292456
0.00311281
0.00303495
0.00309883
0.00273440
0.00430302
0.00268932
0.00321202
0.00487836
0.00310603
0.00365808
0.00249870
0.00271032
0.00232100
0.00428205
0.00319581
0.00273088
0.00333382
0.00319143
0.00316478
0.00470009
0.00453940
0.00349566
0.00529335
0.00314191
0.00339342
0.00332693
0.00368952
0.00270225
0.00192901
0.00246848
0.00347638
0.00223773
0.00256806
0.00250159
0.00233074
0.00313616
0.00238327
0.00271311
0.00292822
0.00313545
0.00338819
0.00279331
0.00286517
0.00353094
0.00247343
0.00363296
0.00330390
0.00233627
0.00317468
0.00378339
0.00324159
0.00328076
0.00270561
0.00309178
0.00247266
0.00251454
0.00273013
0.00269843
0.00401172
0.00417374
0.00228463
0.00276562
0.00304034
0.00229449
0.00237896
0.00245876
0.00376414
0.00261470
0.00251316
0.00316066
0.00320623
0.00281929
0.00345345
0.00282048
0.00279692
0.00390271
0.00565636
0.00264885
0.00390580
0.00376668
0.00273977
0.00360973
0.00475119
0.00256092
0.00303942
0.00237487
0.00389497
0.00361972
0.00286441
0.00221752
0.00472044
0.00427849
0.00246351
0.00236674
0.00363389
0.00378808
0.00345069
0.00325259
0.00285270
0.00342700
0.00313518
0.00276503
0.00373391
0.00238966
0.00474669
0.00203219
0.00199645
0.00258072
0.00302460
0.00235309
0.00310459
0.00196148
0.00415469
0.00367475
0.00269036
0.00292748
0.00281291
0.00414833
0.00255626
0.00386038
0.00260018
0.00373831
0.00321083
0.00455330
0.00430125
0.00246573
0.00253766
0.00249554
0.00401753
0.00281938
0.00210673
0.00264224
0.00586955
0.00497077
0.00344999
0.00300425
0.00261875
0.00417717
0.00369958
0.00517832
0.00440288
0.00243781
0.00279068
0.00287174
0.00384554
0.00342539
0.00296425
0.00324508
0.00290487
0.00258684
0.00354554
0.00230639
0.00523555
0.00374752
0.00271315
0.00336088
0.00223859
0.00343902
0.00280335
0.00328819
0.00362481
0.00245787
0.00245579
0.00266418
0.00489379
0.00430211
0.00394923
0.00327098
0.00251454