0.00101419
0.00096446
0.00106630
0.00098222
0.00103944
0.00092217
0.00100374
0.00105292
0.00101482
0.00104693
0.00094335
0.00102281
0.00103687
0.00102674
0.00096866
0.00099750
0.00100923
0.00096341
0.00101592
0.00090544
0.00106844
0.00096474
0.00104573
0.00106683
0.00100144
0.00092062
0.00099802
0.00103971
0.00093780
0.00095362
0.00101315
0.00098654
0.00097366
0.00099624
0.00095269
0.00085982
0.00098637
0.00109280
0.00087258
0.00088704
0.00106297
0.00102696
0.00101467
0.00101144
0.00096190
0.00095989
0.00097959
0.00095799
0.00093788
0.00101608
0.00108464
0.00101014
0.00089454
0.00101506
0.00096171
0.00102031
0.00096278
0.00094813
0.00104963
0.00089162
0.00092729
0.00103624
0.00099184
0.00097760
0.00098445
0.00091774
0.00092056
0.00099028
0.00093546
0.00103375
0.00087354
0.00095684
0.00100995
0.00098640
0.00101306
0.00108875
0.00095360
0.00096810
0.00090414
0.00090627
0.00096386
0.00098871
0.00093804
0.00100901
0.00102581
0.00101349
0.00095416
0.00094710
0.00104608
0.00107601
0.00102953
0.00099853
0.00116630
0.00091901
0.00102866
0.00104265
0.00098010
0.00108030
0.00121197
0.00095352
0.00088755
0.00098033
0.00099248
0.00108219
0.00096690
0.00097183
0.00101490
0.00095290
0.00094568
0.00100541
0.00112329
0.00098845
0.00091814
0.00106462
0.00090768
0.00112785
0.00099648
0.00098967
0.00100692
0.00092964
0.00102629
0.00093174
0.00087424
0.00103917
0.00092718
0.00101160
0.00098092
0.00103222
0.00088618
0.00093401
0.00111671
0.00094198
0.00093675
0.00096262
0.00099469
0.00093176
0.00093651
0.00089559
0.00093444
0.00096720
0.00101007
0.00092795
0.00100413
0.00102045
0.00120046
0.00109936
0.00094866
0.00099581
0.00093775
0.00120575
0.00098538
0.00100067
0.00099561
0.00111556
0.00095188
0.00102013
0.00093006
0.00096510
0.00092568
0.00099761
0.00095831
0.00099845
0.00091605
0.00102509
0.00087786
0.00094033
0.00097606
0.00088195
0.00104320
0.00098899
0.00092608
0.00096977
0.00091144
0.00093342
0.00111938
0.00093343
0.00105410
0.00098173
0.00108496
0.00090610
0.00104959
0.00102856
0.00097664
0.00099872
0.00105544
0.00089939
0.00100355
0.00097051
0.00096633
0.00105889
0.00087418
0.00098612
0.00106492
0.00100597
0.00098067
0.00095961
0.00097987
0.00096476
0.00096070
0.00096870
0.00116991
0.00115405
0.00112287
0.00104454
0.00093069
0.00097293
0.00090510
0.00100376
0.00100422
0.00107699
0.00100656
0.00098786
0.00107248
0.00097928
0.00094945
0.00093328
0.00102337
0.00108031
0.00106954
0.00096854
0.00097161
0.00106116
0.00096976
0.00093033
0.00108296
0.00096068
0.00089662
0.00089192
0.00127077
0.00106086
0.00095899
0.00104775
0.00114766
0.00093517
0.00102657
0.00104041
0.00092471
0.00106511
0.00096461
0.00093566
0.00104802
0.00104503
0.00100524
0.00097649
0.00087623
0.00101105
0.00096841
0.00105527
0.00101517
0.00097899
0.00108590
0.00102987
0.00099226
0.00108336
0.00099900
0.00097041
0.00095109
0.00119068
0.00098994
0.00095187
0.00092070
0.00104763
0.00103212
0.00103001
0.00098748
0.00091152
0.00101788
0.00093025
0.00099036
0.00092745
0.00096263
0.00094100
0.00103713
0.00095499
0.00107450
0.00103715
0.00094842
0.00101245
0.00096475
0.00112567
0.00095995
0.00115366
0.00103554
0.00096036
0.00098036
0.00093823
0.00132401
0.00099471
0.00101674
0.00095016
0.00089187
0.00099924
0.00103290
0.00104046
0.00089331
0.00095027
0.00102564
0.00105585
0.00092864
0.00092759
0.00095889
0.00096811
0.00101268
0.00104128
0.00104338
0.00097575
0.00097270
0.00096173
0.00106178
0.00107041
0.00096088
0.00096510
0.00097934
0.00097394
0.00096839
0.00093348
0.00091541
0.00109460
0.00103708
0.00101788
0.00092665
0.00104350
0.00101559
0.00122514
0.00090751
0.00100574
0.00111155
0.00093342
0.00094677
0.00094620
0.00132443
0.00105973
0.00092351
0.00093192
0.00117488
0.00103658
0.00097767
0.00102220
0.00103754
0.00099554
0.00100151
0.00114920
0.00095258
0.00104830
0.00101375
0.00107256
0.00096471
0.00113907
0.00106391
0.00104698
0.00094882
0.00093861
0.00095697
0.00119917
0.00097996
0.00107798
0.00103056
0.00110211
0.00096075
0.00086644
0.00096057
0.00100618
0.00101870
0.00119773
0.00101316
0.00123164
0.00096202
0.00094764
0.00101149
0.00102817
0.00102377
0.00106975
0.00100202
0.00094597
0.00102291
0.00115973
0.00094716
0.00106996
0.00106927
0.00107676
0.00094474
0.00096445
0.00102512
0.00101402
0.00124755
0.00101927
0.00116438
0.00102606
0.00093911
0.00103288
0.00096359
0.00093790
0.00107346
0.00098085
0.00091329
0.00111423
0.00096576
0.00091556
0.00103036
0.00095185
0.00099370
0.00097429
0.00105199
0.00093389
0.00099478
0.00104850
0.00117507
0.00112529
0.00092941
0.00094029
0.00094335
0.00103191
0.00096263
0.00099799
0.00098679
0.00098511
0.00093833
0.00102245
0.00106318
0.00098705
0.00095539
0.00096138
0.00101237
0.00095580
0.00102413
0.00102428
0.00098666
0.00096144
0.00101605
0.00107951
0.00101850
0.00096530
0.00094073
0.00095818
0.00090362
0.00108254
0.00099858
0.00104815
0.00102809
0.00107184
0.00105650
0.00086498
0.00091053
0.00104022
0.00101770
0.00103334
0.00089756
0.00112888
0.00092791
0.00111768
0.00092660
0.00138225
0.00100988
0.00089848
0.00090207
0.00102207
0.00101455
0.00096641
0.00109034
0.00090936
0.00096692
0.00101374
0.00123031
0.00094278
0.00114829
0.00104978
0.00099253
0.00105147
0.00108965
0.00089647
0.00104346
0.00092684
0.00103019
0.00112770
0.00098460
0.00102727
0.00095857
0.00096984
0.00098457
0.00097266
0.00093699
0.00098253
0.00110968
0.00105703
0.00095628
0.00101320
0.00098376
0.00090597
0.00100352
0.00105718
0.00093550
0.00095246
0.00099730
0.00099835
0.00095092
0.00097772
0.00102251
0.00099869
0.00118043
0.00104016