0.00176219
0.00268631
0.00242545
0.00191630
0.00225894
0.00213150
0.00269577
0.00166746
0.00233669
0.00213095
0.00252170
0.00238557
0.00234824
0.00188379
0.00183347
0.00212090
0.00193224
0.00297656
0.00205417
0.00192446
0.00215790
0.00224992
0.00189830
0.00210070
0.00209380
0.00196513
0.00264001
0.00178367
0.00205330
0.00177265
0.00210603
0.00376958
0.00267537
0.00220877
0.00211394
0.00245192
0.00198283
0.00202521
0.00205289
0.00191700
0.00250569
0.00263832
0.00231800
0.00261123
0.00306148
0.00193898
0.00238801
0.00192362
0.00197289
0.00174417
0.00249820
0.00241797
0.00272660
0.00184619
0.00244356
0.00191078
0.00208406
0.00223438
0.00245194
0.00177400
0.00369043
0.00373542
0.00217232
0.00214952
0.00265569
0.00201869
0.00220982
0.00218674
0.00168892
0.00214255
0.00234569
0.00195674
0.00229513
0.00251820
0.00218969
0.00253136
0.00242847
0.00185033
0.00221975
0.00281135
0.00199196
0.00223153
0.00214609
0.00197973
0.00201937
0.00220349
0.00201699
0.00209388
0.00180659
0.00254121
0.00516317
0.00494729
0.00246340
0.00215924
0.00279664
0.00353682
0.00210898
0.00200316
0.00267928
0.00277257
0.00224473
0.00228755
0.00183363
0.00243177
0.00207775
0.00197659
0.00204843
0.00181923
0.00228160
0.00209374
0.00222130
0.00205066
0.00268869
0.00209080
0.00184416
0.00226319
0.00243278
0.00200030
0.00172371
0.00281859
0.00190376
0.00213349
0.00236730
0.00389941
0.00199636
0.00232497
0.00189107
0.00237589
0.00197820
0.00209802
0.00233230
0.00198251
0.00215789
0.00252279
0.00250672
0.00222522
0.00272394
0.00193987
0.00186513
0.00271007
0.00195358
0.00239953
0.00213053
0.00202366
0.00214920
0.00221683
0.00196581
0.00203969
0.00225329
0.00249616
0.00205845
0.00274001
0.00188377
0.00177262
0.00198703
0.00231695
0.00167514
0.00189769
0.00361254
0.00178394
0.00261879
0.00236788
0.00193303
0.00285164
0.00267025
0.00323375
0.00196254
0.00216005
0.00203667
0.00342385
0.00265161
0.00227099
0.00199848
0.00234573
0.00194518
0.00252726
0.00212817
0.00186569
0.00237508
0.00233274
0.00262328
0.00215697
0.00209295
0.00193763
0.00237554
0.00225916
0.00262169
0.00224997
0.00185979
0.00223601
0.00178858
0.00188928
0.00209404
0.00256468
0.00194056
0.00227454
0.00181677
0.00189337
0.00333650
0.00272533
0.00262502
0.00205658
0.00282320
0.00207587
0.00262482
0.00207150
0.00213603
0.00221240
0.00214644
0.00298241
0.00237963
0.00202816
0.00193475
0.00225508
0.00178751
0.00220914
0.00200898
0.00199093
0.00190476
0.00225027
0.00287798
0.00299764
0.00224806
0.00390771
0.00289513
0.00268578
0.00256126
0.00202865
0.00181498
0.00242633
0.00250521
0.00282223
0.00198880
0.00303280
0.00193921
0.00226642
0.00190741
0.00193538
0.00194881
0.00222060
0.00208026
0.00295381
0.00200102
0.00259465
0.00260536
0.00223690
0.00208146
0.00214174
0.00194459
0.00187861
0.00183278
0.00276753
0.00279609
0.00206379
0.00174944
0.00254029
0.00315948
0.00200451
0.00248353
0.00169586
0.00185305
0.00238842
0.00227445
0.00234137
0.00298847
0.00222293
0.00251084
0.00296713
0.00253213
0.00188956
0.00204261
0.00370609
0.00210906
0.00208216
0.00185156
0.00218914
0.00216426
0.00250069
0.00197527
0.00200556
0.00202321
0.00207001
0.00179290
0.00189586
0.00272836
0.00190798
0.00203261
0.00198767
0.00235487
0.00172075
0.00295000
0.00335381
0.00216145
0.00250203
0.00190798
0.00216119
0.00226437
0.00230885
0.00243113
0.00187173
0.00226854
0.00250751
0.00234205
0.00202753
0.00259108
0.00219092
0.00225239
0.00200929
0.00209693
0.00179743
0.00374382
0.00188518
0.00207428
0.00199124
0.00249033
0.00338750
0.00195764
0.00242329
0.00192242
0.00195516
0.00258278
0.00177775
0.00254531
0.00194895
0.00203346
0.00255297
0.00219981
0.00182190
0.00237588
0.00202319
0.00188984
0.00264843
0.00285188
0.00200444
0.00258522
0.00199523
0.00244470
0.00300368
0.00198466
0.00203527
0.00277869
0.00195461
0.00219999
0.00202907
0.00179893
0.00209097
0.00220096
0.00216575
0.00197121
0.00222195
0.00255150
0.00260793
0.00186851
0.00198462
0.00262971
0.00226294
0.00233924
0.00240368
0.00198282
0.00179596
0.00282781
0.00218337
0.00184875
0.00230608
0.00234615
0.00176432
0.00266669
0.00216346
0.00227798
0.00174836
0.00216155
0.00233255
0.00277688
0.00202410
0.00196530
0.00208253
0.00189997
0.00236064
0.00258521
0.00419889
0.00206597
0.00818084
0.00204484
0.00248190
0.00199802
0.00269495
0.00218794
0.00189976
0.00254251
0.00195918
0.00311188
0.00220558
0.00257570
0.00198381
0.00284406
0.00361704
0.00253615
0.00185372
0.00229020
0.00239767
0.00225773
0.00266895
0.00252915
0.00182835
0.00346486
0.00186831
0.00196947
0.00259851
0.00201631
0.00257406
0.00197996
0.00224968
0.00225647
0.00208116
0.00194908
0.00232025
0.00217471
0.00215321
0.00213893
0.00182681
0.00211694
0.00298813
0.00215222
0.00333986
0.00187408
0.00285598
0.00328424
0.00247899
0.00207794
0.00170667
0.00219361
0.00202995
0.00204163
0.00182733
0.00183964
0.00196500
0.00334814
0.00190343
0.00201717
0.00222110
0.00189799
0.00218506
0.00205941
0.00270114
0.00213304
0.00206297
0.00184080
0.00246685
0.00221457
0.00194590
0.00193753
0.00228076
0.00233523
0.00189149
0.00308830
0.00193924
0.00217705
0.00200540
0.00210021
0.00263998
0.00180556
0.00202700
0.00182217
0.00213022
0.00207385
0.00212996
0.00229021
0.00178157
0.00190459
0.00237969
0.00249694
0.00237353
0.00258730
0.00202491
0.00260233
0.00286466
0.00211642
0.00324485
0.00216647
0.00207086
0.00190675
0.00184345
0.00199262
0.00207039
0.00207732
0.00201196
0.00281436
0.00218737
0.00214743
0.00228915
0.00201633
0.00327040
0.00233399
0.00245271
0.00233648
0.00227000
0.00331480
0.00191729
0.00246449
0.00214059