0.00070005
0.00069961
0.00068679
0.00075100
0.00072474
0.00068625
0.00068718
0.00071884
0.00073912
0.00070338
0.00067546
0.00069150
0.00066942
0.00069523
0.00072593
0.00068702
0.00071661
0.00071516
0.00069104
0.00072073
0.00069182
0.00071090
0.00070464
0.00067817
0.00070556
0.00070872
0.00069679
0.00069816
0.00069549
0.00070145
0.00068654
0.00074772
0.00071433
0.00071048
0.00072560
0.00071440
0.00070890
0.00068425
0.00069690
0.00069094
0.00067391
0.00068115
0.00070004
0.00069869
0.00069758
0.00069363
0.00070810
0.00071880
0.00072338
0.00068055
0.00069005
0.00070195
0.00069079
0.00071353
0.00071663
0.00073024
0.00070129
0.00070828
0.00074648
0.00069748
0.00071112
0.00069093
0.00068703
0.00070964
0.00070055
0.00066842
0.00072869
0.00068079
0.00068798
0.00069743
0.00068272
0.00071079
0.00072900
0.00068532
0.00070069
0.00069000
0.00074352
0.00071525
0.00071247
0.00070140
0.00071786
0.00071389
0.00072156
0.00067856
0.00068116
0.00071478
0.00070674
0.00070856
0.00069452
0.00065872
0.00069135
0.00071070
0.00072568
0.00071003
0.00074994
0.00071099
0.00072081
0.00069925
0.00074069
0.00069947
0.00069649
0.00070278
0.00070157
0.00068701
0.00069185
0.00071362
0.00071772
0.00070277
0.00075028
0.00069195
0.00068869
0.00070798
0.00070025
0.00069176
0.00074224
0.00071090
0.00072286
0.00069972
0.00071726
0.00070835
0.00072362
0.00068626
0.00069318
0.00071256
0.00071808
0.00069232
0.00070461
0.00069696
0.00070203
0.00070692
0.00082947
0.00080276
0.00073860
0.00069685
0.00071086
0.00069396
0.00067851
0.00070358
0.00070283
0.00071281
0.00069606
0.00067828
0.00069710
0.00074059
0.00069619
0.00071324
0.00069025
0.00071170
0.00071553
0.00074970
0.00072883
0.00072562
0.00072527
0.00072358
0.00072081
0.00073671
0.00068763
0.00072007
0.00071331
0.00070682
0.00070724
0.00070832
0.00072379
0.00070308
0.00070105
0.00071822
0.00072872
0.00068923
0.00068686
0.00066647
0.00070123
0.00072033
0.00071278
0.00075324
0.00070971
0.00071225
0.00070239
0.00071563
0.00066878
0.00077136
0.00071316
0.00068886
0.00072306
0.00068684
0.00070700
0.00070207
0.00069936
0.00072055
0.00068298
0.00071673
0.00069209
0.00068068
0.00070506
0.00070253
0.00070761
0.00071153
0.00068200
0.00071698
0.00069218
0.00073339
0.00070728
0.00070532
0.00070084
0.00071574
0.00069768
0.00071573
0.00073847
0.00073366
0.00068508
0.00069473
0.00068601
0.00075215
0.00071394
0.00070448
0.00070570
0.00068613
0.00068737
0.00069968
0.00067235
0.00073612
0.00069358
0.00068958
0.00068106
0.00069785
0.00068783
0.00068417
0.00068718
0.00069142
0.00067030
0.00068777
0.00072190
0.00074394
0.00069610
0.00074928
0.00073006
0.00068602
0.00070284
0.00071423
0.00070810
0.00069297
0.00071022
0.00069034
0.00065785
0.00069783
0.00068657
0.00069154
0.00072323
0.00068923
0.00070347
0.00070193
0.00072988
0.00071097
0.00069576
0.00070115
0.00070515
0.00070958
0.00068557
0.00068977
0.00069707
0.00071268
0.00069861
0.00069691
0.00069626
0.00069687
0.00074101
0.00071050
0.00067795
0.00068920
0.00068317
0.00071002
0.00069637
0.00068870
0.00073280
0.00071304
0.00067615
0.00067624
0.00071451
0.00068578
0.00070811
0.00069655
0.00071095
0.00067617
0.00068886
0.00070737
0.00070028
0.00073340
0.00069136
0.00069067
0.00069212
0.00069152
0.00072085
0.00075024
0.00069473
0.00070820
0.00073119
0.00070863
0.00070510
0.00072104
0.00073670
0.00070212
0.00071260
0.00071871
0.00068912
0.00069001
0.00068356
0.00070653
0.00072705
0.00070876
0.00070042
0.00071377
0.00073000
0.00069987
0.00071000
0.00067673
0.00069578
0.00068324
0.00068413
0.00068802
0.00072310
0.00068600
0.00070752
0.00070128
0.00069217
0.00069789
0.00071378
0.00070090
0.00068498
0.00070400
0.00072856
0.00070828
0.00070034
0.00070551
0.00073796
0.00072050
0.00068470
0.00068346
0.00074607
0.00070107
0.00070226
0.00071468
0.00071297
0.00069266
0.00067966
0.00070817
0.00069176
0.00070957
0.00068747
0.00072169
0.00072551
0.00067090
0.00069666
0.00072220
0.00071353
0.00069273
0.00069419
0.00070294
0.00069145
0.00071282
0.00070492
0.00070633
0.00071177
0.00069502
0.00072475
0.00071077
0.00068343
0.00073202
0.00068493
0.00071562
0.00068938
0.00071257
0.00069147
0.00070078
0.00068775
0.00070790
0.00070854
0.00069305
0.00071592
0.00072261
0.00071816
0.00071040
0.00069862
0.00071553
0.00069498
0.00074482
0.00074165
0.00067449
0.00070440
0.00068569
0.00071872
0.00068407
0.00071006
0.00069953
0.00069838
0.00068638
0.00070753
0.00071699
0.00070170
0.00070427
0.00073223
0.00072519
0.00068554
0.00071097
0.00067034
0.00070166
0.00071528
0.00070368
0.00069891
0.00070431
0.00070545
0.00072296
0.00072920
0.00071580
0.00066612
0.00076118
0.00070031
0.00067846
0.00066321
0.00071464
0.00069336
0.00069464
0.00066788
0.00068065
0.00072660
0.00071978
0.00070955
0.00073700
0.00067702
0.00069812
0.00068642
0.00069141
0.00068738
0.00068555
0.00068961
0.00067809
0.00070352
0.00069519
0.00070654
0.00067551
0.00069752
0.00072764
0.00069661
0.00071840
0.00071152
0.00072835
0.00066806
0.00068571
0.00073353
0.00072481
0.00069568
0.00067993
0.00069217
0.00071221
0.00069753
0.00070376
0.00069251
0.00070796
0.00070187
0.00068565
0.00071681
0.00073980
0.00070559
0.00070670
0.00070089
0.00068942
0.00070510
0.00070492
0.00072177
0.00071728
0.00070639
0.00073056
0.00070062
0.00069293
0.00069459
0.00073038
0.00069999
0.00069627
0.00070856
0.00068743
0.00070126
0.00071753
0.00071477
0.00071083
0.00069527
0.00073769
0.00069693
0.00072793
0.00069290
0.00072706
0.00068763
0.00073079
0.00069202
0.00070632
0.00069502
0.00068496
0.00069563
0.00073661
0.00070811
0.00067763
0.00069565
0.00071177