0.01122299
0.01015396
0.01129795
0.01090417
0.01043382
0.01018107
0.01042864
0.00906749
0.01052761
0.00912538
0.00935260
0.01036321
0.01196826
0.00884742
0.01037552
0.01178912
0.01062698
0.00808028
0.01037668
0.00869028
0.00964409
0.01028792
0.00994514
0.00907891
0.00929151
0.00932972
0.00902068
0.00931851
0.00871924
0.01201603
0.01044589
0.00947821
0.00872045
0.01162690
0.00868608
0.00867065
0.00946264
0.01036651
0.00917305
0.00895307
0.00935268
0.01165326
0.00860722
0.00997067
0.01049009
0.00982461
0.00875788
0.00986497
0.00913828
0.01291302
0.00900303
0.00999367
0.00941965
0.01021900
0.00883038
0.01464565
0.00886390
0.00972204
0.00968634
0.00939892
0.01000058
0.00971359
0.01128657
0.01139965
0.01180059
0.00959315
0.00944330
0.00870381
0.00874984
0.00991034
0.00940799
0.00932959
0.01013333
0.00969892
0.01253260
0.00967777
0.01059248
0.00958259
0.00927498
0.00954173
0.01054893
0.00981369
0.01064181
0.01078623
0.01042803
0.01331912
0.00942165
0.01078913
0.01118281
0.01074034
0.01094926
0.00889354
0.00974167
0.00919534
0.00945992
0.00991700
0.00997395
0.00892919
0.00999275
0.00919617
0.00936199
0.01132215
0.00840175
0.00998504
0.00940825
0.00918460
0.00959178
0.00968990
0.00882292
0.00899666
0.01060005
0.01113394
0.00891545
0.01064920
0.00935576
0.01123679
0.00888068
0.01089880
0.00961350
0.00928000
0.00955433
0.00867782
0.00929791
0.01089868
0.01024289
0.01072406
0.00942971
0.00910665
0.00976521
0.00971204
0.01044691
0.00871554
0.00941285
0.00967490
0.01035688
0.01010894
0.00986434
0.01045397
0.00976282
0.01054652
0.00843599
0.00983567
0.00888732
0.00955710
0.00929642
0.01009851
0.00913353
0.01086341
0.01075357
0.00940279
0.00893183
0.00999173
0.01077750
0.01085044
0.01030619
0.01441724
0.00859869
0.00954352
0.01086789
0.01034906
0.00914372
0.00923806
0.01000110
0.00913957
0.01042597
0.01473450
0.00907835
0.00910925
0.00982805
0.00978395
0.01101336
0.01100662
0.00957186
0.00921029
0.00931058
0.00919188
0.01015541
0.00930172
0.00830763
0.01880358
0.00876930
0.00921060
0.00928517
0.00930325
0.01246194
0.00908846
0.01118348
0.00949780
0.00889038
0.01043827
0.01007069
0.00891503
0.01037286
0.00928643
0.00961615
0.01102773
0.01133978
0.00951238
0.00931037
0.00993257
0.00943467
0.00898678
0.01016791
0.00853132
0.00945065
0.00943630
0.01012583
0.01082334
0.00928711
0.01002431
0.00938591
0.00942033
0.00986607
0.01053100
0.00908299
0.01012497
0.00882060
0.00942745
0.01109166
0.00955770
0.01057570
0.01026109
0.00948606
0.00920423
0.00905336
0.00971149
0.00936557
0.00893293
0.00935419
0.00892527
0.00962288
0.00979964
0.00980844
0.00981386
0.00992309
0.00993051
0.00913758
0.00985444
0.01070682
0.01073703
0.00913597
0.00922156
0.01058423
0.00979634
0.00896560
0.00921068
0.00807558
0.00882640
0.01084663
0.00992116
0.00930369
0.01097535
0.00977467
0.00997870
0.01095906
0.00930382
0.01012303
0.00860694
0.00987983
0.00933978
0.00959707
0.00979299
0.00936396
0.01028703
0.00913266
0.01197613
0.01020617
0.01001609
0.01121280
0.00919930
0.00893033
0.01008612
0.00876492
0.00938081
0.00951377
0.01215103
0.00879974
0.00950605
0.00913386
0.00952142
0.00956289
0.00905162
0.01017132
0.00978509
0.00912475
0.00930476
0.01110751
0.00944953
0.01020984
0.01050101
0.01052668
0.01075733
0.00917336
0.00985924
0.00944242
0.00882830
0.01062534
0.00913597
0.00826670
0.01069134
0.00993026
0.00945236
0.00917086
0.01133549
0.00944117
0.00905321
0.01099022
0.00908120
0.01047601
0.01079358
0.00964144
0.01000603
0.00953047
0.00946061
0.01070938
0.01425934
0.00871191
0.00905305
0.01131809
0.01179400
0.00982964
0.00899455
0.01033156
0.01620274
0.01041216
0.01045505
0.01138244
0.00978470
0.01152506
0.00913228
0.00951854
0.01140499
0.00910785
0.01031581
0.00935044
0.01145440
0.01045008
0.00981757
0.01072042
0.01031595
0.00913635
0.00960473
0.00970346
0.00918506
0.00962756
0.01235668
0.01025240
0.01003104
0.01049318
0.00863988
0.00992630
0.00945212
0.00950865
0.01069219
0.01061969
0.00955215
0.01031592
0.01163273
0.00986219
0.01044919
0.00923369
0.00879437
0.00949717
0.01032587
0.01179380
0.00991662
0.00945148
0.01031281
0.01048429
0.00949232
0.00865019
0.00957243
0.01054882
0.00884502
0.00960950
0.01001251
0.00883035
0.00895952
0.01023279
0.00956524
0.00948838
0.01070569
0.00903061
0.00893424
0.01011028
0.01006226
0.00923819
0.00964376
0.01043078
0.01144295
0.00929136
0.01289083
0.00897979
0.01066509
0.00864824
0.00893048
0.01101516
0.01065834
0.01059012
0.00890162
0.00930137
0.01036867
0.01017185
0.00927877
0.02013006
0.00839719
0.01120608
0.00971828
0.00925632
0.01022594
0.00940908
0.00980269
0.01015590
0.01032015
0.01087655
0.00980905
0.01030297
0.01018091
0.01022253
0.00979700
0.00953427
0.00969589
0.00863543
0.00881122
0.00974711
0.00903517
0.00879157
0.00885156
0.00896697
0.00984753
0.00967199
0.01039506
0.01126235
0.00912188
0.00883258
0.01207210
0.01019147
0.00903522
0.00965863
0.01110872
0.00900522
0.01047227
0.00931242
0.00930389
0.00978356
0.01569384
0.01081702
0.00993769
0.01028387
0.00978442
0.00915864
0.00877242
0.00916647
0.01021114
0.00898422
0.00910266
0.00903618
0.00994354
0.00975479
0.00996971
0.00947868
0.00946030
0.01281061
0.01522221
0.00861685
0.00906159
0.00871537
0.00916923
0.00959686
0.00924035
0.00915618
0.01003574
0.01009390
0.00991089
0.00946610
0.01009439
0.01124344
0.00921478
0.00893334
0.00914301
0.00953096
0.00903701
0.00961937
0.00967780
0.00891839
0.00899380
0.00857906
0.00970368
0.00937710
0.00875893
0.01224563
0.01010660
0.01139882
0.00930199
0.01115488
0.01168507
0.00909174
0.00885920
0.01393795
0.00991772