8.984757254049889896e-01
8.881797974581797650e-01
8.933544696576685151e-01
8.953941563176337493e-01
9.007914696689641731e-01
8.958524882050140636e-01
8.895091921875927232e-01
8.979793428227617058e-01
8.969392118647740997e-01
8.840800053294719518e-01
8.924600781221704304e-01
8.921205394118717491e-01
8.828158796061251756e-01
8.913701305755293847e-01
8.879430015138014554e-01
9.028125269463488367e-01
8.892041448569889539e-01
8.956679550921553545e-01
8.930156959733800415e-01
8.915026903798256575e-01
8.878216952935846784e-01
8.997299827529388061e-01
9.019637192422733651e-01
8.876321034460495918e-01
9.078728918402189096e-01
8.955883064368108659e-01
8.988875888528606861e-01
9.012337431683622446e-01
9.048955225783346101e-01
9.068249136074773009e-01
9.099355133543238772e-01
9.079741448212410582e-01
9.128322712924220594e-01
9.064076851878227759e-01
9.075669676005752029e-01
9.116973590654831039e-01
9.085235144499453908e-01
9.098122573612847930e-01
9.088992923446790329e-01
9.058627459341350718e-01
9.121476973181372738e-01
9.182239726078944564e-01
9.121273030023117068e-01
9.066574164147731540e-01
9.067730017119353114e-01
9.079720754237414759e-01
9.260725774685891754e-01
9.165072013672559414e-01
9.215508309068904946e-01
9.147328552416544856e-01
9.122795009724459225e-01
9.228086002728680404e-01
9.189792147933011357e-01
9.287161006365868277e-01
9.228168424553651050e-01
9.236245748687909041e-01
9.287872193089242723e-01
9.229884318930620113e-01
9.244153863453670184e-01
9.304260860553751344e-01
9.283213717502520890e-01
9.285774853460034839e-01
9.328326120769558916e-01
9.272055315149765331e-01
9.271863602576770891e-01
9.312181596821403895e-01
9.317491152991006498e-01
9.232495707040836441e-01
9.262551696132576007e-01
9.276351676707231819e-01
9.261859925642137448e-01
9.318409328283530080e-01
9.260845474231303998e-01
9.316318651644202031e-01
9.308893099295773021e-01
9.212881808912061210e-01
9.315259708627321444e-01
9.320495556075303334e-01
9.293114989081898702e-01
9.198340803481279693e-01
9.246907140763093169e-01
9.253247796702092076e-01
9.311645390675959977e-01
9.286392795518856325e-01
9.288592739313885627e-01
9.307073859589479747e-01
9.285519997870089748e-01
9.313810779978285437e-01
9.352107703331042909e-01
9.322933330508061944e-01
9.264198661301981108e-01
9.287217954037809697e-01
9.275848324108700860e-01
9.264299891978160506e-01
9.223873294920066357e-01
9.217673760077822465e-01
9.284480130316581370e-01
9.272199532525432497e-01
9.352395793293990511e-01
9.277232621858928496e-01
9.285090847447535767e-01
9.276394382210151335e-01
9.312997035781609423e-01
9.264916328848927796e-01
9.244183550534161853e-01
9.262658938884738014e-01
9.250420672794836818e-01
9.309492185582722845e-01
9.328304999306022971e-01
9.248329246758976163e-01
9.317219531692856327e-01
9.276018969107069356e-01
9.269826392706533857e-01
9.303305132568426838e-01
9.242003040574044981e-01
9.232966939603562961e-01
9.284704758568974592e-01
9.361724643820050762e-01
9.252981827741300069e-01
9.273648011861602702e-01
9.230514393317622579e-01
9.291293866706961113e-01
9.291680805350723826e-01
9.351831957172804799e-01
9.321560539721667205e-01
9.284275588573592808e-01
9.266078581703584005e-01
9.305222119059806118e-01
9.283709089642482315e-01
9.318517267567918427e-01
9.303726451836612510e-01
9.276972168960709864e-01
9.326588062304016491e-01
9.297534034393711844e-01
9.296284124935888515e-01
9.319807546980062307e-01
9.283602141271777297e-01
9.282134771603658407e-01
9.349269606890334705e-01
9.299179115101000592e-01
9.293612220061120421e-01
9.316062857920870410e-01
9.325864151909890598e-01
9.344986611421766121e-01
9.334210362703733166e-01
9.280179012286438045e-01
9.268471713401408296e-01
9.273986727687441034e-01
9.327569587327646516e-01
9.333525311478173547e-01
9.314071984017792127e-01
9.331707856673513435e-01
9.307854024868659204e-01
9.304158638809204573e-01
9.375513755666857740e-01
9.320382536998225165e-01
9.313648522176979361e-01
9.363340793761001368e-01
9.342184954851328049e-01
9.293478185162392657e-01
9.256879262172702516e-01
9.323907614378714737e-01
9.282537476935008858e-01
9.294216249916299466e-01
9.224631305300620143e-01
9.281446803777406718e-01
9.280519376434313017e-01
9.267866841308308734e-01
9.320531266327869435e-01
9.276209078748278714e-01
9.387056798722603901e-01
9.277098200372010384e-01
9.289050033423466024e-01
9.234369906506486592e-01
9.249662600599419804e-01
9.327571603066666661e-01
9.300455986244868800e-01
9.276940423594552954e-01
9.332679033140540703e-01
9.313333364479694509e-01
9.314509921839574380e-01
9.309397513711979988e-01
9.292821903105928927e-01
9.253547529418146844e-01
9.310334996253467610e-01
9.300799870071523312e-01
9.328797194775314550e-01
9.352247377146040153e-01
9.300073753996688231e-01
9.288198765566343384e-01
9.364853763165749134e-01
9.322850962390885066e-01
9.291425759471256818e-01
9.321070910713131763e-01
9.317451497880669953e-01
9.314012689570518866e-01
9.350856670919931446e-01
9.271544159876166091e-01
9.262820983834992861e-01
9.334858054825728724e-01
9.348901798024584764e-01
9.245843563659589259e-01
9.311184278256184887e-01
9.347190218649146232e-01
9.285363439943132846e-01
9.305116565433974030e-01
9.260103520643601094e-01
9.320442557057182498e-01
9.296510117498421044e-01
9.282619638943456764e-01
9.342211567179542486e-01
9.300995383313191978e-01
9.263105492227181603e-01
9.272562422806778226e-01
9.328486287128684440e-01
9.232448567186612998e-01
9.301345777883699428e-01
9.235680008714527434e-01
9.328372363718117066e-01
9.232942128382494174e-01
9.358030912500341358e-01
9.262702631974254475e-01
9.289006957662628849e-01
9.312910008174888343e-01
9.330866753418206594e-01
9.259924522850324635e-01
9.356705955820765475e-01
9.324446547917013550e-01
9.309460959026568672e-01
9.340477535520370633e-01
9.295082706567836528e-01
9.280307838961057154e-01
9.339039487216800328e-01
9.286693498165442540e-01
9.294974573857989197e-01
9.240720905539481222e-01
9.309293801936834312e-01
9.343673390957443203e-01
9.354531956091642897e-01
9.321611092420161171e-01
9.308986329293787998e-01
9.304042527954462516e-01
9.231622582891395590e-01
9.342855426744209879e-01
9.333696119328581675e-01
9.337629495881678565e-01
9.359889968113619396e-01
9.334906075542630521e-01
9.306021216198332446e-01
9.312846515579177309e-01
9.360750138687282673e-01
9.241498580404403640e-01
9.400424654490513454e-01
9.306462995829519746e-01
9.252285853211050792e-01
9.293764876103105532e-01
9.251481843823632367e-01
9.341095374795262973e-01
9.324830221498575655e-01
9.332837900236725659e-01
9.319803909117616580e-01
9.341019066661270243e-01
9.293018325296266147e-01
9.256301394506994962e-01
9.347034590797693721e-01
9.337077217965665810e-01
9.368224754169652835e-01
9.282401248123594018e-01
9.324889851544866382e-01
9.330455047994443696e-01
9.320623417959009727e-01
9.334392128553247181e-01
9.331326941536449704e-01
9.238098226884402520e-01
9.300219193184307009e-01
9.275347248360271690e-01
9.312557558268070856e-01
9.337954284217450107e-01
9.265406303206848992e-01
9.317113284372424697e-01
9.378673529531834641e-01
9.351807595986935118e-01
9.332200459852184604e-01
9.296512281518571896e-01
9.326429566505527458e-01
9.290001373718510536e-01
9.345172439871837211e-01
9.288820263169332847e-01
9.279771825314396816e-01
9.219903202862707037e-01
9.367770488145736874e-01
9.349756536906164150e-01
9.348816726848828695e-01
9.369251336451432932e-01
9.386840506926454886e-01
9.291217840074860179e-01
9.365142015978527024e-01
9.310085587232438398e-01
9.344078730374654196e-01
9.297733846349487408e-01
9.217934481567351401e-01
9.333787041977166243e-01
9.288955746953287962e-01
9.362406776587686164e-01
9.287165504629851798e-01
9.367058393637338609e-01
9.319228835486319529e-01
9.383460897092258390e-01
9.314129797545938061e-01
9.287270739242330375e-01
9.379853677229788023e-01
9.294269950907749767e-01
9.261091297533071698e-01
9.310880717244522931e-01
9.346690806755039160e-01
9.351031376262679551e-01
9.303311791603673386e-01
9.350950916741388452e-01
9.312500415997024827e-01
9.332926621664853206e-01
9.336622651042236765e-01
9.253315760628016973e-01
9.328096653796087434e-01
9.389386097638688922e-01
9.317771721976371158e-01
9.292127069215920798e-01
9.349932408153958097e-01
9.361803788143514549e-01
9.361012060850021355e-01
9.342631795654056104e-01
9.300734494001923203e-01
9.280015966868940813e-01
9.350612172866877847e-01
9.348511067455770318e-01
9.298628154451804573e-01
9.357197925720335263e-01
9.348343199664931324e-01
9.290727545012430477e-01
9.329724938312418114e-01
9.332840554750179152e-01
9.383936924122683321e-01
9.349354630282996625e-01
9.307163383832164349e-01
9.367783527282773637e-01
9.350610754292816296e-01
9.270495715145069537e-01
9.409669556332656004e-01
9.356798208073449086e-01
9.366730455834505475e-01
9.263542789787956311e-01
9.317108954986330627e-01
9.312471742864707469e-01
9.330357655058775235e-01
9.381549891270911656e-01
9.320047270169533604e-01
9.305814327795625118e-01
9.291702713935038327e-01
9.243512616431219797e-01
9.304689425774830269e-01
9.251804610903288095e-01
9.315886333669217700e-01
9.241659809176040463e-01
9.370207637936514011e-01
9.368180417490838963e-01
9.294388691181515449e-01
9.247697017313035728e-01
9.286007018063072715e-01
9.363531897341809129e-01
9.331345719768671110e-01
9.341580169292782454e-01
9.310818507643774389e-01
9.291426721102514774e-01
9.332707679942515711e-01
9.345755034310750942e-01
9.343262736557690351e-01
9.403362516852620256e-01
9.283952969132329702e-01
9.285927272777402264e-01
9.368637934930320599e-01
9.297247823615113482e-01
9.319805864537517026e-01
9.286917827936883585e-01
9.312001373348179900e-01
9.335174826355578936e-01
9.294298978567054892e-01
9.285650055123739754e-01
9.300412289501103213e-01
9.322536079006805698e-01
9.253337997334381004e-01
9.339236802201028587e-01
9.337254426834410426e-01
9.285728782435807016e-01
9.225596864455645196e-01
9.342449031053423614e-01
9.369985141423669006e-01
9.326573608744439525e-01
9.353231563720625363e-01
9.325002904774889467e-01
9.333641827357890275e-01
9.377491289721099355e-01
9.287115133629814112e-01
9.336269603736639944e-01
9.333632799699914662e-01
9.383743216828156486e-01
9.378251388876539529e-01
9.323246406109124695e-01
9.309660823717561540e-01
9.317627878126486518e-01
9.360846836237358692e-01
9.369971729049617615e-01
9.329799003724562612e-01
9.305109145634614665e-01
9.287659659914132559e-01
9.323032134479884991e-01
9.342403742797178445e-01
9.337294159012240469e-01
9.280465764532701556e-01
9.375258701232330738e-01
9.329615435074970486e-01
9.354154362845196191e-01
9.297061658055010280e-01
9.339606707772591943e-01
9.335661899040336165e-01
9.377059628852051354e-01
9.365201269936660466e-01
9.313802394515071637e-01
9.327818907919378510e-01
9.274885405257046189e-01
9.335558962207950451e-01
9.327811137365680239e-01
9.321213204224331195e-01
9.250431988687815021e-01
9.345188778621892345e-01
9.406734208280461695e-01
9.361358171602502942e-01
9.311342361460652750e-01
9.308334441306728158e-01
9.332396763158479214e-01
9.287225658148856589e-01
9.401624620794746257e-01
9.370902452837205354e-01
9.314849208672763003e-01
9.337761513529854174e-01
9.334417786561219899e-01
9.286369246327303983e-01
9.347017520140096236e-01
9.270871827375336549e-01
9.355097087912582765e-01
9.370067036473873623e-01
9.365009615279376032e-01
9.353582032798022361e-01
9.269101068123233311e-01
9.313661949945626350e-01
9.358689106335930097e-01
9.359537735927410118e-01
9.373258341812186201e-01
9.303864008854297873e-01
9.269249559619092693e-01
9.288536391145578719e-01
9.296339513192363180e-01
9.392208133898494182e-01
9.325133237061357105e-01
9.352895928575145623e-01
9.358265833066731210e-01
9.350022998854521372e-01
9.293430680916369147e-01
9.330740622737178080e-01
9.340537895907982113e-01
9.317340391668121891e-01
9.317808235233171477e-01
9.354908410110931438e-01
9.344249224347360716e-01
9.317654075502440625e-01
9.280340357547786079e-01
9.296893109217062579e-01
9.321981578719089612e-01
9.223553957431995798e-01
9.384869327626101931e-01
9.311002850344712867e-01
9.389052137690329092e-01
9.255234400759263513e-01
9.292578669745893416e-01
9.310690942725398100e-01
9.315505483112390683e-01
9.345377029172161620e-01
9.420637911220727245e-01
9.381285645214447744e-01
9.362878714418577664e-01
9.358177901032352919e-01
9.361316632378519076e-01
9.352007944293225794e-01
9.358517160817300118e-01
9.321118379386322816e-01
9.373301469287000920e-01
9.323320531199001948e-01
9.304541232749532487e-01
9.327868266119259122e-01
9.358918767595187926e-01
9.363403858227862253e-01
9.358954950327474931e-01
9.319870836451391583e-01
9.298514050075149528e-01
9.279249186581148834e-01
9.284408024371506585e-01
9.323046691293933597e-01
9.390259708899800772e-01
9.329291535488640763e-01
9.286227534040925047e-01
9.290557322177764865e-01
9.381956446179290365e-01
9.383204011031353042e-01
9.321456081367697211e-01
9.328059233085937985e-01
9.393214707244545991e-01
9.322213595826772670e-01
9.337322622519098614e-01
9.330301642835046039e-01
9.286164869127325749e-01
9.402127845782503046e-01
9.349602245257448985e-01
9.393257318826332414e-01
9.343562741660629278e-01
9.334462862849248754e-01
9.402043401241416687e-01
9.387244401585438380e-01
9.313283937642209409e-01
9.295874490267403978e-01
9.335981498587929694e-01
9.329908848428040136e-01
9.312167002056581655e-01
9.247042750202166816e-01
9.386024590866948181e-01
9.334711336928934733e-01
9.297595666598458264e-01
9.367794012808841053e-01
9.349193936570678876e-01
9.329891842200592755e-01
9.331081958576068480e-01
9.300533411159187525e-01
9.324302512798320342e-01
9.300310943809959596e-01
9.302049986412554983e-01
9.310756993677961058e-01
9.330513352486425882e-01
9.334409442704046933e-01
9.347730282642414679e-01
9.304006636404978936e-01
9.320995187696818896e-01
9.346137559357443614e-01
9.351436753264239510e-01
9.280726836062500595e-01
9.332025772510885719e-01
9.325516317018910373e-01
9.354522649051663086e-01
9.375928636847692399e-01
9.404211838611693519e-01
9.332922148440034871e-01
9.430315822695347627e-01
9.331600824936141514e-01
9.284594152118073040e-01
9.353826099697987173e-01
9.385766575629479469e-01
9.349452239140434440e-01
9.358071591452263860e-01
9.350524697118399731e-01
9.355391956706660128e-01
9.354124434602505422e-01
9.295456355512345947e-01
9.356130933056249210e-01
9.381733819655130313e-01
9.345438566678765380e-01
9.372716280215857010e-01
9.346554172283449979e-01
9.311917407448589978e-01
9.379740210313424198e-01
9.381648369203189342e-01
9.368472795416731280e-01
9.300453441958450584e-01
9.294871449461841184e-01
9.364493582531392413e-01
9.305757955653324309e-01
9.395174438721007881e-01
9.361692917008512804e-01
9.355730038409001414e-01
9.336891594228022839e-01
9.350164855587689283e-01
9.251842206351962306e-01
9.323985962209093703e-01
9.408341624129440417e-01
9.327330977532557466e-01
9.329294801407037596e-01
9.336863052430187659e-01
9.371085465711075368e-01
9.411422444691643907e-01
9.301384329869258893e-01
9.318431808920638604e-01
9.378007970602151300e-01
9.321002337669871407e-01
9.253441418522524442e-01
9.357183584960848677e-01
9.348637278263244310e-01
9.378285946369541159e-01
9.307279653240715378e-01
9.391641510356398825e-01
9.367540440193096174e-01
9.366187905887732867e-01
9.356041727459747381e-01
9.347949217883598783e-01
9.251651899224087039e-01
9.347054005920284458e-01
9.365117370422143539e-01
9.337332801985774866e-01
9.389936856876233140e-01
9.332141548817568522e-01
9.354396548118605326e-01
9.352073817416541868e-01
9.340413470954134212e-01
9.375713661703041213e-01
9.322126246881462519e-01
9.297307645535937137e-01
9.322767423259263886e-01
9.301115920647810009e-01
9.333941893313660865e-01
9.279909808898619827e-01
9.257658997968694070e-01
9.257447750141399867e-01
9.400940164526764287e-01
9.353966760909027123e-01
9.378738545274803995e-01
9.372771784798249461e-01
9.296207654209108773e-01
9.351997390153945489e-01
9.337793973873512732e-01
9.348389311701998938e-01
9.320360352986684083e-01
9.295647847825440069e-01
9.377284909069868446e-01
9.429790153339893122e-01
9.333132747132453222e-01
9.334332796630387952e-01
9.285740108088268441e-01
9.351993431826375325e-01
9.351023401625679909e-01
9.341134120881570135e-01
9.319622936126293888e-01
9.355516639806324974e-01
9.363520166547071311e-01
9.331081056702887899e-01
9.348176607874725264e-01
9.372742563422157280e-01
9.307054181821939887e-01
9.353373605539276880e-01
9.350696065603849583e-01
9.335195563548728259e-01
9.308127457109862668e-01
9.349759633407067616e-01
9.402288719689703145e-01
9.294465432965006713e-01
9.360032765889539919e-01
9.290805727831557004e-01
9.388224832762119831e-01
9.335860338702530736e-01
9.371444099803162286e-01
9.286625903064773535e-01
9.313479796465012894e-01
9.346949978886643917e-01
9.271955528190781726e-01
9.328806429911574716e-01
9.242684989140993457e-01
9.340028274840237454e-01
9.322030575080785253e-01
9.314898774529845049e-01
9.347148202670996220e-01
9.309652927154731250e-01
9.391988106432013206e-01
9.304884951423001427e-01
9.315667515552885636e-01
9.362364829214468998e-01
9.347818341469306125e-01
9.300318323418153010e-01
9.313967188231098149e-01
9.320289711031110036e-01
9.328812737288068035e-01
9.397718145806170931e-01
9.409951957733962979e-01
9.328188869492066715e-01
9.354458536942682478e-01
9.314584086907156113e-01
9.324755987797240797e-01
9.388235956534287663e-01
9.246041139656107077e-01
9.358687626101026558e-01
9.284226708978396969e-01
9.372544216108477100e-01
9.296888544162996704e-01
9.374312185886621851e-01
9.375591712115846077e-01
9.354722559351462685e-01
9.414391839104558901e-01
9.321491186723045441e-01
9.384453342912393303e-01
9.353651325097877001e-01
9.330843690737594676e-01
9.353440902113898670e-01
9.332402258328393874e-01
9.377548129932431475e-01
9.296631251070589519e-01
9.334803928224252312e-01
9.397369264900481411e-01
9.324991672422295874e-01
9.354315164346739264e-01
9.357774048913423126e-01
9.342018288013939076e-01
9.345397368790001602e-01
9.316750679496980103e-01
9.333388087225845675e-01
9.369505415030261464e-01
9.398468209416478425e-01
9.388374371814383057e-01
9.324237434798322566e-01
9.384075231625429447e-01
9.332628567855928425e-01
9.339815771964710134e-01
9.379390753328880059e-01
9.321208648956891274e-01
9.332156546845650213e-01
9.337628946232521265e-01
9.380135649146242871e-01
9.387162695193744799e-01
9.356642153617363844e-01
9.396782009452629980e-01
9.379718247202251113e-01
9.359318003233950689e-01
9.353729205112295553e-01
9.314063971539029430e-01
9.347441097120318121e-01
9.365178781060230495e-01
9.310307922086722421e-01
9.247275363169075169e-01
9.264605452878805769e-01
9.317955298574024381e-01
9.280826911700651438e-01
9.348854362981765531e-01
9.317838708188134200e-01
9.353564728805054962e-01
9.395874711161646964e-01
9.421236099078110771e-01
9.312475692845427755e-01
9.308604623987158933e-01
9.296486296683851291e-01
9.397671258381103954e-01
9.350954847764018085e-01
9.255357378436376292e-01
9.366327290721108145e-01
9.322414277914843339e-01
9.356949512539458613e-01
9.296894858438227160e-01
9.396211994695865544e-01
9.343205565046079908e-01
9.331963169193374652e-01
9.371558907987977971e-01
9.372423452085163476e-01
9.394732403159600231e-01
9.384819788225980952e-01
9.313280806446089244e-01
9.328670165907759770e-01
9.388426409463055400e-01
9.336579828298736672e-01
9.358633141510598330e-01
9.268514955810783773e-01
9.332249998221776588e-01
9.396815158571015791e-01
9.312537359894670352e-01
9.308641520589110430e-01
9.287772024773097712e-01
9.269637991973557201e-01
9.357203627960292147e-01
9.389665516776452003e-01
9.362670945302888903e-01
9.343929998234905554e-01
9.389226677178172942e-01
9.382144146472761737e-01
9.365155144647858698e-01
9.317763912730583353e-01
9.367525807660941339e-01
9.351020587264018413e-01
9.274130030545915115e-01
9.331011858469306919e-01
9.350819372013426944e-01
9.347092247118718999e-01
9.283906669528753097e-01
9.360934631998677480e-01
9.369514142994240791e-01
9.306798618304208404e-01
9.309012749935863251e-01
9.313785374076839485e-01
9.402059088111778262e-01
9.383364756732429646e-01
9.396317834110233802e-01
9.390853135610562896e-01
9.366890255679646282e-01
9.334734873851896486e-01
9.280101039163402010e-01
9.243592187846607633e-01
9.354620913789927217e-01
9.388689127918931066e-01
9.367216055994149748e-01
9.267068144448061817e-01
9.363211916732283591e-01
9.350988739282078965e-01
9.297631378924231527e-01
9.340016301311060420e-01
9.393942643615953436e-01
9.371690671319885535e-01
9.366854408967941747e-01
9.356940730278252571e-01
9.369168944986802083e-01
9.366654792121907880e-01
9.367711708615031885e-01
9.404005268571450360e-01
9.358752220672806876e-01
9.387179187089003118e-01
9.248716058493813286e-01
9.364758933591345036e-01
9.338554197031168069e-01
9.281425920230769178e-01
9.298957772157795398e-01
9.386247994397466377e-01
9.439740349007910147e-01
9.381628444064895600e-01
9.382044777708309358e-01
9.337727983157381173e-01
9.343009890668053652e-01
9.345553319854942309e-01
9.381050212742085836e-01
9.287964472035299401e-01
9.344377926187297234e-01
9.285947049536872333e-01
9.376886830718640375e-01
9.356469149363759730e-01
9.299113451113549811e-01
9.394388744365361754e-01
9.353944877301038074e-01
9.346809694254722967e-01
9.315305887014163622e-01
9.362071429940936884e-01
9.336451165096613103e-01
9.330667843555799923e-01
9.246005371357027824e-01
9.308017589695980476e-01
9.353451654054246722e-01
9.300450227678495052e-01
9.393686895104237378e-01
9.339501738498777739e-01
9.391259051520630674e-01
9.364270872274442770e-01
9.323529723888107634e-01
9.287246270925993974e-01
9.355847094343028303e-01
9.320055914785154716e-01
9.400832580845416286e-01
9.348834477844056856e-01
9.395366737763733989e-01
9.265884512366163728e-01
9.312227702919644301e-01
9.327114762603637699e-01
9.242106131796387070e-01
9.338530741535683299e-01
9.321361600381201651e-01
9.305551606321302849e-01
9.360263564669852876e-01
9.377519722075465802e-01
9.355987955444632354e-01
9.299387171204817060e-01
9.272595876008585813e-01
9.331579833246630429e-01
9.388073597007765558e-01
9.356352108115489896e-01
9.311129236571633605e-01
9.319876385045773315e-01
9.354307605753230392e-01
9.334901385399528850e-01
9.333860166090839350e-01
9.289886219990755034e-01
9.347292532299635859e-01
9.317374790473794688e-01
9.275316938107545095e-01
9.363199821881393881e-01
9.363586260951020090e-01
9.401488851874626462e-01
9.300468979113404311e-01
9.353837787852828933e-01
9.375819554330105943e-01
9.369973615508609965e-01
9.331520549914543716e-01
9.308020104953504958e-01
9.308542042381831028e-01
9.294857577093063039e-01
9.344435402461540585e-01
9.347372768660033859e-01
9.301192628264920437e-01
9.360751139321630276e-01
9.309987709836249348e-01
9.342657365608084685e-01
9.423224262922793582e-01
9.377175957730337075e-01
9.292906918347355605e-01
9.342527263211064525e-01
9.385892008215275251e-01
9.227024976338045192e-01
9.308588580347706420e-01
9.348625318372971726e-01
9.266512927135472921e-01
9.298883551246869272e-01
9.363302210251396307e-01
9.367797849140121480e-01
9.351792322205406682e-01
9.345516371028891323e-01
9.378548814023194291e-01
9.369326778736534189e-01
9.367863525321022955e-01
9.373128964727651669e-01
9.363329135114814017e-01
9.284142160728202642e-01
9.388596739263533886e-01
9.335346029915834176e-01
9.410663141909804130e-01
9.360532972136549335e-01
9.346182244108430792e-01
9.379467481947554308e-01
9.385534861366364723e-01
9.389092249179488148e-01
9.366642882427583805e-01
9.286122613692758820e-01
9.313080198417194033e-01
9.365932464958456327e-01
9.362760497520937752e-01
9.357952491627342662e-01
9.358304356157112203e-01
9.418790385556360389e-01
9.293285091371242812e-01
9.279595589559539448e-01
9.395363401103604684e-01
9.342579542554908523e-01
9.421851177420947909e-01
9.361834509068260868e-01
9.399130068801239135e-01
9.265473642719486147e-01
9.369787567313345722e-01
9.329855424939671460e-01
9.411138243196153219e-01
9.338676876236167157e-01
9.382955753888581052e-01
9.378749795618847029e-01
9.352249285333342765e-01
9.364296414389419176e-01
9.394933568791020706e-01
9.430747814870984458e-01
9.368603442589954478e-01
9.395642533059749280e-01
9.332818158316038559e-01
9.395200923146270755e-01
9.288602627219977315e-01
9.353618897662598908e-01
9.386007118927814918e-01
9.366058767311584710e-01
9.341134575523620809e-01
9.352950560987264295e-01
9.323128319151691157e-01
9.414859571779525815e-01
9.293253031995573066e-01
9.357305408547946790e-01
9.314927683031153371e-01
9.272236307786820841e-01
9.315331444616988810e-01
9.388790109668033734e-01
9.344700929585867399e-01
9.421237822021651942e-01
9.355724692276596866e-01
9.335639643341460125e-01
9.374646195640258250e-01
9.253796260199065316e-01
9.408421456235539493e-01
9.386557695560001635e-01
9.340035189658724146e-01
9.423110888614373293e-01
9.421077964434185770e-01
9.362304658514982725e-01
9.349790439245739826e-01
9.295868592381043571e-01
9.294573993201619144e-01
9.345803054363506224e-01
9.340588770455329204e-01
9.344370980469797194e-01
9.355769757687825150e-01
9.323043484522073321e-01
9.378753704237676736e-01
9.420782823079731916e-01
9.366493623914210476e-01
9.337110349306834145e-01
