8.775170618192076333e-01
9.136559070618328615e-01
9.162485969318975298e-01
9.429537722379123243e-01
9.323468755591468593e-01
9.150592899963778670e-01
9.251630399260843962e-01
9.348009299753013979e-01
9.319163071107170460e-01
9.319917950015232933e-01
9.407813599249209568e-01
9.395333318572645087e-01
9.475073071273514280e-01
9.337830377300315732e-01
9.414280717893089845e-01
9.312871705974520298e-01
9.304723468812677867e-01
9.457603902089714021e-01
9.330918252992260742e-01
9.272435959768522418e-01
9.368483530586402264e-01
9.377586912693929300e-01
9.483933032207569891e-01
9.355272733962368692e-01
9.198842218956011507e-01
9.408868096872042841e-01
9.312330066959811914e-01
9.404340406230224936e-01
9.486398535082311012e-01
9.478725610647148470e-01
9.348605358053357905e-01
9.339043471894457049e-01
9.368307965456688091e-01
9.317853464422491960e-01
9.391491088465496739e-01
9.307034753990357512e-01
9.390502361163118872e-01
9.207223347789209589e-01
9.163468224796896822e-01
9.404141141221077360e-01
9.421202354611146745e-01
9.535007678604990877e-01
9.302386313006205665e-01
9.207275700133995544e-01
9.396070039869738322e-01
9.333002418120485144e-01
9.288434355170083201e-01
9.376388308546755868e-01
9.275893259741014862e-01
9.491751571494327910e-01
9.424817747069371698e-01
9.426798842139557655e-01
9.480543282153610640e-01
9.334558418343341657e-01
9.375937824593745251e-01
9.322024121883729642e-01
9.406893653415495660e-01
9.322939947701719410e-01
9.339611548249238115e-01
9.380647035145731616e-01
9.368503239725989307e-01
9.305228505933493821e-01
9.432155973708183927e-01
9.382443442487036211e-01
9.539428694888530957e-01
9.492846520550360934e-01
9.419110447231829886e-01
9.512374326589010387e-01
9.282708421214646011e-01
9.550170060773426339e-01
9.384063624484479949e-01
9.545793667318769327e-01
9.278097414729002956e-01
9.304575823177324567e-01
9.539542157890025242e-01
9.539422954302402280e-01
9.381685459615944911e-01
9.495033209056970014e-01
9.542322911052221190e-01
9.527388468952340261e-01
9.365891823691633311e-01
9.492289570805066967e-01
9.422402529810492977e-01
9.561472443821722456e-01
9.453176850490082606e-01
9.533923391448938522e-01
9.441525596788105101e-01
9.525649536738589607e-01
9.412947137739463566e-01
9.513080109212448399e-01
9.540240389255886244e-01
9.442991163001441812e-01
9.403191044787996278e-01
9.503730799379129790e-01
9.360951596228329619e-01
9.605241900024386048e-01
9.507043330189987040e-01
9.520457406456921401e-01
9.504807719990366888e-01
9.502950852705169815e-01
9.403762551397564229e-01
9.507998381522573261e-01
9.539538450089632970e-01
9.538528417998617392e-01
9.395059022164597984e-01
9.421075908182973135e-01
9.506976061760545882e-01
9.540487641748883751e-01
9.569074303739825149e-01
9.472157255144095789e-01
9.568532471735505807e-01
9.594126145747611245e-01
9.464193172297870049e-01
9.499215728926246882e-01
9.560170289080177630e-01
9.482259455565262840e-01
9.487188747407536704e-01
9.471361619779270491e-01
9.469030404393710132e-01
9.427113700131761753e-01
9.522667812229306250e-01
9.545595510180693299e-01
9.595311736989596829e-01
9.584014987239298788e-01
9.600148992855299657e-01
9.544740339554897979e-01
9.488899439028548599e-01
9.482642337497640961e-01
9.481243048689177444e-01
9.479652535334976982e-01
9.404569909691757879e-01
9.643314628618848694e-01
9.463270563882690833e-01
9.488911772246609866e-01
9.484800869315402894e-01
9.584996041024045343e-01
9.696218121178936666e-01
9.493337060909453617e-01
9.550841591668605135e-01
9.441340636262626207e-01
9.422130783627374884e-01
9.457282988700593807e-01
9.358821694135508462e-01
9.508836946360446074e-01
9.557512452450562801e-01
9.394852658717728344e-01
9.520137094702644243e-01
9.457264667832576688e-01
9.518260225301504729e-01
9.503626997796799092e-01
9.554270047457456005e-01
9.455034771686289252e-01
9.496741792263765358e-01
9.540150335505909185e-01
9.449281946438519153e-01
9.535196198792647015e-01
9.385232063433751604e-01
9.525166604112448310e-01
9.468452877357874664e-01
9.444542967851556892e-01
9.515979642443839204e-01
9.506236462989043901e-01
9.618706623044468440e-01
9.440732819555874844e-01
9.625922522440119034e-01
9.501003403151168092e-01
9.488728822894222370e-01
9.513624438002105110e-01
9.526009924570787435e-01
9.315341873111584459e-01
9.540877352367066466e-01
9.550545959043365007e-01
9.547994040029057494e-01
9.516335929583681352e-01
9.480794548281427092e-01
9.605946151665112342e-01
9.473416578564538559e-01
9.513332952566894152e-01
9.360861196128696937e-01
9.474638548795006887e-01
9.520663779473204080e-01
9.659287349781456866e-01
9.486231551368972115e-01
9.546011714668007908e-01
9.522473422371942053e-01
9.461138342061202744e-01
9.500713907511191270e-01
9.438356728565372444e-01
9.485940191999092663e-01
9.638628099936289439e-01
9.489679551983365435e-01
9.442177426561670917e-01
9.544813093504623813e-01
9.467912324054829076e-01
9.497321472524374864e-01
9.531901644299811682e-01
9.601244409329058316e-01
9.534341365406099333e-01
9.555640625962843471e-01
9.511997229628963435e-01
9.571685281049242544e-01
9.601089972251124482e-01
9.548007199339046958e-01
9.593098204746752788e-01
9.472338981457312235e-01
9.475431749542334581e-01
9.598454446141356788e-01
9.541330152721956281e-01
9.547805975071164131e-01
9.520494024684971190e-01
9.644778974609826694e-01
9.493156470834462901e-01
9.479916429219018559e-01
9.498690826188035397e-01
9.563963757870210802e-01
9.519988554561501504e-01
9.503497995338164861e-01
9.541679669605234171e-01
9.577141785223605153e-01
9.452400255236935722e-01
9.596055097990949800e-01
9.586667918938219790e-01
9.488428673861604157e-01
9.496693358824106479e-01
9.553673918443419399e-01
9.490289310111176269e-01
9.400294813876451938e-01
9.577488307337739259e-01
9.542424061024473714e-01
9.530947774056868216e-01
9.529313364816671683e-01
9.521340807165266096e-01
9.397626943945751599e-01
9.568894137617995899e-01
9.607519428472430789e-01
9.579310906353762922e-01
9.445727537279955399e-01
9.591551218985863159e-01
9.393882102886422780e-01
9.528009971233030173e-01
9.628717153505250703e-01
9.569866492575909156e-01
9.559714064015315538e-01
9.508769525202270811e-01
9.562716104933580707e-01
9.509691202217308570e-01
9.614090590291927141e-01
9.601639156008856535e-01
9.520760392905788239e-01
9.441064620343847524e-01
9.446283987619925604e-01
9.638249497216118122e-01
9.480400492106407784e-01
9.551367183054800813e-01
9.509757791596902265e-01
9.550369224348256303e-01
9.467888657248628714e-01
9.664874923416449937e-01
9.679598757598063541e-01
9.626244413218824070e-01
9.556177628629325405e-01
9.610450003923780571e-01
9.688454126994001658e-01
9.419770801448809072e-01
9.518060816170538230e-01
9.471014867269426096e-01
9.561816975695645038e-01
9.498524455151785562e-01
9.560483027051934757e-01
9.623746288397277970e-01
9.566563883198984097e-01
9.507839502600426984e-01
9.471932399376926659e-01
9.482770179134218935e-01
9.539856077902859610e-01
9.649081121667645311e-01
9.584633188272039250e-01
9.468856520540556154e-01
9.572614161781993758e-01
9.501878774771637115e-01
9.483842778438092980e-01
9.483467555637800084e-01
9.569042612273775950e-01
9.678070014533950438e-01
9.496020624632730556e-01
9.481571508455887143e-01
9.582285002718147204e-01
9.475627844110742215e-01
9.454918748621434776e-01
9.421059119525478920e-01
9.579315523709458491e-01
9.469448575468341067e-01
9.512031285336720599e-01
9.539354426749280247e-01
9.351605326449814459e-01
9.525362236226486701e-01
9.487684561835724173e-01
9.390869518822464457e-01
9.540900729551923254e-01
9.372136367502713616e-01
9.653273387891891932e-01
9.549532787373203879e-01
9.501901044701935861e-01
9.474773690720386110e-01
9.560674438140136511e-01
9.506619443512712708e-01
9.479262701036742511e-01
9.514291535349711504e-01
9.552617297021428477e-01
9.605683166253835559e-01
9.536909225570230353e-01
9.562101721580426039e-01
9.462909401368240214e-01
9.499277913511220417e-01
9.570204859082473980e-01
9.577252333962342767e-01
9.530001471187695694e-01
9.581769046188454153e-01
9.498488744772883852e-01
9.519370073846250557e-01
9.592875537086936744e-01
9.557764891371699489e-01
9.588506077256307991e-01
9.577960628947080890e-01
9.598019192913515019e-01
9.602536988356878966e-01
9.516150737729297537e-01
9.517647163797097187e-01
9.503028175607678429e-01
9.478473004260388191e-01
9.534013245103361012e-01
9.546815383416503709e-01
9.557543573915622259e-01
9.563210677611289068e-01
9.522911100764336334e-01
9.639202488506727340e-01
9.531829428087990053e-01
9.627082866440891395e-01
9.408060711370818119e-01
9.535065460720681951e-01
9.562167356396922280e-01
9.505717858180650071e-01
9.465644594751653207e-01
9.551522849156997008e-01
9.529771715385981778e-01
9.639740023527516577e-01
9.621699411458137785e-01
9.461611965706920868e-01
9.549657674749864045e-01
9.550019767973411122e-01
9.571510571626400399e-01
9.603333031300445022e-01
9.558869840977987087e-01
9.581795361358664831e-01
9.565854462862353191e-01
9.581801743622598844e-01
9.562954608237284049e-01
9.531348744338877799e-01
9.500335889133013634e-01
9.467397992690205211e-01
9.442761561278310012e-01
9.548418201691397655e-01
9.614253425660796992e-01
9.598875800454707008e-01
9.632878346115653079e-01
9.621538089827760265e-01
9.566394297307102557e-01
9.528385419999457762e-01
9.489188806333959114e-01
9.579955182067065866e-01
9.623022591574574847e-01
9.657813624297401089e-01
9.492672982736333198e-01
9.564038492330203534e-01
9.651242274407921817e-01
9.506210277115976215e-01
9.456926063623227741e-01
9.551342031682408251e-01
9.452735734949189172e-01
9.511454836829795756e-01
9.566572690844087345e-01
9.562898995564826921e-01
9.540934871964417141e-01
9.557627687399417038e-01
9.625141565132063759e-01
9.534372848538313905e-01
9.486436040886228049e-01
9.388325146842775304e-01
9.469422569076768603e-01
9.639850772709199767e-01
9.535860291358559948e-01
9.580727250908297465e-01
9.552999914970239370e-01
9.618655934778270744e-01
9.524816067229666672e-01
9.519511548461223605e-01
9.563931975862286494e-01
9.579950403522689006e-01
9.495555935487902666e-01
9.590201468174101018e-01
9.519246267395312655e-01
9.504587734679112998e-01
9.547639118043705908e-01
9.444947549539350895e-01
9.586278739282790839e-01
9.593900746406953672e-01
9.646558238095821469e-01
9.445057409578797580e-01
9.619796211660535112e-01
9.550033650867949531e-01
9.574932048097588577e-01
9.629245544073118390e-01
9.488816557367850679e-01
9.577754028160092581e-01
9.536734173333841769e-01
9.492439384042177242e-01
9.629931141185488208e-01
9.632955188612800645e-01
9.552418426401750873e-01
9.546016895924145373e-01
9.491316849399615840e-01
9.587615504241594477e-01
9.652887498375996023e-01
9.557274744808047506e-01
9.487548934617850982e-01
9.609418975113034334e-01
9.550853741608921199e-01
9.554321974818200669e-01
9.547109294148564684e-01
9.664318437753230961e-01
9.563098687508387874e-01
9.370997027440510774e-01
9.567809277772461041e-01
9.512478349101387565e-01
9.522528757241549568e-01
9.601288981437167136e-01
9.508097585516727124e-01
9.462186334207026706e-01
9.598678541165875933e-01
9.453933905925373526e-01
9.489986959132211686e-01
9.557916241198575191e-01
9.510169344785234236e-01
9.567626267366766690e-01
9.613351102389182667e-01
9.612747824943613795e-01
9.516466403992838163e-01
9.537062729196577049e-01
9.548101062790163018e-01
9.553981045136119565e-01
9.631032174136163748e-01
9.576694175969912015e-01
9.537656914569697664e-01
9.606406410232877224e-01
9.525326665694582307e-01
9.660674305949064067e-01
9.516310958336562376e-01
9.618992695553513217e-01
9.460593587039569652e-01
9.603822359378204609e-01
9.549673524039523631e-01
9.651855135582014800e-01
9.709660785464915289e-01
9.483327372812584422e-01
9.581836156097611745e-01
9.618357086356194019e-01
9.525917672390871171e-01
9.426742863317174592e-01
9.630413548275909008e-01
9.747635611471925365e-01
9.644336402575158784e-01
9.603708543222608807e-01
9.600359045214510445e-01
9.545779959857035868e-01
9.553469002093488704e-01
9.438499631976248194e-01
9.455087660869555544e-01
9.576844841138310027e-01
9.470640929165855537e-01
9.569721136637826531e-01
9.553849542163969089e-01
9.553860519626372616e-01
9.580980704992048125e-01
9.411725575380751607e-01
9.569347021876627446e-01
9.481705783707787827e-01
9.541615115603994113e-01
9.532830183185772022e-01
9.528498544689848471e-01
9.564866712943532745e-01
9.578369794820348337e-01
9.523319219684500681e-01
9.573326526815111315e-01
9.419416576218954118e-01
9.540358234810603077e-01
9.671091318030934358e-01
9.587292336105593948e-01
9.570492458016989223e-01
9.524076527734440800e-01
9.574667908355551926e-01
9.621158664517733827e-01
9.527900325883994492e-01
9.437187717133093123e-01
9.600004535162313113e-01
9.548351683240520194e-01
9.559010014573202652e-01
9.643681419930445475e-01
9.574842205884501745e-01
9.523005393180098421e-01
9.555223896908502379e-01
9.581792483229527591e-01
9.549490279005020676e-01
9.546384111051121613e-01
9.440846340584764240e-01
9.484586588137899898e-01
9.589329679889837532e-01
9.542779372410756800e-01
9.579239262961876111e-01
9.612536495263168668e-01
9.519274813531078960e-01
9.554913269189126979e-01
9.584880561256347020e-01
9.511502026132481191e-01
9.593336331338430112e-01
9.545336513551829771e-01
9.603550299913983235e-01
9.607059320772565192e-01
9.582224103289551653e-01
9.556174181648668942e-01
9.630088820129631966e-01
9.543976557982774001e-01
9.523203014948506961e-01
9.599885113376162016e-01
9.473242179231178284e-01
9.576103437848954014e-01
9.549654909110480983e-01
9.605183807137162022e-01
9.518932584296654342e-01
9.587348427218175262e-01
9.622526886255292622e-01
9.577098841010207586e-01
9.666245325848865644e-01
9.554643927800661185e-01
9.485894787716832033e-01
9.645944574483253930e-01
9.524961425015417982e-01
9.426391803279097203e-01
9.472192878846287245e-01
9.561236181022255698e-01
9.631831428067800793e-01
9.556699246164528372e-01
9.559288747301928346e-01
9.582358180818616455e-01
9.585790348883302947e-01
9.655425749726557205e-01
9.515562126650235486e-01
9.604858699887846019e-01
9.617071093875716459e-01
9.537014231362967998e-01
9.564344448649575448e-01
9.642998237094463354e-01
9.546738955906506341e-01
9.588812704040238222e-01
9.589752734282037672e-01
9.552526640076330899e-01
9.558105848605056298e-01
9.550037633891343969e-01
9.488924043297864985e-01
9.583995261064535143e-01
9.573864598509663759e-01
9.637406533526108321e-01
9.467631460803778154e-01
9.615452084827466050e-01
9.502691929976332386e-01
9.424113167026610949e-01
9.583102371882529225e-01
9.541385917180649212e-01
9.593249444066563880e-01
9.604713143244494322e-01
9.550157900958783364e-01
9.618181016587966647e-01
9.578353322941333126e-01
9.631494331474632631e-01
9.507905793694998442e-01
9.603995164632885828e-01
9.461710575043420501e-01
9.602791094860221310e-01
9.610933590079491218e-01
9.520848294336117235e-01
9.559249167010555048e-01
9.595124207465068888e-01
9.663428075061943900e-01
9.558285044880999726e-01
9.558197055236375972e-01
9.605545734024225624e-01
9.636105425172694083e-01
9.652074219579113157e-01
9.563023285199910850e-01
9.574402782226926201e-01
9.707484873222740340e-01
9.467796075989532989e-01
9.570538114940516650e-01
9.625520416410673352e-01
9.591939649147874780e-01
9.747165693279542520e-01
9.497429403102429779e-01
9.638742110106549577e-01
9.586891360876829138e-01
9.618453196943316241e-01
9.622997825880537093e-01
9.665877366374405755e-01
9.582762682103240781e-01
9.544829669664772753e-01
9.515763583200015363e-01
9.594121774338567610e-01
9.590815726990565837e-01
9.558762413349306541e-01
9.672321010848768941e-01
9.539525291794678230e-01
9.698253288551625939e-01
9.597878145076539358e-01
9.473757650568889188e-01
9.562449937676867906e-01
9.591696825426658801e-01
9.528517603786395007e-01
9.635846045702782803e-01
9.661085158200726219e-01
9.498336686465297385e-01
9.491846437254831681e-01
9.406444035325578490e-01
9.485179713213792718e-01
9.553433189669872094e-01
9.703134502525210259e-01
9.622843276867000251e-01
9.564132324184962952e-01
9.505170612081077497e-01
9.501887663135596407e-01
9.535353557044410344e-01
9.627616809194458058e-01
9.546957417866128726e-01
9.583504038209571529e-01
9.616126946156842159e-01
9.604997789369394967e-01
9.575043861802245981e-01
9.555300875425988272e-01
9.488646693869113857e-01
9.568463596011759220e-01
9.432181704074004136e-01
9.587659271737406508e-01
9.607470722514633854e-01
9.630223839819421761e-01
9.510993852460920550e-01
9.603616111611857908e-01
9.580251501998199304e-01
9.626000557088382203e-01
9.562008900362163333e-01
9.518805168526245364e-01
9.614017692460212761e-01
9.579464895428645432e-01
9.549484478141782029e-01
9.608865878423600293e-01
9.433321479554970246e-01
9.459957435846086948e-01
9.468415446171464245e-01
9.693473267909509250e-01
9.644042460755523072e-01
9.551319068137124058e-01
9.468602650186858094e-01
9.434942111252402341e-01
9.591159738138493873e-01
9.592957988421304538e-01
9.580779841797961716e-01
9.496335129103889994e-01
9.561414540880035506e-01
9.579521299454265559e-01
9.484693649108492108e-01
9.570959386783703948e-01
9.515107208561236485e-01
9.572916321579366672e-01
9.469467150005305145e-01
9.525397641295048068e-01
9.554352035031137280e-01
9.605043144422813484e-01
9.537202507627736692e-01
9.662444891038906025e-01
9.593589577635357468e-01
9.586009527790325668e-01
9.590230804910302442e-01
9.528512231793824228e-01
9.592376500508218440e-01
9.589451674733902031e-01
9.557732658674575887e-01
9.588088773626697314e-01
9.580041910245550296e-01
9.587755799433835824e-01
9.542770469320771554e-01
9.585328352331735635e-01
9.584864701920778884e-01
9.484342821294159398e-01
9.597377259562038798e-01
9.455989548498578978e-01
9.575457009413613774e-01
9.518736159953847809e-01
9.524758168960787419e-01
9.484938257636312819e-01
9.575865664797075238e-01
9.633873322449663101e-01
9.603601189390374993e-01
9.557713814560429011e-01
9.598299783488483117e-01
9.410695520068754760e-01
9.514240426097275716e-01
9.599243612338385079e-01
9.527049872684456577e-01
9.526724763691442055e-01
9.627380499098761035e-01
9.570809767171506444e-01
9.664863718686242944e-01
9.534215453009184937e-01
9.541250918403965109e-01
9.570651994999915813e-01
9.547052695904056918e-01
9.575128666740160277e-01
9.585855529391157370e-01
9.602893459854868752e-01
9.441185095443850317e-01
9.556445091456015062e-01
9.550440766024718142e-01
9.529793841944589339e-01
9.527962407658009392e-01
9.617663382677779094e-01
9.623892825389462891e-01
9.572594830038424485e-01
9.546764088569967832e-01
9.582216107591692289e-01
9.647471556156084205e-01
9.481385345347816962e-01
9.603662761541756909e-01
9.458861009658182661e-01
9.586542213247369881e-01
9.632479857850591021e-01
9.562421660032341952e-01
9.567587977094066387e-01
9.567660100558051939e-01
9.672338366428075984e-01
9.526702822896896405e-01
9.521810278098739033e-01
9.570604001122176019e-01
9.572113771170007723e-01
9.534057282546176681e-01
9.453730567451174016e-01
9.637465609984749992e-01
9.511052290841723877e-01
9.621878215275545543e-01
9.573640608276140496e-01
9.579707439946691938e-01
9.642083695210011962e-01
9.620998879790677583e-01
9.567113394986113128e-01
9.519237130603080965e-01
9.605793816695202825e-01
9.542934691555613469e-01
9.597722277099297594e-01
9.659396727656945902e-01
9.637171887541218229e-01
9.624024302962663757e-01
9.534671159002003904e-01
9.588776500810963777e-01
9.634638459033644242e-01
9.562851481981954338e-01
9.526903436061101571e-01
9.578785093828758868e-01
9.573004598965542122e-01
9.591180067931270870e-01
9.545266722675055382e-01
9.489021176225542753e-01
9.558156371396446804e-01
9.526708940825201477e-01
9.645915769040179777e-01
9.496982164068541454e-01
9.636017845413269445e-01
9.589752505038349195e-01
9.567537295533666830e-01
9.612111645767349444e-01
9.536562836327333592e-01
9.648593030068475240e-01
9.515534686406426079e-01
9.542935728098830284e-01
9.652998761098952052e-01
9.602650301342754435e-01
9.562946132965228774e-01
9.518641906195349778e-01
9.598304421887998705e-01
9.529540218983377775e-01
9.674454111978488813e-01
9.539243977604029423e-01
9.594807984774317289e-01
9.667782860197946526e-01
9.532799048283824295e-01
9.612135193913116105e-01
9.541218097279924315e-01
9.507417093674793707e-01
9.592302657139782918e-01
9.656191096365230875e-01
9.558044263795352213e-01
9.513001988180289636e-01
9.547682070520971953e-01
9.553470429755087645e-01
9.599875942957054598e-01
9.671382577277573001e-01
9.640994423218429699e-01
9.556878481031670924e-01
9.554138946190223747e-01
9.568450312382684730e-01
9.405853148564528032e-01
9.554330516121308792e-01
9.510714855244647437e-01
9.739512202248686856e-01
9.561308271011924598e-01
9.485336664774867144e-01
9.490238766282693694e-01
9.549548812732001624e-01
9.425264193773499333e-01
9.430869081441695112e-01
9.578073712491841363e-01
9.571975959552073698e-01
9.576987812949830925e-01
9.569711151331544707e-01
9.587154349229410899e-01
9.509564751277023165e-01
9.464512875454904606e-01
9.613606015396173321e-01
9.593065518549765969e-01
9.498736019233366967e-01
9.622371036809809208e-01
9.584301530529601987e-01
9.560543671251958697e-01
9.472775118331601130e-01
9.455114844092732396e-01
9.502216541951179485e-01
9.688538096001976241e-01
9.492454501953967450e-01
9.571790468286321962e-01
9.499169127473046093e-01
9.560393788681053051e-01
9.523367465880512306e-01
9.597214934167334066e-01
9.694371776000849650e-01
9.670052486825952975e-01
9.563259658903240368e-01
9.597305043862693896e-01
9.624078381811702609e-01
9.491556760608418353e-01
9.572024754553498660e-01
9.477227257452759401e-01
9.620441191324105024e-01
9.556208922511132409e-01
9.591969664079882385e-01
9.521970743342825783e-01
9.422089912667273026e-01
9.713134965390906039e-01
9.595901286052019863e-01
9.410953549383053174e-01
9.617075812806994417e-01
9.666289571348714027e-01
9.615410856374433379e-01
9.514838727760782655e-01
9.480999070130292639e-01
9.509442728796857480e-01
9.550436740576317973e-01
9.560279688909831819e-01
9.654594955599614670e-01
9.467305801026013601e-01
9.573806712494552507e-01
9.676150758708093047e-01
9.554936451655597907e-01
9.570794138865642564e-01
9.597406181252664537e-01
9.578008012402299265e-01
9.587851988173163864e-01
9.613412099202366390e-01
9.536329633151406915e-01
9.511265967061562909e-01
9.537515372572663575e-01
9.590242426735386960e-01
9.534614455027873303e-01
9.654739533235984217e-01
9.506086574286882751e-01
9.544101523914441110e-01
9.571544671757499234e-01
9.614947386636191196e-01
9.555176637866982237e-01
9.588363268719605204e-01
9.550757570333954227e-01
9.486816175502467141e-01
9.512840802818993691e-01
9.561794102790911465e-01
9.644076785958149989e-01
9.464868038868172739e-01
9.532415146077828361e-01
9.637466333592915602e-01
9.600416565018976556e-01
9.655004306845760276e-01
9.597228594460552875e-01
9.514483391785436561e-01
9.689695438267965644e-01
9.617027883717274017e-01
9.593561598084378028e-01
9.495070153134773649e-01
9.574692848813242119e-01
9.561759359173551687e-01
9.598119062210878072e-01
9.631447863869593284e-01
9.659190297639174139e-01
9.504838749453186075e-01
9.558750496647827610e-01
9.511853500561433528e-01
9.546627967246194002e-01
9.663447692230421326e-01
9.547693848791216631e-01
9.581672963419799460e-01
9.528909491451116320e-01
9.586514022520796763e-01
9.545966966545161858e-01
9.483395259267629607e-01
9.583917698773376515e-01
9.608806014560618003e-01
9.498033361171418498e-01
9.640505467747559898e-01
9.468252895619283516e-01
9.638987247247534640e-01
9.554130511469027809e-01
9.510612686437436292e-01
9.593051457061821941e-01
9.609175707269386191e-01
9.629976731766271003e-01
9.556303574056224104e-01
9.624453154358997287e-01
9.508525100013901499e-01
9.570149396647018580e-01
9.678577966632953000e-01
9.571185334845460080e-01
9.538011507223039809e-01
9.551524661501364921e-01
9.722893861584118724e-01
9.600008037116726234e-01
9.618796618638425500e-01
9.573740336117638750e-01
9.592403673802093467e-01
9.529103825085529778e-01
9.564880179823447293e-01
9.517525156429748057e-01
9.534020317353801843e-01
9.561847668293406155e-01
9.456184810850303268e-01
9.618209578886594002e-01
9.600662041750094300e-01
9.659452829085275471e-01
9.574005349996786984e-01
9.522979803183996284e-01
9.615786466592092241e-01
9.595824945502546832e-01
9.576580436229356064e-01
9.553381525138945340e-01
9.611684076155920797e-01
9.575191996296489316e-01
9.566933851278407452e-01
9.496406934122078036e-01
9.551766884541755820e-01
9.536948753865976958e-01
9.691497125888305364e-01
9.645968189172056118e-01
9.630151836666622778e-01
9.568301048738750980e-01
9.614068340561380266e-01
9.541013676017344736e-01
9.554971243152217131e-01
9.550489723848347712e-01
9.441174670598125873e-01
9.530534791807840911e-01
9.464356984810611273e-01
9.465949124849456497e-01
9.501035704519683600e-01
9.593892187611728906e-01
9.598832323807308109e-01
9.445680502285004332e-01
9.527164924673023894e-01
9.539597260746410790e-01
9.566776489778350268e-01
9.545112228433703105e-01
9.538580109105697646e-01
9.615846124825992991e-01
9.571002229718825749e-01
9.617313830302957056e-01
9.612737275815681492e-01
9.568941083370857692e-01
9.643632164221963565e-01
9.467838637568491977e-01
9.618406217715506079e-01
9.572925420564329935e-01
