9.687008645495664982e-01
9.870765597337396446e-01
9.725371179157713541e-01
9.827891380824934631e-01
9.745197213577361239e-01
9.750187296995950215e-01
9.795631069773100830e-01
9.795558974751413794e-01
9.537505109223434197e-01
9.794971610937059925e-01
9.705414969790860935e-01
9.769242935382281834e-01
9.834662673969312152e-01
9.724979516916004707e-01
9.749665455737784869e-01
9.716881044271998835e-01
9.793392661925730547e-01
9.771489980996526103e-01
9.759509988673922276e-01
9.847941201270029588e-01
9.871612024164977406e-01
9.734386763298499279e-01
9.775337386973038667e-01
9.772368662681245599e-01
9.777909098478840821e-01
9.674248593931678020e-01
9.811429494395897954e-01
9.851927813111933663e-01
9.787748390391785014e-01
9.786954194261128226e-01
9.724799588359327451e-01
9.694730523279453394e-01
9.787471848291109389e-01
9.812153889224165537e-01
9.845355518877169088e-01
9.840017969664718311e-01
9.608327108282004314e-01
9.771182316260853540e-01
9.627220748046337873e-01
9.725147989348937871e-01
9.772049628203949290e-01
9.780922426400843195e-01
9.830231143652089498e-01
9.706361217160924815e-01
9.727302725035855691e-01
9.761611860610694968e-01
9.818907321671064281e-01
9.728051896452190039e-01
9.824390966869830377e-01
9.832595594322743882e-01
9.769874189081184657e-01
9.831198607840241355e-01
9.792973064616924406e-01
9.843216442036840652e-01
9.700684831552089937e-01
9.741597829383059626e-01
9.756255848855593937e-01
9.720820597611447011e-01
9.737717627344585347e-01
9.839229630413061090e-01
9.682934788541408544e-01
9.847493869501628971e-01
9.715953461960764592e-01
9.783166316330087486e-01
9.780904071281494305e-01
9.837496810231129984e-01
9.779626529456386663e-01
9.743447836481398117e-01
9.752913027435322624e-01
9.732786498924839158e-01
9.737411322165329119e-01
9.771924139032535095e-01
9.762608450801717463e-01
9.723681030218301879e-01
9.778868106014247941e-01
9.759252508935518655e-01
9.708910134113530876e-01
9.775542229448863640e-01
9.793513413231628162e-01
9.703031561668724603e-01
9.765694429591148529e-01
9.776022238980610624e-01
9.675070998740615824e-01
9.816839628477417312e-01
9.847706742324051632e-01
9.779854490495391017e-01
9.801215158175624609e-01
9.828389836936394230e-01
9.821634463653542424e-01
9.661199785793591621e-01
9.669451595588285375e-01
9.782993245802092952e-01
9.818271320267577540e-01
9.764546154478985773e-01
9.848156369794419662e-01
9.834926220979299805e-01
9.828563057034920281e-01
9.624267782641083846e-01
9.724406011819531903e-01
9.879216129583241468e-01
9.796599491487844036e-01
9.871857293770801567e-01
9.833494076350645097e-01
9.769752433620658705e-01
9.776593850513234374e-01
9.825688981830837943e-01
9.771428966693666007e-01
9.794828451437284089e-01
9.611326194813510915e-01
9.809933931480497860e-01
9.716087131202096883e-01
9.814383219117364110e-01
9.835356214480498460e-01
9.797994248567625242e-01
9.731283092647160515e-01
9.889610062138300961e-01
9.803852926512207633e-01
9.839657182934393731e-01
9.790544900739820422e-01
9.808604702768364270e-01
9.800410831540105061e-01
9.798507123855769718e-01
9.804366550021030857e-01
9.687325498878641694e-01
9.704243063277462333e-01
9.788799587633887356e-01
9.819220916830044832e-01
9.787767417188812935e-01
9.797755733519925014e-01
9.803540848038311273e-01
9.868866515967462671e-01
9.803986387116051526e-01
9.823561570822461064e-01
9.776347578595354637e-01
9.785379732059092950e-01
9.735724535553421655e-01
9.796384406610120221e-01
9.865517641949036465e-01
9.792210954387268185e-01
9.764171196838407063e-01
9.715386346722405531e-01
9.754425361734192501e-01
9.800434950097064446e-01
9.842831207289022277e-01
9.793673233647466336e-01
9.883588899812589812e-01
9.667233031841889757e-01
9.771506627979689164e-01
9.715596037112301797e-01
9.863840507599745955e-01
9.708853565595394475e-01
9.776813896299247908e-01
9.789571421160943032e-01
9.715567686193790076e-01
9.809558112369696214e-01
9.815219602491395134e-01
9.808697213698002182e-01
9.785572449606055878e-01
9.788024207271714960e-01
9.790674686938176663e-01
9.758684300757966001e-01
9.827924858491610127e-01
9.855424988386812801e-01
9.760520476061522732e-01
9.633068689699690879e-01
9.794896691321726134e-01
9.676019146766229317e-01
9.782588641120245621e-01
9.799984251868686380e-01
9.847731778812233161e-01
9.703402413173211061e-01
9.787635516129185032e-01
9.871418811211245536e-01
9.747330853421994901e-01
9.839835503089702229e-01
9.847938933587911947e-01
9.826374176670168437e-01
9.786552179482503888e-01
9.802733855157516052e-01
9.774213987469788645e-01
9.704221118633313825e-01
9.750325994344112290e-01
9.732027218744769836e-01
9.760892493484650823e-01
9.771155557292863225e-01
9.766876119745413476e-01
9.860040446429071404e-01
9.813067318265722427e-01
9.804093685113466350e-01
9.863885963896450448e-01
9.937214081620828754e-01
9.797173014201061569e-01
9.712159928240743367e-01
9.774229512196608294e-01
9.808543761275296813e-01
9.829568014623621952e-01
9.768780474373168765e-01
9.764587107600081195e-01
9.836141586093682943e-01
9.747094793985489058e-01
9.890848848910299695e-01
9.757676335485531149e-01
9.790739942605359847e-01
9.920564735524617372e-01
9.778864528810814472e-01
9.822313373243737322e-01
9.825877701687893984e-01
9.791998431190830354e-01
9.816621714695770162e-01
9.751014443546889288e-01
9.788513690463370720e-01
9.844799836184242592e-01
9.655795749809672479e-01
9.827465889335037508e-01
9.800076554226002656e-01
9.761853409316474384e-01
9.672761344364658731e-01
9.791819188144478270e-01
9.760632944734303207e-01
9.848850408949099133e-01
9.837795255189161203e-01
9.717886256882873885e-01
9.802322454445969724e-01
9.792662678728806247e-01
9.904507263889918978e-01
9.832873658468281874e-01
9.724943577914405557e-01
9.872194866514446554e-01
9.916400613154024990e-01
9.844674650037182895e-01
9.828423404174480016e-01
9.801277441432464377e-01
9.787105100160289339e-01
9.797467421084995465e-01
9.783828741773987758e-01
9.809217349748960979e-01
9.849901472509685618e-01
9.874397178933045360e-01
9.844298129939772490e-01
9.809115995144830347e-01
9.655977640102476611e-01
9.838080951346678260e-01
9.848831949376666284e-01
9.850445172654874737e-01
9.762664103810045901e-01
9.860726729074110741e-01
9.757341788459913401e-01
9.830328899741868076e-01
9.725302696884317033e-01
9.771001816838597032e-01
9.797364131822793309e-01
9.809004477415890211e-01
9.781538384809546072e-01
9.726640905529532199e-01
9.800079270069035342e-01
9.766360138405570934e-01
9.794752592417341752e-01
9.811759532898879366e-01
9.783455912704950297e-01
9.696213613127260267e-01
9.719858775234924142e-01
9.750243095859945086e-01
9.797996627758916999e-01
9.820744336200057933e-01
9.793209013675665542e-01
9.761388002619142412e-01
9.829677981033231315e-01
9.834852721473673620e-01
9.781326905642109271e-01
9.861423699108017304e-01
9.843625036262078076e-01
9.808385702845524579e-01
9.913307594602598360e-01
9.829537772781478111e-01
9.823976735964575768e-01
9.811707456093601287e-01
9.821495196249112603e-01
9.863373848003287314e-01
9.759687927591116363e-01
9.708146733806382045e-01
9.701653277750458271e-01
9.859886538585694860e-01
9.791487960200386809e-01
9.897173151217100173e-01
9.815181327949664691e-01
9.822650184165121479e-01
9.781440052795770113e-01
9.775772084219777058e-01
9.794836209673417615e-01
9.809592203725653325e-01
9.858217701326001947e-01
9.853383769832528838e-01
9.803360134970460216e-01
9.804350646575302752e-01
9.698251907289510143e-01
9.713669043682222615e-01
9.726560054026240909e-01
9.782970753099378136e-01
9.750786029517068965e-01
9.738547326768508539e-01
9.789096392933813728e-01
9.818817772230110652e-01
9.779137242409988717e-01
9.851010425607859000e-01
9.740005897901354848e-01
9.804030299108811297e-01
9.783468228672265177e-01
9.843410503197689287e-01
9.780649156699087188e-01
9.748647887825909741e-01
9.835450611785363506e-01
9.876920509605484622e-01
9.826091881967954356e-01
9.776165358503238201e-01
9.801956769507594869e-01
9.824295276900498752e-01
9.834196485844042268e-01
9.842963750329236650e-01
9.847228139770263233e-01
9.767934333888913523e-01
9.790795154882647733e-01
9.883963485368932878e-01
9.831532609903389508e-01
9.792269183179921344e-01
9.819010978390875222e-01
9.815673870608402352e-01
9.815014717752127416e-01
9.851392175726340072e-01
9.840192526594890854e-01
9.770544476170374137e-01
9.818587227759008051e-01
9.775162110927364534e-01
9.763672434034136316e-01
9.770251845137046809e-01
9.861273075976874081e-01
9.747997888390038668e-01
9.806109512467326983e-01
9.840211624130155155e-01
9.831101938087283276e-01
9.808113376340361622e-01
9.744324644180493156e-01
9.840483418640576518e-01
9.857011095890960695e-01
9.828302033840301544e-01
9.657430123172620062e-01
9.827276958918862437e-01
9.821950353750693585e-01
9.766169004461968672e-01
9.799623422244586601e-01
9.725059914311868781e-01
9.749030164809586729e-01
9.733695579103484041e-01
9.830709578210787836e-01
9.716753000483704383e-01
9.850919623138573167e-01
9.830544013838441453e-01
9.793292026236021242e-01
9.791361022677529391e-01
9.728192759780175392e-01
9.696027218883617182e-01
9.846929677997517949e-01
9.701628620035401829e-01
9.772533821171884849e-01
9.672922848539617924e-01
9.856779224205540757e-01
9.844377617036315087e-01
9.701611452407510328e-01
9.859643063568259702e-01
9.810647759448329897e-01
9.734489221639220924e-01
9.810570199453606532e-01
9.830241233904625231e-01
9.846203212131527938e-01
9.782304248360605969e-01
9.872152646591174641e-01
9.817857765334685460e-01
9.786024661769939792e-01
9.841823430536291717e-01
9.845744631326688312e-01
9.899663858982634679e-01
9.840245142034368397e-01
9.747419662998574319e-01
9.712396890096696156e-01
9.854291675178870058e-01
9.820431949797001625e-01
9.731231152980908128e-01
9.809506135790435621e-01
9.835113221819039575e-01
9.850318909517622457e-01
9.713209546005860950e-01
9.811213834420297042e-01
9.797913483604360207e-01
9.861104416587643806e-01
9.780685722704330898e-01
9.818625009042585283e-01
9.777053778154031205e-01
9.714752778362109042e-01
9.825159626385349121e-01
9.733321317695835528e-01
9.704600331122054113e-01
9.824651851984194106e-01
9.774478450718114830e-01
9.816460340771335780e-01
9.749799005351732495e-01
9.769646704565283502e-01
9.783588912553381478e-01
9.819041087586732885e-01
9.834944024442836552e-01
9.798199488594392381e-01
9.742875858077817419e-01
9.721280543189868562e-01
9.745814346292475117e-01
9.865179889029481730e-01
9.856759185767965947e-01
9.801669347156740653e-01
9.856077051349890761e-01
9.849372170860846154e-01
9.815670347502667425e-01
9.800598214272875364e-01
9.737209078962334452e-01
9.797027917631091487e-01
9.856202843213393017e-01
9.851887785407531517e-01
9.792652912906892881e-01
9.817489065527540415e-01
9.796152685809729199e-01
9.841625916730789569e-01
9.802246253329500725e-01
9.842659299750440294e-01
9.812860073311100439e-01
9.657335171276266728e-01
9.837228971935612076e-01
9.815638251981791962e-01
9.831576085971676093e-01
9.713078129476595546e-01
9.831029059394502667e-01
9.763873188334832864e-01
9.820826629886741932e-01
9.863948713055512574e-01
9.850262045358061380e-01
9.794796024582539395e-01
9.849575454442276445e-01
9.799992123615217654e-01
9.794076803210591819e-01
9.857262293641726458e-01
9.795991169664194365e-01
9.845659812596053717e-01
9.812182022479326582e-01
9.886724477117518894e-01
9.847474567369189913e-01
9.817067288962348925e-01
9.842058191638595188e-01
9.786115334037482905e-01
9.913259497072739457e-01
9.794071503480862306e-01
9.783792702115604589e-01
9.908488564558811662e-01
9.767220258028060931e-01
9.827463910308391615e-01
9.694651735396689896e-01
9.809014413503756025e-01
9.709943556113258545e-01
9.783085243988997037e-01
9.922956802106080998e-01
9.797321030367518446e-01
9.857168763812376167e-01
9.915014482627505510e-01
9.825387313835873826e-01
9.776748369402443739e-01
9.826099847225698847e-01
9.877048806615449372e-01
9.810148122801694015e-01
9.772086393714088937e-01
9.772884190841318874e-01
9.722347655436038849e-01
9.692584943958363342e-01
9.710268279847976691e-01
9.796701038931105998e-01
9.833369789028779673e-01
9.663505199156701142e-01
9.798702469513501656e-01
9.761082259594057176e-01
9.764747102523684275e-01
9.807078105078117503e-01
9.857253566297872194e-01
9.770035476367793237e-01
9.831149842596446087e-01
9.811874300427254614e-01
9.794104244835960538e-01
9.827119101290552328e-01
9.800098428128094508e-01
9.878355496287370974e-01
9.845333374219552569e-01
9.805807257355496631e-01
9.771222044550449404e-01
9.733529325315710690e-01
9.794400631472653940e-01
9.743582016932508250e-01
9.746467925680822875e-01
9.821557324649571319e-01
9.775159289212244085e-01
9.785083868003253693e-01
9.720742682224897679e-01
9.720633270302981854e-01
9.790864124205661545e-01
9.748387536768976513e-01
9.749830611865384355e-01
9.746317914694323514e-01
9.818351316459128508e-01
9.840464195350248078e-01
9.824992004625986430e-01
9.833882502279347460e-01
9.885128336251831627e-01
9.724087606916331783e-01
9.837472205526810454e-01
9.806051951648819820e-01
9.804096045758602385e-01
9.837911913976536971e-01
9.835642257407267719e-01
9.819709994509296935e-01
9.795043203245963337e-01
9.784406903964197877e-01
9.826565983496340362e-01
9.849323600865895756e-01
9.928604756091643502e-01
9.772862237430663956e-01
9.756989297735338962e-01
9.854256950648233593e-01
9.774747477560983278e-01
9.753306503349671308e-01
9.807368378380145746e-01
9.814866789029521588e-01
9.809461200415011684e-01
9.829228778575521686e-01
9.757943245575801949e-01
9.793110586944456797e-01
9.762626648524909134e-01
9.786725529156652392e-01
9.837530674148693421e-01
9.795699177493074616e-01
9.762680823812521780e-01
9.757211807304743134e-01
9.759999979839590889e-01
9.820892203299464995e-01
9.759219739360925905e-01
9.781797425407087188e-01
9.865553604626995376e-01
9.861636136081836090e-01
9.774200593660357095e-01
9.733517628159691348e-01
9.706443844558100276e-01
9.781857263174366102e-01
9.816462990537259126e-01
9.767341906155047049e-01
9.730278940896367468e-01
9.795207765020557122e-01
9.692229333245496736e-01
9.865032264841947507e-01
9.666826684031574191e-01
9.784106600986152147e-01
9.792182169249216139e-01
9.872544711367630121e-01
9.833014401441247943e-01
9.872065552940695321e-01
9.850706366533479308e-01
9.834898066678852135e-01
9.739418063866861486e-01
9.785082921273291490e-01
9.832262145454160329e-01
9.859801733690778391e-01
9.824507557484132292e-01
9.712729097214776175e-01
9.834341667187181946e-01
9.813561640914043593e-01
9.845077254083993701e-01
9.805571484598768484e-01
9.794075734916671827e-01
9.796337730234145891e-01
9.825085154785553332e-01
9.702707372935139851e-01
9.796718441641074637e-01
9.757013953011967056e-01
9.851635095674646792e-01
9.815810918915959249e-01
9.778839772874927672e-01
9.804987229620110156e-01
9.730482978710778275e-01
9.796732336210406400e-01
9.874013417376643620e-01
9.721607737939728100e-01
9.794018947933706976e-01
9.789865158196207062e-01
9.828487568441605093e-01
9.791039408995737547e-01
9.795674625592741824e-01
9.771335021901700335e-01
9.839067349577302890e-01
9.783741661342171270e-01
9.774092183282259150e-01
9.831489117590465066e-01
9.795022243631796854e-01
9.760704421129033914e-01
9.808927815424975938e-01
9.846781570173984699e-01
9.811158538786824979e-01
9.821231512619109649e-01
9.810706026040182381e-01
9.828383357925674080e-01
9.770381880223054649e-01
9.739303322112295991e-01
9.795824057744350055e-01
9.792211917460970083e-01
9.831791669710421289e-01
9.790249544588159880e-01
9.756201878190928767e-01
9.804410017291818047e-01
9.790883454547065767e-01
9.800542798985216741e-01
9.876722463203742031e-01
9.721219473054527604e-01
9.771972620459389303e-01
9.868879819295394151e-01
9.776292092358250807e-01
9.724487579346342558e-01
9.876626521453427676e-01
9.850741630573506269e-01
9.755855193026554684e-01
9.810685361437614382e-01
9.848543060957891671e-01
9.769990204174184845e-01
9.815819277773064622e-01
9.825999842806976137e-01
9.876632584727386144e-01
9.856927506437165309e-01
9.834863192855044511e-01
9.798910765485884244e-01
9.817208788949229881e-01
9.849609380607010634e-01
9.811049018275901368e-01
9.742798818522209192e-01
9.816401677012919214e-01
9.899393048544194995e-01
9.734147409547719842e-01
9.800814619618135604e-01
9.748508457155999896e-01
9.826428080097445728e-01
9.841995349849491648e-01
9.795461674747809599e-01
9.858483343427312251e-01
9.704964729210686647e-01
9.856360304945275264e-01
9.802054575926837376e-01
9.851416084978507071e-01
9.878239826509538357e-01
9.872581584558791645e-01
9.798575165256029340e-01
9.835082253458752310e-01
9.856179739504947745e-01
9.771754057241168745e-01
9.830148326146671556e-01
9.819655058955955029e-01
9.841698534234514240e-01
9.905264407832771179e-01
9.828923618828189213e-01
9.832642019772904751e-01
9.834051487630465216e-01
9.806888049206793356e-01
9.851463231673850407e-01
9.773445873588231247e-01
9.792131410920908996e-01
9.863515981783536057e-01
9.751150928726662892e-01
9.866800403528559471e-01
9.827549420657379908e-01
9.868382010792933201e-01
9.743279776603004372e-01
9.813425645715304624e-01
9.800129917513475952e-01
9.909319474128830407e-01
9.669771052911619869e-01
9.826306077119667526e-01
9.807819106498009143e-01
9.704065515595232672e-01
9.762076986766592412e-01
9.852878510894216291e-01
9.745131066599315162e-01
9.929785308786407416e-01
9.715315907893561365e-01
9.791494206759240315e-01
9.869111741567420104e-01
9.767146361618269657e-01
9.869998201951797334e-01
9.856345610524257506e-01
9.818789422692763003e-01
9.843398253620847527e-01
9.846704088628799312e-01
9.765527658004260481e-01
9.894533283221512709e-01
9.819910852537319101e-01
9.824895328087041024e-01
9.800263088774252562e-01
9.786237855948232145e-01
9.919583700091397782e-01
9.773909065633406001e-01
9.779399125499782519e-01
9.770583987450176533e-01
9.750620881775610149e-01
9.792326126788987173e-01
9.745006751528529909e-01
9.866814132546006810e-01
9.819007681978593194e-01
9.847033272284566596e-01
9.716496980055331356e-01
9.855926969016901573e-01
9.815425341293644301e-01
9.865419222190429105e-01
9.831683607556999105e-01
9.820520590356289770e-01
9.875994259423899191e-01
9.848355407113247306e-01
9.762473707929948397e-01
9.831979973919890980e-01
9.854818916575104337e-01
9.836295890212291004e-01
9.787347368893690724e-01
9.813586365732598349e-01
9.857313279345532031e-01
9.811106124935362605e-01
9.724632516771325452e-01
9.791269443995677113e-01
9.889398541682936639e-01
9.772585521830169375e-01
9.817396479744918691e-01
9.866534623327887221e-01
9.807313002737630958e-01
9.865789144211086770e-01
9.864240526467594750e-01
9.767719350608797813e-01
9.874638446879926423e-01
9.778780567425531256e-01
9.829053291349755250e-01
9.805948862942311939e-01
9.811393265932573104e-01
9.799150778529065464e-01
9.764238500482024241e-01
9.794545120584011721e-01
9.784523014425517973e-01
9.817010805024686260e-01
9.869721733203362657e-01
9.722506855434578377e-01
9.879042372713228159e-01
9.813382159253286607e-01
9.781443934810275520e-01
9.769668475103790994e-01
9.803685661713263944e-01
9.748665988670016658e-01
9.860578871763110431e-01
9.801948103532416301e-01
9.808307563525703321e-01
9.816851547296324698e-01
9.758518973045997580e-01
9.824266154339441615e-01
9.857064845599898817e-01
9.822993533666634081e-01
9.747952444144405426e-01
9.812607677292973785e-01
9.850456749628044850e-01
9.781549646239509066e-01
9.847562476466881209e-01
9.767544452850002168e-01
9.772448718184808536e-01
9.817323971670046667e-01
9.861120150951081520e-01
9.804219711390439462e-01
9.784141255926960268e-01
9.815804812258632772e-01
9.772492143108435503e-01
9.832731846349302973e-01
9.749582345624885349e-01
9.817010644867720792e-01
9.819062180126489903e-01
9.839281014450772522e-01
9.808834070779772762e-01
9.803730445857661291e-01
9.849297888858464800e-01
9.786739255535100712e-01
9.791840047805780989e-01
9.762149693649330162e-01
9.665884737703295260e-01
9.704428460340330798e-01
9.808731591877851708e-01
9.834478316064809711e-01
9.751864805604717468e-01
9.812517157488664932e-01
9.814511792233386878e-01
9.726097505856960979e-01
9.922776786179692277e-01
9.780497415734675792e-01
9.840936194134924930e-01
9.770134908833592036e-01
9.877767870918340298e-01
9.826102993006508024e-01
9.848232143968496111e-01
9.825028178636810994e-01
9.848003451102453898e-01
9.818083088908289291e-01
9.778402285434139030e-01
9.838428505808656244e-01
9.823504232682244153e-01
9.812050078491885152e-01
9.867810523495090802e-01
9.828828209708565522e-01
9.768911381437652697e-01
9.836621414939878960e-01
9.819001785452785569e-01
9.842384366900297499e-01
9.819254506518295678e-01
9.854751203481250110e-01
9.873713150222712676e-01
9.779615417134828181e-01
9.819477414649173674e-01
9.852831246247072405e-01
9.834778147545445437e-01
9.850165898632847750e-01
9.738653745661153271e-01
9.740441857381205715e-01
9.752756779454435643e-01
9.813818474308705353e-01
9.818570749514863305e-01
9.768384653743789059e-01
9.855295336802682993e-01
9.841571166834484075e-01
9.776653118067276660e-01
9.676714068957107395e-01
9.907904732884215138e-01
9.767082794197663453e-01
9.760539876079336041e-01
9.824570945414484724e-01
9.768332794500322880e-01
9.856341385698450530e-01
9.812423396821990940e-01
9.768719967128042247e-01
9.734585183038351186e-01
9.760612324804354145e-01
9.879446716943957041e-01
9.775774319337472429e-01
9.797317185706713172e-01
9.794548995471417108e-01
9.788441455616800901e-01
9.778638179439798073e-01
9.762978846269311228e-01
9.813931606641449479e-01
9.725622094885308933e-01
9.809889368886495209e-01
9.834162363490261960e-01
9.869759689212962428e-01
9.876993794631480084e-01
9.879292575628071393e-01
9.820514793221134520e-01
9.826081995342849096e-01
9.867172018336364259e-01
9.817364267220787255e-01
9.808060122019786053e-01
9.839702244676472587e-01
9.722667684149418621e-01
9.837935889209782347e-01
9.823523070764459408e-01
9.738079362981504339e-01
9.869813526010297045e-01
9.804076677403705808e-01
9.836213086556060414e-01
9.842606439031996723e-01
9.813551271095124484e-01
9.795142417932156675e-01
9.814461760768944387e-01
9.807800313657020208e-01
9.851971671503466643e-01
9.786153472768924777e-01
9.761151761169802876e-01
9.743532056713576361e-01
9.757747018043836373e-01
9.724285995114188008e-01
9.780319363353782158e-01
9.790889763572238058e-01
9.733944801297140792e-01
9.808478608947740485e-01
9.821073728465353758e-01
9.852366527810417773e-01
9.825641045658375372e-01
9.705416228234199361e-01
9.788202789333630971e-01
9.849424852547826736e-01
9.761761910503732320e-01
9.744076556062176708e-01
9.828819054143685952e-01
9.881204846518472085e-01
9.750694004569905315e-01
9.765405896596485169e-01
9.783938574848750624e-01
9.774041929438594956e-01
9.868383057741574316e-01
9.883347943585881756e-01
9.835305400579605895e-01
9.840345063158169037e-01
9.825197090091082330e-01
9.787399740239657309e-01
9.800912141315448745e-01
9.821558625158991473e-01
9.851269737080642352e-01
9.862540032743299934e-01
9.759547457291962713e-01
9.779647743387418490e-01
9.864134837418809809e-01
9.793259370168077016e-01
9.862285840091769007e-01
9.811905594976809697e-01
9.786463496204430568e-01
9.810516222424279231e-01
9.874331320233830089e-01
9.749287879326311579e-01
9.879136637952450339e-01
9.855632753275110902e-01
9.806305838196850422e-01
9.852674987267807660e-01
9.864828686724562701e-01
9.833026528471425776e-01
9.754799258031754405e-01
9.806604658375642769e-01
9.808627662279748582e-01
9.812829227083031958e-01
9.749818439002375658e-01
9.907477277659788584e-01
9.858376214813842076e-01
9.844482291233345173e-01
9.867124880844498902e-01
9.735298160871104223e-01
9.814919137674327221e-01
9.808964945205579378e-01
9.816983340267013691e-01
9.758912348448428586e-01
9.784583256949930252e-01
9.806456723403287334e-01
9.779019347404804829e-01
9.829376560352547365e-01
9.737308696244109107e-01
9.801255321016598687e-01
9.846469267031853212e-01
9.752911815713011245e-01
9.724369277055683325e-01
9.820657754560896402e-01
9.836507086576031789e-01
9.785604094990344448e-01
9.888119101873384942e-01
9.806476019077966511e-01
9.856351784830459373e-01
9.833320787332110458e-01
9.733736877441084845e-01
9.836508372736616490e-01
9.810875246504581204e-01
9.867103983531804179e-01
9.802031957156378539e-01
9.847264091495254723e-01
9.844536439971480757e-01
9.797969729571662789e-01
9.840999370017843306e-01
9.792991577985294960e-01
9.767752623994307992e-01
9.807971952841515462e-01
9.787346914876701165e-01
9.771514152139070264e-01
9.768932064597483089e-01
9.768907781991644779e-01
9.667504453040146606e-01
9.757079224696286746e-01
9.775178167517885042e-01
9.775025093391005448e-01
9.738092640298932068e-01
9.825395479678467048e-01
9.785473384566443222e-01
9.890500518424107934e-01
9.888972684728898344e-01
9.910881900417025658e-01
9.775117730807107996e-01
9.838042364317920452e-01
9.775292131486915670e-01
9.832670257391785684e-01
9.763984699998244920e-01
9.776634786431219748e-01
9.817772451757481589e-01
9.823125943750861122e-01
9.768324643753080183e-01
9.811364621260123542e-01
9.763941117127232783e-01
9.774818714366566574e-01
9.830418322309187884e-01
9.848463260236697270e-01
9.814665273976860282e-01
9.820342261146428608e-01
9.772043401195302792e-01
9.826311573543854427e-01
