0.00075902
0.00074791
0.00073344
0.00075783
0.00076192
0.00074716
0.00075987
0.00073555
0.00072625
0.00071562
0.00076174
0.00075777
0.00077941
0.00076126
0.00072893
0.00074761
0.00077040
0.00075627
0.00075751
0.00072482
0.00077070
0.00074495
0.00072783
0.00071909
0.00077332
0.00076300
0.00072664
0.00076396
0.00071514
0.00076396
0.00073508
0.00077072
0.00075672
0.00073854
0.00075676
0.00078008
0.00074396
0.00073978
0.00072670
0.00075403
0.00072856
0.00074543
0.00077032
0.00075549
0.00072115
0.00077923
0.00075604
0.00072183
0.00074182
0.00073848
0.00079783
0.00073917
0.00069855
0.00073415
0.00082412
0.00073078
0.00072342
0.00074948
0.00077622
0.00076188
0.00076383
0.00073834
0.00073083
0.00077004
0.00075141
0.00076338
0.00074065
0.00075255
0.00082320
0.00078600
0.00076160
0.00080575
0.00072776
0.00075805
0.00073151
0.00077073
0.00074816
0.00078769
0.00077287
0.00075635
0.00075859
0.00076443
0.00076459
0.00076588
0.00074316
0.00075149
0.00074423
0.00074043
0.00074467
0.00078855
0.00073655
0.00074487
0.00077657
0.00069920
0.00076794
0.00075085
0.00078413
0.00075334
0.00073733
0.00070290
0.00078552
0.00078108
0.00079157
0.00077295
0.00071705
0.00075123
0.00074819
0.00073847
0.00077044
0.00084220
0.00074216
0.00074388
0.00075921
0.00077777
0.00078292
0.00070895
0.00076857
0.00074031
0.00073695
0.00073807
0.00078800
0.00073117
0.00076775
0.00085911
0.00075179
0.00077277
0.00075289
0.00076370
0.00077619
0.00080013
0.00074244
0.00075561
0.00075807
0.00075575
0.00073742
0.00072487
0.00071704
0.00075848
0.00080919
0.00073826
0.00074704
0.00076439
0.00076325
0.00076175
0.00079814
0.00074374
0.00076492
0.00078407
0.00075656
0.00077096
0.00081637
0.00075427
0.00076121
0.00075570
0.00074731
0.00074517
0.00075873
0.00074758
0.00077075
0.00070525
0.00077136
0.00076270
0.00073503
0.00076219
0.00072285
0.00073862
0.00075824
0.00073702
0.00075011
0.00075781
0.00078325
0.00073982
0.00075471
0.00080517
0.00074997
0.00075291
0.00076742
0.00081764
0.00080070
0.00074886
0.00073101
0.00072377
0.00075908
0.00079986
0.00075764
0.00074882
0.00075362
0.00076019
0.00077930
0.00076222
0.00071501
0.00071999
0.00077779
0.00075258
0.00072436
0.00077523
0.00076307
0.00078500
0.00075496
0.00077335
0.00077777
0.00078107
0.00076939
0.00077904
0.00073907
0.00073567
0.00075581
0.00072030
0.00074784
0.00077942
0.00071753
0.00069859
0.00075101
0.00075828
0.00071361
0.00075925
0.00078124
0.00074177
0.00074847
0.00076788
0.00073285
0.00076029
0.00074745
0.00075707
0.00078062
0.00075476
0.00075063
0.00078212
0.00080152
0.00076862
0.00079365
0.00074053
0.00072389
0.00076360
0.00075268
0.00074245
0.00073080
0.00072949
0.00074228
0.00074840
0.00077510
0.00081387
0.00077885
0.00075230
0.00075149
0.00077121
0.00074510
0.00075967
0.00072154
0.00081240
0.00080066
0.00071221
0.00072527
0.00077545
0.00075822
0.00074913
0.00077746
0.00074378
0.00075132
0.00076658
0.00075876
0.00076842
0.00071075
0.00075502
0.00077736
0.00073334
0.00074236
0.00077655
0.00075306
0.00076438
0.00072670
0.00077888
0.00072342
0.00079970
0.00072827
0.00077029
0.00075046
0.00073847
0.00072290
0.00072241
0.00078559
0.00073679
0.00075555
0.00074753
0.00075438
0.00073404
0.00080055
0.00075022
0.00071893
0.00077329
0.00079180
0.00074078
0.00077528
0.00074263
0.00074023
0.00074075
0.00077751
0.00071518
0.00074074
0.00075821
0.00072084
0.00075033
0.00076400
0.00077966
0.00078207
0.00075137
0.00075235
0.00071998
0.00075610
0.00071819
0.00074667
0.00076562
0.00073467
0.00078226
0.00074076
0.00073646
0.00075242
0.00076630
0.00080911
0.00078373
0.00076854
0.00073599
0.00073416
0.00076032
0.00076128
0.00075465
0.00078132
0.00072624
0.00078168
0.00074151
0.00074192
0.00071644
0.00074466
0.00077826
0.00072396
0.00075070
0.00073332
0.00074404
0.00073763
0.00077302
0.00074965
0.00073989
0.00074606
0.00073706
0.00072530
0.00076381
0.00075841
0.00079164
0.00074312
0.00073548
0.00073040
0.00075457
0.00077052
0.00074451
0.00074264
0.00079912
0.00071791
0.00075860
0.00073831
0.00074074
0.00073990
0.00078166
0.00074337
0.00075533
0.00072495
0.00074903
0.00072943
0.00076246
0.00075968
0.00078178
0.00078029
0.00072527
0.00074087
0.00078575
0.00069597
0.00080985
0.00075918
0.00073493
0.00076525
0.00076849
0.00071011
0.00077076
0.00073394
0.00079071
0.00074641
0.00076167
0.00078177
0.00072486
0.00075807
0.00073968
0.00076998
0.00075946
0.00076542
0.00077745
0.00074849
0.00079760
0.00075308
0.00074632
0.00072895
0.00072358
0.00078160
0.00078619
0.00073477
0.00070811
0.00076081
0.00080244
0.00074894
0.00077181
0.00072745
0.00074529
0.00072870
0.00078359
0.00071257
0.00073659
0.00076598
0.00077365
0.00079184
0.00074217
0.00074774
0.00072484
0.00078810
0.00079152
0.00075103
0.00076073
0.00072670
0.00073470
0.00073987
0.00076474
0.00074393
0.00075032
0.00074261
0.00074316
0.00074884
0.00075140
0.00077761
0.00074566
0.00083635
0.00074307
0.00076704
0.00076135
0.00075431
0.00075620
0.00079735
0.00076226
0.00082678
0.00073491
0.00074806
0.00075295
0.00072457
0.00076105
0.00079188
0.00073670
0.00073078
0.00073068
0.00077973
0.00071933
0.00075609
0.00078372
0.00076732
0.00076185
0.00077255
0.00077402
0.00075128
0.00073985
0.00072662
0.00073750
0.00071341
0.00074892
0.00075600
0.00080127
0.00073822
0.00074262
0.00074064
0.00075057
0.00073933
0.00071056
0.00075945
0.00074515
0.00074730
0.00073242
0.00077302
0.00074126
0.00073710
0.00073395
0.00072114
0.00072261
0.00073627
0.00073132
0.00073828
0.00077227
0.00074569
0.00076178
0.00074925
0.00076545
0.00077248
0.00074960
0.00073316
0.00073748
0.00078257
0.00076515