0.00326992
0.00304623
0.00242819
0.00242756
0.00272972
0.00279316
0.00266180
0.00268151
0.00276727
0.00264042
0.00255884
0.00265094
0.00263660
0.00278321
0.00281496
0.00309225
0.00275402
0.00289821
0.00293538
0.00291781
0.00337983
0.00267125
0.00264774
0.00263711
0.00263582
0.00304944
0.00264674
0.00273430
0.00278015
0.00285469
0.00245080
0.00250745
0.00263471
0.00268613
0.00307032
0.00265193
0.00253222
0.00345436
0.00270608
0.00293815
0.00293215
0.00264756
0.00274093
0.00287838
0.00290820
0.00297280
0.00254298
0.00256800
0.00276495
0.00276453
0.00257657
0.00305284
0.00244596
0.00262554
0.00293675
0.00262797
0.00335798
0.00273163
0.00354095
0.00295273
0.00282137
0.00365467
0.00291303
0.00248703
0.00257896
0.00276537
0.00270930
0.00285849
0.00265313
0.00299945
0.00291013
0.00251386
0.00264563
0.00431388
0.00383204
0.00272412
0.00257416
0.00305968
0.00260283
0.00253073
0.00279207
0.00279554
0.00265942
0.00250223
0.00261689
0.00258689
0.00292920
0.00257720
0.00322770
0.00266808
0.00269308
0.00275419
0.00308665
0.00293043
0.00277606
0.00259845
0.00295557
0.00252222
0.00302151
0.00335370
0.00292302
0.00280522
0.00295778
0.00256863
0.00283165
0.00275658
0.00296890
0.00312320
0.00275944
0.00287282
0.00284046
0.00266410
0.00289075
0.00260688
0.00270685
0.00301355
0.00273000
0.00260273
0.00595253
0.00300005
0.00319969
0.00298552
0.00294931
0.00289803
0.00280592
0.00306738
0.00345031
0.00285871
0.00287702
0.00287182
0.00299205
0.00252457
0.00315766
0.00258252
0.00255308
0.00261660
0.00299529
0.00282228
0.00261714
0.00269350
0.00255388
0.00268113
0.00257674
0.00272009
0.00260434
0.00300996
0.00261447
0.00247649
0.00276959
0.00323568
0.00262438
0.00268032
0.00272944
0.00280931
0.00272343
0.00275057
0.00293443
0.00301171
0.00263515
0.00303103
0.00254905
0.00252977
0.00261469
0.00255258
0.00289938
0.00313478
0.00258969
0.00337675
0.00265905
0.00272897
0.00305751
0.00273635
0.00292340
0.00254449
0.00302267
0.00275607
0.00271228
0.00276110
0.00276994
0.00317245
0.00277725
0.00273795
0.00250148
0.00261000
0.00292718
0.00250969
0.00315347
0.00327459
0.00235758
0.00278016
0.00256085
0.00284692
0.00286437
0.00257805
0.00269750
0.00257407
0.00263557
0.00256710
0.00290151
0.00272566
0.00300614
0.00270037
0.00268744
0.00256375
0.00287791
0.00285081
0.00263728
0.00283423
0.00263659
0.00244028
0.00274944
0.00286702
0.00262289
0.00269457
0.00266543
0.00270039
0.00276493
0.00257846
0.00270117
0.00278813
0.00250297
0.00259538
0.00240041
0.00280300
0.00255940
0.00270761
0.00287157
0.00302491
0.00255270
0.00342742
0.00268277
0.00305722
0.00390069
0.00284174
0.00277419
0.00266691
0.00257713
0.00281614
0.00252996
0.00249036
0.00271988
0.00268790
0.00249162
0.00257079
0.00298498
0.00256738
0.00276270
0.00265767
0.00313510
0.00273878
0.00276148
0.00292605
0.00277234
0.00297431
0.00270878
0.00285601
0.00253928
0.00279106
0.00252871
0.00290717
0.00314962
0.00331262
0.00271234
0.00253008
0.00254919
0.00282432
0.00284061
0.00509642
0.00284790
0.00297305
0.00287925
0.00281938
0.00275566
0.00286153
0.00267991
0.00284328
0.00295993
0.00314526
0.00248686
0.00257145
0.00282874
0.00256611
0.00298793
0.00258905
0.00272906
0.00276050
0.00264047
0.00309731
0.00266808
0.00272366
0.00266887
0.00282013
0.00311103
0.00258066
0.00266819
0.00357895
0.00263683
0.00280293
0.00265704
0.00274749
0.00267241
0.00290817
0.00241682
0.00261537
0.00269023
0.00295715
0.00300839
0.00270253
0.00272770
0.00283249
0.00404837
0.00276688
0.00271828
0.00264504
0.00285394
0.00298960
0.00263534
0.00287732
0.00268863
0.00277813
0.00272474
0.00259622
0.00267002
0.00270159
0.00281638
0.00279914
0.00284419
0.00264773
0.00269630
0.00264064
0.00254616
0.00273620
0.00283419
0.00275444
0.00298061
0.00286979
0.00285285
0.00252690
0.00355483
0.00289382
0.00279536
0.00281140
0.00369337
0.00286379
0.00261591
0.00251276
0.00317512
0.00260815
0.00273430
0.00258329
0.00285671
0.00292192
0.00251168
0.00267751
0.00270572
0.00273621
0.00316214
0.00261597
0.00276054
0.00277157
0.00262794
0.00263899
0.00262835
0.00260599
0.00265688
0.00252537
0.00288245
0.00250245
0.00250753
0.00253677
0.00330440
0.00328286
0.00275892
0.00281920
0.00290665
0.00262865
0.00278068
0.00256524
0.00276057
0.00282676
0.00286886
0.00240678
0.00262702
0.00268693
0.00270702
0.00256589
0.00289391
0.00261020
0.00325745
0.00273769
0.00255843
0.00273740
0.00371752
0.00251096
0.00273231
0.00316084
0.00340609
0.00303115
0.00247662
0.00258432
0.00329744
0.00255532
0.00269736
0.00324378
0.00262929
0.00312135
0.00273273
0.00269135
0.00260691
0.00273271
0.00239889
0.00260751
0.00259922
0.00291210
0.00249742
0.00264579
0.00260887
0.00263564
0.00285395
0.00280970
0.00256168
0.00269305
0.00260102
0.00266012
0.00268577
0.00279335
0.00279199
0.00257363
0.00285597
0.00269275
0.00292842
0.00275939
0.00278981
0.00275873
0.00287560
0.00287488
0.00310152
0.00280420
0.00255491
0.00256071
0.00264855
0.00280758
0.00280417
0.00268230
0.00299585
0.00260891
0.00265183
0.00301772
0.00262307
0.00258062
0.00299473
0.00295546
0.00295076
0.00254356
0.00262505
0.00266618
0.00267985
0.00246979
0.00264132
0.00256535
0.00300690
0.00300318
0.00295287
0.00289048
0.00254911
0.00293099
0.00288411
0.00272173
0.00289942
0.00269733
0.00323116
0.00271053
0.00297870
0.00278260
0.00371852
0.00254326
0.00277383
0.00343234
0.00275200
0.00269610
0.00262384
0.00260685
0.00267887
0.00290997
0.00298995
0.00271419
0.00282009
0.00255462
0.00272478
0.00302403
0.00322807
0.00261300
0.00280433
0.00259103
0.00272664
0.00276365
0.00294204
0.00296927
0.00268951
0.00278866