0.00072531
0.00071273
0.00071245
0.00072222
0.00067059
0.00072657
0.00072527
0.00068946
0.00071041
0.00072120
0.00069660
0.00067952
0.00070717
0.00072081
0.00069560
0.00072281
0.00069849
0.00070282
0.00071181
0.00071210
0.00070426
0.00069069
0.00068505
0.00071748
0.00072783
0.00072329
0.00068736
0.00069732
0.00072432
0.00074219
0.00069194
0.00070345
0.00072884
0.00069977
0.00069943
0.00073169
0.00070873
0.00069072
0.00069857
0.00069377
0.00070197
0.00070009
0.00071674
0.00070638
0.00072613
0.00071615
0.00069294
0.00071969
0.00069608
0.00072319
0.00067901
0.00072169
0.00071076
0.00070278
0.00069935
0.00071636
0.00070107
0.00072745
0.00069248
0.00067172
0.00072346
0.00071440
0.00072554
0.00070703
0.00071842
0.00071039
0.00074451
0.00070390
0.00072697
0.00068417
0.00068747
0.00069590
0.00070906
0.00071377
0.00072405
0.00068444
0.00069556
0.00073727
0.00070669
0.00070399
0.00071314
0.00070791
0.00069251
0.00068949
0.00071030
0.00071449
0.00072171
0.00069038
0.00069934
0.00069659
0.00067093
0.00071378
0.00070478
0.00069626
0.00069001
0.00068552
0.00069115
0.00072411
0.00073999
0.00068717
0.00072910
0.00068977
0.00070608
0.00068027
0.00070087
0.00071495
0.00074365
0.00069567
0.00071043
0.00069858
0.00068890
0.00072315
0.00070101
0.00069220
0.00069479
0.00068365
0.00068642
0.00067852
0.00070742
0.00071465
0.00070712
0.00072843
0.00069239
0.00070750
0.00071440
0.00071905
0.00070909
0.00070780
0.00074432
0.00068860
0.00069438
0.00069010
0.00070369
0.00069820
0.00076039
0.00070958
0.00069118
0.00070599
0.00070121
0.00071720
0.00070476
0.00068881
0.00069901
0.00069309
0.00069809
0.00070741
0.00070477
0.00071320
0.00073120
0.00072120
0.00073473
0.00070023
0.00069368
0.00070727
0.00069035
0.00078130
0.00068679
0.00072173
0.00074914
0.00069680
0.00069972
0.00069806
0.00073656
0.00071982
0.00067111
0.00069524
0.00068791
0.00069108
0.00071458
0.00069777
0.00068401
0.00071488
0.00068965
0.00068644
0.00069522
0.00071516
0.00070172
0.00070054
0.00069498
0.00071807
0.00070843
0.00071581
0.00068243
0.00070038
0.00070286
0.00068786
0.00074986
0.00072628
0.00069022
0.00071465
0.00072120
0.00069655
0.00069159
0.00068919
0.00070874
0.00073784
0.00071015
0.00070628
0.00070080
0.00070318
0.00068717
0.00071068
0.00070297
0.00073386
0.00068860
0.00072903
0.00069759
0.00069601
0.00073254
0.00069034
0.00069410
0.00072689
0.00073467
0.00068878
0.00074097
0.00070637
0.00069393
0.00074397
0.00070120
0.00075963
0.00073225
0.00073148
0.00069883
0.00075549
0.00068614
0.00068285
0.00072329
0.00071209
0.00070301
0.00070705
0.00072285
0.00068326
0.00071852
0.00074444
0.00070078
0.00072038
0.00069543
0.00070816
0.00066114
0.00069257
0.00070410
0.00070933
0.00076162
0.00074600
0.00072073
0.00070031
0.00070134
0.00070577
0.00072416
0.00070024
0.00069633
0.00072839
0.00071336
0.00072461
0.00067292
0.00072774
0.00069097
0.00069785
0.00071316
0.00067643
0.00070330
0.00072830
0.00072191
0.00068850
0.00067533
0.00070781
0.00070692
0.00072627
0.00070825
0.00071520
0.00069983
0.00071365
0.00070256
0.00071986
0.00070995
0.00070983
0.00068839
0.00069992
0.00071259
0.00071534
0.00071320
0.00071545
0.00072227
0.00069545
0.00071903
0.00070170
0.00068134
0.00071648
0.00068781
0.00072824
0.00071073
0.00070506
0.00069210
0.00076374
0.00068944
0.00069735
0.00070781
0.00069974
0.00072466
0.00070814
0.00069784
0.00070549
0.00070214
0.00071191
0.00070783
0.00070293
0.00071400
0.00070367
0.00073791
0.00067934
0.00072634
0.00071168
0.00071384
0.00075319
0.00069471
0.00072850
0.00068518
0.00069352
0.00072616
0.00070258
0.00074506
0.00075129
0.00068132
0.00071310
0.00069475
0.00070761
0.00070199
0.00075697
0.00068415
0.00068878
0.00070592
0.00068553
0.00069518
0.00068262
0.00069506
0.00073416
0.00069328
0.00070102
0.00068667
0.00071004
0.00074107
0.00072510
0.00072645
0.00067265
0.00069169
0.00070295
0.00068386
0.00071884
0.00072201
0.00068898
0.00072325
0.00069374
0.00072031
0.00073939
0.00075844
0.00070903
0.00070752
0.00068858
0.00069836
0.00070350
0.00068105
0.00068749
0.00073888
0.00070200
0.00070685
0.00072723
0.00067593
0.00070527
0.00072424
0.00070613
0.00070012
0.00072232
0.00068725
0.00070002
0.00067621
0.00071760
0.00071699
0.00070086
0.00068914
0.00070088
0.00069205
0.00067972
0.00070278
0.00073690
0.00070557
0.00072238
0.00071355
0.00072353
0.00072834
0.00069903
0.00069446
0.00067996
0.00073680
0.00068141
0.00068470
0.00070254
0.00071997
0.00070955
0.00070781
0.00075228
0.00075559
0.00072980
0.00073979
0.00070598
0.00070768
0.00070768
0.00070163
0.00073776
0.00069384
0.00069485
0.00073024
0.00072547
0.00070628
0.00071583
0.00072235
0.00072441
0.00071414
0.00068088
0.00072707
0.00067146
0.00073104
0.00071418
0.00069369
0.00069969
0.00069746
0.00075928
0.00071690
0.00071563
0.00072552
0.00068247
0.00073591
0.00069037
0.00068650
0.00072336
0.00069828
0.00072199
0.00070266
0.00069041
0.00068981
0.00072160
0.00069651
0.00072388
0.00073620
0.00073424
0.00070266
0.00073198
0.00071058
0.00071686
0.00069323
0.00068714
0.00070452
0.00071153
0.00069598
0.00068147
0.00069583
0.00070483
0.00070239
0.00071426
0.00069884
0.00071499
0.00077769
0.00068152
0.00069196
0.00068137
0.00068747
0.00071211
0.00070849
0.00071820
0.00065817
0.00071151
0.00070348
0.00071330
0.00071269
0.00068584
0.00068507
0.00071347
0.00071774
0.00070693
0.00069731
0.00069115
0.00071323
0.00068752
0.00070897
0.00070907
0.00071814
0.00070696
0.00070263
0.00069438
0.00070481
0.00069448
0.00068436
0.00071884
0.00069052
0.00071449
0.00068653
0.00073226
0.00071883
0.00069783
0.00072225
0.00070954