0.00455941
0.00438992
0.00429161
0.00435390
0.00442458
0.00439126
0.00437269
0.00437414
0.00438977
0.00500068
0.00437414
0.00443339
0.00448337
0.00466891
0.00457244
0.00451292
0.00439386
0.00445524
0.00450297
0.00444575
0.00428812
0.00458729
0.00451940
0.00433148
0.00487778
0.00449450
0.00419603
0.00434650
0.00422319
0.00454979
0.00420858
0.00454272
0.00410018
0.00447991
0.00470398
0.00443716
0.00457274
0.00443270
0.00451156
0.00468562
0.00462539
0.00422995
0.00443196
0.00472158
0.00410213
0.00443912
0.00441990
0.00463237
0.00440079
0.00417904
0.00429969
0.00447263
0.00450150
0.00442912
0.00448106
0.00429558
0.00462346
0.00437102
0.00442895
0.00440152
0.00459133
0.00539726
0.00416566
0.00452255
0.00479442
0.00418989
0.00453063
0.00420270
0.00479922
0.00437640
0.00449219
0.00438231
0.00445997
0.00451479
0.00469198
0.00442004
0.00427810
0.00449332
0.00432210
0.00480850
0.00432482
0.00441241
0.00444212
0.00470191
0.00430334
0.00440534
0.00430037
0.00483874
0.00449297
0.00423062
0.00453585
0.00434140
0.00461674
0.00449006
0.00413221
0.00446765
0.00439176
0.00439277
0.00455188
0.00434210
0.00418913
0.00464889
0.00448333
0.00429133
0.00441821
0.00429907
0.00433107
0.00447821
0.00442362
0.00422187
0.00444290
0.00449360
0.00440483
0.00437506
0.00450030
0.00455626
0.00454495
0.00435407
0.00484162
0.00433241
0.00478604
0.00425219
0.00463915
0.00459119
0.00422860
0.00464743
0.00476266
0.00448176
0.00420670
0.00434206
0.00429313
0.00427373
0.00472244
0.00452844
0.00461348
0.00420120
0.00430776
0.00430080
0.00470681
0.00438300
0.00451105
0.00474001
0.00427864
0.00450458
0.00458721
0.00504842
0.00423095
0.00422485
0.00422794
0.00447681
0.00442520
0.00460667
0.00440305
0.00473084
0.00436815
0.00428143
0.00437905
0.00414882
0.00420150
0.00439521
0.00485100
0.00457950
0.00433409
0.00500562
0.00451790
0.00422997
0.00433861
0.00465126
0.00421753
0.00429458
0.00457788
0.00432010
0.00429963
0.00441030
0.00506714
0.00453475
0.00444952
0.00442268
0.00426536
0.00476342
0.00456596
0.00449894
0.00448166
0.00452558
0.00446388
0.00436871
0.00440217
0.00445118
0.00438335
0.00461838
0.00452519
0.00454156
0.00456441
0.00448868
0.00443239
0.00436600
0.00429803
0.00453363
0.00427357
0.00440234
0.00450797
0.00459078
0.00433928
0.00472540
0.00441802
0.00462378
0.00464745
0.00431536
0.00423141
0.00465266
0.00464228
0.00449353
0.00437963
0.00439226
0.00432790
0.00423551
0.00447714
0.00449533
0.00443782
0.00437344
0.00463816
0.00418065
0.00412746
0.00429981
0.00444286
0.00436764
0.00461541
0.00436676
0.00468382
0.00439013
0.00447635
0.00431863
0.00459730
0.00434276
0.00438229
0.00422271
0.00460672
0.00425819
0.00470988
0.00427104
0.00502762
0.00446638
0.00444418
0.00433738
0.00445380
0.00446051
0.00428080
0.00421677
0.00470242
0.00477621
0.00434754
0.00471990
0.00437998
0.00439010
0.00451549
0.00453074
0.00480772
0.00438662
0.00443224
0.00438707
0.00425926
0.00439304
0.00452378
0.00421785
0.00448975
0.00445573
0.00451851
0.00495425
0.00451152
0.00437233
0.00433734
0.00445233
0.00467169
0.00444164
0.00451596
0.00469000
0.00442992
0.00447495
0.00425749
0.00421723
0.00471468
0.00476106
0.00434788
0.00441780
0.00462448
0.00461475
0.00437271
0.00430634
0.00441993
0.00443228
0.00415121
0.00483632
0.00455656
0.00452314
0.00427169
0.00508508
0.00458268
0.00467467
0.00490126
0.00445629
0.00425339
0.00438241
0.00434367
0.00442705
0.00476434
0.00477583
0.00456152
0.00442286
0.00441697
0.00450517
0.00458783
0.00448736
0.00450169
0.00456226
0.00441851
0.00483503
0.00479789
0.00469101
0.00453814
0.00428234
0.00437991
0.00464483
0.00432025
0.00444821
0.00437865
0.00474001
0.00424405
0.00447361
0.00482261
0.00432757
0.00474080
0.00459074
0.00424767
0.00435227
0.00421910
0.00435307
0.00424732
0.00454785
0.00474462
0.00437061
0.00445341
0.00457462
0.00461905
0.00451111
0.00446954
0.00460975
0.00449175
0.00454825
0.00457473
0.00498321
0.00452937
0.00441956
0.00417972
0.00423668
0.00490509
0.00446961
0.00457080
0.00458781
0.00457541
0.00493549
0.00474598
0.00448298
0.00453429
0.00424784
0.00460584
0.00439128
0.00441381
0.00458495
0.00424571
0.00443873
0.00450824
0.00443404
0.00451601
0.00451019
0.00440516
0.00454538
0.00464603
0.00428254
0.00434844
0.00447318
0.00478604
0.00473417
0.00433815
0.00439076
0.00444654
0.00433874
0.00451185
0.00471932
0.00440897
0.00446528
0.00461200
0.00426713
0.00480139
0.00450224
0.00434650
0.00442724
0.00457085
0.00430315
0.00428876
0.00449676
0.00441461
0.00490729
0.00437512
0.00432558
0.00433556
0.00442293
0.00497365
0.00462056
0.00444023
0.00455918
0.00487792
0.00453305
0.00449894
0.00485211
0.00440235
0.00432696
0.00433148
0.00498410
0.00461402
0.00438576
0.00446073
0.00456977
0.00465557
0.00454899
0.00438991
0.00422478
0.00443161
0.00454366
0.00420034
0.00445545
0.00451019
0.00434067
0.00448612
0.00429302
0.00450822
0.00461057
0.00429595
0.00428093
0.00492797
0.00441343
0.00448694
0.00465958
0.00433851
0.00432734
0.00504969
0.00436914
0.00436306
0.00425807
0.00446969
0.00463696
0.00471196
0.00420565
0.00437628
0.00454856
0.00464101
0.00438653
0.00467364
0.00445827
0.00511020
0.00474571
0.00472528
0.00450821
0.00444843
0.00430387
0.00432587
0.00428714
0.00435756
0.00440024
0.00498878
0.00449361
0.00442508
0.00436215
0.00433418
0.00442012
0.00438633
0.00436405
0.00455000
0.00440173
0.00456159
0.00444125
0.00427034
0.00456426
0.00447467
0.00477117
0.00453074
0.00427355
0.00451096
0.00458667
0.00448776
0.00425464
0.00467622
0.00423885
0.00442036
0.00447462
0.00437195
0.00423848
0.00433401
0.00428646
0.00426136
0.00458716