0.00501078
0.00516783
0.00455075
0.00495012
0.00549992
0.00520181
0.00483931
0.00463443
0.00505216
0.00656144
0.00518134
0.00493132
0.00485723
0.00469204
0.00486509
0.00485937
0.00493953
0.00466562
0.00493820
0.00506402
0.00744969
0.00456329
0.00449318
0.00554951
0.00465479
0.00547187
0.00461809
0.00512392
0.00478662
0.00532888
0.00494236
0.00480631
0.00443471
0.00474082
0.00576557
0.00510954
0.00478567
0.00508399
0.00524800
0.00484689
0.00495902
0.00536221
0.00463575
0.00475697
0.00520995
0.00565113
0.00534184
0.00481764
0.00496550
0.00633947
0.00484243
0.00545988
0.00492396
0.00501788
0.00462652
0.01066597
0.00527718
0.00568152
0.00532304
0.00462280
0.00535073
0.00532681
0.00543334
0.00476470
0.00553140
0.00520902
0.00550748
0.00486994
0.00575115
0.00480559
0.00450368
0.00513232
0.00507802
0.00470694
0.00491282
0.00470266
0.00484171
0.00469998
0.00478484
0.00473862
0.00512724
0.00512160
0.00607389
0.00473174
0.00516899
0.00505065
0.00514361
0.00760906
0.00485556
0.00513536
0.00451910
0.00450090
0.00476012
0.00530589
0.00468243
0.00447075
0.00559837
0.00548852
0.00482132
0.00462220
0.00464348
0.00523907
0.00529409
0.00502212
0.00499749
0.00558674
0.00445994
0.00497551
0.00456110
0.00460597
0.00519934
0.00555172
0.00489100
0.00541524
0.00476770
0.00508367
0.00478066
0.00553389
0.00521981
0.00589817
0.00803558
0.00532210
0.00476360
0.00569330
0.00462277
0.00487175
0.00593515
0.00477145
0.00454827
0.00544123
0.00503637
0.00531118
0.00454553
0.00533501
0.00475159
0.00535476
0.00515832
0.00465341
0.00496389
0.00543376
0.00517504
0.00465830
0.00463496
0.00468227
0.00526126
0.00494992
0.00515495
0.00491333
0.00564931
0.00543056
0.00499733
0.00531491
0.00529061
0.00552663
0.00529489
0.00513967
0.00459400
0.00440814
0.00520669
0.00465531
0.00491974
0.00478950
0.00530550
0.00612477
0.00473076
0.00433282
0.00569594
0.00570413
0.00530864
0.00494925
0.00471003
0.00521971
0.00485214
0.00490631
0.00697113
0.00545977
0.00491959
0.00508030
0.00501944
0.00461858
0.00475751
0.00509113
0.00547313
0.00484584
0.00536280
0.00480948
0.00593050
0.00482726
0.00518779
0.00462325
0.00540517
0.00464681
0.00457406
0.00551293
0.00469657
0.00511600
0.00525196
0.00474206
0.00440221
0.00519401
0.00489307
0.00544927
0.00551209
0.00440060
0.00628277
0.00496940
0.00465976
0.00468493
0.00519553
0.00530083
0.00511726
0.00507835
0.00485218
0.00493749
0.00441712
0.00487777
0.00467214
0.00481251
0.00497271
0.00524090
0.00484564
0.00591087
0.00511373
0.00462562
0.00463213
0.00500984
0.00507967
0.00506868
0.00488841
0.00510262
0.00544093
0.00561762
0.00465162
0.00462416
0.00506289
0.00508332
0.00505613
0.00483533
0.00613385
0.00547809
0.00483869
0.00501458
0.00542325
0.00484262
0.00554347
0.00487196
0.00490170
0.00503405
0.00469448
0.00491551
0.00483656
0.00583631
0.00480951
0.00449718
0.00456947
0.00521325
0.00486986
0.00487254
0.00546148
0.00486522
0.00508465
0.00482649
0.00504221
0.00477587
0.00539790
0.00480883
0.00465431
0.00555423
0.00463789
0.00503453
0.00528946
0.00459115
0.00490070
0.00595350
0.00517510
0.00496785
0.00493405
0.00481356
0.00527002
0.00486525
0.00525450
0.00489444
0.00563251
0.00503338
0.00505207
0.00509738
0.00513269
0.00509852
0.00507780
0.00492259
0.00487321
0.00491086
0.00572170
0.00482382
0.00473787
0.00526575
0.00470078
0.00502723
0.00503149
0.00533700
0.00504567
0.00529944
0.00542127
0.00499226
0.00583661
0.00524939
0.00498148
0.00508675
0.00485976
0.00556053
0.00446648
0.00463770
0.00500660
0.00466165
0.00573372
0.00567403
0.00459189
0.00515952
0.00504397
0.00510076
0.00478178
0.00471162
0.00479189
0.00451060
0.00478889
0.00471399
0.00465870
0.00494781
0.00488984
0.00444773
0.00477532
0.00513540
0.00476523
0.00547089
0.00489644
0.00472502
0.00459628
0.00509916
0.00478840
0.00476009
0.00504138
0.00468507
0.00543358
0.00547160
0.00521276
0.00537454
0.00465625
0.00471356
0.00485701
0.00521140
0.00515042
0.00489161
0.00476295
0.00512264
0.00455146
0.00515269
0.00494436
0.00477288
0.00475099
0.00531637
0.00504693
0.00512868
0.00480710
0.00485717
0.00565514
0.00509949
0.00491550
0.00462134
0.00528837
0.00483451
0.00459190
0.00483530
0.00508161
0.00491662
0.00493839
0.00512351
0.00498356
0.00625906
0.00480655
0.00474827
0.00562692
0.00538416
0.00557585
0.00586025
0.00468870
0.00459634
0.00545061
0.00526113
0.00543859
0.00504638
0.00575073
0.00478522
0.00470221
0.00467371
0.00536699
0.00520031
0.00511974
0.00517533
0.00506158
0.00495873
0.00509828
0.00483279
0.00546795
0.00491718
0.00544633
0.00510792
0.00517288
0.00505693
0.00478856
0.00535331
0.00470846
0.00469729
0.00450603
0.00510396
0.00557320
0.00427717
0.00574501
0.00550136
0.00487457
0.00476772
0.00581943
0.00505308
0.00556837
0.00491613
0.00572367
0.00463078
0.00470398
0.00468341
0.00538480
0.00604603
0.00559711
0.00483658
0.00555608
0.00524818
0.00477065
0.00555137
0.00483837
0.00461193
0.00478207
0.00453102
0.00508858
0.00455201
0.00489699
0.00498128
0.00519366
0.00442439
0.00457868
0.00514865
0.00650727
0.00500006
0.00566091
0.00535543
0.00493331
0.00555439
0.00500284
0.00537857
0.00535922
0.00486393
0.00526339
0.00466631
0.00449505
0.00496377
0.00518197
0.00635210
0.00500715
0.00504157
0.00545101
0.00473160
0.00451115
0.00503763
0.00507482
0.00561079
0.00525812
0.00462433
0.00533543
0.00478216
0.00568324
0.00574226
0.00474414
0.00496649
0.00476290
0.00484187
0.00461573
0.00518582
0.00455515
0.00498272
0.00490577
0.00466639
0.00551892
0.00506080
0.00531536
0.00501162
0.00556543
0.00540856
0.00478418
0.00512582
0.00476258
0.00692807
0.00484031
0.00538799