0.00139835
0.00129803
0.00131579
0.00148756
0.00132974
0.00140204
0.00134797
0.00126552
0.00135064
0.00124050
0.00126309
0.00126562
0.00131977
0.00127772
0.00131046
0.00126529
0.00124224
0.00130963
0.00143167
0.00129597
0.00133888
0.00136359
0.00133458
0.00139399
0.00131552
0.00130776
0.00147143
0.00133187
0.00129636
0.00128933
0.00128004
0.00136376
0.00133271
0.00127221
0.00136346
0.00133462
0.00123517
0.00135615
0.00132654
0.00129557
0.00129444
0.00130427
0.00142968
0.00165925
0.00134259
0.00139235
0.00134391
0.00133146
0.00135336
0.00129904
0.00134727
0.00128996
0.00122723
0.00126822
0.00135380
0.00144272
0.00132334
0.00134087
0.00132369
0.00142342
0.00129929
0.00142064
0.00139409
0.00133227
0.00155826
0.00136443
0.00130400
0.00139519
0.00139840
0.00134586
0.00134011
0.00129804
0.00137811
0.00134832
0.00130130
0.00131814
0.00128789
0.00130442
0.00131382
0.00136213
0.00151561
0.00132142
0.00125782
0.00126904
0.00132964
0.00134122
0.00128191
0.00136470
0.00138145
0.00130130
0.00154467
0.00136142
0.00133315
0.00126830
0.00128630
0.00130301
0.00126077
0.00135193
0.00131896
0.00133234
0.00133898
0.00142269
0.00127401
0.00128819
0.00136895
0.00133577
0.00128288
0.00130159
0.00139226
0.00137110
0.00134231
0.00135270
0.00137968
0.00132991
0.00135108
0.00136934
0.00128163
0.00131946
0.00130945
0.00148822
0.00127985
0.00128550
0.00140260
0.00127940
0.00137069
0.00143191
0.00130846
0.00125917
0.00133534
0.00142004
0.00141950
0.00133842
0.00132330
0.00128438
0.00143613
0.00141781
0.00130347
0.00141050
0.00128209
0.00133681
0.00128548
0.00135015
0.00131670
0.00129189
0.00134209
0.00131297
0.00133822
0.00131035
0.00134496
0.00132371
0.00133248
0.00132175
0.00148739
0.00131885
0.00134285
0.00134000
0.00134156
0.00126488
0.00131913
0.00125973
0.00137764
0.00134305
0.00133875
0.00133025
0.00129121
0.00126501
0.00140648
0.00125210
0.00148808
0.00131133
0.00126991
0.00144737
0.00134596
0.00122867
0.00128822
0.00145796
0.00131622
0.00142786
0.00136920
0.00138534
0.00129957
0.00129431
0.00125379
0.00127519
0.00137990
0.00135796
0.00134880
0.00132868
0.00130775
0.00131715
0.00135271
0.00137616
0.00128930
0.00135025
0.00138052
0.00119552
0.00130139
0.00131441
0.00128433
0.00132662
0.00128219
0.00135638
0.00142705
0.00134673
0.00138399
0.00127856
0.00134787
0.00136784
0.00131276
0.00131830
0.00126103
0.00134859
0.00140361
0.00132481
0.00126163
0.00134889
0.00126795
0.00133848
0.00134242
0.00127300
0.00128457
0.00125031
0.00129895
0.00130856
0.00132351
0.00130605
0.00131390
0.00135045
0.00127592
0.00133997
0.00130976
0.00128200
0.00138988
0.00130627
0.00131379
0.00128920
0.00132519
0.00143846
0.00124081
0.00136912
0.00135340
0.00130049
0.00132762
0.00133895
0.00125738
0.00132144
0.00134716
0.00140065
0.00133114
0.00133009
0.00138614
0.00128544
0.00137774
0.00135550
0.00132718
0.00128981
0.00131628
0.00128552
0.00145712
0.00144758
0.00123617
0.00128805
0.00134189
0.00126880
0.00132651
0.00125991
0.00128269
0.00125725
0.00139352
0.00128344
0.00139504
0.00159058
0.00136819
0.00134994
0.00134937
0.00133268
0.00141429
0.00131254
0.00129237
0.00129096
0.00135214
0.00132949
0.00127427
0.00130133
0.00127703
0.00126754
0.00134932
0.00129143
0.00135267
0.00132442
0.00135201
0.00133767
0.00127637
0.00125362
0.00132800
0.00123541
0.00133175
0.00129519
0.00138916
0.00131154
0.00146838
0.00135233
0.00129096
0.00133621
0.00132864
0.00129715
0.00126646
0.00133697
0.00129435
0.00126020
0.00138307
0.00133713
0.00129331
0.00132182
0.00131748
0.00133561
0.00128623
0.00126059
0.00135876
0.00126624
0.00140160
0.00132879
0.00124749
0.00134484
0.00131441
0.00138629
0.00144929
0.00128806
0.00135703
0.00133295
0.00144271
0.00142150
0.00127603
0.00136199
0.00130028
0.00134294
0.00131262
0.00138041
0.00123110
0.00130370
0.00129004
0.00137017
0.00124451
0.00139757
0.00135292
0.00131672
0.00128595
0.00140388
0.00134296
0.00136125
0.00133403
0.00130164
0.00130590
0.00133052
0.00132368
0.00133841
0.00133012
0.00134120
0.00140903
0.00139591
0.00140072
0.00140683
0.00134301
0.00125080
0.00128023
0.00129742
0.00137010
0.00129731
0.00143306
0.00138572
0.00134822
0.00130165
0.00129856
0.00128714
0.00135936
0.00132099
0.00136669
0.00142108
0.00130462
0.00139757
0.00134293
0.00134463
0.00129022
0.00136048
0.00135704
0.00128431
0.00137927
0.00130143
0.00127032
0.00138876
0.00132036
0.00136253
0.00136279
0.00129237
0.00131785
0.00136484
0.00134649
0.00137592
0.00133536
0.00128108
0.00137373
0.00134433
0.00130909
0.00131795
0.00132579
0.00125812
0.00128439
0.00126860
0.00140172
0.00134806
0.00134944
0.00129705
0.00131327
0.00126427
0.00129161
0.00140118
0.00131172
0.00130821
0.00137832
0.00124463
0.00132177
0.00131606
0.00137420
0.00131165
0.00136998
0.00140863
0.00126576
0.00131216
0.00140723
0.00126550
0.00127601
0.00135288
0.00128718
0.00139349
0.00135418
0.00131186
0.00137836
0.00134739
0.00126407
0.00140433
0.00133547
0.00135368
0.00128094
0.00124944
0.00126946
0.00136529
0.00135550
0.00133315
0.00130972
0.00134372
0.00138379
0.00128179
0.00129100
0.00132380
0.00132677
0.00129185
0.00130243
0.00135845
0.00141652
0.00138711
0.00132444
0.00138891
0.00142143
0.00135272
0.00129392
0.00132303
0.00133560
0.00133144
0.00126711
0.00133156
0.00130346
0.00131171
0.00132691
0.00137957
0.00134067
0.00131835
0.00135480
0.00132700
0.00135905
0.00132881
0.00126976
0.00147502
0.00133573
0.00140798
0.00146262
0.00128143
0.00130211
0.00134415
0.00135154
0.00134726
0.00135973
0.00131100
0.00132337
0.00126712
0.00131324
0.00172590
0.00128398
0.00130400
0.00136031
0.00137254