0.00872361
0.01124591
0.00905356
0.00950571
0.00859966
0.00879556
0.00993961
0.00900572
0.00885968
0.00921615
0.00853388
0.00929913
0.01021468
0.00892808
0.00928931
0.00863098
0.00903537
0.00943349
0.00945438
0.00883515
0.00918420
0.01023803
0.01038991
0.00956546
0.00910248
0.00895008
0.00809624
0.00953842
0.00853001
0.00837618
0.00849117
0.00853776
0.00885363
0.00870576
0.00974396
0.00864120
0.01143001
0.00947367
0.00875058
0.00941335
0.00896383
0.00899742
0.00923185
0.00825395
0.00870439
0.01031804
0.00899095
0.00954807
0.00893507
0.00953321
0.00911018
0.00867096
0.00896907
0.00853217
0.00874312
0.00868741
0.00882418
0.00908501
0.00903574
0.00941485
0.01140927
0.00834717
0.00860795
0.00974035
0.00885806
0.00887468
0.00887495
0.00881295
0.00857545
0.01071099
0.00956298
0.00865427
0.00879171
0.01003471
0.00877261
0.00869027
0.00866964
0.00850517
0.00871330
0.01026386
0.01090348
0.00830937
0.00885149
0.00937820
0.00972524
0.00941128
0.00962162
0.00882049
0.00904557
0.00855376
0.00940222
0.00960586
0.00934705
0.01093847
0.00888374
0.00930471
0.00955512
0.01102166
0.00882606
0.00901139
0.00904710
0.00904922
0.00875152
0.00883574
0.00885154
0.00917599
0.01033052
0.00855551
0.00851353
0.00811572
0.00927670
0.00942388
0.00916886
0.00924716
0.00929961
0.00824653
0.00909201
0.00860825
0.00881375
0.00850041
0.00876408
0.00922217
0.00848189
0.00926390
0.00924563
0.00854444
0.00973686
0.00939009
0.00896936
0.00921538
0.00911196
0.01037450
0.00899656
0.01037967
0.00901814
0.00883047
0.01188115
0.00888272
0.00823014
0.00891646
0.00892708
0.00808820
0.00849265
0.00981452
0.00880449
0.00887335
0.00862326
0.00913169
0.00872436
0.00857655
0.00924038
0.00894779
0.00891982
0.01069333
0.00845456
0.00893676
0.00909819
0.00893843
0.00942078
0.00815081
0.00869741
0.00922969
0.00930517
0.00950422
0.00873216
0.00830694
0.00932243
0.00909591
0.00877787
0.00850323
0.00910725
0.00840366
0.00901416
0.00846698
0.00971748
0.00834039
0.00892826
0.00906316
0.00902269
0.00896051
0.00927846
0.00947571
0.00908329
0.00919960
0.00920569
0.01014886
0.00959914
0.00854073
0.00960573
0.00956031
0.00901204
0.01071847
0.00914548
0.00865065
0.00941109
0.00918558
0.00859571
0.00855093
0.00875814
0.00952954
0.00853775
0.00956227
0.00833117
0.00900957
0.00891487
0.00891386
0.00959858
0.00915672
0.01015965
0.00885924
0.00969724
0.00927486
0.00917300
0.00846843
0.00832269
0.00902000
0.01121253
0.00811100
0.00852822
0.00932757
0.00923916
0.00832908
0.00960934
0.00863526
0.01093098
0.00830497
0.00845394
0.01007783
0.00946929
0.00855096
0.00851076
0.00863417
0.00867757
0.00889314
0.01064445
0.00915082
0.00846617
0.00865233
0.00867259
0.00804400
0.00918662
0.00928566
0.00912861
0.00939996
0.00892696
0.00886803
0.00938576
0.00856802
0.01009260
0.00862522
0.00870467
0.01090629
0.00888904
0.00896460
0.00855607
0.00880671
0.00889489
0.00851425
0.00849037
0.00934590
0.00842910
0.00807584
0.00886701
0.00952252
0.01101661
0.00890575
0.00892171
0.00865396
0.00917800
0.00848404
0.00885565
0.01028516
0.00928662
0.00906416
0.01068615
0.00898739
0.00916950
0.00860509
0.00830358
0.00910272
0.00848296
0.00879318
0.00903083
0.00912103
0.00940992
0.00880991
0.00938244
0.00903287
0.01188431
0.00836750
0.00853640
0.00947184
0.00854274
0.00887798
0.00907817
0.00867869
0.00931340
0.00907416
0.00873603
0.00917236
0.00887463
0.00861036
0.00937134
0.00876174
0.00852680
0.00889549
0.00859079
0.00918134
0.00828988
0.00833049
0.00948303
0.00903786
0.00899134
0.00892707
0.01039888
0.00840586
0.00854531
0.00870877
0.00887677
0.01166035
0.00861515
0.00926152
0.00839524
0.00953412
0.01059269
0.00866011
0.00910841
0.00882169
0.00848606
0.01158901
0.00863118
0.00921920
0.00892922
0.00890369
0.00904043
0.00885432
0.00922676
0.00859737
0.00987711
0.00847050
0.00899377
0.00928301
0.00908432
0.00951551
0.00784912
0.00928591
0.01002276
0.00889862
0.00842654
0.00834189
0.00914343
0.01026036
0.00882837
0.00818863
0.00919682
0.00960207
0.00889271
0.00841348
0.00847307
0.00900452
0.00850607
0.01036448
0.00854806
0.00801015
0.00929747
0.00890704
0.00921640
0.00890991
0.00882017
0.00881941
0.01120504
0.00808923
0.00917672
0.00857203
0.00806785
0.00978530
0.00862378
0.01028747
0.00869776
0.00926666
0.00978719
0.00904227
0.00905917
0.00923845
0.00857962
0.00930057
0.00913789
0.00899400
0.00880137
0.01022655
0.00912836
0.01063921
0.00911280
0.00873132
0.00891482
0.00828208
0.00913494
0.00929294
0.00869488
0.00809152
0.00965387
0.01268331
0.00895492
0.00941855
0.01005418
0.00948283
0.00843436
0.00893473
0.00940468
0.00908755
0.00854478
0.00911797
0.00821708
0.00903150
0.00892135
0.01098810
0.00968302
0.00862985
0.00925811
0.00833583
0.00888442
0.00974617
0.00850514
0.00908035
0.01012956
0.00833866
0.00928625
0.00936890
0.00912928
0.00887310
0.00833569
0.00880905
0.00991837
0.00924249
0.00931859
0.00910283
0.00852243
0.00921348
0.00947603
0.00913710
0.00919565
0.00830569
0.00855743
0.01175492
0.00864611
0.00889721
0.00877224
0.00841897
0.00804526
0.00800681
0.00842657
0.00856102
0.00943979
0.00878937
0.00995279
0.00850537
0.00955637
0.00888474
0.00917265
0.00803357
0.00883862
0.00864894
0.00838605
0.00959381
0.00965613
0.00897233
0.00959634
0.00858111
0.00820579
0.00874321
0.00887509
0.00809081
0.00900639
0.00818860
0.00908322
0.00997850
0.00868096
0.01045310
0.00890613
0.01025237
0.00942397
0.00888513
0.00962517
0.00876601
0.00904011
0.00997463
0.00880088
0.00850650
0.00852469
0.00911060
0.00851877
0.00913410
0.00861714
0.00865425
0.01024985
0.00940865
0.00956817
0.00928357
0.00871302
0.00862827