0.00294637
0.00346053
0.00302353
0.00329696
0.00413763
0.00344033
0.00343955
0.00294127
0.00467800
0.00399707
0.00319985
0.00268900
0.00335657
0.00289750
0.00360758
0.00342076
0.00332669
0.00361536
0.00326135
0.00615461
0.00327848
0.00344875
0.00347532
0.00328504
0.00500402
0.00356979
0.00348385
0.00360574
0.00302775
0.00320035
0.00334053
0.00342918
0.00420185
0.00319039
0.00426864
0.00305474
0.00394904
0.00316421
0.00472478
0.00374182
0.00856639
0.00343198
0.00329890
0.00345068
0.00377188
0.00325003
0.00317937
0.00359803
0.00302412
0.00335703
0.00388322
0.00304871
0.00388290
0.00416126
0.00323631
0.00287204
0.00280472
0.00472684
0.00350666
0.00383301
0.00350119
0.00334599
0.00341484
0.00276421
0.00680191
0.00714658
0.00345477
0.00306575
0.00394291
0.00303354
0.00291516
0.00355550
0.00313242
0.00350476
0.00301443
0.00343254
0.00425706
0.00323540
0.00396715
0.00328851
0.00466085
0.00317008
0.00395266
0.00342351
0.00329378
0.00328061
0.00311015
0.00365249
0.00333897
0.00372134
0.00302540
0.00494814
0.00388652
0.00339362
0.00350738
0.00301502
0.00341599
0.00304009
0.00335028
0.00336979
0.00353998
0.00370727
0.00357232
0.00350817
0.00337155
0.00343031
0.00380165
0.00340360
0.00332096
0.00335085
0.00295970
0.00321351
0.00337449
0.00325368
0.00346902
0.00402429
0.00365344
0.00375713
0.00355125
0.00340054
0.00319050
0.00382676
0.00382426
0.00330497
0.00353811
0.00304215
0.00523431
0.00297209
0.00325600
0.00326696
0.00392085
0.00320185
0.00323490
0.00311889
0.00320408
0.00401030
0.00380272
0.00368845
0.00376137
0.00369597
0.00410055
0.00326777
0.00303702
0.00363587
0.00297709
0.00337084
0.00343080
0.00367179
0.00616228
0.00355118
0.00446260
0.00371449
0.00311360
0.00364400
0.00331383
0.00364647
0.00541098
0.00308644
0.00322622
0.00379269
0.00344729
0.00372220
0.00301857
0.00397888
0.00309473
0.00339510
0.00344761
0.00318612
0.00392924
0.00368541
0.00313063
0.00306566
0.00353333
0.00416869
0.00298177
0.00335605
0.00347753
0.00357781
0.00454442
0.00341740
0.00412657
0.00295920
0.00334611
0.00319692
0.00342091
0.00350351
0.00309898
0.00340783
0.00328677
0.00314897
0.00309526
0.00295456
0.00326338
0.00307956
0.00322512
0.00288309
0.00567671
0.00363659
0.00335790
0.00358023
0.00379752
0.00316433
0.00345403
0.00361619
0.00302090
0.00339789
0.00349180
0.00457927
0.00308045
0.00388903
0.00379887
0.00332081
0.00317296
0.00309425
0.00357313
0.00417443
0.00278461
0.00315761
0.00390722
0.00442624
0.00365690
0.00323554
0.00376724
0.00335168
0.00302783
0.00366993
0.00366308
0.00300756
0.00319890
0.00336002
0.00325007
0.00332273
0.00366291
0.00299963
0.00381864
0.00330548
0.00341585
0.00350580
0.00307535
0.00350469
0.00317899
0.00306548
0.00319550
0.00341354
0.00290147
0.00291354
0.00332973
0.00341116
0.00402039
0.00324920
0.00291838
0.00334540
0.00298486
0.00374125
0.00320990
0.00387659
0.00293284
0.00349694
0.00380995
0.00339759
0.00346068
0.00369465
0.00300704
0.00325432
0.00337243
0.00295511
0.00343763
0.00344698
0.00332481
0.00338560
0.00396670
0.00354953
0.00331229
0.00363102
0.00384093
0.00361641
0.00335976
0.00362386
0.00420310
0.00304685
0.00320564
0.00366239
0.00284550
0.00449177
0.00335875
0.00363856
0.00294786
0.00344468
0.00291032
0.00434622
0.00336803
0.00299653
0.00332844
0.00333056
0.00359971
0.00375387
0.00291495
0.00344451
0.00303393
0.00330457
0.00322087
0.00427694
0.00355252
0.00327620
0.00360397
0.00338075
0.00358458
0.00337457
0.00345991
0.00373403
0.00297187
0.00533339
0.00315322
0.00547094
0.00374897
0.00348055
0.00361804
0.00321286
0.00348085
0.00294310
0.00352203
0.00321214
0.00344142
0.00342472
0.00413509
0.00352650
0.00317657
0.00301963
0.00349609
0.00383578
0.00333121
0.00300019
0.00352725
0.00354826
0.00317472
0.00311528
0.00360771
0.00281602
0.00363933
0.00307513
0.00321367
0.00404296
0.00288548
0.00454474
0.00367252
0.00382888
0.00301908
0.00336299
0.00414865
0.00340720
0.00396192
0.00350310
0.00364108
0.00332666
0.00367753
0.00313005
0.00316236
0.00325593
0.00351774
0.00466285
0.00340669
0.00300646
0.00365176
0.00327817
0.00409863
0.00405018
0.00339504
0.00349627
0.00302902
0.00325967
0.00330288
0.00322757
0.00408853
0.00352986
0.00356327
0.00340361
0.00310018
0.00401939
0.00348706
0.00385080
0.00364704
0.00300760
0.00323243
0.00343722
0.00319898
0.00312938
0.00420732
0.00352364
0.00316180
0.00376979
0.00376907
0.00292037
0.00301310
0.00331515
0.00309470
0.00335487
0.00310711
0.00510759
0.00445562
0.00289925
0.00286314
0.00340110
0.00327518
0.00341634
0.00343898
0.00341123
0.00418025
0.00297300
0.00383358
0.00324528
0.00332156
0.00320059
0.00317627
0.00452064
0.00330519
0.00305655
0.00350554
0.00356240
0.00328071
0.00344240
0.00341809
0.00340843
0.00325273
0.00299647
0.00309591
0.00347785
0.00348247
0.00309450
0.00364025
0.00304707
0.00489717
0.00345148
0.00308777
0.00363867
0.00323217
0.00328513
0.00379025
0.00305030
0.00299478
0.00289481
0.00354460
0.00346231
0.00292907
0.00366614
0.00345550
0.00293202
0.00319637
0.00342977
0.00333381
0.00364633
0.00310510
0.00346827
0.00302592
0.00365698
0.00336306
0.00318717
0.00367475
0.00410186
0.00311737
0.00384104
0.00378950
0.00342367
0.00311446
0.00357145
0.00467916
0.00367789
0.00315405
0.00332226
0.00338850
0.00362401
0.00452033
0.00404325
0.00424291
0.00326736
0.00356490
0.00300846
0.00337717
0.00324272
0.00310028
0.00356833
0.00340819
0.00344913
0.00318863
0.00294626
0.00358157
0.00348029
0.00339479
0.00342433
0.00375187
0.00306280
0.00319302
0.00377303
0.00381917
0.00290069
0.00310098
0.00354965
0.00405027
0.00336043
0.00311888
0.00338020