0.00682072
0.00588514
0.00793728
0.01225166
0.00570761
0.00915251
0.00582920
0.01177890
0.00621306
0.00568641
0.00736582
0.00609843
0.00677264
0.00690461
0.00835416
0.00601686
0.00549501
0.00937586
0.00685292
0.00543846
0.00589277
0.00641041
0.00543352
0.00596856
0.00877796
0.00672587
0.00547581
0.00625633
0.00553298
0.00606686
0.00708294
0.00765954
0.00720156
0.00695594
0.00735897
0.00692629
0.00615854
0.00628456
0.00510607
0.00657188
0.02227069
0.00975704
0.00655461
0.00656230
0.00583988
0.01700832
0.00701973
0.00602458
0.00607539
0.00661404
0.00577927
0.00688062
0.00532218
0.00723468
0.00849556
0.00606547
0.00709856
0.00595302
0.00726302
0.00795422
0.00737701
0.00581860
0.00589872
0.00578905
0.00568480
0.00551012
0.01121158
0.00564936
0.00540968
0.00620327
0.00702341
0.00724243
0.00660494
0.00684563
0.00642821
0.00582143
0.00649781
0.00596676
0.00783639
0.00664380
0.00545603
0.00563570
0.01049723
0.00666691
0.00601383
0.00623015
0.00822974
0.00682075
0.00592077
0.00546213
0.00650711
0.00713414
0.00713070
0.00662603
0.00603733
0.01008535
0.00691136
0.01041573
0.00709824
0.00553356
0.00608931
0.00741280
0.00638866
0.00639962
0.00636571
0.00679053
0.00705770
0.01030156
0.00581207
0.00760378
0.00729736
0.00674986
0.00749400
0.00888287
0.00560698
0.00626945
0.00617588
0.00548781
0.00603330
0.00649075
0.00938428
0.00634307
0.00555988
0.00618286
0.00635912
0.00587092
0.00694924
0.00718693
0.00707215
0.00640939
0.00668256
0.00675567
0.00646167
0.00499424
0.00706231
0.00770770
0.00651838
0.00970452
0.00561327
0.00728561
0.00628273
0.00602820
0.00626014
0.00871095
0.00618577
0.00665253
0.00617588
0.00603626
0.00735919
0.00596501
0.00629529
0.00588030
0.01179535
0.00713947
0.00794577
0.00740643
0.00597774
0.01444331
0.00705789
0.00612552
0.00599905
0.00627131
0.00657297
0.00634393
0.00823593
0.00700512
0.00627479
0.00563484
0.00674730
0.00858969
0.00624831
0.00642042
0.00582718
0.00568791
0.00653833
0.00636234
0.00898414
0.00615819
0.00567432
0.00665797
0.01224560
0.00666260
0.01308134
0.00538996
0.00696276
0.00846137
0.00721566
0.00524381
0.00572537
0.00881233
0.00689043
0.00572121
0.00707235
0.00617542
0.01087431
0.00691792
0.01153648
0.00663031
0.00576229
0.00634705
0.00688645
0.00924354
0.00654824
0.00751199
0.00694154
0.00629980
0.00782871
0.00885402
0.00673971
0.00592653
0.00883417
0.00772554
0.00956442
0.00558598
0.00644266
0.00807639
0.00703466
0.01631657
0.00885149
0.00656717
0.00646422
0.00888400
0.01396157
0.00721379
0.00598429
0.00726725
0.00706734
0.00713594
0.00914633
0.00906197
0.00630540
0.00716093
0.00623350
0.00574910
0.01040276
0.00740423
0.00956593
0.00638524
0.00896975
0.00595588
0.00873719
0.00641824
0.00635732
0.00736385
0.00886199
0.00646887
0.00696929
0.00983346
0.00598437
0.00725939
0.00639946
0.00626099
0.00670202
0.00593813
0.00626682
0.00659063
0.00728394
0.00716521
0.00689443
0.00807464
0.00754120
0.00594101
0.00828471
0.00608212
0.00606952
0.00607551
0.00923850
0.00978658
0.00703650
0.00581100
0.00586388
0.00741137
0.00732927
0.00890590
0.00605635
0.00623352
0.00590131
0.00897681
0.00564136
0.00802639
0.00604775
0.00609436
0.00569346
0.00832918
0.00587685
0.00604775
0.00664611
0.00667316
0.00592362
0.00550254
0.00607590
0.00976654
0.00590095
0.00651798
0.00980179
0.00514854
0.00581956
0.00631543
0.00640139
0.00706661
0.00561564
0.00720122
0.00694857
0.00942346
0.00618350
0.00754999
0.00627255
0.00684603
0.00733201
0.00799660
0.00774633
0.00693634
0.00606946
0.00784239
0.00605146
0.00630743
0.00554195
0.01120826
0.00596369
0.00620330
0.01018565
0.00655064
0.00634051
0.00707250
0.00622579
0.00646170
0.00620692
0.00550971
0.00520797
0.00645801
0.00810742
0.00576754
0.00694754
0.00720032
0.00555533
0.00640747
0.00586717
0.00659189
0.00615852
0.00610251
0.00623094
0.00632303
0.00649682
0.00635957
0.00630988
0.00566975
0.00593274
0.01291079
0.00520798
0.00563626
0.00788844
0.00628509
0.00628028
0.00620073
0.01062939
0.00649313
0.00779718
0.00679859
0.00588146
0.00618440
0.00644648
0.00668580
0.01214405
0.00658912
0.00613544
0.00591990
0.00898494
0.00602028
0.00548969
0.00774496
0.00521062
0.00563510
0.00690323
0.00630598
0.00661737
0.00960282
0.00585798
0.00589725
0.00692467
0.00883236
0.00701192
0.00521327
0.00636067
0.00682628
0.00824643
0.00756681
0.00644212
0.01034323
0.00739116
0.01062789
0.00720224
0.00578821
0.00705123
0.00678129
0.00656150
0.00799999
0.00706652
0.00728000
0.00598006
0.00614906
0.00666297
0.00646892
0.00657318
0.00698021
0.00598721
0.00727743
0.00673778
0.00550192
0.00729086
0.00587883
0.00767479
0.00631808
0.00703046
0.00625405
0.00620616
0.00584052
0.00623284
0.00545133
0.00592254
0.00908964
0.00891208
0.00697989
0.00652620
0.00623210
0.00559382
0.00592416
0.00640730
0.00925488
0.00658443
0.00525178
0.00596440
0.00988870
0.00765751
0.00611399
0.00719439
0.00744268
0.00773611
0.00643441
0.00683001
0.00675919
0.00784846
0.00703297
0.00773333
0.00704734
0.00647948
0.00580053
0.00551874
0.00644571
0.00739920
0.00757964
0.00652916
0.00594605
0.00606815
0.00965295
0.00673866
0.00693482
0.00663539
0.00910410
0.00766379
0.00626004
0.00711520
0.01024928
0.00652162
0.00640515
0.00596536
0.00658644
0.00755301
0.00736422
0.00669692
0.00590883
0.00571088
0.00696299
0.01017935
0.00564110
0.00556910
0.00601287
0.00577672
0.00534285
0.00740000
0.00663974
0.00699839
0.00759637
0.00634526
0.01006279
0.00686430
0.00682639
0.00841582
0.00704065
0.00674302
0.00616802
0.00636711
0.00775131
0.00647577
0.00918464
0.00641651
0.00897279
0.00587854
0.00814784
0.00723401
0.00557654