0.01321259
0.01279537
0.01214118
0.01210191
0.01085188
0.01182965
0.01348208
0.01240123
0.01553690
0.01089992
0.01068158
0.01555814
0.01443467
0.01182293
0.01281435
0.01227649
0.01719844
0.01247994
0.01526768
0.02142410
0.02226891
0.01286006
0.01292130
0.01140918
0.01676163
0.01150355
0.01483852
0.01089860
0.01326991
0.01228273
0.01900901
0.01037321
0.01175641
0.02006071
0.01267944
0.01156538
0.01213087
0.01247905
0.01347994
0.01371188
0.01149722
0.01355427
0.01126718
0.01144307
0.01604598
0.01101804
0.01354191
0.01226894
0.01951480
0.01159430
0.01493340
0.01208820
0.01217686
0.01454133
0.01093685
0.01048605
0.01491083
0.01313687
0.01364742
0.02428311
0.01270430
0.01488761
0.00951649
0.01216996
0.01520969
0.01152131
0.01567029
0.01409523
0.01086196
0.01162501
0.01533356
0.01269947
0.01116075
0.01405462
0.01060587
0.01309093
0.01982794
0.01382471
0.01589603
0.01417235
0.01838680
0.01247248
0.01184843
0.01096532
0.01143462
0.01302501
0.01544356
0.01050371
0.01059496
0.00975671
0.01160094
0.01272896
0.01332728
0.01917444
0.01328737
0.01590536
0.04286614
0.01250767
0.01294250
0.01221042
0.01480729
0.01255386
0.01573205
0.01154216
0.01382688
0.01321647
0.01454408
0.02089863
0.01504957
0.01090215
0.02709888
0.01270881
0.01243922
0.01337365
0.01195998
0.01282021
0.01299381
0.01772132
0.01449029
0.01534162
0.01354280
0.01971269
0.01549296
0.01619223
0.01120637
0.01071829
0.01536525
0.01540713
0.01208609
0.01005509
0.01591750
0.01335944
0.01486505
0.01490446
0.01195299
0.01244845
0.01383508
0.01227820
0.01076461
0.01081550
0.01600533
0.01734457
0.01281846
0.01246440
0.01288069
0.01213427
0.01476085
0.02497646
0.01205432
0.01186468
0.01280761
0.01002034
0.01218336
0.01293120
0.01846890
0.01280630
0.01691986
0.01257908
0.01235604
0.01218127
0.01054812
0.01820235
0.01206967
0.01198505
0.01424522
0.01180105
0.01050419
0.01306240
0.01599570
0.01280891
0.01405270
0.01277799
0.01217196
0.01945326
0.01184917
0.02230518
0.01811812
0.01057358
0.01090145
0.01262554
0.01551405
0.01089489
0.01287454
0.01065308
0.01298731
0.01035600
0.01500363
0.01201211
0.01189622
0.01419221
0.01060341
0.01114969
0.01347852
0.01258808
0.01233255
0.01400436
0.01050704
0.01461996
0.00985537
0.01327800
0.01255228
0.01169548
0.01392231
0.01610315
0.01301377
0.01270149
0.01164849
0.01205859
0.01225984
0.01164678
0.01338858
0.01781833
0.01452956
0.01059065
0.01073634
0.01105705
0.01192173
0.01115649
0.01463789
0.01016463
0.01074614
0.01424106
0.01065935
0.01242040
0.01199274
0.01190228
0.01182028
0.01304804
0.01235508
0.02069931
0.01113280
0.01305002
0.01312469
0.01035443
0.01347830
0.01348255
0.01412512
0.01615151
0.01272089
0.01504765
0.01152151
0.01510008
0.01239170
0.01249669
0.01799514
0.01331941
0.01304326
0.01014147
0.01205616
0.01478332
0.01372895
0.01194690
0.01102903
0.01248935
0.01203597
0.01388150
0.01158443
0.01248026
0.02071155
0.01818882
0.01108569
0.01157897
0.01162346
0.01577190
0.01148347
0.01529686
0.01451150
0.01015131
0.01232585
0.01197147
0.01409699
0.01343665
0.01137522
0.01035111
0.01189434
0.01470727
0.01255467
0.01513956
0.00976716
0.01255524
0.01179581
0.01163065
0.01847276
0.01309095
0.01190804
0.01698882
0.01072098
0.01263899
0.01234228
0.01336673
0.01135224
0.01256596
0.01249659
0.00998991
0.01434887
0.01457115
0.01608966
0.01246005
0.01430782
0.01160436
0.01181806
0.01364498
0.01044467
0.01121266
0.01119388
0.01198658
0.01424655
0.01280360
0.01100913
0.01048701
0.01388098
0.01015013
0.01085184
0.01160586
0.01311374
0.01149164
0.01296155
0.01398662
0.01589529
0.01241099
0.01256204
0.01367203
0.01580863
0.01210144
0.00977527
0.01061254
0.01370718
0.01230607
0.01980703
0.01160265
0.01544576
0.02781533
0.01398404
0.01356362
0.01289382
0.01252736
0.01700213
0.01302693
0.00966195
0.01219685
0.01410794
0.01319175
0.01727327
0.01559345
0.01501183
0.01361683
0.01188379
0.01058355
0.01207331
0.01053378
0.01069024
0.01382587
0.01083530
0.01504844
0.01227281
0.01408501
0.01157895
0.01083426
0.00924927
0.01121297
0.01223655
0.02515070
0.01005580
0.01418838
0.01386839
0.01101338
0.01253772
0.01288954
0.01202260
0.01417410
0.01196261
0.01061286
0.01079645
0.01137624
0.01988441
0.01300648
0.02499089
0.00960380
0.01962541
0.01391372
0.01015582
0.01364540
0.01357014
0.01083217
0.02648045
0.01448106
0.01293662
0.01377986
0.01588577
0.01238999
0.01999504
0.01350337
0.01419209
0.01588281
0.01082848
0.01157897
0.01876382
0.01254218
0.01601581
0.01422847
0.01308209
0.01066206
0.01672403
0.01457984
0.01042611
0.01279381
0.01598406
0.01185505
0.01121697
0.00986518
0.01221846
0.01218594
0.01511396
0.01549572
0.01139549
0.01218284
0.01300101
0.01079003
0.01264865
0.01132009
0.00961763
0.01378368
0.01423335
0.01168388
0.01073252
0.01130887
0.01054495
0.01117970
0.01044969
0.01158345
0.00992857
0.01419894
0.00987770
0.01068263
0.01652959
0.01262302
0.01747061
0.01219251
0.01353378
0.01044626
0.01156175
0.01355977
0.01472388
0.01474874
0.01041205
0.01346649
0.03018539
0.01190123
0.01035050
0.01360607
0.01390085
0.01039750
0.01529281
0.01221288
0.01478707
0.01378258
0.01357423
0.01263670
0.01045442
0.01666266
0.01285920
0.01681916
0.01303677
0.01098962
0.01536814
0.01508438
0.01385490
0.01694833
0.01310262
0.01011433
0.01385893
0.01267278
0.01114286
0.02063413
0.01284841
0.01130966
0.01794392
0.01562153
0.03045198
0.01225526
0.02299107
0.01602663
0.01437619
0.01099270
0.01198666
0.01307694
0.01049932
0.01201262
0.01388714
0.01284297
0.01378134
0.01320600
0.01163518
0.01176488
0.01198641
0.01364357
0.01078029
0.01564343
0.02388376
0.01126434