0.00633796
0.00546053
0.00560089
0.00638190
0.00590831
0.00570689
0.00803329
0.00514957
0.00890866
0.00601208
0.00773158
0.00597952
0.00664992
0.00600458
0.00556513
0.00533189
0.00603923
0.00654507
0.00497376
0.00509259
0.00556008
0.00627442
0.00541393
0.00565013
0.00670567
0.00620315
0.00523310
0.00598305
0.00594326
0.00521319
0.00595041
0.00556792
0.00632594
0.00481108
0.00485017
0.00564667
0.00873341
0.00629318
0.00546971
0.00550997
0.00501887
0.00734012
0.00555280
0.00522936
0.00561168
0.00638254
0.00657510
0.00558298
0.00542808
0.00551922
0.00591642
0.00683064
0.00562491
0.00547936
0.00580168
0.00517337
0.00550375
0.00467631
0.00796548
0.00635797
0.00554792
0.00525521
0.00554863
0.00586269
0.00626778
0.00609397
0.00594754
0.00547511
0.00549778
0.00517005
0.00517739
0.00602551
0.00545632
0.00831894
0.00488535
0.00566760
0.00515630
0.00767459
0.00592793
0.00625481
0.00671378
0.00591023
0.00597865
0.00660873
0.00513586
0.00655840
0.00541508
0.00567777
0.00540877
0.00536473
0.00648162
0.00542102
0.00540354
0.00619698
0.00628910
0.01748028
0.00486120
0.00617688
0.00546847
0.00512337
0.00537792
0.00539163
0.00563242
0.00577243
0.00604749
0.00475583
0.00520278
0.00660167
0.00526239
0.00527731
0.00529192
0.00680006
0.00562168
0.00512022
0.00651786
0.00548124
0.00659543
0.00587863
0.00835183
0.00678606
0.00540520
0.00539451
0.00583464
0.00566540
0.00643343
0.00613222
0.00560979
0.00586393
0.00642756
0.00612083
0.00560573
0.00555750
0.00613120
0.00592212
0.00754188
0.00650875
0.00637614
0.00600985
0.00569764
0.00547357
0.00507991
0.00755233
0.00544561
0.00654299
0.00636129
0.00516347
0.00565067
0.00653041
0.00563974
0.00639525
0.00484400
0.00628651
0.00562387
0.00578973
0.00504268
0.00566174
0.00595033
0.00507699
0.00497855
0.00531874
0.00534891
0.00613004
0.00602008
0.00623733
0.00766279
0.00601795
0.00576580
0.00656703
0.00578433
0.00628632
0.00596596
0.00531847
0.00640139
0.00694882
0.00553205
0.00690637
0.01165522
0.00686411
0.00592792
0.00545629
0.00655419
0.00460569
0.00640948
0.00537980
0.00564702
0.00664938
0.00551150
0.00597581
0.00668921
0.00575173
0.00623799
0.00541987
0.00655811
0.00527623
0.00528930
0.00692719
0.00503000
0.00542192
0.00611908
0.00667764
0.00510403
0.00540969
0.00665078
0.00477295
0.00564448
0.00862763
0.00630105
0.00520712
0.00566429
0.00540736
0.00702558
0.00508254
0.00612190
0.00565523
0.00967997
0.00556682
0.00650575
0.00908170
0.00599981
0.00721620
0.00569645
0.00579048
0.00593001
0.00615441
0.00665993
0.00609814
0.00564170
0.00537165
0.00684726
0.00599928
0.00491398
0.00544311
0.00784653
0.00505901
0.00556069
0.00609301
0.00550898
0.00547038
0.00533112
0.00634304
0.00553985
0.00542731
0.00528946
0.00472098
0.00610157
0.00587969
0.00486457
0.00545976
0.00575286
0.00513176
0.00486296
0.00608002
0.00597667
0.00549867
0.00594148
0.00538482
0.00679806
0.00551904
0.00595195
0.00682825
0.00538404
0.00548087
0.00558457
0.00631117
0.00665960
0.00518358
0.00650208
0.00603580
0.00594461
0.00826672
0.00597699
0.00524895
0.00662651
0.00564556
0.00738703
0.00643077
0.00557144
0.00562402
0.00571176
0.00652288
0.00487240
0.00529291
0.00522250
0.00536356
0.00532319
0.00654133
0.00563987
0.00533812
0.00504625
0.00501349
0.00587634
0.00776012
0.00610573
0.00553580
0.00723373
0.00493653
0.00538484
0.00570773
0.00481882
0.00554653
0.00582060
0.00586597
0.00644614
0.00548355
0.00601387
0.00703515
0.00742940
0.00503344
0.00501454
0.00608459
0.00500040
0.00568467
0.00474416
0.00540654
0.00504817
0.00557407
0.00593236
0.00543466
0.00564255
0.00538310
0.00541302
0.00597285
0.00554721
0.00672697
0.00612416
0.00560171
0.00616811
0.00709930
0.00585072
0.00651537
0.00642354
0.00551274
0.00605086
0.00641482
0.00596562
0.00575048
0.00613519
0.00572789
0.00562765
0.00594288
0.00591954
0.00709089
0.00525654
0.00559788
0.00640391
0.00611787
0.00617908
0.00526516
0.00589478
0.00573129
0.00598806
0.00527945
0.00583050
0.00540315
0.00823838
0.00610937
0.00788780
0.00520999
0.00668641
0.00542448
0.00593682
0.00579236
0.00975787
0.00518379
0.00591220
0.00638061
0.00648947
0.00490014
0.00730277
0.00684034
0.00625076
0.00562222
0.00533404
0.00633804
0.00640805
0.00662750
0.00604999
0.00552245
0.00477948
0.00635281
0.00560935
0.00617284
0.00514213
0.00655235
0.00553267
0.00560492
0.00510786
0.00703041
0.00588795
0.00517064
0.00588450
0.00563667
0.00530944
0.00571470
0.00566087
0.00473131
0.00522682
0.00577406
0.00520903
0.00659662
0.00531946
0.00590032
0.00536450
0.00718230
0.00537606
0.00893693
0.00582506
0.00527684
0.00744450
0.00597445
0.00607368
0.00673267
0.00586269
0.00688896
0.00596004
0.00577109
0.00537083
0.00499905
0.00870830
0.00572103
0.00575626
0.00540689
0.00583654
0.00902564
0.00540748
0.00583457
0.00561483
0.00516950
0.00637085
0.00542785
0.00601443
0.00604942
0.00547162
0.00549550
0.00614957
0.00499253
0.00537497
0.00618437
0.00862454
0.00507625
0.00544287
0.00518558
0.00557065
0.00515379
0.00731963
0.00949259
0.00493110
0.00583688
0.00560246
0.00616577
0.00589148
0.00529405
0.00535967
0.00605571
0.00593237
0.00715472
0.00699924
0.00544020
0.00652626
0.00630167
0.00645558
0.00564264
0.00526661
0.00569274
0.00590552
0.00542551
0.00610803
0.00531511
0.00661983
0.00633230
0.00672647
0.00549367
0.00648589
0.00559319
0.00654073
0.00533992
0.00626908
0.00578477
0.00663199
0.00520829
0.00561140
0.00642351
0.00479298
0.00576650
0.00493183
0.00594457
0.00635498
0.00587506
0.00577757
0.00592002
0.00551838
0.00583232
0.00556941
0.00535056
0.00475649
0.00658890
0.00527109
0.00589493
0.00544319
0.00557663