0.00124302
0.00140844
0.00128417
0.00129818
0.00127247
0.00126401
0.00124695
0.00135604
0.00134338
0.00139215
0.00127598
0.00120609
0.00121628
0.00127903
0.00132642
0.00132990
0.00121031
0.00128961
0.00124975
0.00128683
0.00126919
0.00123011
0.00129017
0.00129393
0.00141533
0.00124625
0.00125207
0.00120996
0.00123781
0.00118636
0.00132173
0.00127236
0.00128643
0.00122942
0.00124604
0.00132339
0.00129352
0.00138555
0.00130910
0.00119295
0.00130175
0.00126440
0.00132857
0.00129868
0.00129752
0.00130315
0.00125876
0.00135731
0.00125571
0.00132716
0.00127379
0.00122016
0.00123742
0.00128870
0.00125997
0.00120713
0.00133167
0.00133409
0.00120720
0.00129224
0.00137265
0.00125588
0.00128740
0.00125039
0.00131976
0.00126241
0.00126736
0.00135542
0.00122886
0.00140384
0.00126321
0.00122723
0.00125449
0.00132635
0.00131140
0.00128754
0.00131075
0.00122315
0.00129881
0.00134097
0.00128034
0.00123512
0.00133287
0.00124524
0.00132435
0.00126311
0.00126000
0.00127872
0.00125337
0.00130106
0.00126387
0.00128625
0.00125285
0.00124518
0.00127420
0.00126367
0.00125802
0.00129432
0.00123420
0.00126333
0.00124767
0.00127344
0.00133387
0.00126401
0.00129960
0.00139771
0.00127071
0.00128344
0.00129087
0.00126321
0.00126626
0.00131063
0.00131157
0.00131014
0.00127589
0.00127486
0.00143377
0.00142321
0.00121538
0.00129312
0.00129324
0.00132284
0.00122878
0.00123483
0.00125226
0.00119703
0.00125560
0.00126664
0.00119337
0.00123168
0.00128511
0.00129030
0.00134598
0.00126427
0.00121926
0.00126533
0.00135981
0.00137283
0.00133278
0.00133507
0.00127909
0.00126024
0.00125823
0.00132381
0.00137441
0.00133744
0.00129426
0.00139005
0.00126066
0.00124712
0.00128361
0.00129604
0.00130768
0.00128632
0.00125011
0.00122420
0.00129693
0.00127807
0.00134039
0.00125574
0.00125242
0.00127188
0.00131101
0.00129429
0.00133354
0.00132200
0.00138714
0.00124154
0.00130656
0.00131446
0.00130306
0.00123428
0.00126135
0.00125776
0.00129080
0.00126713
0.00135730
0.00125658
0.00139264
0.00129436
0.00125254
0.00126273
0.00136477
0.00129576
0.00129105
0.00122608
0.00134484
0.00123660
0.00126889
0.00130143
0.00124765
0.00127169
0.00131209
0.00124965
0.00131414
0.00133412
0.00144316
0.00132121
0.00134380
0.00126718
0.00134682
0.00123649
0.00121848
0.00126828
0.00135152
0.00130587
0.00120984
0.00124188
0.00124139
0.00128397
0.00126003
0.00123960
0.00129083
0.00124585
0.00130822
0.00130129
0.00130610
0.00129066
0.00126902
0.00123984
0.00126992
0.00125824
0.00132622
0.00144132
0.00126796
0.00127724
0.00128050
0.00126269
0.00125924
0.00135050
0.00130629
0.00122479
0.00133278
0.00131096
0.00133572
0.00128317
0.00126290
0.00128279
0.00124555
0.00146134
0.00124644
0.00126402
0.00129886
0.00121240
0.00124092
0.00132101
0.00130345
0.00120584
0.00130749
0.00123380
0.00120640
0.00128036
0.00126363
0.00130111
0.00135763
0.00128061
0.00150421
0.00129747
0.00123513
0.00121817
0.00125974
0.00132392
0.00119386
0.00123988
0.00129940
0.00129290
0.00134197
0.00123863
0.00126430
0.00130033
0.00123660
0.00124990
0.00129959
0.00124700
0.00126467
0.00135700
0.00136740
0.00132192
0.00138479
0.00130675
0.00124530
0.00130507
0.00132582
0.00135788
0.00127775
0.00134024
0.00125341
0.00126448
0.00122435
0.00129581
0.00123111
0.00125441
0.00128812
0.00126426
0.00127418
0.00127397
0.00127987
0.00131124
0.00134024
0.00132297
0.00128571
0.00132800
0.00124103
0.00121990
0.00129007
0.00124127
0.00130859
0.00134635
0.00127223
0.00128198
0.00125943
0.00124815
0.00131232
0.00136942
0.00128595
0.00127284
0.00129203
0.00125218
0.00124715
0.00124308
0.00127759
0.00124400
0.00131157
0.00147817
0.00128595
0.00124416
0.00123051
0.00124394
0.00142859
0.00128599
0.00133397
0.00128437
0.00131599
0.00125300
0.00124875
0.00126729
0.00129031
0.00125120
0.00126023
0.00124119
0.00132548
0.00126738
0.00136008
0.00148415
0.00126381
0.00132790
0.00128434
0.00136942
0.00119008
0.00123349
0.00125334
0.00148162
0.00127019
0.00134031
0.00135526
0.00125009
0.00124351
0.00130922
0.00124595
0.00124738
0.00127478
0.00130938
0.00125927
0.00128170
0.00125054
0.00133080
0.00128786
0.00124686
0.00128118
0.00133242
0.00125912
0.00130844
0.00128673
0.00127564
0.00131181
0.00127834
0.00126944
0.00132792
0.00131648
0.00134171
0.00130503
0.00130594
0.00131299
0.00143535
0.00127615
0.00125001
0.00127924
0.00130305
0.00130687
0.00132165
0.00128690
0.00133697
0.00128000
0.00132229
0.00122906
0.00128299
0.00139210
0.00132372
0.00123757
0.00128150
0.00132119
0.00125527
0.00134944
0.00128295
0.00129513
0.00137613
0.00136332
0.00132182
0.00124896
0.00129262
0.00128849
0.00122436
0.00123787
0.00122408
0.00127766
0.00127015
0.00122952
0.00126364
0.00121578
0.00123297
0.00125855
0.00128649
0.00128452
0.00128960
0.00124988
0.00121489
0.00132308
0.00133769
0.00130595
0.00146080
0.00138659
0.00130288
0.00124949
0.00122208
0.00127650
0.00118806
0.00133326
0.00128845
0.00124810
0.00141992
0.00123379
0.00131941
0.00122154
0.00127696
0.00126864
0.00129502
0.00124768
0.00123095
0.00124703
0.00127260
0.00148876
0.00130060
0.00123428
0.00127112
0.00122948
0.00131414
0.00134732
0.00125765
0.00122926
0.00130201
0.00121931
0.00130178
0.00129170
0.00137397
0.00133965
0.00135660
0.00127789
0.00124274
0.00129470
0.00125917
0.00130312
0.00142330
0.00121160
0.00134108
0.00127627
0.00119879
0.00125925
0.00130607
0.00130973
0.00127758
0.00129887
0.00127741
0.00131816
0.00126072
0.00122152
0.00123829
0.00128121
0.00128929
0.00125007
0.00132605
0.00127343
0.00131956
0.00136065
0.00130934
0.00132911
0.00132915
0.00141180
0.00134569
0.00130114
0.00131833