0.00122739
0.00123942
0.00120683
0.00119337
0.00120550
0.00117843
0.00115635
0.00119115
0.00121498
0.00121528
0.00117074
0.00122355
0.00123735
0.00119854
0.00118502
0.00114739
0.00114400
0.00120243
0.00120076
0.00114824
0.00116201
0.00115414
0.00121270
0.00119771
0.00119540
0.00117116
0.00116976
0.00116275
0.00115788
0.00114733
0.00114766
0.00116040
0.00121846
0.00117080
0.00118882
0.00119615
0.00115108
0.00116879
0.00114965
0.00118574
0.00121411
0.00117558
0.00115997
0.00119725
0.00120734
0.00121126
0.00119401
0.00125516
0.00116202
0.00116754
0.00117800
0.00117044
0.00118815
0.00113134
0.00117409
0.00117333
0.00115915
0.00118448
0.00117074
0.00119130
0.00114876
0.00125273
0.00115849
0.00115707
0.00116724
0.00118008
0.00115903
0.00116249
0.00120417
0.00119967
0.00118889
0.00117111
0.00118830
0.00119875
0.00113207
0.00119842
0.00117844
0.00123339
0.00117976
0.00118868
0.00118012
0.00118562
0.00116383
0.00118485
0.00117916
0.00120850
0.00117800
0.00116567
0.00119756
0.00118205
0.00118985
0.00120848
0.00118192
0.00117461
0.00121187
0.00113040
0.00118348
0.00120017
0.00114292
0.00118256
0.00117560
0.00115641
0.00117814
0.00118995
0.00121992
0.00116519
0.00123221
0.00119780
0.00117586
0.00117580
0.00118970
0.00117588
0.00120632
0.00121005
0.00118252
0.00112664
0.00116953
0.00124989
0.00126930
0.00120144
0.00118071
0.00122202
0.00127007
0.00123850
0.00117135
0.00119641
0.00121534
0.00118937
0.00121619
0.00118326
0.00116369
0.00122411
0.00116961
0.00116715
0.00117174
0.00122517
0.00115509
0.00120389
0.00120209
0.00118957
0.00115786
0.00123565
0.00119997
0.00116861
0.00121735
0.00116097
0.00119952
0.00122433
0.00117334
0.00119929
0.00122723
0.00115659
0.00121668
0.00122021
0.00116053
0.00118424
0.00118612
0.00116096
0.00119070
0.00119823
0.00115241
0.00116778
0.00116872
0.00118119
0.00115011
0.00118675
0.00117565
0.00119849
0.00115610
0.00120034
0.00118507
0.00116950
0.00117721
0.00122642
0.00116527
0.00121505
0.00118233
0.00115757
0.00117484
0.00116417
0.00119905
0.00115941
0.00119301
0.00117789
0.00119998
0.00114558
0.00115791
0.00117687
0.00119196
0.00119887
0.00123193
0.00118356
0.00120677
0.00118830
0.00118614
0.00116650
0.00115053
0.00121360
0.00119831
0.00117342
0.00122423
0.00116778
0.00118140
0.00117551
0.00119072
0.00117019
0.00118516
0.00121489
0.00114545
0.00118481
0.00116447
0.00118843
0.00116969
0.00119356
0.00118856
0.00121162
0.00119256
0.00119550
0.00116640
0.00118805
0.00120282
0.00118666
0.00119444
0.00118792
0.00118071
0.00115420
0.00119455
0.00115146
0.00121251
0.00120607
0.00116796
0.00120303
0.00117621
0.00118172
0.00117382
0.00117301
0.00114971
0.00128829
0.00120049
0.00119511
0.00120313
0.00116688
0.00117943
0.00122477
0.00116182
0.00122551
0.00118620
0.00116651
0.00116979
0.00125553
0.00115547
0.00120085
0.00117678
0.00116955
0.00115575
0.00116650
0.00118550
0.00118085
0.00114756
0.00117576
0.00124401
0.00115876
0.00116684
0.00120994
0.00121427
0.00116673
0.00120499
0.00114312
0.00120170
0.00127157
0.00121025
0.00115749
0.00121792
0.00130122
0.00122317
0.00117383
0.00118653
0.00122261
0.00117410
0.00113803
0.00117642
0.00116554
0.00116237
0.00121140
0.00121954
0.00123168
0.00119895
0.00120516
0.00117607
0.00120778
0.00117059
0.00121329
0.00114394
0.00119705
0.00114172
0.00120047
0.00122858
0.00122810
0.00119104
0.00121583
0.00117685
0.00120591
0.00114689
0.00118871
0.00119763
0.00116170
0.00120115
0.00119759
0.00118111
0.00118866
0.00119094
0.00118546
0.00118636
0.00122151
0.00116880
0.00116343
0.00120344
0.00116122
0.00117755
0.00116646
0.00122525
0.00115999
0.00121595
0.00118230
0.00117329
0.00122721
0.00120046
0.00118244
0.00115886
0.00117610
0.00121747
0.00119144
0.00119826
0.00119095
0.00124474
0.00121591
0.00119556
0.00118884
0.00114317
0.00116938
0.00114741
0.00121610
0.00120347
0.00117722
0.00120828
0.00118023
0.00120079
0.00119358
0.00120459
0.00117670
0.00118963
0.00118216
0.00118625
0.00116613
0.00120704
0.00120471
0.00119949
0.00116654
0.00117102
0.00116593
0.00117052
0.00119010
0.00118055
0.00117741
0.00117429
0.00120217
0.00117052
0.00121214
0.00119221
0.00117685
0.00122283
0.00120099
0.00116804
0.00116374
0.00117044
0.00120427
0.00119766
0.00121869
0.00122229
0.00122069
0.00114967
0.00124194
0.00111627
0.00116201
0.00115912
0.00116485
0.00116082
0.00116704
0.00119267
0.00118295
0.00116790
0.00118632
0.00115435
0.00122246
0.00113483
0.00119236
0.00124383
0.00113920
0.00114113
0.00117737
0.00118715
0.00120644
0.00118931
0.00120088
0.00118812
0.00122267
0.00112489
0.00120380
0.00122171
0.00116667
0.00117141
0.00118790
0.00120661
0.00116208
0.00119776
0.00118980
0.00115949
0.00115648
0.00118307
0.00118040
0.00114671
0.00116027
0.00120224
0.00116585
0.00119500
0.00116232
0.00118145
0.00120503
0.00132569
0.00121783
0.00114872
0.00120811
0.00116094
0.00118627
0.00121986
0.00118946
0.00117635
0.00118579
0.00119362
0.00123218
0.00114878
0.00113571
0.00114984
0.00120489
0.00116369
0.00114813
0.00117773
0.00119378
0.00119642
0.00120611
0.00116241
0.00118947
0.00120400
0.00117835
0.00121741
0.00117477
0.00116509
0.00116343
0.00120459
0.00115540
0.00122420
0.00114489
0.00119785
0.00118549
0.00122162
0.00114075
0.00118175
0.00122068
0.00120756
0.00116461
0.00116792
0.00113232
0.00114912
0.00119680
0.00118851
0.00116234
0.00119158
0.00118188
0.00116021
0.00118445
0.00116335
0.00120180
0.00126720
0.00118121
0.00116497
0.00119070
0.00119434
0.00117783
0.00116413
0.00119168
0.00118315
0.00117074
0.00116054
0.00120734
0.00118903
0.00122792
0.00117603
0.00119078
0.00117975
0.00118747