0.00891180
0.00863499
0.00871572
0.00854533
0.00864015
0.00900427
0.00896744
0.00832574
0.00943765
0.00911964
0.00778303
0.00932415
0.00812990
0.00832995
0.00869376
0.00896846
0.00835986
0.01047794
0.00863246
0.01081816
0.00871608
0.00928582
0.00825520
0.00850460
0.00967006
0.00871690
0.00827309
0.00914749
0.00834825
0.00869254
0.00873862
0.00895778
0.00904049
0.00920317
0.00875686
0.00967209
0.00874284
0.00887045
0.00851881
0.00868641
0.00882207
0.00845011
0.00862855
0.00839111
0.00824947
0.00860281
0.00820113
0.00834739
0.00889344
0.00818799
0.00832453
0.00848007
0.00951949
0.00834964
0.00853414
0.00880682
0.00899760
0.00835367
0.00893674
0.00909160
0.00894411
0.00901233
0.00848064
0.00929026
0.00884579
0.00880409
0.00888677
0.00920886
0.00823549
0.00865430
0.00857108
0.00880208
0.00885481
0.00859958
0.00815296
0.00835311
0.00887103
0.00867894
0.00876876
0.00879949
0.00873789
0.00881941
0.00885457
0.00882543
0.00884250
0.00886197
0.00858856
0.00878880
0.00879740
0.01056349
0.00855528
0.00837551
0.00848485
0.00858526
0.00904843
0.00900246
0.00913161
0.00851861
0.00949000
0.01029161
0.00851984
0.00870287
0.00861754
0.00827822
0.00908376
0.00841616
0.00856485
0.00852070
0.00876499
0.00890557
0.00874657
0.00918861
0.00862849
0.00907286
0.00924365
0.00901596
0.00886281
0.00861837
0.00779671
0.00827340
0.00864679
0.00887474
0.00849693
0.00848109
0.00906279
0.00894795
0.00855028
0.01000572
0.00891953
0.00889611
0.00830267
0.00915593
0.00828476
0.01004494
0.00853016
0.00834628
0.00834671
0.00822094
0.00889086
0.00961362
0.00876110
0.00876992
0.00812864
0.00903865
0.00934568
0.00886978
0.00931128
0.00888363
0.00873387
0.00796011
0.00877365
0.00851402
0.00866456
0.00842348
0.00845701
0.00819657
0.00849459
0.00857172
0.00860159
0.00918208
0.00888569
0.00851288
0.00946652
0.00860675
0.01059112
0.00878481
0.00861087
0.00841584
0.00935112
0.00935499
0.00903278
0.00937072
0.00835934
0.00952626
0.00820202
0.00859742
0.00841857
0.00899674
0.00903411
0.00893738
0.00868955
0.00872178
0.01024265
0.00881484
0.00870749
0.00899830
0.00895253
0.00946875
0.00896169
0.00918482
0.00862843
0.00874446
0.00875856
0.00893554
0.00881381
0.00889988
0.01005395
0.00875455
0.00879024
0.00832690
0.00863988
0.00855239
0.00861332
0.00887105
0.00893277
0.00895102
0.00837780
0.00912239
0.00825860
0.00889014
0.00897345
0.00856092
0.00852639
0.00873463
0.00857870
0.00844607
0.00850583
0.00915622
0.00831860
0.00950352
0.00961092
0.00871630
0.00834029
0.00892043
0.00850491
0.00854761
0.00880327
0.00994048
0.00943439
0.00972648
0.00881351
0.00884882
0.00889352
0.00971777
0.00959270
0.00796795
0.00844530
0.00889155
0.00846768
0.00920146
0.00836141
0.00912733
0.00978548
0.01070836
0.00861779
0.00873067
0.00924316
0.00891369
0.00881400
0.00819554
0.00898665
0.00876153
0.00831590
0.00844436
0.00860579
0.00985740
0.00797476
0.00840303
0.00861979
0.00866212
0.00992792
0.00869131
0.00827888
0.00904162
0.00891686
0.00883145
0.00953132
0.00891309
0.00931848
0.00870520
0.00881034
0.00857455
0.00778406
0.00863392
0.00908275
0.00778774
0.00839377
0.00825400
0.00840881
0.00970021
0.00862268
0.00930966
0.00892347
0.00881906
0.00919141
0.00848670
0.00904210
0.00870241
0.00811186
0.00940043
0.00833774
0.00836995
0.00848554
0.00849750
0.00888750
0.00826556
0.00904576
0.00912540
0.00799664
0.00845324
0.00893008
0.00907080
0.00909275
0.00849940
0.00847220
0.00931812
0.00875044
0.00813396
0.00868063
0.00866680
0.00903401
0.00836023
0.00941348
0.00836445
0.00863800
0.00846324
0.00858601
0.00861993
0.00851356
0.00914089
0.00844874
0.00874431
0.00882029
0.00903847
0.00918403
0.00918756
0.00852727
0.00920933
0.00843826
0.00877507
0.00904664
0.00859427
0.00901700
0.00889213
0.00880633
0.00911813
0.01069306
0.00878207
0.00880756
0.00831514
0.00886384
0.00873093
0.00816612
0.00875974
0.00879750
0.00873221
0.00892848
0.00901741
0.00945417
0.00895412
0.00903919
0.00841397
0.00833777
0.00870887
0.00894877
0.00847237
0.00901735
0.00875470
0.00892123
0.00811605
0.00809433
0.00827562
0.00830993
0.00866141
0.00913916
0.00930311
0.00875492
0.01015071
0.00835858
0.00923926
0.00896659
0.00828851
0.00861829
0.00898095
0.00899234
0.00846234
0.00827829
0.00849296
0.00822496
0.00855890
0.00849803
0.00885730
0.00885318
0.00934348
0.00874187
0.00908943
0.00878925
0.00859534
0.00906241
0.00861241
0.00868440
0.00901502
0.00951916
0.00907300
0.00913931
0.00852996
0.00999956
0.00998580
0.00831785
0.00864486
0.00902603
0.00826762
0.00931524
0.00890504
0.00780052
0.00885761
0.00915745
0.00820383
0.00850110
0.01043248
0.00972045
0.00902769
0.00829965
0.00906461
0.00844078
0.00868265
0.00865258
0.00791103
0.00921131
0.00849022
0.00911697
0.00885596
0.00931177
0.00893831
0.00915449
0.00875417
0.00924912
0.01155874
0.00839918
0.00869233
0.00875465
0.00875480
0.01027028
0.00887789
0.00903139
0.00846060
0.00851079
0.01062681
0.00818812
0.00932418
0.00854201
0.00916284
0.00941150
0.00905865
0.00869446
0.00924321
0.00857652
0.00821397
0.01039205
0.00896311
0.00893649
0.00974658
0.00848219
0.00840914
0.00912746
0.00840214
0.00850326
0.00811038
0.00902234
0.00848659
0.00865105
0.00898925
0.00900120
0.00857823
0.00842845
0.00851824
0.00868859
0.00834147
0.00878925
0.00842235
0.00934937
0.00822049
0.00910912
0.00912296
0.00858692
0.01074969
0.00858676
0.00853588
0.00846602
0.00920276
0.00820438
0.00850842
0.00896076
0.00817406
0.00904361
0.00964793
0.00879317
0.00930008
0.00988384
0.00833447
0.00849470
0.00899588
0.00755272
0.00824341
0.00930543
0.00812483
0.00903379
0.00842062
0.00863556
0.00857993