0.00487877
0.00479874
0.00425545
0.00484080
0.00484064
0.00478971
0.00485465
0.00525632
0.00480377
0.00486923
0.00488364
0.00507270
0.00453887
0.00433510
0.00466586
0.00501638
0.00445078
0.00501037
0.00532254
0.00488094
0.00457738
0.00494987
0.00435353
0.00467665
0.00483310
0.00473007
0.00471930
0.00490182
0.00501160
0.00482595
0.00480005
0.00519572
0.00435374
0.00459679
0.00571953
0.00469696
0.00490316
0.00463192
0.00522299
0.00544381
0.00510541
0.00516985
0.00456076
0.00539353
0.00436856
0.00469926
0.00496555
0.00477182
0.00459400
0.00479609
0.00533666
0.00502277
0.00470462
0.00436981
0.00454636
0.00461067
0.00524536
0.00471575
0.00499086
0.00452535
0.00553185
0.00478778
0.00530988
0.00471108
0.00474400
0.00466472
0.00488412
0.00454404
0.00456179
0.00476455
0.00439980
0.00440939
0.00466679
0.00511454
0.00471700
0.00462018
0.00482358
0.00575040
0.00482013
0.00501260
0.00511843
0.00482544
0.00473550
0.00500386
0.00453550
0.00498913
0.00488190
0.00467760
0.00587988
0.00482328
0.00503587
0.00464745
0.00477115
0.00489799
0.00530118
0.00529001
0.00466770
0.00478329
0.00482381
0.00463017
0.00489423
0.00479086
0.00441141
0.00532681
0.00444900
0.00469237
0.00567753
0.00449571
0.00454778
0.00600776
0.00449861
0.00538781
0.00480511
0.00519889
0.00441174
0.00470205
0.00460499
0.00467551
0.00544822
0.00461345
0.00489723
0.00475779
0.00499433
0.00485672
0.00478195
0.00471217
0.00435789
0.00531292
0.00484177
0.00468874
0.00459214
0.00503608
0.00490300
0.00450350
0.00488730
0.00468281
0.00510088
0.00469245
0.00470792
0.00516292
0.00466042
0.00515522
0.00512168
0.00489682
0.00490138
0.00439072
0.00455563
0.00484743
0.00490134
0.00460545
0.00538346
0.00506566
0.00464493
0.00487155
0.00454131
0.00555261
0.00435182
0.00452224
0.00476643
0.00458685
0.00518541
0.00518360
0.00461275
0.00444478
0.00430756
0.00506175
0.00492537
0.00507960
0.00454499
0.00479977
0.00477862
0.00464351
0.00443866
0.00471010
0.00521326
0.00472183
0.00439845
0.00475303
0.00686207
0.00522880
0.00506287
0.00488022
0.00472578
0.00543739
0.00534951
0.00539312
0.00477212
0.00449984
0.00477440
0.00525313
0.00479756
0.00480603
0.00458346
0.01397709
0.00451537
0.00519815
0.00505477
0.00560235
0.00448304
0.00490502
0.00464505
0.00445575
0.00522643
0.00460423
0.00463487
0.00498648
0.00464045
0.00479483
0.00475343
0.00470229
0.00677643
0.00497646
0.00460315
0.00447275
0.00469541
0.00456543
0.00530127
0.00490947
0.00473177
0.00512331
0.00487479
0.00479701
0.00460363
0.00442334
0.00477020
0.00460367
0.00461049
0.00578584
0.00467244
0.00536693
0.00477801
0.00520597
0.00461401
0.00485086
0.00511392
0.00478725
0.00469865
0.00468340
0.00568549
0.00509141
0.00530187
0.00522112
0.00527276
0.00503055
0.00580191
0.00464276
0.00457536
0.00533367
0.00571184
0.00515889
0.00455882
0.00474135
0.00483516
0.00502360
0.00722832
0.00470025
0.01162986
0.00460242
0.00510958
0.00486640
0.00527733
0.00514699
0.00538392
0.00497308
0.00505034
0.00459380
0.00483698
0.00481182
0.00531348
0.00515446
0.00491457
0.00462475
0.00437058
0.00463722
0.00480442
0.00442259
0.00467921
0.00449463
0.00442217
0.00497801
0.00592266
0.00540077
0.00448153
0.00487511
0.00472892
0.00465926
0.00441448
0.00468481
0.00452199
0.00451711
0.00532600
0.00501302
0.00462314
0.00448308
0.00513260
0.00461398
0.00550978
0.00474479
0.00463742
0.00424516
0.00486025
0.00467869
0.00457554
0.00501941
0.00457709
0.00422576
0.00464546
0.00474970
0.00484719
0.00487936
0.00464651
0.00442477
0.00469030
0.00436853
0.00499653
0.00472003
0.00465596
0.00505624
0.00679053
0.00514270
0.00495400
0.00487631
0.00488283
0.00434762
0.00551617
0.00488844
0.00510732
0.00523472
0.00461352
0.00434420
0.00539071
0.00463916
0.00488131
0.00457979
0.00490216
0.00489887
0.00470397
0.00481424
0.00464322
0.00500097
0.00472031
0.00508111
0.00465063
0.00498119
0.00524682
0.00453981
0.00502818
0.00519013
0.00424737
0.00473010
0.00472926
0.00435521
0.00465997
0.00681889
0.00502057
0.00469749
0.00486896
0.00459966
0.00537845
0.00508437
0.00488985
0.00536036
0.00487194
0.00490701
0.00465527
0.00487174
0.00509016
0.00470132
0.00505568
0.00453431
0.00461190
0.00473485
0.00483361
0.00497402
0.00494171
0.00451678
0.00474103
0.00717396
0.00460244
0.00460595
0.00484535
0.00475059
0.00481764
0.00478309
0.00452464
0.00437277
0.00440810
0.00451972
0.00538387
0.00492199
0.00477151
0.00481552
0.00453142
0.00503973
0.00647687
0.00472944
0.00484871
0.00517009
0.00457549
0.00492307
0.00489509
0.00519855
0.00464405
0.00469013
0.00481355
0.00456058
0.00503716
0.00496662
0.00458519
0.00544088
0.00484913
0.00544328
0.00476064
0.00532737
0.00512346
0.00459115
0.00502211
0.00488043
0.00468627
0.00451441
0.00460242
0.00465237
0.00467163
0.00486094
0.00456492
0.00598289
0.00502735
0.00467502
0.00556438
0.00432512
0.00579839
0.00481601
0.00459966
0.00465784
0.00456825
0.00454770
0.00462725
0.00465404
0.00436394
0.00482755
0.00497406
0.00489607
0.00491333
0.00503220
0.00528544
0.00468240
0.00510100
0.00484695
0.00474611
0.00519087
0.00446366
0.00460645
0.00467234
0.00445222
0.00477556
0.00528550
0.00478057
0.00461580
0.00553589
0.00473813
0.00526607
0.00459981
0.00495677
0.00455456
0.00460960
0.00467003
0.00482046
0.00495767
0.00602275
0.00477870
0.00501439
0.00496439
0.00455548
0.00510132
0.00527763
0.00469765
0.00494815
0.00454982
0.00445217
0.00467332
0.00498086
0.00505187
0.00508371
0.00504127
0.00505486
0.00450713
0.00507442
0.00468048
0.00463734
0.00475438
0.00429650
0.00513660
0.00456836
0.00445084
0.00502678
0.00447604
0.00453121
0.00477249
0.00532395
0.00500706