0.00119526
0.00120507
0.00121334
0.00124134
0.00116014
0.00123551
0.00118166
0.00121565
0.00119663
0.00124601
0.00119229
0.00122328
0.00126777
0.00126167
0.00122279
0.00121931
0.00121440
0.00122024
0.00127514
0.00116219
0.00123628
0.00127977
0.00120103
0.00116424
0.00122553
0.00118867
0.00123480
0.00122600
0.00125163
0.00118096
0.00119181
0.00122824
0.00120226
0.00119603
0.00119650
0.00117690
0.00122203
0.00116878
0.00116757
0.00120557
0.00128313
0.00124623
0.00120503
0.00125285
0.00122604
0.00116600
0.00121297
0.00125847
0.00118706
0.00120655
0.00120457
0.00120452
0.00122892
0.00118597
0.00115669
0.00117113
0.00122249
0.00127746
0.00120659
0.00124172
0.00126431
0.00121783
0.00119979
0.00126632
0.00117087
0.00120789
0.00118983
0.00121068
0.00121146
0.00123468
0.00115793
0.00118177
0.00125945
0.00123996
0.00122571
0.00121538
0.00124692
0.00117008
0.00119975
0.00121427
0.00124751
0.00118958
0.00119186
0.00120268
0.00123700
0.00130052
0.00122032
0.00118969
0.00127508
0.00123744
0.00125042
0.00127940
0.00122168
0.00123462
0.00119407
0.00117820
0.00119519
0.00121169
0.00121642
0.00123422
0.00124806
0.00120655
0.00118859
0.00120357
0.00125771
0.00118361
0.00124074
0.00117609
0.00124083
0.00129969
0.00118466
0.00121287
0.00125032
0.00119864
0.00120759
0.00120411
0.00122465
0.00124299
0.00127930
0.00116644
0.00118068
0.00116799
0.00116882
0.00120282
0.00123257
0.00122704
0.00118419
0.00121375
0.00123311
0.00117328
0.00118500
0.00120251
0.00128521
0.00122561
0.00117326
0.00122147
0.00119128
0.00127141
0.00122118
0.00119646
0.00127814
0.00122163
0.00122704
0.00117656
0.00120489
0.00123130
0.00118889
0.00123803
0.00123810
0.00127047
0.00119493
0.00115410
0.00120268
0.00120691
0.00117803
0.00122590
0.00124457
0.00121505
0.00120395
0.00121362
0.00120236
0.00126319
0.00128480
0.00116749
0.00125500
0.00123059
0.00119575
0.00117545
0.00122732
0.00118892
0.00121355
0.00120520
0.00124387
0.00128112
0.00122465
0.00120662
0.00124567
0.00119584
0.00124935
0.00116670
0.00118276
0.00121777
0.00126276
0.00125922
0.00123584
0.00126105
0.00117017
0.00120057
0.00125110
0.00119516
0.00119357
0.00121343
0.00127199
0.00119947
0.00117371
0.00121821
0.00120273
0.00116437
0.00118718
0.00121546
0.00127813
0.00121002
0.00120600
0.00119797
0.00126039
0.00125373
0.00123725
0.00121500
0.00120877
0.00122449
0.00122313
0.00125617
0.00124217
0.00120706
0.00122939
0.00126093
0.00122587
0.00123909
0.00124607
0.00120668
0.00125667
0.00123520
0.00116479
0.00120995
0.00123252
0.00114359
0.00120607
0.00118645
0.00124286
0.00121034
0.00114192
0.00119654
0.00120101
0.00121115
0.00121237
0.00121137
0.00119396
0.00129713
0.00120182
0.00120552
0.00121671
0.00121600
0.00124989
0.00117228
0.00122542
0.00123858
0.00120842
0.00119239
0.00126729
0.00119799
0.00122093
0.00121945
0.00127448
0.00123471
0.00120084
0.00120875
0.00126723
0.00125148
0.00116151
0.00121774
0.00117158
0.00120054
0.00120709
0.00122791
0.00120530
0.00122749
0.00126943
0.00119977
0.00123907
0.00119224
0.00121804
0.00115467
0.00116706
0.00123621
0.00121714
0.00125381
0.00119958
0.00119104
0.00118823
0.00119420
0.00119106
0.00119977
0.00122824
0.00118637
0.00126495
0.00120569
0.00118569
0.00127028
0.00120243
0.00118112
0.00121773
0.00121867
0.00119485
0.00121899
0.00118610
0.00125572
0.00120474
0.00120705
0.00122957
0.00122908
0.00124646
0.00121951
0.00116384
0.00121350
0.00120896
0.00121539
0.00124288
0.00120447
0.00125206
0.00124617
0.00116967
0.00123452
0.00122448
0.00123920
0.00122995
0.00126792
0.00122068
0.00118818
0.00120862
0.00121270
0.00123161
0.00126216
0.00121654
0.00118032
0.00120903
0.00123288
0.00119153
0.00123864
0.00123942
0.00124656
0.00122635
0.00118705
0.00126816
0.00129552
0.00120624
0.00125449
0.00125471
0.00118035
0.00126290
0.00117967
0.00122407
0.00135971
0.00120239
0.00124959
0.00120757
0.00123757
0.00117959
0.00125615
0.00132454
0.00120293
0.00122238
0.00119874
0.00126082
0.00121053
0.00126460
0.00129481
0.00114019
0.00122702
0.00130292
0.00120405
0.00122826
0.00126199
0.00128639
0.00124769
0.00118733
0.00123440
0.00120419
0.00119970
0.00116331
0.00125533
0.00118840
0.00122058
0.00119766
0.00121787
0.00122891
0.00121076
0.00123355
0.00118968
0.00121928
0.00120273
0.00119444
0.00119883
0.00123552
0.00122474
0.00119274
0.00122027
0.00118197
0.00122603
0.00122877
0.00120179
0.00123839
0.00124247
0.00115851
0.00121288
0.00119682
0.00120577
0.00121226
0.00129219
0.00123124
0.00122277
0.00121674
0.00120545
0.00126153
0.00122300
0.00122319
0.00121106
0.00120801
0.00118584
0.00121494
0.00120111
0.00119722
0.00122542
0.00121826
0.00119624
0.00122996
0.00125979
0.00122310
0.00124672
0.00122731
0.00127639
0.00127381
0.00119403
0.00123948
0.00120970
0.00119478
0.00128143
0.00118005
0.00117972
0.00117720
0.00127013
0.00122839
0.00115917
0.00122382
0.00119487
0.00118404
0.00122744
0.00126536
0.00119240
0.00123078
0.00120008
0.00121645
0.00122731
0.00120545
0.00121087
0.00121212
0.00117938
0.00123008
0.00120372
0.00116962
0.00121162
0.00120638
0.00121151
0.00123492
0.00125015
0.00115621
0.00120846
0.00116219
0.00125070
0.00127224
0.00122545
0.00119541
0.00120801
0.00115038
0.00122901
0.00123036
0.00124577
0.00119435
0.00125935
0.00120302
0.00118617
0.00124677
0.00121899
0.00124934
0.00119829
0.00121934
0.00122842
0.00126830
0.00120695
0.00121179
0.00118716
0.00121274
0.00127166
0.00125114
0.00121926
0.00120758
0.00128902
0.00120346
0.00125662
0.00119348
0.00121961
0.00117124
0.00125217
0.00119936
0.00122918
0.00119473
0.00124392
0.00120946
0.00122241
0.00121109
0.00120607