0.00230121
0.00219025
0.00236849
0.00223157
0.00225521
0.00235934
0.00222128
0.00226508
0.00227022
0.00231040
0.00229001
0.00238740
0.00231055
0.00224725
0.00223138
0.00238597
0.00229194
0.00226059
0.00224778
0.00221360
0.00234669
0.00231776
0.00223687
0.00220294
0.00241150
0.00231112
0.00222340
0.00230844
0.00212616
0.00226939
0.00226127
0.00219606
0.00225086
0.00221972
0.00219380
0.00233451
0.00222826
0.00229473
0.00241827
0.00223021
0.00219817
0.00219783
0.00227036
0.00228930
0.00247237
0.00226757
0.00236617
0.00221189
0.00225086
0.00231833
0.00233483
0.00215344
0.00227101
0.00227697
0.00226535
0.00230955
0.00221560
0.00226262
0.00224022
0.00221898
0.00221249
0.00227723
0.00236962
0.00231402
0.00236113
0.00228448
0.00231073
0.00231282
0.00224667
0.00229577
0.00224160
0.00212909
0.00227106
0.00222294
0.00224103
0.00220062
0.00233118
0.00227240
0.00232140
0.00224651
0.00227065
0.00227917
0.00231358
0.00228475
0.00231396
0.00226026
0.00235717
0.00224171
0.00226392
0.00222963
0.00236771
0.00231394
0.00234512
0.00235218
0.00240219
0.00221415
0.00220691
0.00226190
0.00236647
0.00224075
0.00222763
0.00223163
0.00231490
0.00222756
0.00226968
0.00224283
0.00222284
0.00222169
0.00229521
0.00227778
0.00226915
0.00228066
0.00229229
0.00228280
0.00222138
0.00221096
0.00221995
0.00235491
0.00226997
0.00226215
0.00223920
0.00217665
0.00228204
0.00254334
0.00227997
0.00226218
0.00223893
0.00240674
0.00233578
0.00222656
0.00221525
0.00226495
0.00223595
0.00230684
0.00229942
0.00225472
0.00219448
0.00221352
0.00224712
0.00235758
0.00238572
0.00233878
0.00219091
0.00232867
0.00231831
0.00226120
0.00223558
0.00244466
0.00225880
0.00226957
0.00214543
0.00234650
0.00221969
0.00222744
0.00234693
0.00226223
0.00238972
0.00222442
0.00230179
0.00220441
0.00238639
0.00220385
0.00232828
0.00226479
0.00232964
0.00235561
0.00234611
0.00236648
0.00239927
0.00234792
0.00229061
0.00227305
0.00225725
0.00245087
0.00225308
0.00221405
0.00241484
0.00222856
0.00241201
0.00220005
0.00225965
0.00241862
0.00220438
0.00244226
0.00234244
0.00232520
0.00227736
0.00223904
0.00230459
0.00220691
0.00236478
0.00226234
0.00227557
0.00234165
0.00227704
0.00232504
0.00227539
0.00227877
0.00216427
0.00239536
0.00236137
0.00228002
0.00219306
0.00223912
0.00231979
0.00225133
0.00217127
0.00227022
0.00222469
0.00223285
0.00233747
0.00223947
0.00232155
0.00226813
0.00228263
0.00224151
0.00227347
0.00223328
0.00226049
0.00218505
0.00222853
0.00226379
0.00227930
0.00251528
0.00230858
0.00233885
0.00221298
0.00224896
0.00218554
0.00226279
0.00224385
0.00221553
0.00226467
0.00224245
0.00234159
0.00212066
0.00253065
0.00220619
0.00226140
0.00226304
0.00231625
0.00224989
0.00222841
0.00229281
0.00229535
0.00216885
0.00233921
0.00221336
0.00228074
0.00231690
0.00230457
0.00229840
0.00225940
0.00223282
0.00220975
0.00234322
0.00223890
0.00227821
0.00228595
0.00229826
0.00227566
0.00229987
0.00240034
0.00228971
0.00222983
0.00226373
0.00226971
0.00234014
0.00232112
0.00235054
0.00224888
0.00224977
0.00222379
0.00219889
0.00242923
0.00222583
0.00223930
0.00225892
0.00224433
0.00238337
0.00220355
0.00225729
0.00222873
0.00226811
0.00220484
0.00227171
0.00246289
0.00231648
0.00237447
0.00223136
0.00215411
0.00216402
0.00232420
0.00227338
0.00227257
0.00224495
0.00219203
0.00227697
0.00222689
0.00225368
0.00238596
0.00218542
0.00227496
0.00221764
0.00240764
0.00246270
0.00237697
0.00221232
0.00228583
0.00228821
0.00217659
0.00231694
0.00232226
0.00221257
0.00229070
0.00225373
0.00225424
0.00221330
0.00231612
0.00220008
0.00219422
0.00225730
0.00243090
0.00233651
0.00221510
0.00228862
0.00242274
0.00229236
0.00220346
0.00225394
0.00239486
0.00232061
0.00223153
0.00238634
0.00227486
0.00227353
0.00255246
0.00224347
0.00221890
0.00225478
0.00223475
0.00228070
0.00221870
0.00217633
0.00232338
0.00224344
0.00232127
0.00236504
0.00230728
0.00217528
0.00218819
0.00233613
0.00220660
0.00229548
0.00234984
0.00229520
0.00218914
0.00221948
0.00222542
0.00223253
0.00221436
0.00227010
0.00222444
0.00223465
0.00227965
0.00226666
0.00225476
0.00226349
0.00229319
0.00237626
0.00227453
0.00236619
0.00226863
0.00231101
0.00245767
0.00222524
0.00228674
0.00230676
0.00225499
0.00245818
0.00225109
0.00222796
0.00221162
0.00224367
0.00231696
0.00226575
0.00228381
0.00225046
0.00231202
0.00226760
0.00219967
0.00227127
0.00235099
0.00225969
0.00234592
0.00230876
0.00237424
0.00220507
0.00231993
0.00212914
0.00231714
0.00230749
0.00234602
0.00227095
0.00232561
0.00221145
0.00227184
0.00237349
0.00214166
0.00231033
0.00241144
0.00230213
0.00227264
0.00244608
0.00237010
0.00225729
0.00224652
0.00237825
0.00226910
0.00236451
0.00235128
0.00238766
0.00242808
0.00235475
0.00221766
0.00230080
0.00229146
0.00225576
0.00226811
0.00227256
0.00228970
0.00227148
0.00214189
0.00221986
0.00225735
0.00225538
0.00231534
0.00226994
0.00225787
0.00218167
0.00235921
0.00227017
0.00225184
0.00236260
0.00237871
0.00219392
0.00230831
0.00221283
0.00228041
0.00231095
0.00227144
0.00227442
0.00244997
0.00210071
0.00237484
0.00226567
0.00227205
0.00239520
0.00218483
0.00235382
0.00238566
0.00223707
0.00234668
0.00225178
0.00223230
0.00230370
0.00226105
0.00234111
0.00219797
0.00243416
0.00231441
0.00231308
0.00217639
0.00229963
0.00243317
0.00230841
0.00216491
0.00218774
0.00219594
0.00232542
0.00219494
0.00230091
0.00222821
0.00224773
0.00238975
0.00228873
0.00231986
0.00232872
0.00223750
0.00217226
0.00229469
0.00235623
0.00210345
0.00217549
0.00243177
0.00232009
0.00219703
0.00229254
0.00234667
0.00237331