0.00294280
0.00259317
0.00296046
0.00276091
0.00266066
0.00304762
0.00291015
0.00292741
0.00265572
0.00282860
0.00340315
0.00289547
0.00287689
0.00293770
0.00303934
0.00296013
0.00270581
0.00280915
0.00362477
0.00287183
0.00268906
0.00267656
0.00352584
0.00305831
0.00320515
0.00331465
0.00289034
0.00298099
0.00273455
0.00313829
0.00331603
0.00288434
0.00295298
0.00344501
0.00294530
0.00307769
0.00304713
0.00311678
0.00274754
0.00278348
0.00261482
0.00280362
0.00316325
0.00280695
0.00273897
0.00305363
0.00286895
0.00288919
0.00301341
0.00299262
0.00291312
0.00430158
0.00286540
0.00348489
0.00286235
0.00309930
0.00340756
0.00310849
0.00322024
0.00330631
0.00304091
0.00263182
0.00340674
0.00284299
0.00292437
0.00304836
0.00297784
0.00254535
0.00264705
0.00312492
0.00279427
0.00337095
0.00325112
0.00315301
0.00292703
0.00260401
0.00266917
0.00266231
0.00324861
0.00433595
0.00309217
0.00384678
0.00288580
0.00296918
0.00277387
0.00296123
0.00307581
0.00278963
0.00302268
0.00311702
0.00312350
0.00307339
0.00273004
0.00291899
0.00292176
0.00314899
0.00286845
0.00268687
0.00295532
0.00301449
0.00309894
0.00281657
0.00283322
0.00291195
0.00286184
0.00285853
0.00484134
0.00320555
0.00324086
0.00310470
0.00295891
0.00314949
0.00311896
0.00303161
0.00361384
0.00313570
0.00296017
0.00317495
0.00312888
0.00297497
0.00307318
0.00314381
0.00265712
0.00294665
0.00300615
0.00273146
0.00294170
0.00284880
0.00317192
0.00266725
0.00262096
0.00318091
0.00296250
0.00273026
0.00274998
0.00262680
0.00331320
0.00275629
0.00269648
0.00278200
0.00291064
0.00337104
0.00286927
0.00297306
0.00265870
0.00340768
0.00307646
0.00281050
0.00324561
0.00299584
0.00292751
0.00287503
0.00278464
0.00306649
0.00288394
0.00280574
0.00301845
0.00297262
0.00280233
0.00309827
0.00329189
0.00281199
0.00315801
0.00609189
0.00324012
0.00283113
0.00267268
0.00270499
0.00277374
0.00280207
0.00274113
0.00327066
0.00289412
0.00324064
0.00268702
0.00308107
0.00283846
0.00328317
0.00256026
0.00294972
0.00294773
0.00281096
0.00296435
0.00265044
0.00254780
0.00266512
0.00332305
0.00306088
0.00292683
0.00326990
0.00322447
0.00356659
0.00264473
0.00291579
0.00316367
0.00358736
0.00278862
0.00305985
0.00299495
0.00299162
0.00286543
0.00385220
0.00338930
0.00302053
0.00304597
0.00276172
0.00274101
0.00279045
0.00377832
0.00313052
0.00274170
0.00272201
0.00320522
0.00291158
0.00297489
0.00289012
0.00289812
0.00286354
0.00285240
0.00283232
0.00258060
0.00297621
0.00274857
0.00272198
0.00326805
0.00305274
0.00311665
0.00302984
0.00343061
0.00263130
0.00299954
0.00329496
0.00320184
0.00325623
0.00261048
0.00269537
0.00295136
0.00306634
0.00301098
0.00274813
0.00276842
0.00302390
0.00291758
0.00341909
0.00271281
0.00296981
0.00302360
0.00293412
0.00283606
0.00272698
0.00330374
0.00268930
0.00513262
0.00289435
0.00282972
0.00359441
0.00299385
0.00287643
0.00415986
0.00321774
0.00295816
0.00298968
0.00287482
0.00319339
0.00292172
0.00282585
0.00308445
0.00277004
0.00322769
0.00287351
0.00296153
0.00295349
0.00286726
0.00316488
0.00276474
0.00345645
0.00302444
0.00288783
0.00273554
0.00311670
0.00302523
0.00325305
0.00348010
0.00287686
0.00296220
0.00286157
0.00286620
0.00337009
0.00305177
0.00268836
0.00249896
0.00396270
0.00297642
0.00296977
0.00301593
0.00298022
0.00352381
0.00285532
0.00311258
0.00287136
0.00368585
0.00271988
0.00248306
0.00313582
0.00304095
0.00305400
0.00264740
0.00355469
0.00260172
0.00360424
0.00284155
0.00323366
0.00291608
0.00361022
0.00298329
0.00302765
0.00277440
0.00271575
0.00296653
0.00294901
0.00270855
0.00279444
0.00269901
0.00258506
0.00271017
0.00323857
0.00283247
0.00285147
0.00287171
0.00279746
0.00334383
0.00318082
0.00283321
0.00325630
0.00298149
0.00275395
0.00317403
0.00302985
0.00304413
0.00320763
0.00339299
0.00290691
0.00280570
0.00286056
0.00288400
0.00307748
0.00327609
0.00293136
0.00350843
0.00257960
0.00291022
0.00273752
0.00331924
0.00303878
0.00332903
0.00283790
0.00291745
0.00283209
0.00298559
0.00292676
0.00355347
0.00288784
0.00327622
0.00331335
0.00314670
0.00282218
0.00305721
0.00298539
0.00293459
0.00292437
0.00288021
0.00303182
0.00283581
0.00294989
0.00277226
0.00267413
0.00291452
0.00335088
0.00297174
0.00284314
0.00368902
0.00267723
0.00315078
0.00254747
0.00352795
0.00282578
0.00277383
0.00329295
0.00264521
0.00292519
0.00281181
0.00310957
0.00277039
0.00287288
0.00308235
0.00275678
0.00281165
0.00300509
0.00302827
0.00267665
0.00275303
0.00385720
0.00303342
0.00291096
0.00387413
0.00297617
0.00258775
0.00406349
0.00297230
0.00337859
0.00263369
0.00306776
0.00302692
0.00299478
0.00303387
0.00296241
0.00268677
0.00298452
0.00271077
0.00273388
0.00303493
0.00284836
0.00316305
0.00302841
0.00289060
0.00280922
0.00288848
0.00275209
0.00314496
0.00320689
0.00282902
0.00284185
0.00287567
0.00282957
0.00304037
0.00287014
0.00300919
0.00314539
0.00311532
0.00295087
0.00287009
0.00305224
0.00270848
0.00299877
0.00302628
0.00267997
0.00292075
0.00276987
0.00273662
0.00288706
0.00293079
0.00313468
0.00290370
0.00344691
0.00309791
0.00267629
0.00270122
0.00277077
0.00316583
0.00355460
0.00259179
0.00284900
0.00277266
0.00278994
0.00307493
0.00278136
0.00279957
0.00280957
0.00275386
0.00296009
0.00327701
0.00257991
0.00301604
0.00282069
0.00267528
0.00278615
0.00258150
0.00317580
0.00270944
0.00307560
0.00341567
0.00305192
0.00338763
0.00299023
0.00277865
0.00289218
0.00308053
0.00313738
0.00281150
0.00295254
0.00288513
0.00307672
0.00289015
0.00260174
0.00294136
0.00285868
0.00304282
0.00279991
0.00310926
0.00274490