0.00243792
0.00214841
0.00233782
0.00225871
0.00231409
0.00236621
0.00247222
0.00244361
0.00234073
0.00222262
0.00233636
0.00228075
0.00247924
0.00233221
0.00226589
0.00227531
0.00225661
0.00230976
0.00225638
0.00227666
0.00236870
0.00233850
0.00232178
0.00220806
0.00230295
0.00226100
0.00221820
0.00224402
0.00239146
0.00236688
0.00233397
0.00229934
0.00231272
0.00263386
0.00241633
0.00237111
0.00239884
0.00249454
0.00237399
0.00230119
0.00244920
0.00232270
0.00227629
0.00232617
0.00231406
0.00228344
0.00233727
0.00233943
0.00242344
0.00219014
0.00239982
0.00228758
0.00240416
0.00226403
0.00230311
0.00236489
0.00238449
0.00237325
0.00252449
0.00233981
0.00227619
0.00226584
0.00260715
0.00227198
0.00247558
0.00244390
0.00233658
0.00232418
0.00233394
0.00241736
0.00227925
0.00223277
0.00235079
0.00226340
0.00237690
0.00227713
0.00232787
0.00238443
0.00241839
0.00229584
0.00226298
0.00230566
0.00225044
0.00220027
0.00242347
0.00243268
0.00226162
0.00225232
0.00239980
0.00226087
0.00241575
0.00234043
0.00235901
0.00236628
0.00224212
0.00222138
0.00234441
0.00226000
0.00239395
0.00238272
0.00238930
0.00235713
0.00228441
0.00225078
0.00239174
0.00229313
0.00227499
0.00232559
0.00228776
0.00231347
0.00231286
0.00230130
0.00239897
0.00235560
0.00227508
0.00234802
0.00232626
0.00228018
0.00223681
0.00250085
0.00218602
0.00234550
0.00256715
0.00226288
0.00245317
0.00234921
0.00218110
0.00232855
0.00240407
0.00239659
0.00229145
0.00239170
0.00231527
0.00246907
0.00225991
0.00233557
0.00235362
0.00223004
0.00235927
0.00228295
0.00246832
0.00234965
0.00230186
0.00231764
0.00234902
0.00226308
0.00237577
0.00231029
0.00257073
0.00220021
0.00236565
0.00236006
0.00228264
0.00223581
0.00238680
0.00236254
0.00224721
0.00224938
0.00231665
0.00231333
0.00235483
0.00238036
0.00235367
0.00233435
0.00232632
0.00239859
0.00228793
0.00223997
0.00243556
0.00237737
0.00237002
0.00235900
0.00228185
0.00230507
0.00232785
0.00243081
0.00229960
0.00226910
0.00233037
0.00226728
0.00236335
0.00242524
0.00236924
0.00219887
0.00241843
0.00232900
0.00233316
0.00231615
0.00219867
0.00231818
0.00236157
0.00232779
0.00228136
0.00235110
0.00232972
0.00229634
0.00231920
0.00226382
0.00227857
0.00230270
0.00239482
0.00230490
0.00231623
0.00233242
0.00224651
0.00223666
0.00222629
0.00237886
0.00240342
0.00227248
0.00239976
0.00225059
0.00227075
0.00220253
0.00230759
0.00237476
0.00237547
0.00250228
0.00225777
0.00240260
0.00237287
0.00246525
0.00234350
0.00236063
0.00224106
0.00239438
0.00230477
0.00224711
0.00239880
0.00234668
0.00243136
0.00243221
0.00236049
0.00230368
0.00237208
0.00226635
0.00241556
0.00223352
0.00226344
0.00233974
0.00229357
0.00231367
0.00229166
0.00225925
0.00242872
0.00246288
0.00226399
0.00234526
0.00232523
0.00239829
0.00239606
0.00234953
0.00236241
0.00242918
0.00237213
0.00225993
0.00227823
0.00234797
0.00243416
0.00233513
0.00231762
0.00236566
0.00228815
0.00253402
0.00229379
0.00237453
0.00222424
0.00246687
0.00224840
0.00233727
0.00235022
0.00244299
0.00236793
0.00245924
0.00254441
0.00230194
0.00232097
0.00229038
0.00222123
0.00228858
0.00239375
0.00227801
0.00239663
0.00242659
0.00237968
0.00237972
0.00226376
0.00229169
0.00226871
0.00213447
0.00228919
0.00237296
0.00233533
0.00228630
0.00231452
0.00233177
0.00232281
0.00239834
0.00221580
0.00228296
0.00227783
0.00231438
0.00237658
0.00252281
0.00234970
0.00237224
0.00215750
0.00231443
0.00228854
0.00236921
0.00226017
0.00242892
0.00231114
0.00237621
0.00243873
0.00243182
0.00227802
0.00245366
0.00228388
0.00234998
0.00231148
0.00240236
0.00234421
0.00233711
0.00225992
0.00235595
0.00238514
0.00230072
0.00224722
0.00237794
0.00233200
0.00223085
0.00232199
0.00245023
0.00246901
0.00241542
0.00226178
0.00241160
0.00226898
0.00222503
0.00224082
0.00246056
0.00236896
0.00255759
0.00255608
0.00232579
0.00248235
0.00233937
0.00233651
0.00242038
0.00230806
0.00230389
0.00233802
0.00250286
0.00232795
0.00227199
0.00240554
0.00242024
0.00232422
0.00228190
0.00236968
0.00239284
0.00227961
0.00242141
0.00228732
0.00241052
0.00226447
0.00247766
0.00228945
0.00256181
0.00230684
0.00247022
0.00236726
0.00243737
0.00253002
0.00225897
0.00230761
0.00243192
0.00225743
0.00252137
0.00226415
0.00240767
0.00230407
0.00223046
0.00219656
0.00237402
0.00228944
0.00221479
0.00247279
0.00244134
0.00227049
0.00237436
0.00242195
0.00234758
0.00226438
0.00252036
0.00246677
0.00219107
0.00231061
0.00229499
0.00250676
0.00237302
0.00242638
0.00249702
0.00248086
0.00251217
0.00224315
0.00244291
0.00228309
0.00229617
0.00239775
0.00220863
0.00239572
0.00223293
0.00231632
0.00233634
0.00227078
0.00259073
0.00243044
0.00241853
0.00234837
0.00227721
0.00226417
0.00235479
0.00229033
0.00244035
0.00227146
0.00234663
0.00226387
0.00233745
0.00244268
0.00224914
0.00231760
0.00224382
0.00229458
0.00229504
0.00234062
0.00231790
0.00254472
0.00224005
0.00232406
0.00248718
0.00230910
0.00231037
0.00229515
0.00243033
0.00237706
0.00222537
0.00235089
0.00233838
0.00219273
0.00232742
0.00227721
0.00244777
0.00225114
0.00243478
0.00225219
0.00234344
0.00225356
0.00229423
0.00218780
0.00217356
0.00230883
0.00244325
0.00234477
0.00231447
0.00231134
0.00254786
0.00229687
0.00238927
0.00238601
0.00235279
0.00239266
0.00227736
0.00241826
0.00233735
0.00232090
0.00226164
0.00235688
0.00229350
0.00235313
0.00235493
0.00243266
0.00224976
0.00222806
0.00234266
0.00241326
0.00227903
0.00233651
0.00228699
0.00222221
0.00228396
0.00237281
0.00222966
0.00225045
0.00225535
0.00240434
0.00223800
0.00230036
0.00227427