0.00970983
0.01172688
0.01312910
0.00895701
0.01309473
0.00989765
0.01235303
0.00992062
0.01039767
0.01118962
0.00942022
0.00902446
0.01063200
0.00943853
0.00955059
0.01308804
0.00832241
0.01154267
0.00981817
0.01199855
0.01072273
0.01055285
0.01132561
0.01068236
0.01333508
0.01139188
0.01246255
0.01166903
0.00963654
0.00986635
0.01034966
0.01173265
0.01014052
0.00998626
0.00972464
0.01152357
0.01052419
0.00909423
0.00940437
0.01110433
0.00950935
0.00932799
0.00916936
0.00983715
0.01273912
0.01126803
0.00982521
0.00915835
0.01028584
0.00948384
0.00944888
0.01020380
0.00999441
0.01048562
0.01277553
0.00962380
0.01100729
0.01416828
0.01043547
0.00922032
0.01097104
0.01145635
0.01023774
0.01319174
0.00914639
0.00875412
0.01047337
0.00972544
0.01318840
0.01099484
0.01178321
0.01151455
0.00959973
0.00928638
0.01144564
0.01213243
0.00921027
0.01041691
0.00941918
0.01183529
0.01104123
0.01120406
0.00946241
0.00930424
0.01069441
0.01186148
0.00890508
0.01358041
0.00947905
0.01088525
0.01024103
0.01074099
0.01172029
0.00930230
0.01150894
0.01412659
0.00975631
0.01004124
0.01086067
0.01416402
0.01005658
0.01052075
0.01192170
0.01207464
0.01128769
0.00866537
0.01027180
0.01113761
0.01166067
0.00924409
0.01139053
0.01111725
0.00951389
0.01016657
0.01120402
0.01017415
0.02421435
0.00968551
0.01010037
0.00911074
0.00970798
0.01095869
0.00928601
0.01075819
0.01083348
0.00969900
0.01488873
0.00953133
0.00978133
0.01111646
0.00898664
0.01029138
0.01058391
0.01101784
0.01140220
0.01053356
0.00981111
0.00999674
0.00884337
0.01056388
0.01105288
0.00977647
0.01249947
0.01202868
0.00922592
0.00965879
0.01083487
0.00926032
0.01034160
0.01179095
0.01071058
0.01519670
0.01068444
0.01044844
0.01037746
0.00939596
0.01049863
0.00985217
0.01388583
0.01062438
0.00981693
0.01248707
0.01111383
0.01547814
0.00967114
0.01028444
0.01252380
0.00964960
0.00944818
0.01062759
0.01208894
0.00965029
0.01038357
0.00908380
0.01167414
0.01065010
0.01006475
0.01146395
0.01225850
0.01186123
0.01111015
0.01116472
0.01053457
0.00977523
0.01044824
0.01026254
0.00936314
0.00948615
0.00931599
0.00946963
0.00876040
0.01008848
0.01187493
0.00909597
0.00991056
0.01058512
0.01267173
0.01051182
0.00935484
0.00880666
0.00950535
0.01132988
0.01226580
0.01065144
0.01018752
0.01390626
0.01022175
0.01051537
0.01054312
0.00980205
0.01052504
0.01164580
0.01427019
0.01082433
0.00925718
0.00945255
0.01093081
0.01275334
0.00910984
0.01088890
0.01180882
0.01130389
0.01107886
0.00980990
0.00921834
0.00948124
0.01227067
0.01072404
0.00988298
0.01041503
0.00920795
0.01199315
0.01301426
0.01051634
0.01147902
0.01163609
0.00920988
0.01099782
0.01075698
0.00895458
0.00959338
0.00908772
0.01460337
0.01075732
0.01132057
0.01121932
0.01273987
0.01155976
0.01192107
0.01158449
0.00927295
0.01099483
0.00912519
0.01103313
0.01451641
0.01186157
0.01086802
0.00996001
0.00978432
0.01098944
0.00982883
0.00941695
0.01272362
0.01106784
0.01047748
0.01096922
0.01149546
0.01228555
0.01149747
0.00909965
0.00907568
0.01171758
0.01106399
0.01144189
0.01803794
0.01065934
0.01104225
0.01008743
0.01225363
0.01103687
0.01417528
0.01036926
0.00863995
0.01547623
0.01070068
0.01344017
0.00990553
0.01236623
0.01676018
0.01087944
0.01106071
0.01174618
0.00983552
0.01194605
0.00977635
0.00931412
0.00985489
0.01153699
0.01017165
0.01058515
0.01343468
0.01005041
0.01170852
0.01142925
0.01260398
0.00925452
0.01070453
0.00986014
0.01059458
0.00926452
0.01013855
0.00983933
0.01389377
0.00949993
0.00925797
0.02445294
0.01106479
0.01082982
0.01121944
0.01006987
0.01193915
0.01022723
0.01106773
0.00998222
0.01161754
0.01042201
0.00950111
0.01112372
0.00977402
0.01072569
0.01143592
0.01000617
0.00979680
0.01401485
0.00896361
0.00981955
0.01063232
0.00982436
0.01025654
0.01009512
0.00864904
0.01086370
0.01524445
0.00985856
0.00969641
0.01156052
0.01095926
0.00933011
0.01008463
0.01337224
0.01159941
0.00987468
0.00924019
0.00983245
0.00962371
0.00992324
0.01520180
0.01048483
0.01041985
0.01096721
0.00917093
0.01097730
0.01032967
0.01045777
0.01245525
0.01131599
0.00999301
0.00984739
0.01148666
0.00900091
0.01187886
0.01056051
0.00934189
0.00960073
0.01224056
0.00973055
0.01197682
0.00969708
0.01280819
0.00912615
0.00928221
0.01058663
0.01024324
0.00946953
0.00922068
0.01053880
0.01129840
0.00876803
0.01122039
0.00971132
0.00922899
0.01107696
0.00985982
0.00943300
0.01056129
0.02147763
0.01271323
0.01129298
0.00906599
0.01333175
0.00990126
0.00971991
0.01235699
0.01012011
0.01566352
0.00970389
0.00945969
0.01015257
0.01089830
0.01004189
0.01869150
0.01213778
0.01129905
0.01014460
0.01015529
0.01056603
0.01283319
0.00997357
0.00979835
0.01031907
0.00925697
0.00943008
0.00921665
0.01038274
0.01043162
0.01133222
0.01107684
0.00998022
0.01012030
0.01017460
0.01148669
0.01088472
0.01262833
0.01038876
0.00969593
0.00933141
0.01114503
0.01184464
0.01173255
0.01000989
0.00942741
0.01025744
0.00894636
0.00961553
0.01104010
0.01107915
0.01312507
0.01017351
0.00928666
0.01014246
0.00909587
0.01090779
0.01332153
0.01095358
0.01183662
0.00990536
0.00924445
0.01098351
0.01109742
0.01200105
0.01192177
0.01021943
0.01193134
0.00959423
0.00982717
0.00982144
0.01049873
0.01176259
0.00964668
0.00926461
0.01068531
0.01075683
0.00995875
0.01040006
0.00911141
0.00984566
0.00933695
0.00912111
0.00952142
0.01260864
0.01045511
0.00960989
0.00954036
0.00940757
0.01223723
0.00915995
0.01116592
0.01379882
0.01241820
0.00983819
0.00981009
0.01169694
0.01131777
0.01021839
0.01138752
0.01330342
0.00970600
0.01018272
0.01135876
0.00992264