0.00259077
0.00263536
0.00234735
0.00269038
0.00257422
0.00261688
0.00261988
0.00253275
0.00241017
0.00245299
0.00279960
0.00250366
0.00259037
0.00236601
0.00264034
0.00254107
0.00293002
0.00252274
0.00245810
0.00256579
0.00268898
0.00246381
0.00252383
0.00264067
0.00254289
0.00250197
0.00264294
0.00253108
0.00277766
0.00265767
0.00249860
0.00253481
0.00265120
0.00245605
0.00260387
0.00252304
0.00250819
0.00242676
0.00264932
0.00259341
0.00235950
0.00232104
0.00256691
0.00285810
0.00240114
0.00245580
0.00262032
0.00265703
0.00253569
0.00258480
0.00275522
0.00242442
0.00235385
0.00292971
0.00245497
0.00243096
0.00243174
0.00252563
0.00247558
0.00244134
0.00259270
0.00278570
0.00265975
0.00250169
0.00252727
0.00251705
0.00283982
0.00278516
0.00253783
0.00252360
0.00264385
0.00250161
0.00230950
0.00254024
0.00275150
0.00279546
0.00270492
0.00278039
0.00243418
0.00245236
0.00240238
0.00274010
0.00260367
0.00265092
0.00257574
0.00236241
0.00244764
0.00256835
0.00236761
0.00255624
0.00259193
0.00326840
0.00261708
0.00242397
0.00237968
0.00279860
0.00252196
0.00239914
0.00240617
0.00258861
0.00239151
0.00269565
0.00306677
0.00246273
0.00261082
0.00246755
0.00252224
0.00250322
0.00248807
0.00263525
0.00267339
0.00260593
0.00261261
0.00259978
0.00256236
0.00265797
0.00258536
0.00262009
0.00248074
0.00246004
0.00248891
0.00259635
0.00240495
0.00249137
0.00267319
0.00304998
0.00260509
0.00253776
0.00281913
0.00267324
0.00261208
0.00262770
0.00268894
0.00243464
0.00263119
0.00254965
0.00265380
0.00258082
0.00241133
0.00263073
0.00254597
0.00255240
0.00266732
0.00257027
0.00245072
0.00246752
0.00250658
0.00246211
0.00318690
0.00291704
0.00266918
0.00241742
0.00256901
0.00270121
0.00245582
0.00258175
0.00237917
0.00254632
0.00243044
0.00259651
0.00238843
0.00258784
0.00250525
0.00267757
0.00248466
0.00258194
0.00255654
0.00275390
0.00237633
0.00272977
0.00254845
0.00266027
0.00254961
0.00291317
0.00301855
0.00300575
0.00242645
0.00239070
0.00262097
0.00242589
0.00248238
0.00243707
0.00252362
0.00249411
0.00243953
0.00315049
0.00247167
0.00287633
0.00261011
0.00268584
0.00254304
0.00257605
0.00254157
0.00276611
0.00271756
0.00242005
0.00253786
0.00275156
0.00239592
0.00305578
0.00254471
0.00277389
0.00261614
0.00273499
0.00278454
0.00284218
0.00235021
0.00253582
0.00255733
0.00248942
0.00242410
0.00248967
0.00242179
0.00251402
0.00263635
0.00250298
0.00255138
0.00279444
0.00276475
0.00243252
0.00251166
0.00249452
0.00273487
0.00236188
0.00238647
0.00265519
0.00242521
0.00258367
0.00248141
0.00251817
0.00244870
0.00245738
0.00257542
0.00245327
0.00249213
0.00248014
0.00258089
0.00249824
0.00254988
0.00269013
0.00275237
0.00268418
0.00265898
0.00259931
0.00244214
0.00279512
0.00266764
0.00255991
0.00295089
0.00239475
0.00243376
0.00259241
0.00262801
0.00278807
0.00264617
0.00289155
0.00277314
0.00261053
0.00246881
0.00284691
0.00237810
0.00265226
0.00261242
0.00245050
0.00256577
0.00245944
0.00259698
0.00241475
0.00251782
0.00262730
0.00267240
0.00274490
0.00293816
0.00241713
0.00270880
0.00239331
0.00290689
0.00249030
0.00232661
0.00255257
0.00250956
0.00251608
0.00242435
0.00271938
0.00236605
0.00242652
0.00263142
0.00246121
0.00251838
0.00251405
0.00245904
0.00249376
0.00271386
0.00288924
0.00279414
0.00278903
0.00244614
0.00264690
0.00235989
0.00268167
0.00266465
0.00259858
0.00246091
0.00273074
0.00280075
0.00245617
0.00259807
0.00267508
0.00243098
0.00244181
0.00229209
0.00337462
0.00276176
0.00301539
0.00262512
0.00271916
0.00260620
0.00274967
0.00224082
0.00261829
0.00253145
0.00240833
0.00270123
0.00257874
0.00264407
0.00261610
0.00249107
0.00256370
0.00246534
0.00260561
0.00248659
0.00244341
0.00256646
0.00238585
0.00263916
0.00255510
0.00264804
0.00252022
0.00258157
0.00247986
0.00256829
0.00249997
0.00235164
0.00228066
0.00241928
0.00326310
0.00268750
0.00269419
0.00240656
0.00241941
0.00243101
0.00250592
0.00254278
0.00250602
0.00257250
0.00268127
0.00274111
0.00239266
0.00249379
0.00249751
0.00307295
0.00275663
0.00310872
0.00234525
0.00267877
0.00253268
0.00253802
0.00270867
0.00272467
0.00249728
0.00264652
0.00254669
0.00242328
0.00267830
0.00240206
0.00236327
0.00241774
0.00260559
0.00258836
0.00236316
0.00230879
0.00271093
0.00279425
0.00255542
0.00253874
0.00266148
0.00282468
0.00232102
0.00277676
0.00265221
0.00260113
0.00262806
0.00245538
0.00253250
0.00263251
0.00291105
0.00265755
0.00262251
0.00256024
0.00262128
0.00237420
0.00246715
0.00256642
0.00255992
0.00255501
0.00290326
0.00253725
0.00249234
0.00259248
0.00259802
0.00253521
0.00243224
0.00271885
0.00241455
0.00264141
0.00248104
0.00250729
0.00257543
0.00250962
0.00265795
0.00259062
0.00265625
0.00278350
0.00257852
0.00248057
0.00295120
0.00276409
0.00242399
0.00248912
0.00261983
0.00293955
0.00260121
0.00257559
0.00266502
0.00261520
0.00274843
0.00251440
0.00266481
0.00240523
0.00252355
0.00255875
0.00254998
0.00241615
0.00256657
0.00308033
0.00254030
0.00268724
0.00257373
0.00267737
0.00272206
0.00272048
0.00234405
0.00239383
0.00256767
0.00249976
0.00246052
0.00236398
0.00256062
0.00259208
0.00244652
0.00264461
0.00248235
0.00247305
0.00266471
0.00252730
0.00270161
0.00267783
0.00243730
0.00254307
0.00244476
0.00283849
0.00251742
0.00276271
0.00261584
0.00273714
0.00282626
0.00243839
0.00265816
0.00257984
0.00246451
0.00267601
0.00269638
0.00251082
0.00276116
0.00241942
0.00268547
0.00238485
0.00270991
0.00244729
0.00234413
0.00298624
0.00269932
0.00254022
0.00269975
0.00235603
0.00240479
0.00245184
0.00237838
0.00285252
0.00267297