0.00089333
0.00096270
0.00094086
0.00100391
0.00092423
0.00088390
0.00127363
0.00102083
0.00093595
0.00099059
0.00097872
0.00083876
0.00085194
0.00091792
0.00087473
0.00090883
0.00092311
0.00096565
0.00088899
0.00109517
0.00105627
0.00092929
0.00095387
0.00088905
0.00082049
0.00086995
0.00086012
0.00091677
0.00083575
0.00087109
0.00098157
0.00089719
0.00086048
0.00087539
0.00098378
0.00095145
0.00089920
0.00086538
0.00091699
0.00098033
0.00090864
0.00091875
0.00087952
0.00097921
0.00090882
0.00087935
0.00096022
0.00094365
0.00093096
0.00096850
0.00085537
0.00092029
0.00088134
0.00091152
0.00091183
0.00090758
0.00087771
0.00085090
0.00123683
0.00086928
0.00084803
0.00097573
0.00084847
0.00089033
0.00087736
0.00096256
0.00106401
0.00092495
0.00089974
0.00090101
0.00084508
0.00090225
0.00100590
0.00086342
0.00087267
0.00093221
0.00091041
0.00086373
0.00089003
0.00096141
0.00087800
0.00114758
0.00086830
0.00092934
0.00085827
0.00087018
0.00087103
0.00089763
0.00087112
0.00095070
0.00086758
0.00086735
0.00082532
0.00090052
0.00098491
0.00084394
0.00092395
0.00092309
0.00096288
0.00094177
0.00092475
0.00086412
0.00081708
0.00096367
0.00092952
0.00088135
0.00091084
0.00092367
0.00081807
0.00092556
0.00092333
0.00094765
0.00088747
0.00088047
0.00097531
0.00086760
0.00098165
0.00092992
0.00091349
0.00096130
0.00092826
0.00090671
0.00090659
0.00092059
0.00087572
0.00087612
0.00089253
0.00095297
0.00098343
0.00084439
0.00109602
0.00104547
0.00084801
0.00094642
0.00089176
0.00099116
0.00084916
0.00112913
0.00104333
0.00099135
0.00097827
0.00092058
0.00093908
0.00083967
0.00087387
0.00097708
0.00088723
0.00089114
0.00100418
0.00090434
0.00090099
0.00094359
0.00110735
0.00088165
0.00105928
0.00089595
0.00090489
0.00096008
0.00095041
0.00091886
0.00090929
0.00086614
0.00088232
0.00088328
0.00092732
0.00086062
0.00097314
0.00087283
0.00095090
0.00089809
0.00088956
0.00084075
0.00087610
0.00098449
0.00091708
0.00089996
0.00093158
0.00085485
0.00093762
0.00085885
0.00093575
0.00089927
0.00091672
0.00093098
0.00088941
0.00088590
0.00087530
0.00097417
0.00095563
0.00096479
0.00086830
0.00101601
0.00089654
0.00089147
0.00088685
0.00090838
0.00095425
0.00092357
0.00090978
0.00096235
0.00090472
0.00092616
0.00087324
0.00089972
0.00086625
0.00089570
0.00088365
0.00092056
0.00094445
0.00108850
0.00094599
0.00090771
0.00091646
0.00087642
0.00083650
0.00089402
0.00087029
0.00106089
0.00106825
0.00086788
0.00085171
0.00088001
0.00095545
0.00096396
0.00088410
0.00089200
0.00092467
0.00094079
0.00093662
0.00096914
0.00088129
0.00096944
0.00090680
0.00092456
0.00094121
0.00090776
0.00086521
0.00084494
0.00087246
0.00094515
0.00097152
0.00085414
0.00085209
0.00089383
0.00084375
0.00092296
0.00089558
0.00080493
0.00087473
0.00091560
0.00093088
0.00088690
0.00099258
0.00082394
0.00094773
0.00085584
0.00090146
0.00093196
0.00085867
0.00121442
0.00098220
0.00091480
0.00090073
0.00087038
0.00094535
0.00086290
0.00082387
0.00098663
0.00084830
0.00089647
0.00091841
0.00088095
0.00099784
0.00091607
0.00091127
0.00088179
0.00095368
0.00096458
0.00087189
0.00087151
0.00085689
0.00087380
0.00090587
0.00085529
0.00084181
0.00096132
0.00093630
0.00091542
0.00085406
0.00098939
0.00084151
0.00088011
0.00097412
0.00087842
0.00088281
0.00088741
0.00084196
0.00091567
0.00090058
0.00085960
0.00088206
0.00085830
0.00090329
0.00085417
0.00093361
0.00089658
0.00090763
0.00088065
0.00091367
0.00090217
0.00089962
0.00091529
0.00094989
0.00103740
0.00089067
0.00087736
0.00099947
0.00089530
0.00082446
0.00094160
0.00086756
0.00095701
0.00090812
0.00099209
0.00087316
0.00088075
0.00090336
0.00096542
0.00087517
0.00094352
0.00089971
0.00113599
0.00090227
0.00082396
0.00087557
0.00096160
0.00098449
0.00086541
0.00093031
0.00084527
0.00090100
0.00084785
0.00089972
0.00087243
0.00098940
0.00086502
0.00091031
0.00097072
0.00090331
0.00089793
0.00096812
0.00086898
0.00096368
0.00081040
0.00089582
0.00102626
0.00118183
0.00081534
0.00089775
0.00084802
0.00097726
0.00091111
0.00089036
0.00095220
0.00106429
0.00092223
0.00087670
0.00090249
0.00087570
0.00087467
0.00101102
0.00091313
0.00088122
0.00092267
0.00098310
0.00094222
0.00088957
0.00088179
0.00093169
0.00111583
0.00093970
0.00089111
0.00083449
0.00096123
0.00092505
0.00097232
0.00085052
0.00096008
0.00095369
0.00087868
0.00095199
0.00098945
0.00086799
0.00107069
0.00083305
0.00093663
0.00094297
0.00081036
0.00089122
0.00093034
0.00096535
0.00081411
0.00089644
0.00090162
0.00086797
0.00087921
0.00084915
0.00087265
0.00094623
0.00091482
0.00087863
0.00097834
0.00088537
0.00082143
0.00100921
0.00103262
0.00088033
0.00082681
0.00096431
0.00093766
0.00096396
0.00092114
0.00096399
0.00094534
0.00086703
0.00083005
0.00098473
0.00093116
0.00101365
0.00088269
0.00089554
0.00083466
0.00087885
0.00086601
0.00089722
0.00089237
0.00094613
0.00092390
0.00094160
0.00092255
0.00094516
0.00099959
0.00092501
0.00084962
0.00085854
0.00087146
0.00089375
0.00085994
0.00089406
0.00088425
0.00092959
0.00083482
0.00090703
0.00088735
0.00083858
0.00087623
0.00086179
0.00090139
0.00101992
0.00099050
0.00090438
0.00086658
0.00087787
0.00092906
0.00087236
0.00089534
0.00087820
0.00090678
0.00084328
0.00086749
0.00086897
0.00092327
0.00096789
0.00093058
0.00091314
0.00090146
0.00091103
0.00092198
0.00095990
0.00090817
0.00086189
0.00087351
0.00089886
0.00082654
0.00087758
0.00084633
0.00090768
0.00085507
0.00088719
0.00092105
0.00094878
0.00099349
0.00091879
0.00092022
0.00093009
0.00092818
0.00095402
0.00117909
0.00089682
0.00089100