0.00975142
0.01005902
0.00971751
0.00839384
0.00888059
0.00937153
0.00971531
0.01067319
0.00930810
0.01025541
0.00880804
0.00886055
0.00913810
0.00911206
0.00949743
0.00965277
0.00925462
0.01007190
0.00931850
0.00890295
0.01795011
0.00947604
0.00868237
0.01034656
0.01012973
0.00943275
0.00852893
0.01053366
0.00877204
0.00864693
0.00934724
0.01036756
0.00989280
0.00854120
0.00905954
0.01134558
0.01267755
0.00860015
0.00925293
0.00810801
0.00823701
0.00878894
0.01076519
0.00944936
0.00958251
0.01072643
0.00837689
0.00943390
0.00905068
0.00989054
0.01007028
0.00908087
0.00919464
0.00961145
0.00954000
0.01013570
0.01069102
0.00948746
0.00846745
0.00866634
0.01024350
0.01023553
0.01095737
0.00908062
0.00915523
0.00890227
0.00992278
0.01125942
0.00855514
0.00926740
0.00921729
0.00908809
0.01178107
0.01074532
0.00941680
0.00903459
0.00847887
0.01072406
0.00935605
0.00989976
0.00871119
0.01099834
0.01018817
0.00909309
0.00954171
0.00899583
0.00966462
0.01056017
0.01085842
0.00836851
0.00959767
0.00939602
0.00974981
0.00932205
0.01046991
0.00865955
0.00912105
0.00908545
0.00928897
0.00845195
0.01101538
0.01005068
0.00967133
0.00958035
0.01181416
0.00882684
0.01085583
0.00955356
0.00912542
0.00993524
0.00965221
0.00932694
0.00933810
0.00945908
0.01172364
0.00963545
0.00946477
0.00825369
0.00961271
0.01047128
0.00857306
0.00938054
0.00840988
0.01096859
0.00864573
0.00829446
0.00916972
0.00979643
0.00878329
0.01032659
0.00876593
0.00945018
0.00856388
0.01104191
0.00877759
0.00960083
0.01071800
0.01255527
0.00949332
0.00893293
0.00958652
0.00883138
0.01109585
0.00894260
0.01007549
0.00879584
0.00883226
0.01025685
0.00879678
0.00982145
0.00954110
0.00903636
0.00904659
0.00937181
0.00923342
0.00998660
0.00874596
0.01024200
0.01023125
0.00928835
0.00911501
0.00913788
0.00932663
0.01059597
0.00908874
0.00974022
0.01074264
0.01081640
0.00881032
0.00981863
0.01074551
0.00900624
0.01059567
0.00942693
0.00964905
0.00864695
0.00912807
0.00851521
0.01125417
0.01074145
0.00912944
0.01147764
0.00961403
0.00938483
0.00963566
0.00928152
0.00984657
0.00919806
0.00976021
0.00877860
0.01043369
0.00982190
0.00934757
0.00847156
0.00869399
0.00868366
0.01061101
0.00997037
0.00952286
0.00992863
0.00908956
0.00910577
0.00895080
0.00966491
0.00920974
0.01017407
0.00939623
0.00945940
0.01213477
0.00921739
0.00878999
0.00955419
0.00811331
0.00877002
0.00863448
0.00966216
0.01056050
0.00909165
0.00954442
0.00857095
0.00955191
0.00896208
0.01051517
0.01041643
0.01165783
0.00893332
0.01018130
0.00905921
0.00893006
0.00935382
0.00824760
0.01223858
0.00935850
0.01099820
0.00947569
0.00971361
0.00937415
0.00852043
0.00897336
0.00916407
0.00962412
0.00930139
0.01006005
0.01096087
0.00886607
0.00983248
0.00967377
0.00934825
0.01077887
0.00963015
0.00889746
0.00967158
0.00909961
0.00923133
0.01142371
0.00891506
0.01022890
0.00902899
0.01012160
0.01051461
0.01106723
0.01127793
0.00917550
0.01046336
0.00902112
0.00948835
0.01002564
0.00943287
0.01009859
0.00868674
0.01026723
0.00938699
0.01032297
0.00975080
0.01051228
0.00908904
0.00834014
0.01218530
0.01067530
0.01035068
0.00904850
0.01088908
0.00899842
0.01039055
0.00980427
0.00909893
0.00929512
0.01073216
0.01006423
0.00880592
0.00867291
0.00951644
0.01011278
0.00947780
0.01023901
0.00928468
0.01000348
0.00950107
0.00872517
0.00938175
0.00951835
0.00988359
0.00837797
0.00978984
0.01124452
0.00960654
0.00929673
0.00978334
0.01105942
0.00882544
0.01069666
0.00835171
0.00924916
0.00982936
0.00857916
0.01043531
0.00899633
0.01054028
0.01029027
0.00875543
0.00882599
0.00924547
0.00857535
0.00941495
0.00942055
0.01008711
0.01030135
0.00895534
0.00875744
0.00929597
0.01096443
0.00925042
0.00940747
0.00933914
0.00985293
0.00984842
0.00880241
0.00968032
0.00889774
0.00920248
0.01033150
0.00997778
0.00901297
0.01222390
0.00905350
0.01129569
0.01036733
0.00986226
0.00921218
0.00901406
0.00929329
0.00963478
0.00920668
0.01110178
0.00877107
0.00895632
0.00973889
0.01194574
0.00986469
0.00985033
0.01051169
0.01123301
0.00903478
0.01120672
0.00929559
0.00901476
0.00860837
0.00808865
0.00858535
0.00962175
0.00961997
0.01050868
0.01063940
0.00963057
0.00991000
0.00934830
0.00998448
0.00937272
0.00996253
0.00863196
0.01122435
0.00893144
0.01055958
0.00856633
0.00964406
0.00907738
0.00884412
0.00941328
0.01022415
0.01196357
0.01034177
0.00955210
0.00909656
0.00940066
0.00910163
0.00917752
0.00862902
0.01028694
0.00896470
0.01120932
0.00927523
0.00871238
0.00940806
0.00947042
0.00960683
0.00973595
0.00942434
0.00976002
0.00906811
0.00958460
0.00943370
0.01107621
0.00930880
0.00909439
0.00914000
0.00902271
0.01067600
0.00814370
0.01023440
0.01229830
0.01028378
0.01044506
0.00901878
0.00949060
0.00862556
0.01194272
0.00867486
0.00855373
0.00920732
0.01023164
0.00900536
0.01000257
0.00898069
0.01058486
0.00921159
0.00927822
0.00957444
0.01036269
0.00892653
0.00846237
0.00998198
0.00944175
0.00972552
0.00908569
0.00881138
0.00879803
0.01129427
0.01015511
0.00945942
0.00898939
0.00897650
0.01014159
0.00940852
0.00872445
0.00855262
0.01194830
0.00940842
0.01012887
0.01029466
0.01037778
0.00988552
0.01084896
0.00971694
0.01089689
0.00936734
0.01332194
0.01048993
0.00911580
0.00841650
0.01041850
0.00928094
0.00864813
0.00877831
0.01221081
0.00944094
0.00954174
0.00934244
0.00865182
0.01076156
0.00978421
0.00875929
0.00984413
0.00990011
0.00925596
0.00990280
0.01090890
0.01087749
0.01014086
0.00884166
0.00929701
0.02088655
0.00868537
0.00895289
0.00957565
0.00917351
0.00842010
0.00919254
0.00869960
0.01054663
0.00890469