0.00211612
0.00356759
0.00255087
0.00265612
0.00226664
0.00318596
0.00238306
0.00201764
0.00231857
0.00225943
0.00242491
0.00264170
0.00301431
0.00209637
0.00271546
0.00338652
0.00322215
0.00238233
0.00238148
0.00237785
0.00283400
0.00240789
0.00336868
0.00468013
0.00302743
0.00321902
0.00301709
0.00209056
0.00293517
0.00242988
0.00380195
0.00285049
0.00415443
0.00254031
0.00423376
0.00314384
0.00232847
0.00274785
0.00272947
0.00374839
0.00273639
0.00305593
0.00267416
0.00241735
0.00295822
0.00327110
0.00257642
0.00334183
0.00262416
0.00318107
0.00224902
0.00248895
0.00272894
0.00361117
0.00234534
0.00304635
0.00289251
0.00232745
0.00245368
0.00244822
0.00229398
0.00302256
0.00281984
0.00296935
0.00261206
0.00289851
0.00268152
0.00290474
0.00229688
0.00220007
0.00377121
0.00265289
0.00225363
0.00318625
0.00319828
0.00333591
0.00332090
0.00306663
0.00293499
0.00327718
0.00253235
0.00356318
0.00255582
0.00222926
0.00222960
0.00269857
0.00283515
0.00241158
0.00250499
0.00256300
0.00225638
0.00245231
0.00256505
0.00235898
0.00241509
0.00214277
0.00234473
0.00292407
0.00229299
0.00315844
0.00257133
0.00293586
0.00243995
0.00434568
0.00251239
0.00295782
0.00232200
0.00244166
0.00315982
0.00267622
0.00245211
0.00639266
0.00246609
0.00402175
0.00234551
0.00244290
0.00294681
0.00250169
0.00314037
0.00253211
0.00290342
0.00245621
0.00247054
0.00265695
0.00235461
0.00263636
0.00246535
0.00293786
0.00221868
0.00278995
0.00282728
0.00222540
0.00247832
0.00210798
0.00309221
0.00240277
0.00252984
0.00251912
0.00241112
0.00306934
0.00273129
0.00278441
0.00317330
0.00281106
0.00280980
0.00301442
0.00288710
0.00207870
0.00342867
0.00334995
0.00223713
0.00280995
0.00294346
0.00277184
0.00230088
0.00205912
0.00256826
0.00297666
0.00397254
0.00415889
0.00275927
0.00238891
0.00488469
0.00283478
0.00269869
0.00260277
0.00334921
0.00265671
0.00248763
0.00371982
0.00381136
0.00402724
0.00236786
0.00236527
0.00263407
0.00251990
0.00317795
0.00432157
0.00216892
0.00239929
0.00309025
0.00262282
0.00232108
0.00240643
0.00224934
0.00372389
0.00329328
0.00225129
0.00284610
0.00241086
0.00321755
0.00295091
0.00314484
0.00283047
0.00246021
0.00297073
0.00378162
0.00280565
0.00396266
0.00291887
0.00226201
0.00264300
0.00303708
0.00342530
0.00281204
0.00319945
0.00343800
0.00246294
0.00261386
0.00308234
0.00216486
0.00240583
0.00258042
0.00244029
0.00329008
0.00313376
0.00234009
0.00287073
0.00218712
0.00270611
0.00252853
0.00274327
0.00246505
0.00226515
0.00273470
0.00260208
0.00244040
0.00237549
0.00215295
0.00211482
0.00273080
0.00270941
0.00519959
0.00246820
0.00324446
0.00273866
0.00332095
0.00285853
0.00216177
0.00246128
0.00245334
0.00289026
0.00312192
0.00272521
0.00300263
0.00308468
0.00304177
0.00257901
0.00252793
0.00240494
0.00260167
0.00313880
0.00231935
0.00281662
0.00219358
0.00215344
0.00254069
0.00254053
0.00233694
0.00322824
0.00247880
0.00549262
0.00262031
0.00252789
0.00253091
0.00279384
0.00254209
0.00272175
0.00252573
0.00298724
0.00294576
0.00353952
0.00267319
0.00307688
0.00255222
0.00239364
0.00262890
0.00271236
0.00218593
0.00262413
0.00309212
0.00259353
0.00349386
0.00231905
0.00246031
0.00274988
0.00261800
0.00234745
0.00209640
0.00245192
0.00250830
0.00305646
0.00248608
0.00252892
0.00253658
0.00259435
0.00231507
0.00249418
0.00340176
0.00272413
0.00276974
0.00301609
0.00433192
0.00244805
0.00267992
0.00244609
0.00247157
0.00239645
0.00255969
0.00254899
0.00264774
0.00253180
0.00249138
0.00247063
0.00308282
0.00314346
0.00390857
0.00232971
0.00266707
0.00279099
0.00262151
0.00327057
0.00283629
0.00288027
0.00290244
0.00402374
0.00235326
0.00591209
0.00365953
0.00323321
0.00287934
0.00236046
0.00237590
0.00206589
0.00294549
0.00359153
0.00257857
0.00225005
0.00212871
0.00272051
0.00222548
0.00271998
0.00256043
0.00253044
0.00282347
0.00200147
0.00246490
0.00344969
0.00221446
0.00210612
0.00231185
0.00251155
0.00242960
0.00510305
0.00281456
0.00256857
0.00261150
0.00236116
0.00247727
0.00339574
0.00479838
0.00273274
0.00362561
0.00230104
0.00282847
0.00359959
0.00297760
0.00292330
0.00226690
0.00245810
0.00334529
0.00269473
0.00238494
0.00405935
0.00231998
0.00236299
0.00267843
0.00288028
0.00261285
0.00354312
0.00284079
0.00370164
0.00566740
0.00256603
0.00250840
0.00444566
0.00264492
0.00308714
0.00253208
0.00256499
0.00275729
0.00271822
0.00242667
0.00275552
0.00232834
0.00377716
0.00278439
0.00274203
0.00329356
0.00204204
0.00268087
0.00336075
0.00259312
0.00374654
0.00217754
0.00291713
0.00309090
0.00243815
0.00237511
0.00248351
0.00294666
0.00320566
0.00251397
0.00282876
0.00259684
0.00258122
0.00300853
0.00290320
0.00310692
0.00239224
0.00228598
0.00252309
0.00266068
0.00214383
0.00237991
0.00248927
0.00313870
0.00318360
0.00233248
0.00249089
0.00279462
0.00392401
0.00248924
0.00266081
0.00317669
0.00269185
0.00228845
0.00341346
0.00267517
0.00301407
0.00240530
0.00248733
0.00238171
0.00334463
0.00267551
0.00259675
0.00272143
0.00269959
0.00228802
0.00313973
0.00302409
0.00246377
0.00285265
0.00251518
0.00305777
0.00198496
0.00255760
0.00310932
0.00284615
0.00273427
0.00219229
0.00222941
0.00262380
0.00237393
0.00334065
0.00292627
0.00429163
0.00235764
0.00365194
0.00388357
0.00246613
0.00271525
0.00225269
0.00210361
0.00296974
0.00309720
0.00310236
0.00226310
0.00346210
0.00233969
0.00220780
0.00329080
0.00351769
0.00243741
0.00320695
0.00281415
0.00239251
0.00275376
0.00307876
0.00363641
0.00351696
0.00247017
0.00234828
0.00249801
0.00294396
0.00215947
0.00304917
0.00314849
0.00237405
0.00298987