0.00573224
0.00433114
0.00429952
0.00428365
0.00517991
0.00510123
0.00700019
0.00440518
0.00550186
0.00538416
0.00925183
0.00612706
0.00381393
0.00413413
0.00530457
0.00901728
0.00414254
0.00416169
0.00474736
0.00479936
0.00441898
0.00503476
0.00666185
0.00531536
0.00390008
0.00459855
0.00480808
0.00398983
0.00427072
0.00482760
0.00816355
0.00412780
0.00588302
0.00407559
0.00858252
0.00461973
0.00485162
0.00613576
0.00931501
0.00947885
0.00638503
0.00449616
0.00458862
0.00601144
0.00631631
0.00440764
0.00470199
0.00388360
0.00437310
0.00432723
0.00761963
0.00514713
0.00504717
0.00555271
0.00387442
0.00586487
0.00546269
0.00478001
0.00507697
0.00392739
0.00447126
0.00560726
0.01142278
0.00403549
0.00497344
0.00722559
0.00546585
0.00585625
0.00509416
0.00592958
0.00557077
0.00618592
0.00452233
0.00489299
0.00483395
0.00468175
0.00493840
0.00450640
0.00438477
0.00441381
0.00410580
0.00935737
0.00472476
0.00641352
0.00831063
0.00443318
0.00446004
0.00647087
0.00782416
0.00492650
0.00460199
0.00601175
0.01505223
0.00439882
0.00417271
0.00447128
0.00418124
0.00768882
0.00482952
0.00452325
0.00501803
0.00643934
0.00623309
0.00470901
0.00867491
0.01192302
0.00580406
0.00547169
0.00484478
0.00449586
0.00396154
0.00484260
0.00506190
0.00395607
0.00541325
0.00507569
0.00486355
0.00400888
0.00510084
0.00568696
0.00466722
0.00438810
0.00399074
0.00966823
0.00543442
0.00615884
0.00558502
0.00433491
0.00566814
0.00520354
0.00772341
0.00736747
0.00541240
0.00826363
0.00537841
0.00421218
0.00597317
0.00470414
0.00383567
0.00466750
0.00569132
0.00613360
0.00996905
0.00921610
0.00559872
0.00649093
0.00957709
0.00496617
0.00457816
0.00925030
0.00510086
0.00412826
0.00659236
0.00465381
0.00702926
0.00711489
0.00408211
0.00634480
0.00486943
0.00446734
0.00471714
0.00496897
0.00416407
0.00647849
0.00419764
0.00437323
0.00538779
0.00562328
0.00576866
0.00488609
0.00527196
0.00399812
0.00899450
0.00683105
0.00660827
0.00647145
0.00404620
0.00456648
0.00404913
0.00542533
0.00583738
0.00647340
0.00527818
0.00641914
0.00453070
0.00477994
0.00839727
0.00518553
0.00740292
0.00541957
0.00582347
0.00709257
0.00749689
0.00510622
0.00669966
0.00689714
0.00473057
0.00581352
0.00646209
0.00527106
0.00513312
0.00577635
0.00473165
0.00606750
0.00470632
0.00584297
0.00451844
0.00431567
0.00450126
0.00549969
0.00560816
0.00599218
0.00487671
0.00497999
0.00674973
0.00610709
0.00642392
0.00617587
0.00478781
0.00533650
0.00622372
0.00416858
0.00791496
0.00538390
0.00389819
0.00419489
0.00461583
0.00405647
0.00993741
0.00448214
0.00544412
0.00507313
0.00490540
0.00451179
0.00430527
0.00880222
0.00472935
0.00655287
0.00595177
0.00438450
0.00466380
0.00518137
0.00985564
0.00849124
0.00456067
0.00546728
0.00983263
0.00777706
0.00750047
0.00596571
0.00444129
0.00535735
0.00379447
0.00548571
0.00488539
0.00410913
0.00601185
0.00517805
0.00532847
0.00668274
0.00441311
0.00899018
0.00437998
0.00837660
0.00614327
0.00403952
0.00418140
0.00410406
0.00430117
0.00879662
0.00574868
0.00433672
0.00457616
0.00453386
0.00521460
0.00441826
0.00479420
0.00535685
0.00423474
0.00418315
0.00430180
0.00477106
0.00471006
0.00566089
0.01027598
0.00517463
0.00843194
0.00894969
0.00421456
0.00704734
0.00410588
0.00765641
0.00550160
0.00442413
0.00755380
0.01260315
0.00542174
0.00566483
0.00502018
0.00773760
0.00498225
0.00426940
0.00617638
0.00469433
0.00470207
0.00458940
0.00478720
0.00494910
0.00702078
0.00591829
0.00444762
0.00650216
0.00408294
0.00403891
0.00467492
0.00922498
0.00987861
0.00428991
0.00432439
0.00600524
0.00565558
0.00577390
0.00624490
0.00444065
0.00574191
0.00454420
0.00816293
0.00617078
0.00525631
0.00501284
0.00574790
0.00457936
0.00581748
0.00611920
0.00593111
0.00485375
0.00535769
0.00637675
0.00631337
0.00524502
0.00853213
0.00426832
0.00547460
0.00666550
0.00531227
0.00502145
0.00732612
0.00463817
0.00825026
0.00737015
0.00582458
0.00515764
0.00383477
0.00396569
0.00508125
0.00469037
0.00412895
0.00589605
0.00517991
0.00475768
0.00498554
0.00910802
0.00761142
0.00574656
0.00474667
0.00529602
0.00423452
0.00495960
0.00444568
0.00556441
0.00475195
0.00518114
0.01400698
0.00495495
0.00546658
0.00523852
0.00443956
0.01281814
0.00458387
0.00470050
0.00581005
0.00416999
0.00451622
0.00482851
0.00657815
0.00394262
0.00402178
0.00758926
0.00446693
0.00466071
0.00447388
0.00860962
0.00504428
0.00470860
0.00497095
0.00491175
0.00706273
0.00393063
0.00487691
0.00526398
0.00512273
0.00524097
0.00494703
0.00514622
0.00402312
0.00509313
0.00448933
0.00419588
0.00536286
0.00545146
0.00513374
0.00426588
0.00690137
0.00569960
0.00434179
0.00446366
0.00456809
0.00487701
0.00425262
0.00456887
0.00431211
0.00918690
0.00556911
0.00568748
0.00772107
0.00446604
0.00578830
0.00426744
0.00968508
0.00460939
0.00930820
0.00438888
0.00481411
0.00625567
0.00516577
0.00460454
0.00571158
0.00481742
0.00466663
0.00520999
0.00392311
0.00416366
0.00520921
0.00415473
0.00543723
0.00440153
0.00465254
0.00498364
0.00635921
0.00387368
0.00439864
0.00589371
0.00492408
0.00431264
0.00497145
0.00452878
0.00510682
0.00793813
0.00487319
0.00571765
0.00458867
0.00652511
0.00538122
0.00475289
0.00441686
0.00536596
0.00622978
0.00551310
0.00485092
0.00424580
0.00466584
0.00477824
0.00540617
0.00969513
0.00607213
0.00467154
0.00523878
0.00453287
0.00617997
0.00415728
0.00529437
0.00769731
0.00457628
0.00601271
0.00532353
0.00596650
0.00473739
0.00630507
0.00946184
0.00460994
0.00516783
0.00594919
0.00481771
0.00457521
0.00517435
0.00568944
0.00471287
0.00485192
0.00401258
0.00447632