0.00239594
0.00241383
0.00242143
0.00245269
0.00238940
0.00255208
0.00243313
0.00235803
0.00245929
0.00266452
0.00252236
0.00245401
0.00280404
0.00247578
0.00254282
0.00246447
0.00233323
0.00263123
0.00235274
0.00241675
0.00230094
0.00253110
0.00234009
0.00250826
0.00266326
0.00260256
0.00258262
0.00255842
0.00244612
0.00253456
0.00239995
0.00245910
0.00233402
0.00230937
0.00247828
0.00249147
0.00263171
0.00258841
0.00246278
0.00247786
0.00261554
0.00234533
0.00242155
0.00252435
0.00238971
0.00256195
0.00240734
0.00239788
0.00259979
0.00252208
0.00249697
0.00254912
0.00269619
0.00234101
0.00244631
0.00227531
0.00276839
0.00240560
0.00242264
0.00264146
0.00242110
0.00248753
0.00238124
0.00240168
0.00240447
0.00247560
0.00245454
0.00250250
0.00261964
0.00234064
0.00250988
0.00242085
0.00233106
0.00247019
0.00249159
0.00244366
0.00263771
0.00251374
0.00245752
0.00245915
0.00237415
0.00253631
0.00271226
0.00255836
0.00244380
0.00252019
0.00236412
0.00246526
0.00251163
0.00269424
0.00257408
0.00224933
0.00246920
0.00246831
0.00266445
0.00233879
0.00237458
0.00247902
0.00253985
0.00292272
0.00270339
0.00238076
0.00329245
0.00246945
0.00244017
0.00244127
0.00236999
0.00259252
0.00250638
0.00250002
0.00241128
0.00236220
0.00249384
0.00275779
0.00254354
0.00250942
0.00280254
0.00283310
0.00284711
0.00244475
0.00243075
0.00243234
0.00287273
0.00225550
0.00257002
0.00252380
0.00250510
0.00239297
0.00234810
0.00230762
0.00247380
0.00255320
0.00275306
0.00237459
0.00234821
0.00234122
0.00268177
0.00254247
0.00246085
0.00252987
0.00252252
0.00274510
0.00247610
0.00256964
0.00255918
0.00227208
0.00244969
0.00280280
0.00250254
0.00257197
0.00249196
0.00254643
0.00231778
0.00233115
0.00249565
0.00251085
0.00257941
0.00234187
0.00240804
0.00260941
0.00247032
0.00273018
0.00266268
0.00241326
0.00247326
0.00244814
0.00238308
0.00252014
0.00254406
0.00245260
0.00229740
0.00236625
0.00238028
0.00252628
0.00255269
0.00236909
0.00240220
0.00249657
0.00247275
0.00244318
0.00235731
0.00241167
0.00240363
0.00259791
0.00266553
0.00247556
0.00237111
0.00238046
0.00257949
0.00241286
0.00232858
0.00243651
0.00250240
0.00246253
0.00237320
0.00233031
0.00259989
0.00241148
0.00245102
0.00250245
0.00252040
0.00227833
0.00233688
0.00250256
0.00277555
0.00237355
0.00245547
0.00272841
0.00223169
0.00236090
0.00248461
0.00248704
0.00256836
0.00229829
0.00253938
0.00232623
0.00247030
0.00241712
0.00244162
0.00247225
0.00246378
0.00229630
0.00250221
0.00247211
0.00244623
0.00254465
0.00254559
0.00235054
0.00262985
0.00234373
0.00268852
0.00246065
0.00228117
0.00254300
0.00235209
0.00240546
0.00256764
0.00253650
0.00241560
0.00249163
0.00249397
0.00260843
0.00261888
0.00238665
0.00252185
0.00251124
0.00229196
0.00247270
0.00228780
0.00270631
0.00255743
0.00250230
0.00248625
0.00262291
0.00251555
0.00244156
0.00227337
0.00262816
0.00247087
0.00243493
0.00246117
0.00250327
0.00262692
0.00236354
0.00238066
0.00281329
0.00253811
0.00236377
0.00260516
0.00263952
0.00255273
0.00223931
0.00237978
0.00251879
0.00258663
0.00247404
0.00258020
0.00250989
0.00245819
0.00248971
0.00235882
0.00248929
0.00258848
0.00254606
0.00255094
0.00237782
0.00249260
0.00248006
0.00235808
0.00236883
0.00267233
0.00247117
0.00240259
0.00244874
0.00248488
0.00234374
0.00246204
0.00236372
0.00245968
0.00253556
0.00244397
0.00246072
0.00277652
0.00257877
0.00255075
0.00239033
0.00248145
0.00232340
0.00249808
0.00260887
0.00242649
0.00257600
0.00260740
0.00229290
0.00252270
0.00264406
0.00238870
0.00239765
0.00257083
0.00244418
0.00237370
0.00235209
0.00248060
0.00244463
0.00245142
0.00234807
0.00246550
0.00243291
0.00270472
0.00254300
0.00252875
0.00254917
0.00236863
0.00262805
0.00245098
0.00245434
0.00248559
0.00254058
0.00234425
0.00241759
0.00248810
0.00232536
0.00246253
0.00270915
0.00269447
0.00251657
0.00275353
0.00245899
0.00258815
0.00249040
0.00239735
0.00240479
0.00273797
0.00253315
0.00230687
0.00248272
0.00244939
0.00251335
0.00233422
0.00252121
0.00276379
0.00254947
0.00264033
0.00251851
0.00251564
0.00240347
0.00238784
0.00244056
0.00246494
0.00266110
0.00247688
0.00266902
0.00239842
0.00221674
0.00250423
0.00256912
0.00240358
0.00266272
0.00244812
0.00248381
0.00231583
0.00248874
0.00270302
0.00266542
0.00250561
0.00246681
0.00244626
0.00243526
0.00237728
0.00261498
0.00237980
0.00239234
0.00247421
0.00261479
0.00246341
0.00262457
0.00241179
0.00240150
0.00251240
0.00246495
0.00250877
0.00256662
0.00238289
0.00244875
0.00243258
0.00245913
0.00255093
0.00248905
0.00266461
0.00252237
0.00241698
0.00241176
0.00249658
0.00253594
0.00257003
0.00247832
0.00260527
0.00232457
0.00248407
0.00244348
0.00236994
0.00237896
0.00242328
0.00249557
0.00249772
0.00234015
0.00245867
0.00244875
0.00228867
0.00253258
0.00265415
0.00238784
0.00254367
0.00251468
0.00250751
0.00246396
0.00242089
0.00255454
0.00244006
0.00248510
0.00244175
0.00242322
0.00275238
0.00235942
0.00243261
0.00262351
0.00240518
0.00233588
0.00232389
0.00251485
0.00231453
0.00246371
0.00254386
0.00252825
0.00248536
0.00259497
0.00244064
0.00227341
0.00263917
0.00247145
0.00251944
0.00265010
0.00240891
0.00268779
0.00246504
0.00239051
0.00249839
0.00258542
0.00256396
0.00245575
0.00238265
0.00242364
0.00255175
0.00250929
0.00240308
0.00253173
0.00238590
0.00238438
0.00238809
0.00261625
0.00253278
0.00254275
0.00270777
0.00268083
0.00246481
0.00238019
0.00250221
0.00238480
0.00236988
0.00249816
0.00249679
0.00234888
0.00287254
0.00236368
0.00294114
0.00263146
0.00253498
0.00238582
0.00235047
0.00232991