0.00063872
0.00062778
0.00062189
0.00062944
0.00063566
0.00065634
0.00064906
0.00063497
0.00062138
0.00063318
0.00064011
0.00064909
0.00064081
0.00062166
0.00063840
0.00062528
0.00063302
0.00063278
0.00063526
0.00064518
0.00063249
0.00063803
0.00062627
0.00062315
0.00063886
0.00062808
0.00062966
0.00064459
0.00064900
0.00063328
0.00065908
0.00062711
0.00063476
0.00064497
0.00064051
0.00063154
0.00062657
0.00063190
0.00064856
0.00063044
0.00063054
0.00062988
0.00065178
0.00062361
0.00062983
0.00063108
0.00064907
0.00064386
0.00063796
0.00062360
0.00062492
0.00065628
0.00063180
0.00065368
0.00062572
0.00063865
0.00063787
0.00066532
0.00064163
0.00063669
0.00063039
0.00062914
0.00063930
0.00064187
0.00063647
0.00063461
0.00062234
0.00063872
0.00064164
0.00063308
0.00062943
0.00063236
0.00062864
0.00062232
0.00063285
0.00063853
0.00063507
0.00064055
0.00062667
0.00063689
0.00064123
0.00062830
0.00063246
0.00066142
0.00062731
0.00063029
0.00062880
0.00063435
0.00064176
0.00064671
0.00062907
0.00063652
0.00062069
0.00064278
0.00064531
0.00064089
0.00062807
0.00062886
0.00063828
0.00064403
0.00064566
0.00061896
0.00064000
0.00064053
0.00064492
0.00063523
0.00066025
0.00062084
0.00063428
0.00064967
0.00062941
0.00063653
0.00063914
0.00063566
0.00064535
0.00065229
0.00064031
0.00064520
0.00065105
0.00064603
0.00061917
0.00063161
0.00064514
0.00063151
0.00064275
0.00063941
0.00064435
0.00064967
0.00063727
0.00063640
0.00063025
0.00066187
0.00063820
0.00063302
0.00062953
0.00062450
0.00064134
0.00064388
0.00065733
0.00063871
0.00064699
0.00064445
0.00062747
0.00062994
0.00063572
0.00062862
0.00062943
0.00063013
0.00064110
0.00065173
0.00063130
0.00064418
0.00063936
0.00064685
0.00064923
0.00063748
0.00063531
0.00064614
0.00064449
0.00062814
0.00064548
0.00063836
0.00063432
0.00063546
0.00064029
0.00065962
0.00064743
0.00062044
0.00063021
0.00062133
0.00062741
0.00062678
0.00063348
0.00063675
0.00063709
0.00063379
0.00063919
0.00064556
0.00064106
0.00063256
0.00063435
0.00064205
0.00065203
0.00063817
0.00064756
0.00064170
0.00063221
0.00064994
0.00062658
0.00062548
0.00063822
0.00062722
0.00063576
0.00063121
0.00061867
0.00064912
0.00064197
0.00064738
0.00062213
0.00063636
0.00064010
0.00064243
0.00063374
0.00062595
0.00065060
0.00064590
0.00062751
0.00064051
0.00064216
0.00064861
0.00064697
0.00063943
0.00064375
0.00063872
0.00064370
0.00062544
0.00065151
0.00065713
0.00064456
0.00062613
0.00064709
0.00063807
0.00063725
0.00063729
0.00062370
0.00063351
0.00063740
0.00063318
0.00064576
0.00063077
0.00064202
0.00062479
0.00062586
0.00062943
0.00063576
0.00064063
0.00062981
0.00064744
0.00063235
0.00064013
0.00063560
0.00063652
0.00063873
0.00062743
0.00064372
0.00062081
0.00063926
0.00064008
0.00063968
0.00063364
0.00063853
0.00063453
0.00064574
0.00063441
0.00063702
0.00064144
0.00061780
0.00063134
0.00063409
0.00062996
0.00063376
0.00065111
0.00064433
0.00064019
0.00063502
0.00064486
0.00064395
0.00063451
0.00063172
0.00064114
0.00064563
0.00062243
0.00062829
0.00063647
0.00064168
0.00063003
0.00063868
0.00063144
0.00063885
0.00062232
0.00063430
0.00064177
0.00064480
0.00063906
0.00061814
0.00062202
0.00064098
0.00065002
0.00064437
0.00065368
0.00063716
0.00064144
0.00064409
0.00062396
0.00064112
0.00064544
0.00065242
0.00066547
0.00061835
0.00064499
0.00065386
0.00062925
0.00062944
0.00063355
0.00063358
0.00063933
0.00063352
0.00064728
0.00065445
0.00063786
0.00063198
0.00063284
0.00063129
0.00063787
0.00063487
0.00065131
0.00063983
0.00063570
0.00063560
0.00063710
0.00061911
0.00064162
0.00063729
0.00064837
0.00064420
0.00061983
0.00062895
0.00064215
0.00062982
0.00062968
0.00064528
0.00062608
0.00062860
0.00063423
0.00062778
0.00064056
0.00062298
0.00063440
0.00064936
0.00063475
0.00062955
0.00062436
0.00065442
0.00064203
0.00063169
0.00061937
0.00062788
0.00063226
0.00064276
0.00064795
0.00062874
0.00063038
0.00062780
0.00064704
0.00064236
0.00063970
0.00065727
0.00062877
0.00063779
0.00063740
0.00063212
0.00064879
0.00063585
0.00063194
0.00064357
0.00064346
0.00063889
0.00065796
0.00063354
0.00067591
0.00063886
0.00063968
0.00063570
0.00063592
0.00063986
0.00063710
0.00064049
0.00062550
0.00063163
0.00064573
0.00063369
0.00063362
0.00064696
0.00064043
0.00063639
0.00063965
0.00064483
0.00065272
0.00062588
0.00063315
0.00064551
0.00063368
0.00064683
0.00063432
0.00063609
0.00062587
0.00064381
0.00063302
0.00065507
0.00064031
0.00063040
0.00063134
0.00064099
0.00064164
0.00063007
0.00064727
0.00063347
0.00065589
0.00063373
0.00064312
0.00063654
0.00062944
0.00063607
0.00063843
0.00062232
0.00062666
0.00063491
0.00062581
0.00064489
0.00065130
0.00063362
0.00062831
0.00062325
0.00061635
0.00063815
0.00062337
0.00065921
0.00065363
0.00062913
0.00064774
0.00064576
0.00063706
0.00062543
0.00062935
0.00063086
0.00064160
0.00065534
0.00063733
0.00065089
0.00063198
0.00064137
0.00062713
0.00063943
0.00065076
0.00064507
0.00063230
0.00063180
0.00063150
0.00063050
0.00063493
0.00062533
0.00065230
0.00064822
0.00064445
0.00064470
0.00061644
0.00062619
0.00063561
0.00062797
0.00063304
0.00063144
0.00064079
0.00062583
0.00062580
0.00062600
0.00063605
0.00065138
0.00063526
0.00062861
0.00063128
0.00064282
0.00064005
0.00062139
0.00063292
0.00063710
0.00064885
0.00064174
0.00062974
0.00064549
0.00064178
0.00064060
0.00062307
0.00064270
0.00064840
0.00062976
0.00063744
0.00063641
0.00064439
0.00065741
0.00064142
0.00065306
0.00064684
0.00064931
0.00064376
0.00063284
0.00062795
0.00064053
0.00063587
0.00064431
0.00063392