0.01343399
0.00976683
0.00944804
0.02043498
0.00774099
0.00920667
0.00896521
0.00945900
0.00967060
0.01237141
0.01065464
0.00931191
0.01431451
0.00787894
0.01021553
0.01507613
0.00892630
0.00919276
0.00913657
0.00758376
0.00909641
0.01171100
0.00838223
0.00746208
0.01053550
0.00831666
0.01735780
0.00845123
0.01085874
0.01104191
0.01007868
0.02389831
0.01178704
0.00995301
0.00791736
0.01264439
0.00856227
0.01118878
0.00862383
0.02637306
0.01269715
0.01036503
0.00961353
0.00851425
0.00869513
0.02600223
0.00784679
0.01467298
0.00970545
0.00973753
0.01074370
0.00831455
0.01080354
0.01326061
0.02398049
0.01087218
0.00886863
0.00797517
0.02139338
0.01175212
0.00815876
0.00739760
0.00881139
0.00845663
0.00856413
0.01171641
0.00688820
0.00873966
0.01156795
0.00909877
0.00701369
0.01270326
0.00771681
0.00791120
0.01678248
0.00915405
0.00972892
0.01006410
0.00673602
0.01053107
0.01096426
0.00827741
0.00852576
0.00799064
0.00917563
0.00978350
0.00862461
0.01011374
0.00731199
0.00808280
0.00997203
0.00974526
0.00968836
0.00749509
0.00769163
0.01026249
0.00702269
0.01001792
0.00703679
0.01693264
0.02301622
0.00890725
0.01167805
0.01231115
0.01116313
0.01164029
0.01075694
0.01016897
0.00886584
0.01245695
0.02416317
0.00968674
0.00923192
0.01015120
0.00811522
0.00822384
0.00926348
0.00897905
0.00873021
0.01359470
0.00766111
0.00721437
0.00849560
0.00904090
0.00995631
0.00885542
0.01047825
0.01050330
0.01646146
0.02556020
0.01343557
0.01004241
0.00836240
0.00917425
0.01557174
0.00876563
0.00847098
0.01401205
0.01176401
0.00858517
0.00780972
0.01540909
0.00869447
0.01150636
0.00718627
0.00773121
0.01922903
0.01115047
0.00895158
0.00714548
0.01109168
0.00987578
0.01033368
0.00776469
0.01560190
0.01545783
0.00758802
0.01170002
0.01866345
0.00881752
0.00792818
0.01037118
0.02681799
0.00882105
0.00642841
0.00907211
0.01356225
0.00935872
0.00922515
0.00923006
0.00767068
0.01554478
0.00915720
0.00809866
0.01376636
0.00769545
0.00773012
0.01479574
0.01273970
0.00915107
0.00896023
0.01187212
0.01032576
0.01105761
0.00796467
0.01109925
0.01035964
0.01279479
0.01116583
0.01031321
0.00844079
0.01102970
0.00947977
0.01298436
0.02218054
0.01051322
0.01320871
0.00927353
0.00776979
0.01120490
0.00959309
0.03034923
0.00982051
0.00796959
0.01221481
0.01098566
0.00798761
0.01314682
0.00852195
0.00946455
0.00793366
0.00768903
0.00977283
0.01151933
0.00925031
0.00772279
0.00727774
0.00941250
0.01325865
0.01151955
0.00800847
0.00951575
0.01042559
0.00819610
0.00997137
0.00915661
0.00929635
0.01258734
0.01017138
0.01067538
0.00859691
0.00961242
0.01250838
0.01270980
0.00897931
0.01602506
0.00896231
0.00824134
0.00915644
0.01094963
0.00972387
0.00880332
0.01376105
0.01122456
0.00891257
0.00745498
0.01044822
0.00998365
0.00832466
0.00944879
0.01289945
0.00841022
0.00799535
0.00826827
0.00777860
0.00833216
0.01010692
0.01259906
0.01005099
0.01043450
0.00830565
0.00855009
0.00733791
0.01398596
0.00828485
0.00763598
0.01075035
0.00788873
0.01500789
0.00814910
0.00771550
0.00844302
0.00897296
0.01301421
0.00996055
0.01337285
0.01184238
0.00799073
0.01035282
0.00892699
0.00797792
0.00918724
0.00906720
0.00929085
0.01056858
0.00942280
0.00940312
0.01122511
0.00812292
0.00860070
0.01038425
0.00978294
0.01086455
0.00835291
0.02098186
0.00790619
0.00799547
0.00806569
0.00723419
0.00998702
0.01271504
0.00867424
0.01148994
0.00852844
0.00971349
0.00731246
0.00794506
0.00764419
0.00877496
0.01208540
0.01365331
0.01344265
0.00905055
0.02082971
0.01439789
0.01184032
0.00844663
0.01288673
0.04716217
0.01043286
0.00870934
0.00762908
0.01119679
0.00980810
0.01156502
0.00899611
0.01004747
0.01056991
0.01019182
0.00866672
0.00819319
0.01012396
0.00660089
0.00702982
0.00849615
0.00940569
0.00943249
0.00823750
0.01229392
0.00873576
0.00859769
0.00945832
0.00917922
0.01152241
0.00926256
0.00817636
0.00693692
0.00979933
0.00856929
0.00907067
0.00653842
0.00888742
0.00812044
0.00928510
0.01203175
0.01163994
0.01270089
0.01031365
0.00686145
0.00880491
0.00897048
0.01004178
0.01097489
0.01306714
0.00871884
0.01980941
0.00913092
0.00981597
0.01027000
0.00737907
0.02228732
0.01172138
0.00993994
0.00757112
0.01907345
0.00976038
0.01533705
0.00913001
0.01089467
0.01532795
0.01500542
0.00978660
0.01185273
0.01660534
0.00907244
0.00927671
0.00960669
0.00741805
0.01309865
0.00716498
0.00742641
0.00816428
0.01354740
0.01623998
0.02314232
0.00869517
0.00990079
0.00832907
0.00783124
0.03450732
0.00822887
0.00910981
0.00786018
0.00913608
0.02264507
0.01665261
0.01509423
0.00867877
0.00938814
0.01027207
0.01933046
0.01455445
0.00962450
0.01135807
0.00835761
0.00968165
0.01036613
0.00925221
0.01483769
0.00799492
0.00726131
0.00828519
0.00948440
0.00776203
0.00910216
0.00773786
0.01116982
0.00799036
0.01763906
0.00906176
0.00938858
0.00828921
0.01431246
0.00948019
0.00812316
0.00909341
0.01087238
0.01000806
0.01029855
0.02662919
0.00980045
0.00805065
0.01217418
0.00963321
0.00880874
0.01014555
0.01218057
0.01227448
0.01515388
0.00797759
0.00704739
0.00693245
0.00990155
0.01062901
0.01129557
0.00938647
0.01122567
0.00781009
0.01101930
0.00740581
0.01277518
0.00743210
0.00862590
0.00843739
0.00737250
0.00792506
0.00920826
0.01137987
0.01176955
0.00757576
0.00880862
0.00884088
0.00813979
0.01011714
0.00951228
0.01011571
0.01070131
0.01130640
0.01694838
0.00876383
0.01197508
0.01142808
0.01037811
0.00935937
0.00747968
0.01024876
0.00826718
0.01093483
0.01141245
0.01218201
0.00928361
0.00804135
0.01142213
0.00761292
0.00811823
0.01045320
0.01484717
0.01955565
0.01006876
0.00747368