0.01745950
0.03029652
0.01826812
0.01626560
0.01764276
0.03331590
0.07108501
0.09934183
0.01296516
0.03946434
0.01753959
0.02393015
0.01452377
0.01563533
0.01753273
0.01835034
0.01817351
0.01443267
0.04874549
0.01604990
0.01520384
0.02400719
0.01416158
0.01589077
0.02011195
0.02593110
0.01511419
0.01230067
0.01203238
0.01988759
0.01457778
0.02892648
0.02971911
0.01480368
0.01645542
0.02484591
0.01482945
0.02498871
0.02760000
0.01799146
0.01684016
0.02326170
0.02044277
0.02427726
0.02272112
0.04215136
0.01354836
0.01930949
0.01934997
0.02582106
0.01777023
0.01472748
0.06465373
0.01596816
0.01821739
0.02479196
0.01290654
0.01983016
0.01584368
0.01470526
0.01714548
0.01315786
0.01521361
0.05212839
0.03944141
0.01488759
0.02445536
0.01676868
0.01498004
0.02661935
0.01492367
0.01696246
0.01686419
0.01585939
0.01684388
0.01585086
0.01828541
0.01215241
0.02273346
0.02098017
0.01452712
0.02768924
0.01300457
0.01393031
0.01891440
0.01764135
0.01591798
0.01362809
0.02084107
0.01796424
0.02118745
0.01644297
0.01546191
0.02019551
0.01898909
0.01787769
0.01838826
0.03934582
0.02220492
0.01943882
0.01432103
0.01874626
0.02186035
0.02648642
0.02110765
0.02453555
0.02447496
0.02278530
0.01362990
0.03205499
0.01492916
0.01453742
0.01921790
0.02758515
0.01368370
0.02370203
0.01687656
0.01600008
0.01678278
0.01253265
0.04109354
0.02075286
0.02334150
0.01939597
0.02587362
0.01271230
0.02714114
0.01379858
0.01810435
0.01917558
0.02776430
0.02819638
0.01648713
0.02793452
0.01691849
0.03341697
0.02608746
0.01432728
0.01943351
0.01731465
0.01545302
0.06087549
0.02043314
0.01707595
0.01823397
0.01323047
0.02776395
0.01787342
0.01778509
0.01959438
0.01606506
0.01932442
0.02528318
0.01568309
0.01622917
0.01764831
0.01688298
0.01163564
0.02067340
0.02069850
0.01780299
0.03616919
0.01496625
0.01533189
0.02017580
0.02672400
0.01728322
0.01552028
0.01695221
0.04774557
0.01775703
0.01715916
0.01889177
0.02084955
0.05825339
0.01483983
0.01675536
0.01525766
0.02606647
0.01451551
0.01648519
0.01326821
0.01955202
0.02197480
0.02767311
0.04282506
0.01380416
0.01896899
0.01724948
0.02036508
0.03483033
0.01849771
0.01870918
0.01423675
0.01677510
0.01578834
0.01496268
0.02650359
0.01822405
0.01503444
0.01689764
0.03074184
0.01640522
0.04501491
0.01637998
0.02971821
0.01553421
0.02828975
0.02698796
0.01830031
0.01517630
0.01719961
0.01507681
0.01972541
0.02416715
0.02726633
0.01652637
0.01619524
0.01864096
0.02044536
0.01662087
0.02942007
0.02877717
0.02494154
0.01706426
0.01627500
0.02001138
0.01544752
0.02212315
0.02055315
0.01700442
0.01792031
0.02314469
0.02385681
0.01844444
0.01426602
0.01420049
0.02106715
0.01561625
0.01626417
0.01391245
0.02772347
0.01343333
0.01929771
0.02349390
0.01717604
0.01781063
0.02386210
0.02294810
0.01509469
0.01704577
0.01635397
0.01562708
0.01898961
0.01417507
0.01346890
0.01714936
0.06736547
0.01925000
0.01987740
0.01892808
0.01717793
0.03871762
0.01665896
0.02977380
0.02016077
0.01359888
0.01150925
0.01422731
0.01874024
0.02349661
0.01864283
0.01325768
0.02086587
0.03163644
0.02355015
0.01597183
0.02095220
0.02177922
0.02109085
0.01467102
0.02354223
0.01788233
0.02794561
0.01764106
0.01546845
0.06577811
0.02431645
0.01948446
0.03309363
0.01470339
0.01281845
0.01850278
0.01870500
0.01385348
0.02122383
0.01446061
0.01548927
0.01669187
0.02091192
0.01597913
0.02732949
0.02466686
0.03149689
0.01494844
0.08355739
0.03384437
0.01986284
0.01835895
0.01364353
0.01614440
0.02293386
0.02808450
0.01653239
0.03134001
0.01523609
0.01527212
0.02255584
0.01836530
0.02183752
0.02680236
0.02061118
0.02780585
0.02967494
0.01815782
0.01317036
0.02984549
0.03493078
0.01542362
0.02558120
0.01746322
0.02345312
0.01832094
0.01725692
0.02576332
0.03523805
0.03379320
0.01712024
0.03046744
0.01554518
0.02031526
0.01529108
0.02081492
0.01985040
0.01485469
0.01507300
0.01902410
0.01836955
0.01590488
0.01959607
0.01848519
0.01584042
0.03180857
0.01545223
0.01729826
0.01690527
0.01928498
0.03205805
0.01619659
0.02679349
0.02005277
0.01727692
0.02528779
0.01387480
0.01423915
0.04252280
0.02501797
0.04095645
0.01195878
0.02594511
0.01729596
0.01414205
0.01412838
0.02028996
0.01292637
0.01955907
0.02447219
0.01767781
0.01902920
0.02488000
0.01577990
0.01483020
0.01694175
0.01254105
0.03038585
0.03431958
0.01965395
0.01923255
0.02069991
0.01746147
0.02035854
0.02757425
0.02248537
0.01439241
0.01528777
0.01861230
0.01963326
0.01585003
0.02903989
0.02094525
0.01904889
0.01876430
0.02385222
0.01980484
0.01597712
0.01319150
0.02199317
0.02308758
0.01926709
0.02785880
0.01587580
0.01565825
0.01440755
0.02662512
0.02338733
0.01535704
0.01654882
0.01614410
0.01288182
0.01854149
0.02351341
0.02552559
0.02844058
0.01614303
0.01794513
0.03322672
0.01501817
0.01695876
0.01822720
0.02088408
0.01246381
0.01702897
0.01697901
0.02121956
0.01595833
0.01496644
0.02215031
0.03135354
0.01606370
0.02030040
0.01660892
0.01458440
0.01178507
0.01755784
0.01415345
0.01560100
0.02023445
0.01398659
0.01917343
0.01626289
0.01779622
0.02019201
0.02139827
0.02187024
0.02519015
0.02188738
0.01628200
0.01510462
0.01352047
0.01384647
0.01559353
0.02540510
0.02151733
0.01785060
0.01471138
0.01764739
0.01877428
0.02438655
0.01720328
0.01776624
0.03745898
0.02000867
0.01967937
0.02563259
0.01682229
0.01215604
0.01807428
0.01731562
0.04688460
0.01558466
0.02065227
0.01631710
0.03236488
0.01778497
0.02715257
0.01611493
0.02115931
0.01328009
0.01386458
0.01384028
0.01278301
0.01957627
0.01238069
0.02084302
0.04008732
0.01815695
0.03167745
0.03226300
0.02195855
0.02016341