0.00428181
0.00454167
0.00452419
0.00519655
0.00465339
0.00478216
0.00466306
0.00451135
0.00520471
0.00466741
0.00521636
0.00443678
0.00432671
0.00460467
0.00441112
0.00457518
0.00443024
0.00450720
0.00509874
0.00469412
0.00499638
0.00477069
0.00503323
0.00484679
0.00450045
0.00453922
0.00546159
0.00438885
0.00452097
0.00493189
0.00430041
0.00444749
0.00424830
0.00430079
0.00433228
0.00525368
0.00462040
0.00445491
0.00470517
0.00431079
0.00457024
0.00515949
0.00431424
0.00430889
0.00436646
0.00481225
0.00478742
0.00448881
0.00466716
0.00449771
0.00458837
0.00500927
0.00452437
0.00528853
0.00448181
0.00455049
0.00472473
0.00450549
0.00436374
0.00441137
0.00451407
0.00484102
0.00465931
0.00471430
0.00431287
0.00460672
0.00483088
0.00473768
0.00439101
0.00445278
0.00427962
0.00439344
0.00457251
0.00459702
0.00462652
0.00464327
0.00434347
0.00464686
0.00474421
0.00457953
0.00509553
0.00457924
0.00427058
0.00502709
0.00469113
0.00454293
0.00511549
0.00468732
0.00445097
0.00437327
0.00436027
0.00464999
0.00433990
0.00527433
0.00463020
0.00442678
0.00471916
0.00447498
0.00445298
0.00453082
0.00457105
0.00427901
0.00473527
0.00463501
0.00474912
0.00419677
0.00480112
0.00433409
0.00440544
0.00475216
0.00487869
0.00471152
0.00488383
0.00463156
0.00485090
0.00479498
0.00449901
0.00433425
0.00444182
0.00482106
0.00449976
0.00490551
0.00451501
0.00434933
0.00472576
0.00459258
0.00431969
0.00441101
0.00450100
0.00449648
0.00462684
0.00470662
0.00487503
0.00445725
0.00478201
0.00443972
0.00418836
0.00476961
0.00446870
0.00448903
0.00456547
0.00510483
0.00490652
0.00485923
0.00453896
0.00521590
0.00474191
0.00450661
0.00452974
0.00457121
0.00450953
0.00478830
0.00512828
0.00475346
0.00448147
0.00451674
0.00457824
0.00433236
0.00429079
0.00442435
0.00442390
0.00453170
0.00454674
0.00454323
0.00421020
0.00459296
0.00478675
0.00463273
0.00458260
0.00450510
0.00443606
0.00473683
0.00452985
0.00461525
0.00452776
0.00464643
0.00459764
0.00522643
0.00455448
0.00447860
0.00481198
0.00470496
0.00465586
0.00464589
0.00488415
0.00482609
0.00459148
0.00475893
0.00486798
0.00475063
0.00445030
0.00455515
0.00564127
0.00443015
0.00456423
0.00494936
0.00439897
0.00445641
0.00483028
0.00476478
0.00477150
0.00468905
0.00461603
0.00421987
0.00493086
0.00427163
0.00432274
0.00431188
0.00448152
0.00471627
0.00457175
0.00447027
0.00521274
0.00433654
0.00458560
0.00465306
0.00472138
0.00480892
0.00447449
0.00453603
0.00481193
0.00431082
0.00471552
0.00454347
0.00440625
0.00444370
0.00444925
0.00456528
0.00483676
0.00487290
0.00494136
0.00489919
0.00471643
0.00478049
0.00484346
0.00458036
0.00461667
0.00434303
0.00470387
0.00437652
0.00467597
0.00466083
0.00422696
0.00437802
0.00460667
0.00469974
0.00483217
0.00507051
0.00461404
0.00436336
0.00478411
0.00521000
0.00448217
0.00469233
0.00478260
0.00455211
0.00455607
0.00524963
0.00445802
0.00451376
0.00475204
0.00470987
0.00463876
0.00425905
0.00446304
0.00449906
0.00485139
0.00472141
0.00482040
0.00450671
0.00440167
0.00442010
0.00452081
0.00447331
0.00487170
0.00444102
0.00456908
0.00440721
0.00445917
0.00509521
0.00469947
0.00432527
0.00499344
0.00417150
0.00456972
0.00440383
0.00453500
0.00429137
0.00468219
0.00496288
0.00437804
0.00463313
0.00455644
0.00458328
0.00476039
0.00425930
0.00464050
0.00424341
0.00447010
0.00463950
0.00454430
0.00422743
0.00443662
0.00473321
0.00455537
0.00459722
0.00468192
0.00511357
0.00482782
0.00452053
0.00451781
0.00445853
0.00440089
0.00441789
0.00429293
0.00463853
0.00448523
0.00429608
0.00446343
0.00465980
0.00421354
0.00453904
0.00441854
0.00448200
0.00430061
0.00445630
0.00448629
0.00423546
0.00424193
0.00453801
0.00468480
0.00470776
0.00486798
0.00463738
0.00459023
0.00429164
0.00481268
0.00465812
0.00446645
0.00452966
0.00433248
0.00446558
0.00477005
0.00430923
0.00461056
0.00482148
0.00481557
0.00431712
0.00506169
0.00434438
0.00473413
0.00446371
0.00457438
0.00433005
0.00449500
0.00461896
0.00450220
0.00465812
0.00444783
0.00481945
0.00503765
0.00468817
0.00457289
0.00477840
0.00442719
0.00424958
0.00476954
0.00411750
0.00434694
0.00484200
0.00455488
0.00445970
0.00454789
0.00425540
0.00486723
0.00459664
0.00473554
0.00441644
0.00472707
0.00462602
0.00450150
0.00467214
0.00449631
0.00469596
0.00473114
0.00458918
0.00444955
0.00482424
0.00484126
0.00444531
0.00465103
0.00474780
0.00460802
0.00452845
0.00462575
0.00439925
0.00467372
0.00480652
0.00420464
0.00472376
0.00470745
0.00459704
0.00478710
0.00504844
0.00462115
0.00449630
0.00493594
0.00464654
0.00458332
0.00455495
0.00449513
0.00445776
0.00448914
0.00441804
0.00452393
0.00475269
0.00452214
0.00445218
0.00442709
0.00478577
0.00442179
0.00466214
0.00420286
0.00451879
0.00465212
0.00483746
0.00450675
0.00474025
0.00485339
0.00462429
0.00464223
0.00442806
0.00479747
0.00496440
0.00488817
0.00506717
0.00463821
0.00491640
0.00445346
0.00434493
0.00429570
0.00452294
0.00489078
0.00421620
0.00452667
0.00470145
0.00483345
0.00449042
0.00454623
0.00427372
0.00500333
0.00477717
0.00451849
0.00469808
0.00434135
0.00468194
0.00476798
0.00460530
0.00443379
0.00571611
0.00415134
0.00448107
0.00454772
0.00456431
0.00473924
0.00489499
0.00437227
0.00434705
0.00448752
0.00447131
0.00442681
0.00426603
0.00463684
0.00463700
0.00455860
0.00483131
0.00447699
0.00493899
0.00428941
0.00464911
0.00439967
0.00424764
0.00466508
0.00447290
0.00453771
0.00497121
0.00484790
0.00470833
0.00455936
0.00533804
0.00437088
0.00464073
0.00464958
0.00430003
0.00442833
0.00455752
0.00489985
0.00466464
0.00457859
0.00433335