0.00159665
0.00184459
0.00178586
0.00211610
0.00176410
0.00178823
0.00186530
0.00187546
0.00201298
0.00180324
0.00184267
0.00165319
0.00168597
0.00184817
0.00202145
0.00173697
0.00184424
0.00180778
0.00176031
0.00183624
0.00172239
0.00276377
0.00183289
0.00162218
0.00181130
0.00181420
0.00168406
0.00174097
0.00180945
0.00184864
0.00162894
0.00180543
0.00208784
0.00188816
0.00151923
0.00183468
0.00150470
0.00169394
0.00185669
0.00188663
0.00164781
0.00177858
0.00157183
0.00178008
0.00172231
0.00194891
0.00174815
0.00167467
0.00170237
0.00167581
0.00166952
0.00155733
0.00198843
0.00161702
0.00176843
0.00147684
0.00161720
0.00176065
0.00190014
0.00150294
0.00191588
0.00159661
0.00187319
0.00175040
0.00176913
0.00203987
0.00162628
0.00162930
0.00162109
0.00181678
0.00167948
0.00198210
0.00156142
0.00188825
0.00176833
0.00176768
0.00181133
0.00185878
0.00200465
0.00174139
0.00157504
0.00153135
0.00187062
0.00185993
0.00162199
0.00269652
0.00173438
0.00179498
0.00190754
0.00179518
0.00179403
0.00199224
0.00212731
0.00151763
0.00170998
0.00176408
0.00202886
0.00192221
0.00159008
0.00170339
0.00181854
0.00197249
0.00190709
0.00167315
0.00175257
0.00168384
0.00158200
0.00178431
0.00172322
0.00175237
0.00158164
0.00172559
0.00222708
0.00188300
0.00183813
0.00189383
0.00154184
0.00186670
0.00172401
0.00177644
0.00164164
0.00163911
0.00176602
0.00183148
0.00191779
0.00184827
0.00187947
0.00173545
0.00156884
0.00209542
0.00172668
0.00171947
0.00201212
0.00178352
0.00180567
0.00159777
0.00159869
0.00201944
0.00183327
0.00164016
0.00160330
0.00185980
0.00168326
0.00167790
0.00180247
0.00160676
0.00171842
0.00247567
0.00179832
0.00175804
0.00176365
0.00176252
0.00157179
0.00172842
0.00277068
0.00167365
0.00169491
0.00164978
0.00177466
0.00158428
0.00162249
0.00178103
0.00177717
0.00181114
0.00170522
0.00169759
0.00176863
0.00153819
0.00198278
0.00171343
0.00161657
0.00189107
0.00164509
0.00186404
0.00174761
0.00170561
0.00170015
0.00188355
0.00189898
0.00175591
0.00163847
0.00158830
0.00223240
0.00181179
0.00176213
0.00208612
0.00167436
0.00186759
0.00174305
0.00159462
0.00167960
0.00169796
0.00292896
0.00173487
0.00159158
0.00179277
0.00183732
0.00187032
0.00178029
0.00193210
0.00195242
0.00200730
0.00177101
0.00165030
0.00157401
0.00194147
0.00167838
0.00176862
0.00157060
0.00177025
0.00170995
0.00158927
0.00190704
0.00186474
0.00153531
0.00171768
0.00164825
0.00165717
0.00165343
0.00187532
0.00183661
0.00179723
0.00166945
0.00156034
0.00171680
0.00174657
0.00158683
0.00172813
0.00164144
0.00183223
0.00172079
0.00212316
0.00202073
0.00185623
0.00198832
0.00162326
0.00164845
0.00166104
0.00176328
0.00164993
0.00203632
0.00176681
0.00187539
0.00163437
0.00186869
0.00209407
0.00175930
0.00193972
0.00169749
0.00273007
0.00180063
0.00183490
0.00167389
0.00172352
0.00210362
0.00171547
0.00179676
0.00163098
0.00208281
0.00157325
0.00161932
0.00169419
0.00191790
0.00171208
0.00177455
0.00163024
0.00176580
0.00185384
0.00171546
0.00172112
0.00167564
0.00178925
0.00172888
0.00179099
0.00183470
0.00292472
0.00171018
0.00211932
0.00166602
0.00167916
0.00175460
0.00148955
0.00161633
0.00163306
0.00187507
0.00166112
0.00193949
0.00178810
0.00160772
0.00180796
0.00211568
0.00192377
0.00228235
0.00172637
0.00178145
0.00190134
0.00160560
0.00167431
0.00170313
0.00160462
0.00174075
0.00162533
0.00185259
0.00192664
0.00202539
0.00165428
0.00183384
0.00164977
0.00155835
0.00157703
0.00162676
0.00230138
0.00178507
0.00179178
0.00163868
0.00181944
0.00191553
0.00186871
0.00182705
0.00166347
0.00176931
0.00191787
0.00190988
0.00244402
0.00160623
0.00188025
0.00181967
0.00161867
0.00213813
0.00215555
0.00159667
0.00182296
0.00166829
0.00187981
0.00163567
0.00179676
0.00162711
0.00176519
0.00175182
0.00188219
0.00161707
0.00182092
0.00165510
0.00165453
0.00187564
0.00183711
0.00184229
0.00189956
0.00184260
0.00171771
0.00181295
0.00239094
0.00180481
0.00176132
0.00167867
0.00175719
0.00158625
0.00177718
0.00174468
0.00170244
0.00204301
0.00182929
0.00179598
0.00168708
0.00155483
0.00177850
0.00196940
0.00169812
0.00182004
0.00207058
0.00178361
0.00175368
0.00183579
0.00174083
0.00152238
0.00179878
0.00173203
0.00161137
0.00172056
0.00217556
0.00174900
0.00165679
0.00166715
0.00159676
0.00175120
0.00167001
0.00215856
0.00158675
0.00164547
0.00187522
0.00199723
0.00190709
0.00187875
0.00172004
0.00172664
0.00188461
0.00168263
0.00193772
0.00158588
0.00167395
0.00163732
0.00171597
0.00160805
0.00154398
0.00160859
0.00169442
0.00181452
0.00175341
0.00192110
0.00161584
0.00183717
0.00173885
0.00170373
0.00160471
0.00187512
0.00187428
0.00194511
0.00169059
0.00180843
0.00180227
0.00160135
0.00237773
0.00176392
0.00180902
0.00161478
0.00163219
0.00168009
0.00167572
0.00167146
0.00189759
0.00151718
0.00172989
0.00185469
0.00176308
0.00163624
0.00164025
0.00187809
0.00170947
0.00165526
0.00190700
0.00160530
0.00169587
0.00180334
0.00174898
0.00191268
0.00161682
0.00154442
0.00183311
0.00157516
0.00184106
0.00172011
0.00182485
0.00190959
0.00169842
0.00175651
0.00173223
0.00196771
0.00191710
0.00186005
0.00168695
0.00181559
0.00194028
0.00183672
0.00149504
0.00166556
0.00222942
0.00158346
0.00188119
0.00172596
0.00185258
0.00174776
0.00166795
0.00169079
0.00174260
0.00188357
0.00154986
0.00176136
0.00158913
0.00167631
0.00189313
0.00210947
0.00163785
0.00198185
0.00172829
0.00159722
0.00207434
0.00178836
0.00156721
0.00176657
0.00192121
0.00190148
0.00167630
0.00152898
0.00197154
0.00169967
0.00186772
0.00165357
0.00188333
0.00184939
0.00162757