0.00137020
0.00135289
0.00151026
0.00141346
0.00144411
0.00137327
0.00134105
0.00139954
0.00142787
0.00155016
0.00144273
0.00142637
0.00145704
0.00148211
0.00141651
0.00138077
0.00147281
0.00155161
0.00141938
0.00139051
0.00130484
0.00134018
0.00144585
0.00149627
0.00154446
0.00138202
0.00151463
0.00133971
0.00139543
0.00135547
0.00143368
0.00141936
0.00140889
0.00132164
0.00145372
0.00152512
0.00135212
0.00146161
0.00132923
0.00134817
0.00138136
0.00142062
0.00152059
0.00146634
0.00161658
0.00140734
0.00140393
0.00141367
0.00141727
0.00143324
0.00142250
0.00143160
0.00131741
0.00153814
0.00138458
0.00139699
0.00148966
0.00136862
0.00140939
0.00148994
0.00139598
0.00143479
0.00137453
0.00142181
0.00143793
0.00142991
0.00141701
0.00136252
0.00152889
0.00142046
0.00208958
0.00140657
0.00140902
0.00144693
0.00143359
0.00142227
0.00151447
0.00132898
0.00146468
0.00142113
0.00143475
0.00147797
0.00135901
0.00144134
0.00148156
0.00140892
0.00132427
0.00146728
0.00144672
0.00143730
0.00142544
0.00168215
0.00142989
0.00139775
0.00146454
0.00153175
0.00142998
0.00142701
0.00151308
0.00148910
0.00140888
0.00152337
0.00133358
0.00146004
0.00136006
0.00154000
0.00141399
0.00145469
0.00139062
0.00149086
0.00143877
0.00132844
0.00147408
0.00149166
0.00138259
0.00138446
0.00138044
0.00132719
0.00143304
0.00146815
0.00145248
0.00131377
0.00152746
0.00136600
0.00139122
0.00137333
0.00135068
0.00134851
0.00140046
0.00142586
0.00136767
0.00138342
0.00138442
0.00143618
0.00145684
0.00134304
0.00139689
0.00132512
0.00149737
0.00137698
0.00142472
0.00143878
0.00140683
0.00134224
0.00136175
0.00196520
0.00139016
0.00150420
0.00140730
0.00140728
0.00132624
0.00143003
0.00154246
0.00137570
0.00140096
0.00130342
0.00151193
0.00146200
0.00141681
0.00148987
0.00136865
0.00143575
0.00141844
0.00154347
0.00132371
0.00127291
0.00145807
0.00148715
0.00135004
0.00145388
0.00142848
0.00152386
0.00139711
0.00143148
0.00152320
0.00139220
0.00144033
0.00132270
0.00136471
0.00141336
0.00130548
0.00136333
0.00147225
0.00135574
0.00140919
0.00141546
0.00143209
0.00140538
0.00148855
0.00141646
0.00142897
0.00140913
0.00139073
0.00165455
0.00146017
0.00134497
0.00127245
0.00146667
0.00143381
0.00142788
0.00141577
0.00143215
0.00134317
0.00148418
0.00138023
0.00142173
0.00138537
0.00143205
0.00143705
0.00139705
0.00136766
0.00153426
0.00146938
0.00143669
0.00156084
0.00144293
0.00146210
0.00180711
0.00157395
0.00143055
0.00141678
0.00138765
0.00140220
0.00144756
0.00128347
0.00139368
0.00135865
0.00143898
0.00136986
0.00135891
0.00148405
0.00140648
0.00145613
0.00133414
0.00139741
0.00139402
0.00137432
0.00163655
0.00140873
0.00138310
0.00138606
0.00145600
0.00142332
0.00145459
0.00135044
0.00144642
0.00141684
0.00138335
0.00134598
0.00146645
0.00139543
0.00134592
0.00141472
0.00146555
0.00146856
0.00140300
0.00156259
0.00130861
0.00146987
0.00149516
0.00128900
0.00138468
0.00143816
0.00146469
0.00174510
0.00137779
0.00148550
0.00139496
0.00140499
0.00146289
0.00142125
0.00135642
0.00132239
0.00144728
0.00146478
0.00143378
0.00141733
0.00139453
0.00140060
0.00136032
0.00136678
0.00152021
0.00138735
0.00140909
0.00145958
0.00138636
0.00139562
0.00139179
0.00140440
0.00141400
0.00134271
0.00155793
0.00143712
0.00147077
0.00130971
0.00141188
0.00141570
0.00159220
0.00141045
0.00144511
0.00133034
0.00144280
0.00143968
0.00145790
0.00137907
0.00164005
0.00151436
0.00141220
0.00143378
0.00145393
0.00135407
0.00137744
0.00140010
0.00151434
0.00146970
0.00142244
0.00128037
0.00147949
0.00136754
0.00150174
0.00142759
0.00151068
0.00139882
0.00144978
0.00157655
0.00179078
0.00134689
0.00155141
0.00137283
0.00138397
0.00152860
0.00141873
0.00145249
0.00135878
0.00144531
0.00150041
0.00148136
0.00147175
0.00148148
0.00142971
0.00136558
0.00138089
0.00142630
0.00135466
0.00142554
0.00154473
0.00168501
0.00136763
0.00141465
0.00132082
0.00153265
0.00139885
0.00143641
0.00136404
0.00140167
0.00153129
0.00144245
0.00136438
0.00163772
0.00152554
0.00224039
0.00136841
0.00136194
0.00139325
0.00151635
0.00137948
0.00135921
0.00141236
0.00139175
0.00146864
0.00136867
0.00137395
0.00141929
0.00139410
0.00133734
0.00154000
0.00141735
0.00142001
0.00144406
0.00157093
0.00163869
0.00144559
0.00149877
0.00134989
0.00136723
0.00141217
0.00141090
0.00163410
0.00147270
0.00142617
0.00143509
0.00145544
0.00146353
0.00137232
0.00138868
0.00137909
0.00152153
0.00144378
0.00142002
0.00137361
0.00139974
0.00137230
0.00152352
0.00137877
0.00135318
0.00137840
0.00148592
0.00144146
0.00139353
0.00152099
0.00140166
0.00139303
0.00143567
0.00145180
0.00151659
0.00136080
0.00131631
0.00146121
0.00147934
0.00136173
0.00152616
0.00144869
0.00136986
0.00145316
0.00153349
0.00127568
0.00134524
0.00141068
0.00140085
0.00137797
0.00133961
0.00139319
0.00157563
0.00140566
0.00145898
0.00145050
0.00149613
0.00139191
0.00157734
0.00147292
0.00145008
0.00160627
0.00144400
0.00139431
0.00155132
0.00141188
0.00134154
0.00140349
0.00149303
0.00145067
0.00150350
0.00142695
0.00145508
0.00156657
0.00136683
0.00154843
0.00139712
0.00138444
0.00142673
0.00141869
0.00135806
0.00129706
0.00146664
0.00135352
0.00140325
0.00139323
0.00129871
0.00142341
0.00150561
0.00143717
0.00146698
0.00145049
0.00158508
0.00138182
0.00137446
0.00142636
0.00159208
0.00149067
0.00145084
0.00139883
0.00143823
0.00136724
0.00139639
0.00140409
0.00135453
0.00141331
0.00137061
0.00138871
0.00151090
0.00139110
0.00154069
0.00141048
0.00135078
0.00131624
0.00142788
0.00130454
0.00143641
0.00143636
0.00145084
0.00141573