0.00068525
0.00070276
0.00068945
0.00069421
0.00070386
0.00067193
0.00067678
0.00067256
0.00072426
0.00066809
0.00066897
0.00069174
0.00070564
0.00066348
0.00069368
0.00066768
0.00070039
0.00067814
0.00068025
0.00072369
0.00067614
0.00067018
0.00069972
0.00067543
0.00069323
0.00071839
0.00068187
0.00069308
0.00067340
0.00068165
0.00069003
0.00068543
0.00067858
0.00066982
0.00065867
0.00068021
0.00070558
0.00068123
0.00069649
0.00071746
0.00069781
0.00067701
0.00068069
0.00067379
0.00069676
0.00068317
0.00066849
0.00069458
0.00071299
0.00070829
0.00067882
0.00069257
0.00066734
0.00071087
0.00067842
0.00067098
0.00069620
0.00069049
0.00068336
0.00069179
0.00068941
0.00068700
0.00067866
0.00068688
0.00068272
0.00068756
0.00072127
0.00067775
0.00066982
0.00066554
0.00069170
0.00070971
0.00067937
0.00067794
0.00066806
0.00070724
0.00068107
0.00068525
0.00069362
0.00067047
0.00067461
0.00068132
0.00068629
0.00067020
0.00069928
0.00069050
0.00068676
0.00067771
0.00069939
0.00067913
0.00066886
0.00069599
0.00067498
0.00067475
0.00067569
0.00067071
0.00069423
0.00067608
0.00065253
0.00068700
0.00071596
0.00067712
0.00068105
0.00069789
0.00068390
0.00071238
0.00069306
0.00068273
0.00068245
0.00068612
0.00068732
0.00067212
0.00068171
0.00066690
0.00068388
0.00068505
0.00069787
0.00069504
0.00069955
0.00068295
0.00067554
0.00069047
0.00069267
0.00066251
0.00068912
0.00069627
0.00066647
0.00065274
0.00070336
0.00070525
0.00069586
0.00067642
0.00067449
0.00067689
0.00068796
0.00068661
0.00070093
0.00068992
0.00070192
0.00069399
0.00070556
0.00065612
0.00066340
0.00068180
0.00065352
0.00069837
0.00066502
0.00067970
0.00065628
0.00068819
0.00068977
0.00070241
0.00068464
0.00070999
0.00069002
0.00068750
0.00071924
0.00066602
0.00068314
0.00067064
0.00067852
0.00068271
0.00067637
0.00070429
0.00068809
0.00069495
0.00068340
0.00067433
0.00069134
0.00070209
0.00069924
0.00069843
0.00066048
0.00066313
0.00068243
0.00068263
0.00068697
0.00068870
0.00069709
0.00066839
0.00067856
0.00067201
0.00067558
0.00067901
0.00068160
0.00069773
0.00067130
0.00067651
0.00065986
0.00067629
0.00067638
0.00066363
0.00068368
0.00067284
0.00067978
0.00067460
0.00075517
0.00071546
0.00071034
0.00068133
0.00070208
0.00069192
0.00068137
0.00068034
0.00066328
0.00069363
0.00067837
0.00067137
0.00068307
0.00068138
0.00070765
0.00070336
0.00068839
0.00068997
0.00068302
0.00069037
0.00066672
0.00067598
0.00068455
0.00068967
0.00070096
0.00067064
0.00068381
0.00070085
0.00068339
0.00068590
0.00070512
0.00068996
0.00068050
0.00068373
0.00066989
0.00066424
0.00067756
0.00071082
0.00069758
0.00069023
0.00070918
0.00067521
0.00069480
0.00068032
0.00069891
0.00068411
0.00068808
0.00067877
0.00067301
0.00069082
0.00066976
0.00072581
0.00075116
0.00066545
0.00068540
0.00070667
0.00068214
0.00069417
0.00067768
0.00068560
0.00066780
0.00069106
0.00071220
0.00066616
0.00068276
0.00066413
0.00066164
0.00066542
0.00069730
0.00069596
0.00071043
0.00068501
0.00069666
0.00068201
0.00066563
0.00066622
0.00069912
0.00067382
0.00070228
0.00067186
0.00068986
0.00068160
0.00070187
0.00068032
0.00067465
0.00068915
0.00067970
0.00066223
0.00069046
0.00068359
0.00065980
0.00068684
0.00068175
0.00070084
0.00068359
0.00066294
0.00068328
0.00068224
0.00071590
0.00070090
0.00066445
0.00066944
0.00070292
0.00070237
0.00066513
0.00068149
0.00070314
0.00069077
0.00070655
0.00067459
0.00071055
0.00071178
0.00068862
0.00070067
0.00067632
0.00067859
0.00068789
0.00069181
0.00067323
0.00070603
0.00067171
0.00067704
0.00070921
0.00067386
0.00071161
0.00067710
0.00069844
0.00067792
0.00067198
0.00066781
0.00066753
0.00068025
0.00069561
0.00069321
0.00068581
0.00066875
0.00069705
0.00068270
0.00069252
0.00066157
0.00070231
0.00068510
0.00068733
0.00069195
0.00068321
0.00068412
0.00065642
0.00070341
0.00066112
0.00069018
0.00069319
0.00068170
0.00069050
0.00068345
0.00070174
0.00067873
0.00068525
0.00070013
0.00071007
0.00067430
0.00067253
0.00067316
0.00068092
0.00066933
0.00068832
0.00065867
0.00069697
0.00070961
0.00069591
0.00071276
0.00069707
0.00067219
0.00068612
0.00067380
0.00067851
0.00067212
0.00066668
0.00068693
0.00067143
0.00068745
0.00068300
0.00068417
0.00068913
0.00067308
0.00068698
0.00066413
0.00067836
0.00067495
0.00068311
0.00067522
0.00070612
0.00070693
0.00070163
0.00067677
0.00070254
0.00067316
0.00066201
0.00069408
0.00070376
0.00069954
0.00067554
0.00069018
0.00069935
0.00067324
0.00067738
0.00069938
0.00069923
0.00068781
0.00067314
0.00068063
0.00068896
0.00069284
0.00070242
0.00069538
0.00067108
0.00067972
0.00069420
0.00068297
0.00068066
0.00066890
0.00071100
0.00070582
0.00068190
0.00069600
0.00070985
0.00067917
0.00068235
0.00067973
0.00068668
0.00070609
0.00072763
0.00066826
0.00070349
0.00067678
0.00068319
0.00067894
0.00067175
0.00068553
0.00067065
0.00067243
0.00069434
0.00069658
0.00067878
0.00067112
0.00070599
0.00068061
0.00066628
0.00069267
0.00067811
0.00066561
0.00065552
0.00072667
0.00067232
0.00069693
0.00068515
0.00068507
0.00066534
0.00067252
0.00068960
0.00067343
0.00069298
0.00068337
0.00070927
0.00070561
0.00068681
0.00071044
0.00069013
0.00067681
0.00066131
0.00068710
0.00067492
0.00068650
0.00067780
0.00069422
0.00069088
0.00068604
0.00068919
0.00068827
0.00068234
0.00068262
0.00067455
0.00069940
0.00066378
0.00071179
0.00068420
0.00070265
0.00066391
0.00068247
0.00068133
0.00068553
0.00070439
0.00069561
0.00069495
0.00067051
0.00069470
0.00069389
0.00068713
0.00067529
0.00066931
0.00069707
0.00070337
0.00069378
0.00071099
0.00070424