0.00097585
0.00094791
0.00094591
0.00091790
0.00093208
0.00091979
0.00092765
0.00090074
0.00095710
0.00093073
0.00094135
0.00092373
0.00091087
0.00095507
0.00098582
0.00094810
0.00092650
0.00090804
0.00093164
0.00091004
0.00092610
0.00091028
0.00093472
0.00095414
0.00094572
0.00089887
0.00090515
0.00092686
0.00092480
0.00091606
0.00094258
0.00096047
0.00090237
0.00093046
0.00091949
0.00091764
0.00094620
0.00095694
0.00094041
0.00091007
0.00094175
0.00095161
0.00091680
0.00092285
0.00092108
0.00095347
0.00093268
0.00095595
0.00095103
0.00093995
0.00092356
0.00094672
0.00094719
0.00090077
0.00092682
0.00092745
0.00090756
0.00093875
0.00095759
0.00092395
0.00093455
0.00091587
0.00089625
0.00094986
0.00094800
0.00092623
0.00095364
0.00090850
0.00093309
0.00093019
0.00097358
0.00094943
0.00091873
0.00094464
0.00092972
0.00093930
0.00092212
0.00093987
0.00093589
0.00093713
0.00093731
0.00095082
0.00091055
0.00092185
0.00094706
0.00094124
0.00096100
0.00092251
0.00090027
0.00093318
0.00094185
0.00091461
0.00095406
0.00092954
0.00094000
0.00094688
0.00092280
0.00095948
0.00096004
0.00091202
0.00094267
0.00093493
0.00095643
0.00097826
0.00093159
0.00092442
0.00092116
0.00092756
0.00092234
0.00094999
0.00089339
0.00093364
0.00094582
0.00092512
0.00093825
0.00091716
0.00094767
0.00093149
0.00095696
0.00093793
0.00089154
0.00092667
0.00096097
0.00091315
0.00097974
0.00093763
0.00095137
0.00096206
0.00093400
0.00095180
0.00092235
0.00093780
0.00095413
0.00095651
0.00091618
0.00094387
0.00092967
0.00095261
0.00094756
0.00090403
0.00094168
0.00096585
0.00092597
0.00094609
0.00094184
0.00094428
0.00091120
0.00095566
0.00092419
0.00097851
0.00092417
0.00093617
0.00094733
0.00095291
0.00091449
0.00093128
0.00092354
0.00091122
0.00095637
0.00095121
0.00096350
0.00092299
0.00094512
0.00095666
0.00091039
0.00091929
0.00092898
0.00097299
0.00092411
0.00091225
0.00094544
0.00094607
0.00094481
0.00096312
0.00090857
0.00092865
0.00093654
0.00093565
0.00093470
0.00090997
0.00091806
0.00091876
0.00093319
0.00094817
0.00091819
0.00093511
0.00092520
0.00093275
0.00097378
0.00094182
0.00093505
0.00095671
0.00090931
0.00092168
0.00092154
0.00093794
0.00091506
0.00093970
0.00092622
0.00094357
0.00091279
0.00095094
0.00095187
0.00091305
0.00091088
0.00098099
0.00092558
0.00095687
0.00095069
0.00088947
0.00096220
0.00093069
0.00094486
0.00093480
0.00093127
0.00090442
0.00091623
0.00095714
0.00094070
0.00094978
0.00091313
0.00090120
0.00094767
0.00092846
0.00093459
0.00092798
0.00094260
0.00093998
0.00092692
0.00094721
0.00095005
0.00093876
0.00092479
0.00090508
0.00092852
0.00092899
0.00095549
0.00095007
0.00089268
0.00089787
0.00093737
0.00092804
0.00091449
0.00091197
0.00092706
0.00093300
0.00094067
0.00095352
0.00093106
0.00092908
0.00091995
0.00090432
0.00093182
0.00091108
0.00090184
0.00093315
0.00093576
0.00094451
0.00092706
0.00098002
0.00090245
0.00093713
0.00096104
0.00093134
0.00105304
0.00094251
0.00092393
0.00091778
0.00093508
0.00097956
0.00091916
0.00093419
0.00097632
0.00092481
0.00093762
0.00098868
0.00095319
0.00094829
0.00094869
0.00096857
0.00093381
0.00090880
0.00091112
0.00096072
0.00094674
0.00096324
0.00096050
0.00091235
0.00094003
0.00091313
0.00091864
0.00092950
0.00096718
0.00093509
0.00093780
0.00091349
0.00092616
0.00094803
0.00092783
0.00094797
0.00091923
0.00091094
0.00092921
0.00093733
0.00093600
0.00094696
0.00096225
0.00090559
0.00093493
0.00093265
0.00092112
0.00094210
0.00092009
0.00091634
0.00091679
0.00094652
0.00094749
0.00092665
0.00094665
0.00092936
0.00093717
0.00095214
0.00095058
0.00094030
0.00094105
0.00095154
0.00093163
0.00095637
0.00094126
0.00094844
0.00091990
0.00092770
0.00095342
0.00095157
0.00092585
0.00093028
0.00093948
0.00090643
0.00094981
0.00095723
0.00097789
0.00092376
0.00091850
0.00093822
0.00096051
0.00095699
0.00090133
0.00093387
0.00094214
0.00093759
0.00093569
0.00091776
0.00095165
0.00094582
0.00091806
0.00094949
0.00093244
0.00091331
0.00098697
0.00092099
0.00089744
0.00094986
0.00094844
0.00091524
0.00094702
0.00098975
0.00093559
0.00094129
0.00095343
0.00095509
0.00094390
0.00094084
0.00096809
0.00093917
0.00095448
0.00096021
0.00091148
0.00093129
0.00091109
0.00092975
0.00091411
0.00095354
0.00096024
0.00092375
0.00092825
0.00092998
0.00091923
0.00091026
0.00093366
0.00091219
0.00092013
0.00092152
0.00095053
0.00098269
0.00093369
0.00091461
0.00092453
0.00093616
0.00095572
0.00096229
0.00090885
0.00094758
0.00092377
0.00095885
0.00093466
0.00096892
0.00092330
0.00091679
0.00092342
0.00095636
0.00093872
0.00095519
0.00094658
0.00097916
0.00095547
0.00092929
0.00095820
0.00091011
0.00095894
0.00090977
0.00096654
0.00090822
0.00094167
0.00096364
0.00095168
0.00090238
0.00093966
0.00094936
0.00096340
0.00095000
0.00096914
0.00095405
0.00093246
0.00093054
0.00093519
0.00093316
0.00091702
0.00098055
0.00096468
0.00092857
0.00094907
0.00092652
0.00093371
0.00094447
0.00095047
0.00095347
0.00093264
0.00093839
0.00091333
0.00092666
0.00091292
0.00091872
0.00089555
0.00093759
0.00090575
0.00094856
0.00094266
0.00093823
0.00098394
0.00096461
0.00093851
0.00091904
0.00089770
0.00091847
0.00096821
0.00093162
0.00092862
0.00093101
0.00094493
0.00091651
0.00094633
0.00093798
0.00101392
0.00092458
0.00095062
0.00090812
0.00092628
0.00092745
0.00095287
0.00093179
0.00092205
0.00095304
0.00092053
0.00097320
0.00089679
0.00093641
0.00090739
0.00092662
0.00091322
0.00093605
0.00092664
0.00095433
0.00092515
0.00094648
0.00093209
0.00097071
0.00090660
0.00095943
0.00093644
0.00094451