0.00037468
0.00037334
0.00037623
0.00037368
0.00036568
0.00037633
0.00037493
0.00037385
0.00037833
0.00037695
0.00037114
0.00037114
0.00036630
0.00037381
0.00037673
0.00037551
0.00037105
0.00037534
0.00037422
0.00037420
0.00037469
0.00037711
0.00036974
0.00037356
0.00038008
0.00037720
0.00036773
0.00036968
0.00037445
0.00037949
0.00037100
0.00037745
0.00037850
0.00037628
0.00036840
0.00037259
0.00037842
0.00037392
0.00037385
0.00038957
0.00037294
0.00037377
0.00037090
0.00036983
0.00037473
0.00038050
0.00037688
0.00037583
0.00036916
0.00036874
0.00037093
0.00038144
0.00037289
0.00037506
0.00037877
0.00037055
0.00037219
0.00037402
0.00037916
0.00037181
0.00037071
0.00037482
0.00037495
0.00037485
0.00038016
0.00037825
0.00037379
0.00037723
0.00037448
0.00036984
0.00037298
0.00037449
0.00038034
0.00037263
0.00036930
0.00037374
0.00037565
0.00037589
0.00036958
0.00037653
0.00037526
0.00037422
0.00036966
0.00037274
0.00038082
0.00037338
0.00038038
0.00037593
0.00036826
0.00036931
0.00038119
0.00036985
0.00037685
0.00037052
0.00037566
0.00037273
0.00037966
0.00037804
0.00037136
0.00036601
0.00037456
0.00037725
0.00037776
0.00038315
0.00037148
0.00037348
0.00037413
0.00036998
0.00036634
0.00037099
0.00036974
0.00037162
0.00037624
0.00037216
0.00037275
0.00036840
0.00038117
0.00037361
0.00037223
0.00036503
0.00037650
0.00037160
0.00037199
0.00037679
0.00037013
0.00037759
0.00037661
0.00037478
0.00037978
0.00037398
0.00037464
0.00038122
0.00036871
0.00037174
0.00037359
0.00037237
0.00037135
0.00037008
0.00037096
0.00036984
0.00037510
0.00036895
0.00037302
0.00037004
0.00037571
0.00037655
0.00037071
0.00037492
0.00037288
0.00037070
0.00037875
0.00037530
0.00036829
0.00038190
0.00037479
0.00037223
0.00037353
0.00037062
0.00038952
0.00037345
0.00037996
0.00037889
0.00037658
0.00037838
0.00037285
0.00037319
0.00038378
0.00037852
0.00036283
0.00037356
0.00037459
0.00037478
0.00037289
0.00037153
0.00036729
0.00037310
0.00036962
0.00037624
0.00037933
0.00038005
0.00038255
0.00037519
0.00037791
0.00037156
0.00037670
0.00038331
0.00037754
0.00036948
0.00036913
0.00037909
0.00037510
0.00037885
0.00037699
0.00038218
0.00037244
0.00037011
0.00037300
0.00037157
0.00036708
0.00036833
0.00037503
0.00038169
0.00037447
0.00037074
0.00037091
0.00036898
0.00037351
0.00037541
0.00036673
0.00037286
0.00038023
0.00037435
0.00036760
0.00037129
0.00037281
0.00037376
0.00037097
0.00037467
0.00037861
0.00037855
0.00037420
0.00037526
0.00037347
0.00037921
0.00037622
0.00037219
0.00037575
0.00037827
0.00037387
0.00038112
0.00037449
0.00036912
0.00037467
0.00037002
0.00037900
0.00036824
0.00037353
0.00037141
0.00038350
0.00037254
0.00037692
0.00038037
0.00037631
0.00037040
0.00037327
0.00037414
0.00037704
0.00037417
0.00037301
0.00037897
0.00036821
0.00037662
0.00037131
0.00037029
0.00037340
0.00037515
0.00037894
0.00037491
0.00038172
0.00037994
0.00037423
0.00037558
0.00037020
0.00037385
0.00037829
0.00037147
0.00037312
0.00037772
0.00036909
0.00037440
0.00037580
0.00037505
0.00037101
0.00037783
0.00037682
0.00037264
0.00036966
0.00036859
0.00037337
0.00036933
0.00037032
0.00037442
0.00037377
0.00037564
0.00038152
0.00037830
0.00036834
0.00036688
0.00037303
0.00037097
0.00037805
0.00037389
0.00037487
0.00037240
0.00037787
0.00037275
0.00037480
0.00037654
0.00037507
0.00037991
0.00038249
0.00037297
0.00037977
0.00037419
0.00037165
0.00037343
0.00037736
0.00037161
0.00037954
0.00037709
0.00037811
0.00037047
0.00037620
0.00037813
0.00037570
0.00037078
0.00037555
0.00038386
0.00037116
0.00037889
0.00037442
0.00037495
0.00038123
0.00036735
0.00037378
0.00037642
0.00038754
0.00037173
0.00037827
0.00036825
0.00038263
0.00037368
0.00036942
0.00037220
0.00037127
0.00036980
0.00037032
0.00037313
0.00037021
0.00037713
0.00036930
0.00037333
0.00037599
0.00036903
0.00037682
0.00037277
0.00037078
0.00037693
0.00037210
0.00037240
0.00037195
0.00037510
0.00037486
0.00038002
0.00037829
0.00037738
0.00037888
0.00038099
0.00036682
0.00036632
0.00037077
0.00037502
0.00037423
0.00037773
0.00037681
0.00036787
0.00037051
0.00037747
0.00037513
0.00037318
0.00037596
0.00037319
0.00037633
0.00037575
0.00037444
0.00036993
0.00037473
0.00037046
0.00037426
0.00037586
0.00037298
0.00038397
0.00037975
0.00037281
0.00037249
0.00036979
0.00037272
0.00037640
0.00037241
0.00037628
0.00037688
0.00037389
0.00037527
0.00037629
0.00037486
0.00037123
0.00038250
0.00037683
0.00037953
0.00037227
0.00036994
0.00038187
0.00037468
0.00037506
0.00037177
0.00037687
0.00038295
0.00037005
0.00037726
0.00036940
0.00037360
0.00036584
0.00037105
0.00037906
0.00036966
0.00037374
0.00037616
0.00037719
0.00037609
0.00037187
0.00037240
0.00037103
0.00037545
0.00037303
0.00037769
0.00037600
0.00037624
0.00037239
0.00037366
0.00036871
0.00037150
0.00037582
0.00037599
0.00037139
0.00037580
0.00037252
0.00038075
0.00037450
0.00036888
0.00037944
0.00036951
0.00037845
0.00037125
0.00037209
0.00037133
0.00036982
0.00037546
0.00037456
0.00037339
0.00037688
0.00037240
0.00037105
0.00037455
0.00036986
0.00036996
0.00037405
0.00037153
0.00037183
0.00037558
0.00036889
0.00037313
0.00037110
0.00036803
0.00037102
0.00037434
0.00037313
0.00037844
0.00037424
0.00037306
0.00037566
0.00037340
0.00036976
0.00037639
0.00037422
0.00037190
0.00037244
0.00037879
0.00037257
0.00037201
0.00038178
0.00037760
0.00037908
0.00036953
0.00037008
0.00037327
0.00037005
0.00037539
0.00037122
0.00037925
0.00037227
0.00037793
0.00037765
0.00037347
0.00037684
0.00037596
0.00037264
0.00037751
0.00037523
0.00037382
0.00037085