0.00085570
0.00092415
0.00086412
0.00096521
0.00098678
0.00095991
0.00093255
0.00086637
0.00093383
0.00102365
0.00098757
0.00087366
0.00089883
0.00085389
0.00090714
0.00102649
0.00095434
0.00093006
0.00084002
0.00088534
0.00092140
0.00095007
0.00091917
0.00089053
0.00099838
0.00091194
0.00085023
0.00090809
0.00083837
0.00087366
0.00092030
0.00086664
0.00086042
0.00115332
0.00089717
0.00093021
0.00091546
0.00089980
0.00101643
0.00093206
0.00101473
0.00085348
0.00094541
0.00095349
0.00086039
0.00084554
0.00086356
0.00089314
0.00089476
0.00087108
0.00093677
0.00093365
0.00094193
0.00094158
0.00108944
0.00088826
0.00089462
0.00084916
0.00094334
0.00091536
0.00093271
0.00099844
0.00083910
0.00099123
0.00098920
0.00092041
0.00090370
0.00102226
0.00091079
0.00106777
0.00086764
0.00100204
0.00090524
0.00087897
0.00093412
0.00092803
0.00090134
0.00087779
0.00085107
0.00115167
0.00087777
0.00093845
0.00088043
0.00093869
0.00084826
0.00091873
0.00087238
0.00092525
0.00089985
0.00088820
0.00088787
0.00091198
0.00092115
0.00088403
0.00086978
0.00087044
0.00092645
0.00092528
0.00089661
0.00086483
0.00084704
0.00092800
0.00082931
0.00097654
0.00096017
0.00089382
0.00092027
0.00090706
0.00081891
0.00090381
0.00097430
0.00093595
0.00087469
0.00090073
0.00090320
0.00087551
0.00087059
0.00082537
0.00091144
0.00091118
0.00091892
0.00093272
0.00108398
0.00088027
0.00083428
0.00091718
0.00089671
0.00093705
0.00091650
0.00090259
0.00085897
0.00091675
0.00091149
0.00092945
0.00087707
0.00091195
0.00091204
0.00088295
0.00088564
0.00087444
0.00091593
0.00099341
0.00109850
0.00084094
0.00088098
0.00118133
0.00089846
0.00092462
0.00092794
0.00091947
0.00090392
0.00089898
0.00097240
0.00087402
0.00085819
0.00091201
0.00094142
0.00096629
0.00092603
0.00090770
0.00090616
0.00093787
0.00091827
0.00092169
0.00087549
0.00093026
0.00090696
0.00089078
0.00083630
0.00083936
0.00097818
0.00085925
0.00098653
0.00097831
0.00086067
0.00088149
0.00090786
0.00093395
0.00081038
0.00086072
0.00086538
0.00092904
0.00089255
0.00092052
0.00090802
0.00089709
0.00088310
0.00090044
0.00088096
0.00094888
0.00094190
0.00088904
0.00088293
0.00091716
0.00087567
0.00084767
0.00087557
0.00091939
0.00090155
0.00090773
0.00090834
0.00088895
0.00084806
0.00090615
0.00085622
0.00102624
0.00092962
0.00095888
0.00090013
0.00094105
0.00095471
0.00086888
0.00091063
0.00087556
0.00086855
0.00093517
0.00094572
0.00102542
0.00086855
0.00088145
0.00097701
0.00087988
0.00088046
0.00096988
0.00089904
0.00089615
0.00086684
0.00087181
0.00086191
0.00085927
0.00086176
0.00096981
0.00085873
0.00085773
0.00087806
0.00097242
0.00103530
0.00087833
0.00097832
0.00086537
0.00094622
0.00088111
0.00094797
0.00086013
0.00085222
0.00091151
0.00084384
0.00086346
0.00085768
0.00090656
0.00088602
0.00088962
0.00087548
0.00083767
0.00087302
0.00085033
0.00089055
0.00085469
0.00097033
0.00105573
0.00101719
0.00096653
0.00085016
0.00088238
0.00097204
0.00096796
0.00088830
0.00086309
0.00087760
0.00088021
0.00087909
0.00087481
0.00091137
0.00095555
0.00085942
0.00109843
0.00092728
0.00090710
0.00091335
0.00088872
0.00088767
0.00090965
0.00089135
0.00093289
0.00082828
0.00087417
0.00089551
0.00096362
0.00105240
0.00090583
0.00089142
0.00095042
0.00086778
0.00086765
0.00096656
0.00088143
0.00090473
0.00098168
0.00097695
0.00084534
0.00093260
0.00083437
0.00088985
0.00093080
0.00089364
0.00097887
0.00095310
0.00092975
0.00084044
0.00086935
0.00089260
0.00086886
0.00088599
0.00094875
0.00089048
0.00087293
0.00092053
0.00086983
0.00081547
0.00095148
0.00087775
0.00098372
0.00089385
0.00089308
0.00086104
0.00092579
0.00103719
0.00095506
0.00087693
0.00091449
0.00107745
0.00084803
0.00107845
0.00091694
0.00084527
0.00098171
0.00089908
0.00092350
0.00094882
0.00109013
0.00086520
0.00093697
0.00088309
0.00087256
0.00093145
0.00084930
0.00089435
0.00091242
0.00091710
0.00100133
0.00087022
0.00089999
0.00097506
0.00086313
0.00087724
0.00092776
0.00090073
0.00085069
0.00086156
0.00100849
0.00096354
0.00088393
0.00091571
0.00113401
0.00107417
0.00085848
0.00086253
0.00087265
0.00093709
0.00098967
0.00088413
0.00095292
0.00089869
0.00086633
0.00086909
0.00086301
0.00098541
0.00088581
0.00089092
0.00090821
0.00092861
0.00092553
0.00082230
0.00099474
0.00095961
0.00085731
0.00088267
0.00092714
0.00091835
0.00093616
0.00089987
0.00088587
0.00087092
0.00107972
0.00089109
0.00093028
0.00097632
0.00088676
0.00088747
0.00092601
0.00094135
0.00084187
0.00091980
0.00085926
0.00088809
0.00086555
0.00089611
0.00083714
0.00085167
0.00112681
0.00092275
0.00096274
0.00089740
0.00090141
0.00092162
0.00087998
0.00089300
0.00088249
0.00087586
0.00093679
0.00089062
0.00090425
0.00086785
0.00089251
0.00088283
0.00085545
0.00091495
0.00100385
0.00089754
0.00090355
0.00092396
0.00086822
0.00084167
0.00095065
0.00089914
0.00094573
0.00104342
0.00105661
0.00086786
0.00097894
0.00090169
0.00091650
0.00090605
0.00088816
0.00093453
0.00087228
0.00091645
0.00091807
0.00086989
0.00085272
0.00085010
0.00085234
0.00094146
0.00082490
0.00087218
0.00082948
0.00093399
0.00088893
0.00093032
0.00092164
0.00092714
0.00090123
0.00095103
0.00091177
0.00086116
0.00085819
0.00088622
0.00087892
0.00108622
0.00089891
0.00094932
0.00093899
0.00090081
0.00090879
0.00088406
0.00093990
0.00083516
0.00091072
0.00090615
0.00090651
0.00087117
0.00090543
0.00090030
0.00082026
0.00097526
0.00084678
0.00091877
0.00084135
0.00088800
0.00088187
0.00087985
0.00094043
0.00095237
0.00090855
0.00096964
0.00097131
0.00089305
0.00094283
0.00086097
0.00094679