0.00115794
0.00118412
0.00116015
0.00116857
0.00120589
0.00114619
0.00117855
0.00115283
0.00120293
0.00120252
0.00114230
0.00116160
0.00117464
0.00122724
0.00122003
0.00118154
0.00118189
0.00117644
0.00120519
0.00122698
0.00117618
0.00119205
0.00118571
0.00124405
0.00118652
0.00119862
0.00119905
0.00124241
0.00116880
0.00118476
0.00121316
0.00119033
0.00117957
0.00115904
0.00120501
0.00117821
0.00120998
0.00117705
0.00115214
0.00117778
0.00120101
0.00116640
0.00117993
0.00117805
0.00117890
0.00121432
0.00115486
0.00116780
0.00117910
0.00121661
0.00117571
0.00119608
0.00115309
0.00118276
0.00119876
0.00118156
0.00117407
0.00117052
0.00121746
0.00117787
0.00116832
0.00114770
0.00117834
0.00122392
0.00119013
0.00116310
0.00117369
0.00116609
0.00118546
0.00117232
0.00118087
0.00119057
0.00118887
0.00117945
0.00118610
0.00121744
0.00120307
0.00117522
0.00115658
0.00121081
0.00120652
0.00118050
0.00118538
0.00116797
0.00118329
0.00123339
0.00118042
0.00118964
0.00121979
0.00119340
0.00120026
0.00119929
0.00120096
0.00115357
0.00120630
0.00122230
0.00116440
0.00116127
0.00119687
0.00118483
0.00120378
0.00119123
0.00122118
0.00117415
0.00122099
0.00119494
0.00122324
0.00118043
0.00119710
0.00118106
0.00118196
0.00115601
0.00115950
0.00123935
0.00119092
0.00111530
0.00123515
0.00116985
0.00115771
0.00119306
0.00117009
0.00119430
0.00114977
0.00121047
0.00116573
0.00115916
0.00115028
0.00116817
0.00115110
0.00115217
0.00117727
0.00118416
0.00112621
0.00120743
0.00117439
0.00124840
0.00116934
0.00116163
0.00117325
0.00115935
0.00119028
0.00118501
0.00120315
0.00119497
0.00117115
0.00119575
0.00113771
0.00119673
0.00117521
0.00122273
0.00115412
0.00120405
0.00118453
0.00115356
0.00121538
0.00122191
0.00116102
0.00114559
0.00120021
0.00118425
0.00119653
0.00118402
0.00117047
0.00118284
0.00113776
0.00117938
0.00119841
0.00117195
0.00115304
0.00123021
0.00121245
0.00115027
0.00119893
0.00117320
0.00116805
0.00119303
0.00119483
0.00117946
0.00120174
0.00119156
0.00118847
0.00124867
0.00121464
0.00116100
0.00117368
0.00120393
0.00114056
0.00115328
0.00113974
0.00120407
0.00117085
0.00117351
0.00125074
0.00116175
0.00117115
0.00122961
0.00117534
0.00120692
0.00118286
0.00118266
0.00116866
0.00114844
0.00120362
0.00115635
0.00118667
0.00121391
0.00119547
0.00114328
0.00118868
0.00119634
0.00119523
0.00119844
0.00118918
0.00121984
0.00116656
0.00119957
0.00122533
0.00120913
0.00121903
0.00118121
0.00120962
0.00120012
0.00122177
0.00119844
0.00117769
0.00116450
0.00124331
0.00117200
0.00117226
0.00118093
0.00121040
0.00120985
0.00120110
0.00118235
0.00116595
0.00120474
0.00120006
0.00116554
0.00117599
0.00119394
0.00115152
0.00117664
0.00121247
0.00121068
0.00117126
0.00118985
0.00123154
0.00119324
0.00117551
0.00120353
0.00117066
0.00122481
0.00120079
0.00118229
0.00118198
0.00124398
0.00118490
0.00118587
0.00119574
0.00123807
0.00121816
0.00117031
0.00120448
0.00116924
0.00119914
0.00118615
0.00116405
0.00116850
0.00117909
0.00116370
0.00119992
0.00118232
0.00120225
0.00119187
0.00123650
0.00116133
0.00118660
0.00119678
0.00120208
0.00118248
0.00120320
0.00118131
0.00117523
0.00119222
0.00123194
0.00121932
0.00119240
0.00119385
0.00120603
0.00118416
0.00119341
0.00118216
0.00113556
0.00115738
0.00120990
0.00118539
0.00119381
0.00121889
0.00117066
0.00119046
0.00121418
0.00117303
0.00118147
0.00118178
0.00122294
0.00120509
0.00114705
0.00114270
0.00118754
0.00113003
0.00119359
0.00115278
0.00117746
0.00119117
0.00115837
0.00120588
0.00122149
0.00118620
0.00117123
0.00118911
0.00116398
0.00117955
0.00122786
0.00117654
0.00117275
0.00116409
0.00119247
0.00115691
0.00120238
0.00117061
0.00117072
0.00117128
0.00120256
0.00124197
0.00115261
0.00116208
0.00120950
0.00119037
0.00120209
0.00116419
0.00120950
0.00120501
0.00118472
0.00118669
0.00117490
0.00121591
0.00115872
0.00117233
0.00120660
0.00122281
0.00114058
0.00118141
0.00118006
0.00115894
0.00116450
0.00119160
0.00120139
0.00116612
0.00119396
0.00116866
0.00120028
0.00120567
0.00120014
0.00116221
0.00120046
0.00117412
0.00118406
0.00118794
0.00115450
0.00115568
0.00118018
0.00116899
0.00120559
0.00116454
0.00118678
0.00118239
0.00118957
0.00115580
0.00123512
0.00119420
0.00118281
0.00118925
0.00115306
0.00120252
0.00116849
0.00121214
0.00117600
0.00120332
0.00123001
0.00120062
0.00114495
0.00123661
0.00116948
0.00116471
0.00116958
0.00117022
0.00119682
0.00119880
0.00117783
0.00118159
0.00119738
0.00118573
0.00118910
0.00118218
0.00121604
0.00121641
0.00114926
0.00115823
0.00118653
0.00116463
0.00123555
0.00118655
0.00117377
0.00120133
0.00115822
0.00115810
0.00119562
0.00118739
0.00115931
0.00117972
0.00120024
0.00117063
0.00117578
0.00115918
0.00118293
0.00115636
0.00116177
0.00117652
0.00115715
0.00114682
0.00117196
0.00118936
0.00118460
0.00116619
0.00117220
0.00117365
0.00116714
0.00121320
0.00116044
0.00117515
0.00116699
0.00120960
0.00118400
0.00114120
0.00117257
0.00115873
0.00119359
0.00119994
0.00115716
0.00118510
0.00116652
0.00117482
0.00117606
0.00116487
0.00122415
0.00116903
0.00116928
0.00120621
0.00118231
0.00122062
0.00117804
0.00113752
0.00118858
0.00119068
0.00119921
0.00120358
0.00116481
0.00117660
0.00119583
0.00117887
0.00116583
0.00119340
0.00120638
0.00120819
0.00114682
0.00119397
0.00115868
0.00118253
0.00119853
0.00123227
0.00118145
0.00118306
0.00117837
0.00118035
0.00119968
0.00118045
0.00119669
0.00125739
0.00118965
0.00118394
0.00116253
0.00117895
0.00116063
0.00122693
0.00119865
0.00115064
0.00114175
0.00118865
0.00120171
0.00123705