0.00097741
0.00095665
0.00103551
0.00097350
0.00098179
0.00098853
0.00097649
0.00098669
0.00096145
0.00095183
0.00096317
0.00096899
0.00096806
0.00095591
0.00098680
0.00101437
0.00095536
0.00095833
0.00098646
0.00098495
0.00096198
0.00096380
0.00093815
0.00097590
0.00097205
0.00096505
0.00098035
0.00097335
0.00097434
0.00098437
0.00095505
0.00098762
0.00101592
0.00094135
0.00100293
0.00096517
0.00096165
0.00096313
0.00096480
0.00098252
0.00102827
0.00097329
0.00100934
0.00098457
0.00098139
0.00098885
0.00095989
0.00095989
0.00099594
0.00100243
0.00097138
0.00101353
0.00096445
0.00104973
0.00098679
0.00102894
0.00101166
0.00098235
0.00096376
0.00098498
0.00095346
0.00096758
0.00100503
0.00098655
0.00097278
0.00098670
0.00099217
0.00100120
0.00100105
0.00094673
0.00097330
0.00101783
0.00096484
0.00101163
0.00103966
0.00097628
0.00094179
0.00096851
0.00096548
0.00102648
0.00100767
0.00099010
0.00096938
0.00099253
0.00096588
0.00103022
0.00101291
0.00095128
0.00101165
0.00106706
0.00097016
0.00098283
0.00101802
0.00098033
0.00096750
0.00101649
0.00100908
0.00102787
0.00095952
0.00099107
0.00102021
0.00097186
0.00099267
0.00103031
0.00097281
0.00097350
0.00097870
0.00097763
0.00103900
0.00097813
0.00099697
0.00100869
0.00102726
0.00104338
0.00099177
0.00101727
0.00097160
0.00095031
0.00100435
0.00098278
0.00098749
0.00099428
0.00099100
0.00099785
0.00099172
0.00101313
0.00098289
0.00099312
0.00096861
0.00095720
0.00100132
0.00097786
0.00096545
0.00096958
0.00097392
0.00095138
0.00100581
0.00099539
0.00096894
0.00098740
0.00095666
0.00100672
0.00095433
0.00100568
0.00094036
0.00097302
0.00099838
0.00100694
0.00093015
0.00095946
0.00097226
0.00095553
0.00096785
0.00096897
0.00099840
0.00095312
0.00096441
0.00100961
0.00105178
0.00100208
0.00095918
0.00099463
0.00096297
0.00105832
0.00098824
0.00097079
0.00095842
0.00097358
0.00096541
0.00100385
0.00096291
0.00102305
0.00100179
0.00098073
0.00096242
0.00098096
0.00100841
0.00098598
0.00096900
0.00098913
0.00098905
0.00100177
0.00099369
0.00094702
0.00099522
0.00099933
0.00101788
0.00094970
0.00097791
0.00095949
0.00096209
0.00098188
0.00100603
0.00100213
0.00099353
0.00108113
0.00101495
0.00101843
0.00100803
0.00098430
0.00094981
0.00096719
0.00103952
0.00098671
0.00098385
0.00099551
0.00095016
0.00098948
0.00097408
0.00097135
0.00095182
0.00098000
0.00099928
0.00099164
0.00098347
0.00097543
0.00097701
0.00096057
0.00100608
0.00100076
0.00091602
0.00093537
0.00096294
0.00102310
0.00099875
0.00097492
0.00099257
0.00099524
0.00105989
0.00097863
0.00098938
0.00095846
0.00099866
0.00106236
0.00094981
0.00095271
0.00100341
0.00098755
0.00096810
0.00100768
0.00100382
0.00098275
0.00097345
0.00102070
0.00092930
0.00098331
0.00095528
0.00095180
0.00098926
0.00100403
0.00102821
0.00097596
0.00097456
0.00101201
0.00095459
0.00097019
0.00098387
0.00097151
0.00104860
0.00098109
0.00100212
0.00097483
0.00095990
0.00099548
0.00095305
0.00098061
0.00096903
0.00093623
0.00098392
0.00098989
0.00099742
0.00100508
0.00101081
0.00102948
0.00099316
0.00103407
0.00101195
0.00103609
0.00095626
0.00098210
0.00100172
0.00098677
0.00096269
0.00097882
0.00101117
0.00095493
0.00094842
0.00098317
0.00096916
0.00095820
0.00096435
0.00097503
0.00101651
0.00098180
0.00096663
0.00096275
0.00103268
0.00096443
0.00098747
0.00094076
0.00100488
0.00093007
0.00098144
0.00095663
0.00098432
0.00096298
0.00098522
0.00100700
0.00100643
0.00094911
0.00095698
0.00097913
0.00096269
0.00099185
0.00099030
0.00099470
0.00096939
0.00097780
0.00095893
0.00093316
0.00098706
0.00098718
0.00097038
0.00095686
0.00097028
0.00098844
0.00099591
0.00098764
0.00097385
0.00101068
0.00094728
0.00101240
0.00093392
0.00099911
0.00097873
0.00099817
0.00097028
0.00101840
0.00099898
0.00102242
0.00101877
0.00097033
0.00098881
0.00099768
0.00100493
0.00102588
0.00099853
0.00102201
0.00098695
0.00098667
0.00098587
0.00101192
0.00098837
0.00098880
0.00098713
0.00096149
0.00093595
0.00098438
0.00094321
0.00100060
0.00099727
0.00099413
0.00095394
0.00098925
0.00098483
0.00094747
0.00098646
0.00099573
0.00096190
0.00095955
0.00101606
0.00096363
0.00100555
0.00099051
0.00100762
0.00095084
0.00100080
0.00098570
0.00097856
0.00093802
0.00105967
0.00102223
0.00096379
0.00098186
0.00096880
0.00096182
0.00101289
0.00101595
0.00092602
0.00099645
0.00098707
0.00094522
0.00097959
0.00096083
0.00102467
0.00099647
0.00099704
0.00103845
0.00097436
0.00096053
0.00098403
0.00097813
0.00096362
0.00098037
0.00101584
0.00100119
0.00100526
0.00101557
0.00101717
0.00090710
0.00094574
0.00100400
0.00097217
0.00095257
0.00094315
0.00099087
0.00091229
0.00100668
0.00093226
0.00098156
0.00095433
0.00098821
0.00100329
0.00103908
0.00093851
0.00098421
0.00093936
0.00097435
0.00103564
0.00100816
0.00095877
0.00097185
0.00099181
0.00095819
0.00100607
0.00098095
0.00098897
0.00093911
0.00102978
0.00099679
0.00098288
0.00097640
0.00095539
0.00099198
0.00105147
0.00096719
0.00094253
0.00098783
0.00100582
0.00096097
0.00099412
0.00097328
0.00099819
0.00095383
0.00098734
0.00095431
0.00097532
0.00099922
0.00101644
0.00098733
0.00097119
0.00101269
0.00097310
0.00099353
0.00100340
0.00098441
0.00098312
0.00095618
0.00095193
0.00097189
0.00099113
0.00092935
0.00098237
0.00097418
0.00098453
0.00099696
0.00095893
0.00105236
0.00101884
0.00092882
0.00099885
0.00100293
0.00103322
0.00097333
0.00100714
0.00100178
0.00097689
0.00096210
0.00094437
0.00102403
0.00102523
0.00097724
0.00098668
0.00096524
0.00100842
0.00098332
0.00099100
0.00097223
0.00098475
0.00098192