0.00064227
0.00064531
0.00066076
0.00064434
0.00063380
0.00065716
0.00066506
0.00065416
0.00066350
0.00065107
0.00065333
0.00064719
0.00065317
0.00063299
0.00066674
0.00064397
0.00064842
0.00067704
0.00064439
0.00065151
0.00066563
0.00066272
0.00063924
0.00064999
0.00064283
0.00066231
0.00065385
0.00064461
0.00064605
0.00063711
0.00065694
0.00066020
0.00066569
0.00064278
0.00065184
0.00065356
0.00064996
0.00065541
0.00064094
0.00065249
0.00065719
0.00067104
0.00066230
0.00063923
0.00065025
0.00065900
0.00066914
0.00064372
0.00064995
0.00064536
0.00066252
0.00066128
0.00064549
0.00064585
0.00067762
0.00065860
0.00065149
0.00065725
0.00063950
0.00066886
0.00065907
0.00065693
0.00065104
0.00066540
0.00064628
0.00065847
0.00065533
0.00064350
0.00064809
0.00064929
0.00065174
0.00063250
0.00065357
0.00065848
0.00069260
0.00065384
0.00064559
0.00067642
0.00064716
0.00066235
0.00063453
0.00066350
0.00064947
0.00067502
0.00065117
0.00066839
0.00067024
0.00064506
0.00064970
0.00063189
0.00064946
0.00067803
0.00065892
0.00065453
0.00063916
0.00066729
0.00068090
0.00066323
0.00066543
0.00062778
0.00064814
0.00066554
0.00064714
0.00065034
0.00066752
0.00064924
0.00066695
0.00064233
0.00064254
0.00065237
0.00065330
0.00065865
0.00068057
0.00066805
0.00066785
0.00065227
0.00063275
0.00063836
0.00064976
0.00065410
0.00063990
0.00063399
0.00064085
0.00067058
0.00066931
0.00065071
0.00065917
0.00065475
0.00067015
0.00066238
0.00065359
0.00065917
0.00064946
0.00063498
0.00067035
0.00064562
0.00064660
0.00065882
0.00064042
0.00065377
0.00065361
0.00066321
0.00064910
0.00064795
0.00063772
0.00065466
0.00064687
0.00066277
0.00066405
0.00064477
0.00064875
0.00064216
0.00064124
0.00066939
0.00065200
0.00066885
0.00064585
0.00065830
0.00064191
0.00064378
0.00067381
0.00065394
0.00064627
0.00063968
0.00064451
0.00065500
0.00064449
0.00065887
0.00064208
0.00066530
0.00065090
0.00064373
0.00065248
0.00065529
0.00063663
0.00065478
0.00065561
0.00067562
0.00063551
0.00066354
0.00065883
0.00066216
0.00065888
0.00066652
0.00067204
0.00066381
0.00067145
0.00063914
0.00067050
0.00066127
0.00065906
0.00066427
0.00064888
0.00064037
0.00064950
0.00065603
0.00067385
0.00066384
0.00066278
0.00066435
0.00065709
0.00065688
0.00065119
0.00065425
0.00066587
0.00065818
0.00066451
0.00068626
0.00064318
0.00064211
0.00067188
0.00066438
0.00064374
0.00066804
0.00066512
0.00068054
0.00065164
0.00065632
0.00065797
0.00064081
0.00065666
0.00065292
0.00066537
0.00064440
0.00064539
0.00065192
0.00065313
0.00066782
0.00066320
0.00064614
0.00064375
0.00065651
0.00065549
0.00064670
0.00065696
0.00063117
0.00064594
0.00065938
0.00066986
0.00065518
0.00065589
0.00064797
0.00064064
0.00066713
0.00067528
0.00064592
0.00065295
0.00065030
0.00064272
0.00064423
0.00065927
0.00066751
0.00065215
0.00063786
0.00066855
0.00065178
0.00063747
0.00067392
0.00064822
0.00065554
0.00066027
0.00064927
0.00066166
0.00066067
0.00066322
0.00065629
0.00064892
0.00066126
0.00065720
0.00064252
0.00064595
0.00066526
0.00066241
0.00066515
0.00066015
0.00066749
0.00063758
0.00065488
0.00064569
0.00067460
0.00065177
0.00065294
0.00066079
0.00066443
0.00063653
0.00064989
0.00064790
0.00066426
0.00068176
0.00062915
0.00064893
0.00066563
0.00064096
0.00065713
0.00065135
0.00065101
0.00067503
0.00065172
0.00063982
0.00066294
0.00067063
0.00065834
0.00064943
0.00065355
0.00063673
0.00065828
0.00065312
0.00066860
0.00066842
0.00065010
0.00067278
0.00064217
0.00066736
0.00066740
0.00066074
0.00065878
0.00066332
0.00066180
0.00065471
0.00064517
0.00065057
0.00065737
0.00067352
0.00064407
0.00066938
0.00065329
0.00063654
0.00062790
0.00064890
0.00065816
0.00064406
0.00064949
0.00065295
0.00065233
0.00064856
0.00064610
0.00066078
0.00063639
0.00063475
0.00065606
0.00063950
0.00064575
0.00066001
0.00064248
0.00064199
0.00063140
0.00065882
0.00064324
0.00065055
0.00063803
0.00065580
0.00065553
0.00064637
0.00066518
0.00064348
0.00064494
0.00065026
0.00065580
0.00064535
0.00065033
0.00065157
0.00063516
0.00071296
0.00066380
0.00065002
0.00065469
0.00064888
0.00063618
0.00064194
0.00065475
0.00064341
0.00065607
0.00066536
0.00065686
0.00065403
0.00065061
0.00066492
0.00064544
0.00066205
0.00064224
0.00064707
0.00064317
0.00066157
0.00067569
0.00065593
0.00064947
0.00064875
0.00066060
0.00064460
0.00067865
0.00066325
0.00065619
0.00065638
0.00064579
0.00064964
0.00067549
0.00066275
0.00066893
0.00065883
0.00064437
0.00066997
0.00065286
0.00064400
0.00063956
0.00064416
0.00067069
0.00064680
0.00064672
0.00065153
0.00064224
0.00067543
0.00063856
0.00064402
0.00064207
0.00064336
0.00063665
0.00064828
0.00064441
0.00065311
0.00065862
0.00064666
0.00065878
0.00066507
0.00065129
0.00064319
0.00065563
0.00063645
0.00065005
0.00065380
0.00064762
0.00064870
0.00066321
0.00065870
0.00065266
0.00063982
0.00066211
0.00068409
0.00065692
0.00065493
0.00066720
0.00063305
0.00065077
0.00065199
0.00065911
0.00065636
0.00064660
0.00064605
0.00064758
0.00064138
0.00066505
0.00065436
0.00066055
0.00065217
0.00065097
0.00063821
0.00065253
0.00066190
0.00064286
0.00063578
0.00065567
0.00064533
0.00066338
0.00063760
0.00065492
0.00065106
0.00063952
0.00064872
0.00064347
0.00066388
0.00065007
0.00064024
0.00064607
0.00066495
0.00064605
0.00064806
0.00066072
0.00064752
0.00065980
0.00064961
0.00064112
0.00064698
0.00066283
0.00064765
0.00064676
0.00065747
0.00066641
0.00064674
0.00066854
0.00065253
0.00063982
0.00064535
0.00065036
0.00065894
0.00064152
0.00067125
0.00064383
0.00064516
0.00064453
0.00065443
0.00064204