0.00243313
0.00241891
0.00249036
0.00251954
0.00245804
0.00313234
0.00234311
0.00228746
0.00242483
0.00263556
0.00253388
0.00245068
0.00231415
0.00262217
0.00247916
0.00260657
0.00235988
0.00241294
0.00257284
0.00251671
0.00234065
0.00245447
0.00235918
0.00257081
0.00257281
0.00249438
0.00267574
0.00245936
0.00258234
0.00245680
0.00250352
0.00238980
0.00231675
0.00238526
0.00239379
0.00228100
0.00248322
0.00250659
0.00254585
0.00244894
0.00261926
0.00233222
0.00249184
0.00250532
0.00250533
0.00257120
0.00247332
0.00234912
0.00248475
0.00256057
0.00243537
0.00251902
0.00253232
0.00254600
0.00220401
0.00232731
0.00255876
0.00240103
0.00244275
0.00259979
0.00238662
0.00248309
0.00244451
0.00245449
0.00243144
0.00243088
0.00240079
0.00264610
0.00264007
0.00243109
0.00264874
0.00266797
0.00264962
0.00239632
0.00266875
0.00245672
0.00249286
0.00246651
0.00247181
0.00237554
0.00229291
0.00242188
0.00254018
0.00250418
0.00248735
0.00250912
0.00229270
0.00240681
0.00238077
0.00243069
0.00244410
0.00264804
0.00243130
0.00257187
0.00261769
0.00248932
0.00246596
0.00239120
0.00257521
0.00273532
0.00262110
0.00238657
0.00265366
0.00261693
0.00237903
0.00236951
0.00255060
0.00230898
0.00287693
0.00247619
0.00231739
0.00233145
0.00238375
0.00256972
0.00250204
0.00266856
0.00254559
0.00266487
0.00255246
0.00237174
0.00242199
0.00246079
0.00253575
0.00252869
0.00250452
0.00252920
0.00250888
0.00235502
0.00251647
0.00226581
0.00260823
0.00249624
0.00264514
0.00248347
0.00238695
0.00249084
0.00250133
0.00241413
0.00246050
0.00251040
0.00273337
0.00283521
0.00252327
0.00271162
0.00245212
0.00239096
0.00236103
0.00246086
0.00242630
0.00242270
0.00239191
0.00246170
0.00242251
0.00243129
0.00232341
0.00268112
0.00291409
0.00239857
0.00242504
0.00261606
0.00262866
0.00281910
0.00246949
0.00239225
0.00242467
0.00257010
0.00236844
0.00257921
0.00243863
0.00263858
0.00247779
0.00228401
0.00235361
0.00239012
0.00244029
0.00245708
0.00235477
0.00247147
0.00264064
0.00242186
0.00243728
0.00241759
0.00237806
0.00260944
0.00247649
0.00239502
0.00254917
0.00245511
0.00265716
0.00244822
0.00228707
0.00262886
0.00252876
0.00254831
0.00243133
0.00242830
0.00237062
0.00241071
0.00237291
0.00240054
0.00256725
0.00236337
0.00243954
0.00245758
0.00251661
0.00236501
0.00247207
0.00257615
0.00239611
0.00238935
0.00240586
0.00237065
0.00286780
0.00234809
0.00237617
0.00240087
0.00241723
0.00250291
0.00243673
0.00222609
0.00268761
0.00235061
0.00245358
0.00252144
0.00258437
0.00296344
0.00247621
0.00248322
0.00245032
0.00245775
0.00246536
0.00246796
0.00247978
0.00251498
0.00304182
0.00223496
0.00263275
0.00259356
0.00247466
0.00244010
0.00247039
0.00248368
0.00245899
0.00236082
0.00246655
0.00241695
0.00227536
0.00227423
0.00233686
0.00259147
0.00246926
0.00238016
0.00238814
0.00243254
0.00228203
0.00241739
0.00229274
0.00262351
0.00250471
0.00230566
0.00265376
0.00255995
0.00250735
0.00233421
0.00240548
0.00290548
0.00234729
0.00232420
0.00247066
0.00237001
0.00250618
0.00242537
0.00243350
0.00295290
0.00261738
0.00254206
0.00235664
0.00254385
0.00239136
0.00244650
0.00237953
0.00238151
0.00235068
0.00235873
0.00261410
0.00239812
0.00234313
0.00239954
0.00250653
0.00246865
0.00285742
0.00246013
0.00244560
0.00235663
0.00239253
0.00234993
0.00254417
0.00243688
0.00237076
0.00236693
0.00233862
0.00241766
0.00244308
0.00264344
0.00256459
0.00244743
0.00235559
0.00256158
0.00259235
0.00235907
0.00239169
0.00251461
0.00246694
0.00228279
0.00259864
0.00259279
0.00247045
0.00240267
0.00255033
0.00235319
0.00242191
0.00252441
0.00231993
0.00250196
0.00245042
0.00227855
0.00235076
0.00245983
0.00262126
0.00252538
0.00249850
0.00246210
0.00239122
0.00251471
0.00242637
0.00241032
0.00240747
0.00260979
0.00248130
0.00239977
0.00253092
0.00241514
0.00243139
0.00255500
0.00242412
0.00259703
0.00245015
0.00248000
0.00246142
0.00227340
0.00239180
0.00244333
0.00240308
0.00257154
0.00244561
0.00248459
0.00259485
0.00247189
0.00246383
0.00247123
0.00254375
0.00252133
0.00293629
0.00233769
0.00376583
0.00258940
0.00266120
0.00269512
0.00257574
0.00246228
0.00248393
0.00249607
0.00247255
0.00220137
0.00242509
0.00243484
0.00267896
0.00237276
0.00249564
0.00257295
0.00236613
0.00246173
0.00258671
0.00279357
0.00245024
0.00237368
0.00250406
0.00239986
0.00234418
0.00233031
0.00238947
0.00226947
0.00248724
0.00236631
0.00237744
0.00248810
0.00234383
0.00239638
0.00247094
0.00234497
0.00230073
0.00251572
0.00241681
0.00249983
0.00242139
0.00245183
0.00232574
0.00244309
0.00255124
0.00258615
0.00240501
0.00255792
0.00268999
0.00243655
0.00253679
0.00250314
0.00245510
0.00238147
0.00240665
0.00297145
0.00237024
0.00239405
0.00239979
0.00245436
0.00254822
0.00251905
0.00244927
0.00246397
0.00232438
0.00238118
0.00237518
0.00252485
0.00242824
0.00257189
0.00258830
0.00255777
0.00254029
0.00232482
0.00241055
0.00237637
0.00241917
0.00262661
0.00265741
0.00241341
0.00249220
0.00259407
0.00246439
0.00250617
0.00232274
0.00235053
0.00229351
0.00238029
0.00231066
0.00262209
0.00258636
0.00234921
0.00245888
0.00239862
0.00260042
0.00253420
0.00264785
0.00270478
0.00233492
0.00253400
0.00247135
0.00268748
0.00237480
0.00250507
0.00235572
0.00255924
0.00251812
0.00242962
0.00249042
0.00233375
0.00245487
0.00236681
0.00244302
0.00226729
0.00251784
0.00248472
0.00262593
0.00258665
0.00238636
0.00241686
0.00240750
0.00251923
0.00258065
0.00238048
0.00242845
0.00229838
0.00254830
0.00252614
0.00258791
0.00249968
0.00263282
0.00266097
0.00242923
0.00236082
0.00246435
0.00242914