0.00074209
0.00073702
0.00076860
0.00072674
0.00072167
0.00076404
0.00075775
0.00075407
0.00079592
0.00074437
0.00076334
0.00075016
0.00078020
0.00073976
0.00071276
0.00076528
0.00074865
0.00072153
0.00077154
0.00077465
0.00071673
0.00079489
0.00071614
0.00074615
0.00077968
0.00075592
0.00074783
0.00076415
0.00071467
0.00073725
0.00075252
0.00073649
0.00071476
0.00075820
0.00077491
0.00077478
0.00076655
0.00075055
0.00073705
0.00077600
0.00076005
0.00077645
0.00076061
0.00080023
0.00078758
0.00070394
0.00073806
0.00075125
0.00078571
0.00075886
0.00073677
0.00072278
0.00071743
0.00077842
0.00075440
0.00073784
0.00078060
0.00072730
0.00078162
0.00075626
0.00075360
0.00075428
0.00072898
0.00073243
0.00075024
0.00073820
0.00074599
0.00080256
0.00078368
0.00073605
0.00075764
0.00076527
0.00078639
0.00074189
0.00073453
0.00077179
0.00077087
0.00077095
0.00075213
0.00078621
0.00075393
0.00073146
0.00074779
0.00082233
0.00073798
0.00071029
0.00075372
0.00074106
0.00071389
0.00073272
0.00075060
0.00075054
0.00070349
0.00071216
0.00074006
0.00074156
0.00074601
0.00073720
0.00076674
0.00073835
0.00074244
0.00078357
0.00073917
0.00075346
0.00071328
0.00077494
0.00077248
0.00075212
0.00076477
0.00076028
0.00074043
0.00076100
0.00075052
0.00076582
0.00072277
0.00079136
0.00075103
0.00075450
0.00076912
0.00076453
0.00073311
0.00080226
0.00073124
0.00074838
0.00073492
0.00074816
0.00073235
0.00076910
0.00074889
0.00079983
0.00071972
0.00080203
0.00071515
0.00073570
0.00077155
0.00078012
0.00075490
0.00074810
0.00073289
0.00076844
0.00071336
0.00078685
0.00076042
0.00074922
0.00073801
0.00078663
0.00074288
0.00076427
0.00076919
0.00071614
0.00076691
0.00074490
0.00076090
0.00072725
0.00074213
0.00073623
0.00076019
0.00075199
0.00074829
0.00076515
0.00073772
0.00071376
0.00074234
0.00077551
0.00077278
0.00077282
0.00077144
0.00072702
0.00076246
0.00076578
0.00072536
0.00077809
0.00076249
0.00072980
0.00071497
0.00078434
0.00073271
0.00075957
0.00075267
0.00073370
0.00079782
0.00071922
0.00074911
0.00072491
0.00072781
0.00074976
0.00075604
0.00075080
0.00078922
0.00074577
0.00073327
0.00074842
0.00076995
0.00076706
0.00076073
0.00078080
0.00077907
0.00072762
0.00073543
0.00072721
0.00076075
0.00074489
0.00073754
0.00074036
0.00074490
0.00074361
0.00073290
0.00080001
0.00076834
0.00076516
0.00076829
0.00074885
0.00080941
0.00073861
0.00072250
0.00073204
0.00074968
0.00076203
0.00073206
0.00075373
0.00079026
0.00075013
0.00074800
0.00073855
0.00078088
0.00075630
0.00071653
0.00071432
0.00072469
0.00074860
0.00074017
0.00074446
0.00076485
0.00074556
0.00076660
0.00076583
0.00080126
0.00076897
0.00076504
0.00075555
0.00072591
0.00073339
0.00071842
0.00074577
0.00076722
0.00076329
0.00077107
0.00076530
0.00077038
0.00077744
0.00073664
0.00077605
0.00074640
0.00075311
0.00075304
0.00072877
0.00075392
0.00077636
0.00073337
0.00075929
0.00075262
0.00076653
0.00074037
0.00072748
0.00075471
0.00073556
0.00075346
0.00073971
0.00076579
0.00074582
0.00071800
0.00073699
0.00082385
0.00076382
0.00071930
0.00072810
0.00072998
0.00079964
0.00075470
0.00074874
0.00074620
0.00075604
0.00074437
0.00076913
0.00078531
0.00076913
0.00078320
0.00072988
0.00074422
0.00072017
0.00077312
0.00072722
0.00078340
0.00077132
0.00074120
0.00070973
0.00074805
0.00077574
0.00073462
0.00074902
0.00075516
0.00078970
0.00077974
0.00077192
0.00074528
0.00073617
0.00076683
0.00073451
0.00077246
0.00073068
0.00072177
0.00074355
0.00074370
0.00075690
0.00072223
0.00074254
0.00074689
0.00077311
0.00075258
0.00071068
0.00073153
0.00079558
0.00081785
0.00075570
0.00071492
0.00074493
0.00081379
0.00075984
0.00077529
0.00081003
0.00075580
0.00074572
0.00072572
0.00075878
0.00079954
0.00074832
0.00072736
0.00081297
0.00077088
0.00076727
0.00074100
0.00074225
0.00078153
0.00072037
0.00075721
0.00072357
0.00075396
0.00074540
0.00074886
0.00071702
0.00072109
0.00078945
0.00072286
0.00075583
0.00076894
0.00075804
0.00076154
0.00072786
0.00074434
0.00072807
0.00075304
0.00072562
0.00073460
0.00074880
0.00075341
0.00074962
0.00074039
0.00072451
0.00077057
0.00076549
0.00074089
0.00075490
0.00074603
0.00075483
0.00072872
0.00073118
0.00080969
0.00073181
0.00074717
0.00071863
0.00072996
0.00072813
0.00079505
0.00074434
0.00077300
0.00073647
0.00075671
0.00075916
0.00077041
0.00078191
0.00076652
0.00073442
0.00077527
0.00072100
0.00076302
0.00077805
0.00074110
0.00074801
0.00075154
0.00075125
0.00079379
0.00073180
0.00071892
0.00072842
0.00076552
0.00074535
0.00076635
0.00073435
0.00073150
0.00073264
0.00074657
0.00075676
0.00078381
0.00076311
0.00077052
0.00079860
0.00077618
0.00074912
0.00074359
0.00074269
0.00075779
0.00072368
0.00076798
0.00076987
0.00072619
0.00071667
0.00073189
0.00075502
0.00077804
0.00074340
0.00073935
0.00074006
0.00072616
0.00074087
0.00075051
0.00075955
0.00074214
0.00076422
0.00075335
0.00076939
0.00073103
0.00078758
0.00079584
0.00076826
0.00077834
0.00079004
0.00078758
0.00074088
0.00076571
0.00074999
0.00078531
0.00080660
0.00074819
0.00074408
0.00077625
0.00075980
0.00075891
0.00076679
0.00076778
0.00076521
0.00071611
0.00074536
0.00074935
0.00077527
0.00078154
0.00078693
0.00073932
0.00074665
0.00073424
0.00075458
0.00076210
0.00073588
0.00076558
0.00075561
0.00073803
0.00075183
0.00075644
0.00074947
0.00072842
0.00072175
0.00075772
0.00077892
0.00076425
0.00078172
0.00076148
0.00074924
0.00071468
0.00074555
0.00073604
0.00073219
0.00072963
0.00075677
0.00074357
0.00079224
0.00076658
0.00077033
0.00077294
0.00078112
0.00076993
0.00075522