0.00229022
0.00224881
0.00239122
0.00233973
0.00239356
0.00230483
0.00229458
0.00229298
0.00230563
0.00237591
0.00228286
0.00230958
0.00226133
0.00228648
0.00231490
0.00234284
0.00242241
0.00245760
0.00229125
0.00243126
0.00221765
0.00250804
0.00225859
0.00234342
0.00229106
0.00225749
0.00221794
0.00224175
0.00231968
0.00231798
0.00235753
0.00235113
0.00241259
0.00222310
0.00235566
0.00232911
0.00228551
0.00220800
0.00231106
0.00245558
0.00242572
0.00230091
0.00231200
0.00311368
0.00232010
0.00224515
0.00220253
0.00238411
0.00223475
0.00233085
0.00231436
0.00230902
0.00226092
0.00231676
0.00226530
0.00226734
0.00239034
0.00231161
0.00226462
0.00232537
0.00240355
0.00233099
0.00248896
0.00248698
0.00226319
0.00226481
0.00251997
0.00232642
0.00243699
0.00230174
0.00226576
0.00239688
0.00237498
0.00236160
0.00240336
0.00240258
0.00236629
0.00227013
0.00225493
0.00237846
0.00257821
0.00231211
0.00229074
0.00245686
0.00228033
0.00235612
0.00232400
0.00228076
0.00226194
0.00239843
0.00248473
0.00231921
0.00234910
0.00222853
0.00239937
0.00242281
0.00230983
0.00235442
0.00220454
0.00223547
0.00231808
0.00228546
0.00229423
0.00233794
0.00246458
0.00222906
0.00253956
0.00226462
0.00230842
0.00235686
0.00230242
0.00260565
0.00236461
0.00226162
0.00224270
0.00220041
0.00240276
0.00230696
0.00248816
0.00223102
0.00229152
0.00225754
0.00228540
0.00242390
0.00235870
0.00224869
0.00229891
0.00225141
0.00228792
0.00225997
0.00222692
0.00237320
0.00231134
0.00223337
0.00220101
0.00236829
0.00246778
0.00232655
0.00231613
0.00230530
0.00226661
0.00231434
0.00261714
0.00231828
0.00260902
0.00236336
0.00236717
0.00226509
0.00239874
0.00236915
0.00241073
0.00228824
0.00212785
0.00221911
0.00228140
0.00233950
0.00214765
0.00232631
0.00236415
0.00222899
0.00234735
0.00235887
0.00228264
0.00225092
0.00232188
0.00221998
0.00263448
0.00236896
0.00231895
0.00256561
0.00235853
0.00232121
0.00227606
0.00224965
0.00238398
0.00241161
0.00225203
0.00252069
0.00236857
0.00225901
0.00234553
0.00227746
0.00239164
0.00238541
0.00245818
0.00232248
0.00227543
0.00238693
0.00234036
0.00225286
0.00235295
0.00232074
0.00239004
0.00257378
0.00220833
0.00257341
0.00233715
0.00224258
0.00234218
0.00238217
0.00220908
0.00236663
0.00240639
0.00230626
0.00232608
0.00238031
0.00286840
0.00231439
0.00222753
0.00232549
0.00243217
0.00236708
0.00233702
0.00227728
0.00235281
0.00233202
0.00232556
0.00234531
0.00231733
0.00239177
0.00241771
0.00234288
0.00239729
0.00229599
0.00239819
0.00243645
0.00226355
0.00234603
0.00230248
0.00240501
0.00225604
0.00230073
0.00231082
0.00225081
0.00245050
0.00246126
0.00243458
0.00226812
0.00226718
0.00240458
0.00231398
0.00218211
0.00232913
0.00226480
0.00246941
0.00232430
0.00224792
0.00227576
0.00243976
0.00234605
0.00235118
0.00258460
0.00240355
0.00228509
0.00237675
0.00225649
0.00238083
0.00226656
0.00232291
0.00235833
0.00228890
0.00236163
0.00233447
0.00227656
0.00231559
0.00228658
0.00226025
0.00219966
0.00216289
0.00230126
0.00232692
0.00235324
0.00232814
0.00216317
0.00240367
0.00223248
0.00218118
0.00239774
0.00228152
0.00232094
0.00228720
0.00238605
0.00237608
0.00238681
0.00229810
0.00235649
0.00226335
0.00240188
0.00237231
0.00235429
0.00254897
0.00244378
0.00233851
0.00227368
0.00223642
0.00226684
0.00217519
0.00235106
0.00223846
0.00232046
0.00226098
0.00234126
0.00245237
0.00239004
0.00234685
0.00237778
0.00230479
0.00233669
0.00240839
0.00241343
0.00223408
0.00232349
0.00243312
0.00231361
0.00237162
0.00226809
0.00228676
0.00234941
0.00226805
0.00229554
0.00242913
0.00227189
0.00243265
0.00238266
0.00228818
0.00227588
0.00229334
0.00230437
0.00213800
0.00225592
0.00258723
0.00229758
0.00228652
0.00235281
0.00240836
0.00227800
0.00232719
0.00231186
0.00238057
0.00226507
0.00230993
0.00234297
0.00220864
0.00230840
0.00237830
0.00224599
0.00241997
0.00239826
0.00238519
0.00226953
0.00234368
0.00227654
0.00234273
0.00231114
0.00222367
0.00230410
0.00232808
0.00243508
0.00253641
0.00252223
0.00233634
0.00239965
0.00230382
0.00236501
0.00219002
0.00243378
0.00238327
0.00243904
0.00235887
0.00223663
0.00236151
0.00230471
0.00224211
0.00232538
0.00255040
0.00240499
0.00247297
0.00226408
0.00227834
0.00227270
0.00237232
0.00274355
0.00224281
0.00218784
0.00227079
0.00226062
0.00226769
0.00220056
0.00244974
0.00240823
0.00226763
0.00229823
0.00228279
0.00233135
0.00235047
0.00230436
0.00239845
0.00239402
0.00228698
0.00230076
0.00239881
0.00242074
0.00228830
0.00235133
0.00224161
0.00234418
0.00241202
0.00237141
0.00238162
0.00241300
0.00237333
0.00255594
0.00227598
0.00247923
0.00237150
0.00226012
0.00231656
0.00222706
0.00221851
0.00233079
0.00227328
0.00236086
0.00235920
0.00227796
0.00230698
0.00255409
0.00225625
0.00238974
0.00261360
0.00241503
0.00251991
0.00224824
0.00231499
0.00224377
0.00222428
0.00232160
0.00221897
0.00244639
0.00234317
0.00241036
0.00249001
0.00250532
0.00226742
0.00246171
0.00241904
0.00222265
0.00229714
0.00240322
0.00247615
0.00235320
0.00232545
0.00220169
0.00229793
0.00227837
0.00234509
0.00232545
0.00223814
0.00233635
0.00244853
0.00220192
0.00225940
0.00226111
0.00239709
0.00235695
0.00230740
0.00234350
0.00246965
0.00229064
0.00245765
0.00231221
0.00253032
0.00226753
0.00241387
0.00242968
0.00230702
0.00220747
0.00235916
0.00223942
0.00228620
0.00232853
0.00228450
0.00242114
0.00236489
0.00236575
0.00222397
0.00233662
0.00240974
0.00232207
0.00235577
0.00223957
0.00231907
0.00234006
0.00222418
0.00225005
0.00232221
0.00229417
0.00233537
0.00235239
0.00244160
0.00230000