0.00468551
0.00506711
0.00462759
0.00551617
0.00448700
0.00465894
0.00519751
0.00476357
0.00506716
0.00461123
0.00508795
0.00483271
0.00473132
0.00500577
0.00446211
0.00440036
0.00480637
0.00522853
0.00459239
0.00493042
0.00502639
0.00454431
0.00480266
0.00465180
0.00450079
0.00483813
0.00459625
0.00535617
0.00465890
0.00478581
0.00473726
0.00475496
0.00464994
0.00532306
0.00470219
0.00457037
0.00552718
0.00478788
0.00533337
0.00455736
0.00491376
0.00504447
0.00446484
0.00448171
0.00454811
0.00464279
0.00459115
0.00494646
0.00535884
0.00466023
0.00495743
0.00477569
0.00488514
0.00451530
0.00524430
0.00519654
0.00461732
0.00460867
0.00503620
0.00474739
0.00523297
0.00469047
0.00586467
0.00487466
0.00578639
0.00469022
0.00478370
0.00491764
0.00486146
0.00511032
0.00490707
0.00484675
0.00570420
0.00470499
0.00469723
0.00444533
0.00452646
0.00489293
0.00573567
0.00464206
0.00462920
0.00495968
0.00442210
0.00466568
0.00493410
0.00433227
0.00490672
0.00479724
0.00433433
0.00455871
0.00494337
0.00465958
0.00607150
0.00484863
0.00429463
0.00448936
0.00452239
0.00455576
0.00478797
0.00504008
0.00493629
0.00474252
0.00504148
0.00464083
0.00454385
0.00483082
0.00420602
0.00519958
0.00447798
0.00451243
0.00441855
0.00461827
0.00448961
0.00488547
0.00470101
0.00521417
0.00460595
0.00483014
0.00450059
0.00485121
0.00451157
0.00504868
0.00520377
0.00447188
0.00491491
0.00499351
0.00465197
0.00497513
0.00485853
0.00495388
0.00479129
0.00480630
0.00499348
0.00546077
0.00446519
0.00460119
0.00502246
0.00455695
0.00462453
0.00436668
0.00472423
0.00484313
0.00469619
0.00475409
0.00487230
0.00513459
0.00456293
0.00493167
0.00619585
0.00454611
0.00498249
0.00441546
0.00480229
0.00462086
0.00463640
0.00515736
0.00440290
0.00465984
0.00461364
0.00473862
0.00459069
0.00492089
0.00471545
0.00521646
0.00533239
0.00506534
0.00516598
0.00474682
0.00488322
0.00477646
0.00504490
0.00491671
0.00454926
0.00491928
0.00465826
0.00478309
0.00505090
0.00484608
0.00484283
0.00481465
0.00495184
0.00497625
0.00523395
0.00442929
0.00500532
0.00481293
0.00497058
0.00535732
0.00447638
0.00494291
0.00449484
0.00508131
0.00464540
0.00521547
0.00467633
0.00455674
0.00519408
0.00445742
0.00438061
0.00469559
0.00453601
0.00475623
0.00489844
0.00466346
0.00475227
0.00432768
0.00476786
0.00477348
0.00488105
0.00457483
0.00518288
0.00426739
0.00465924
0.00490132
0.00506964
0.00518185
0.00471417
0.00756930
0.00537310
0.00502360
0.00607485
0.00507925
0.00505918
0.00489339
0.00472497
0.00475612
0.00511849
0.00466561
0.00547557
0.00473240
0.00456583
0.00471037
0.00450125
0.00475073
0.00505948
0.00485839
0.00506454
0.00464023
0.00454351
0.00465533
0.00475074
0.00461066
0.00446999
0.00547732
0.00496321
0.00471886
0.00466772
0.00479418
0.00462643
0.00450900
0.00443402
0.00492187
0.00489439
0.00491265
0.00530512
0.00477943
0.00450258
0.00475026
0.00553393
0.00490943
0.00465949
0.00476328
0.00455954
0.00478694
0.00465805
0.00507123
0.00483262
0.00588722
0.00481902
0.00438960
0.00479514
0.00498057
0.00557635
0.00529383
0.00468340
0.00486218
0.00496112
0.00520298
0.00553053
0.00522278
0.00451086
0.00456398
0.00519655
0.00480378
0.00490001
0.00465142
0.00455189
0.00459341
0.00452037
0.00482330
0.00475643
0.00475507
0.00494375
0.00503590
0.00513488
0.00467208
0.00491915
0.00499133
0.00478869
0.00466204
0.00465790
0.00440749
0.00470358
0.00527385
0.00478008
0.00482766
0.00494705
0.00437504
0.00478771
0.00547369
0.00438962
0.00500445
0.00528618
0.00488074
0.00488546
0.00515952
0.00473722
0.00528039
0.00464101
0.00533973
0.00467320
0.00543129
0.00495023
0.00517717
0.00480185
0.00492232
0.00482149
0.00478408
0.00460226
0.00512476
0.00506774
0.00466258
0.00466214
0.00447886
0.00489187
0.00511847
0.00488391
0.00502445
0.00497567
0.00484352
0.00452305
0.00473202
0.00494229
0.00535297
0.00509596
0.00567115
0.00538748
0.00516143
0.00445859
0.00528429
0.00483320
0.00474206
0.00507444
0.00516746
0.00481175
0.00492357
0.00490558
0.00506744
0.00509833
0.00477307
0.00507463
0.00472781
0.00453819
0.00454074
0.00465531
0.00492744
0.00472619
0.00439148
0.00440753
0.00624074
0.00458329
0.00521389
0.00508211
0.00512623
0.00497730
0.00457006
0.00479004
0.00470037
0.00470680
0.00480197
0.00490399
0.00514092
0.00475132
0.00512411
0.00455527
0.00549839
0.00477308
0.00477796
0.00499760
0.00464520
0.00437720
0.00527668
0.00468958
0.00487081
0.00462005
0.00487586
0.00581267
0.00453026
0.00438749
0.00454739
0.00476461
0.00519904
0.00442469
0.00441239
0.01191123
0.00510792
0.00494946
0.00481561
0.00462747
0.00518346
0.00448643
0.00501249
0.00452329
0.00447707
0.00449612
0.00483005
0.00455693
0.00479067
0.00500629
0.00474789
0.00442813
0.00499510
0.00468367
0.00527872
0.00461447
0.00450846
0.00452390
0.00502947
0.00461267
0.00513053
0.00533791
0.00448595
0.00569599
0.00475979
0.00472382
0.00501279
0.00436450
0.00463846
0.00552614
0.00423565
0.00519631
0.00504655
0.00463142
0.00515077
0.00478462
0.00466383
0.00528540
0.00476268
0.00454190
0.00464193
0.00472843
0.00646098
0.00467131
0.00536001
0.00446175
0.00477986
0.00484048
0.00478877
0.00474765
0.00501150
0.00491228
0.00486795
0.00469295
0.00478408
0.00463518
0.00467285
0.00477323
0.00512409
0.00450191
0.00592097
0.00502767
0.00438091
0.00474367
0.00453003
0.00488003
0.00468662
0.00459855
0.00461303
0.00469942
0.00462697
0.00494108
0.00464709
0.00507926
0.00453943
0.00458634
0.00462425
0.00537041
0.00432904
0.00453463
0.00456963
0.00460432
0.00495449
0.00488482
0.00487119
0.00456147
0.00442430
0.00502553
0.00464615
0.00517756
0.00515864