0.00168637
0.00172821
0.00172161
0.00177456
0.00168886
0.00166743
0.00169391
0.00184619
0.00177933
0.00171911
0.00169400
0.00172569
0.00171630
0.00171956
0.00182285
0.00167067
0.00172451
0.00171771
0.00173460
0.00173881
0.00168839
0.00175045
0.00170022
0.00167573
0.00171252
0.00168126
0.00174908
0.00176479
0.00181314
0.00176282
0.00171100
0.00173535
0.00165180
0.00183868
0.00171468
0.00180042
0.00166728
0.00175438
0.00177356
0.00172569
0.00171853
0.00175139
0.00172494
0.00177215
0.00182057
0.00173678
0.00175699
0.00173647
0.00168554
0.00171536
0.00175175
0.00169595
0.00169058
0.00176207
0.00178686
0.00174252
0.00174019
0.00181036
0.00169950
0.00171097
0.00172015
0.00175005
0.00170797
0.00172390
0.00174650
0.00172274
0.00178874
0.00182930
0.00174226
0.00174254
0.00172234
0.00172806
0.00175650
0.00173293
0.00170116
0.00182285
0.00172265
0.00169934
0.00172703
0.00170367
0.00179480
0.00170952
0.00184338
0.00173801
0.00171706
0.00170388
0.00169044
0.00175929
0.00184668
0.00171967
0.00177198
0.00176640
0.00172979
0.00172900
0.00172500
0.00175618
0.00172730
0.00177576
0.00172105
0.00172396
0.00173788
0.00176285
0.00177279
0.00169801
0.00168422
0.00176434
0.00176979
0.00171506
0.00173161
0.00184962
0.00179008
0.00166843
0.00172923
0.00174523
0.00170025
0.00176657
0.00174765
0.00172758
0.00170329
0.00179606
0.00168609
0.00171378
0.00180224
0.00172724
0.00172966
0.00169851
0.00174103
0.00179514
0.00174918
0.00175402
0.00175685
0.00171418
0.00178699
0.00172167
0.00166852
0.00170963
0.00185740
0.00167248
0.00178519
0.00184744
0.00177153
0.00181253
0.00167921
0.00170691
0.00164184
0.00176637
0.00174370
0.00168856
0.00170454
0.00178172
0.00173012
0.00171974
0.00172114
0.00170467
0.00174410
0.00174057
0.00169959
0.00170763
0.00170425
0.00168234
0.00172628
0.00172530
0.00168382
0.00177827
0.00170650
0.00174080
0.00169856
0.00185421
0.00171487
0.00171851
0.00184029
0.00178967
0.00167221
0.00182447
0.00182830
0.00176620
0.00168614
0.00173432
0.00172354
0.00173940
0.00175794
0.00178716
0.00167442
0.00163265
0.00173546
0.00173535
0.00178262
0.00171006
0.00170156
0.00169992
0.00167824
0.00170272
0.00175326
0.00174023
0.00168487
0.00169872
0.00176788
0.00174766
0.00177131
0.00171058
0.00171499
0.00168684
0.00170157
0.00174977
0.00171024
0.00177791
0.00172092
0.00170222
0.00168328
0.00183674
0.00169863
0.00179998
0.00179010
0.00173679
0.00169847
0.00169525
0.00175579
0.00182872
0.00174514
0.00167020
0.00167152
0.00168421
0.00171307
0.00171555
0.00177512
0.00171465
0.00166209
0.00177766
0.00179973
0.00170772
0.00175988
0.00176206
0.00171354
0.00173293
0.00172976
0.00170191
0.00178483
0.00169935
0.00170255
0.00175301
0.00169873
0.00170280
0.00174204
0.00177439
0.00172077
0.00172788
0.00173595
0.00173644
0.00174199
0.00171019
0.00181042
0.00173045
0.00169635
0.00174793
0.00167953
0.00173757
0.00183029
0.00170429
0.00167383
0.00174274
0.00170345
0.00178215
0.00182996
0.00177568
0.00175539
0.00175534
0.00169892
0.00170097
0.00173684
0.00169865
0.00182265
0.00174512
0.00171610
0.00167222
0.00167123
0.00166084
0.00167535
0.00176471
0.00167290
0.00171397
0.00177345
0.00179560
0.00174083
0.00169203
0.00176560
0.00173762
0.00175436
0.00172764
0.00177831
0.00171084
0.00173619
0.00175988
0.00173242
0.00172184
0.00173612
0.00168370
0.00173700
0.00178509
0.00176748
0.00177511
0.00170960
0.00176695
0.00171057
0.00169270
0.00173396
0.00176675
0.00168772
0.00188544
0.00173839
0.00172463
0.00178458
0.00168608
0.00174344
0.00173687
0.00175143
0.00181727
0.00175060
0.00178851
0.00171665
0.00171341
0.00185394
0.00171536
0.00183547
0.00171968
0.00181269
0.00168551
0.00173524
0.00174284
0.00177203
0.00168824
0.00177379
0.00177404
0.00178292
0.00166253
0.00167675
0.00182973
0.00175406
0.00173411
0.00164217
0.00165937
0.00170529
0.00171838
0.00175123
0.00166411
0.00176421
0.00182741
0.00180994
0.00176468
0.00167903
0.00171709
0.00168441
0.00166342
0.00168344
0.00178208
0.00168792
0.00173671
0.00176189
0.00173960
0.00178434
0.00167812
0.00166230
0.00173430
0.00169579
0.00174740
0.00168477
0.00174437
0.00177058
0.00172277
0.00166419
0.00169086
0.00181621
0.00177289
0.00168948
0.00170863
0.00181804
0.00179560
0.00175416
0.00171190
0.00171019
0.00165901
0.00174312
0.00175080
0.00171855
0.00169200
0.00181712
0.00169294
0.00172432
0.00170275
0.00172880
0.00171157
0.00176013
0.00165977
0.00178218
0.00170849
0.00177591
0.00174143
0.00177922
0.00176717
0.00169905
0.00173513
0.00174831
0.00171390
0.00169479
0.00185439
0.00173608
0.00171696
0.00166965
0.00176570
0.00168346
0.00173638
0.00176626
0.00169219
0.00177858
0.00182978
0.00172004
0.00176635
0.00166204
0.00166647
0.00172105
0.00171896
0.00180263
0.00164538
0.00175288
0.00169896
0.00173435
0.00175909
0.00167148
0.00178985
0.00172096
0.00168636
0.00187450
0.00162872
0.00169170
0.00171949
0.00177263
0.00173144
0.00166529
0.00181952
0.00177306
0.00165287
0.00178397
0.00174256
0.00166365
0.00170926
0.00172816
0.00175020
0.00171063
0.00178366
0.00171725
0.00173622
0.00174309
0.00168575
0.00171602
0.00169402
0.00173143
0.00180236
0.00176529
0.00173115
0.00177447
0.00169403
0.00175198
0.00177316
0.00169362
0.00173227
0.00172159
0.00170621
0.00170134
0.00169354
0.00170361
0.00175529
0.00171201
0.00175452
0.00178334
0.00180227
0.00173561
0.00171565
0.00184098
0.00167216
0.00172883
0.00174672
0.00167632
0.00172497
0.00174967
0.00174448
0.00170884
0.00178251
0.00168764
0.00170803
0.00183650
0.00170636
0.00172830
0.00178829
0.00183059
0.00179196
0.00171392
0.00172035
0.00174206
0.00174313
0.00172454
0.00175108