0.00115414
0.00112493
0.00116915
0.00111000
0.00106625
0.00105144
0.00106366
0.00106176
0.00103601
0.00114001
0.00104718
0.00108697
0.00104732
0.00117795
0.00107511
0.00106543
0.00109887
0.00115386
0.00117471
0.00106853
0.00106592
0.00115852
0.00109228
0.00111137
0.00101132
0.00104579
0.00102402
0.00109988
0.00112729
0.00110896
0.00104158
0.00111077
0.00116253
0.00116073
0.00102941
0.00102777
0.00109483
0.00112477
0.00107726
0.00107905
0.00106152
0.00106540
0.00102854
0.00115338
0.00111613
0.00106913
0.00106469
0.00102803
0.00107458
0.00105010
0.00113947
0.00112997
0.00103694
0.00108213
0.00107055
0.00113257
0.00106233
0.00110088
0.00105658
0.00109017
0.00108291
0.00106102
0.00116038
0.00112356
0.00113560
0.00104962
0.00107358
0.00108546
0.00108734
0.00109519
0.00110965
0.00109852
0.00110172
0.00105384
0.00111840
0.00113621
0.00111520
0.00105043
0.00112205
0.00112338
0.00116348
0.00103291
0.00114182
0.00106600
0.00108880
0.00111355
0.00108710
0.00108378
0.00105593
0.00110863
0.00107242
0.00108554
0.00100936
0.00104702
0.00114184
0.00109342
0.00109862
0.00105594
0.00106311
0.00112039
0.00103676
0.00116095
0.00105367
0.00105932
0.00111358
0.00108659
0.00107534
0.00105991
0.00101980
0.00113858
0.00104994
0.00109734
0.00113117
0.00108558
0.00109072
0.00104243
0.00116796
0.00115182
0.00106214
0.00117539
0.00103472
0.00133935
0.00109253
0.00113002
0.00108083
0.00115601
0.00101741
0.00106314
0.00112645
0.00107338
0.00108017
0.00107494
0.00106803
0.00107090
0.00110464
0.00111683
0.00112165
0.00113548
0.00109437
0.00108263
0.00105756
0.00134681
0.00107990
0.00104536
0.00108236
0.00108154
0.00109393
0.00105739
0.00109384
0.00110412
0.00125042
0.00117102
0.00104887
0.00112422
0.00107658
0.00105318
0.00106418
0.00106560
0.00116513
0.00105204
0.00111443
0.00107947
0.00114541
0.00114006
0.00110165
0.00107685
0.00106981
0.00105827
0.00110957
0.00103066
0.00110425
0.00103937
0.00104638
0.00108169
0.00103690
0.00110716
0.00107485
0.00101759
0.00109866
0.00119871
0.00108484
0.00106865
0.00101686
0.00104697
0.00123019
0.00107537
0.00108726
0.00104499
0.00104871
0.00100383
0.00103826
0.00101190
0.00111287
0.00107892
0.00122056
0.00106433
0.00108089
0.00111608
0.00106738
0.00105185
0.00109083
0.00118139
0.00133010
0.00106363
0.00110405
0.00103082
0.00107581
0.00108518
0.00111525
0.00110088
0.00102766
0.00107176
0.00108046
0.00105803
0.00101997
0.00110085
0.00115606
0.00115061
0.00109330
0.00107841
0.00104443
0.00107142
0.00103184
0.00103266
0.00103117
0.00105758
0.00112966
0.00111103
0.00104593
0.00119595
0.00108637
0.00119215
0.00109666
0.00102565
0.00109840
0.00110308
0.00107706
0.00112593
0.00106080
0.00108345
0.00105913
0.00104111
0.00108472
0.00104268
0.00106006
0.00107165
0.00112966
0.00119819
0.00112468
0.00114917
0.00103164
0.00100319
0.00104369
0.00105307
0.00110627
0.00111068
0.00111117
0.00129926
0.00109265
0.00113786
0.00103062
0.00105079
0.00106733
0.00108941
0.00111825
0.00105855
0.00108840
0.00108097
0.00103830
0.00113018
0.00103129
0.00109673
0.00099006
0.00110001
0.00112316
0.00105751
0.00112517
0.00104456
0.00106194
0.00101992
0.00101913
0.00110768
0.00110751
0.00104411
0.00109408
0.00111987
0.00103624
0.00101367
0.00112445
0.00107395
0.00113169
0.00129932
0.00107060
0.00103753
0.00120685
0.00103354
0.00111265
0.00106935
0.00105539
0.00105445
0.00111629
0.00106127
0.00111271
0.00113711
0.00106211
0.00100267
0.00114386
0.00109280
0.00112847
0.00102122
0.00121476
0.00105701
0.00110200
0.00102524
0.00104759
0.00104503
0.00099646
0.00111318
0.00107916
0.00104439
0.00113365
0.00100426
0.00111894
0.00102750
0.00103971
0.00105063
0.00106969
0.00108874
0.00109750
0.00107600
0.00100014
0.00107700
0.00106755
0.00106139
0.00114226
0.00111324
0.00102322
0.00111645
0.00111215
0.00116425
0.00114260
0.00112957
0.00110040
0.00108058
0.00103074
0.00111952
0.00112039
0.00104224
0.00112799
0.00125267
0.00101832
0.00106648
0.00104004
0.00106651
0.00112142
0.00113919
0.00103509
0.00105081
0.00112774
0.00106538
0.00106235
0.00106568
0.00110480
0.00108883
0.00106729
0.00121011
0.00101872
0.00107611
0.00108826
0.00103760
0.00107611
0.00104802
0.00113169
0.00116089
0.00100076
0.00105169
0.00110658
0.00105965
0.00104173
0.00116220
0.00105420
0.00105696
0.00103635
0.00113298
0.00111257
0.00111332
0.00116901
0.00104409
0.00107322
0.00106060
0.00108097
0.00107633
0.00105510
0.00100577
0.00106789
0.00107861
0.00108897
0.00110247
0.00109523
0.00116434
0.00114483
0.00102091
0.00107946
0.00113222
0.00109987
0.00110995
0.00110857
0.00113030
0.00108576
0.00112528
0.00108956
0.00103948
0.00112490
0.00103764
0.00102659
0.00112279
0.00103069
0.00106720
0.00110127
0.00106385
0.00109554
0.00104868
0.00110149
0.00105560
0.00107208
0.00105913
0.00105657
0.00107965
0.00103053
0.00104606
0.00108981
0.00108230
0.00111280
0.00108539
0.00105513
0.00107436
0.00112265
0.00106097
0.00114532
0.00105932
0.00105488
0.00106818
0.00114060
0.00110486
0.00109199
0.00103589
0.00102073
0.00115027
0.00105151
0.00105989
0.00104979
0.00102430
0.00108479
0.00115126
0.00106456
0.00102597
0.00109868
0.00110021
0.00110397
0.00110169
0.00110850
0.00123374
0.00106132
0.00100629
0.00106903
0.00117673
0.00100706
0.00107572
0.00105299
0.00106450
0.00108400
0.00107075
0.00116640
0.00107290
0.00107938
0.00112324
0.00116850
0.00117332
0.00108205
0.00105801
0.00114478
0.00103217
0.00109048
0.00106845
0.00111000
0.00107667
0.00108021
0.00106218
0.00109565
0.00115550
0.00107142
0.00116567
0.00110132
0.00121339
0.00115414
0.00107198
0.00103392
0.00118944
0.00122169
0.00103822