0.00596978
0.00494588
0.00711233
0.00559433
0.00530379
0.00599441
0.00496992
0.00512361
0.00606544
0.00595521
0.00522240
0.00549109
0.00560626
0.00576414
0.00623858
0.00534446
0.00523768
0.00547574
0.00604763
0.00540736
0.00522650
0.00556760
0.00489948
0.00469281
0.00634942
0.00529959
0.00476159
0.00553220
0.00530243
0.00487395
0.00503286
0.00625459
0.00592332
0.00508744
0.00524585
0.00567863
0.00459030
0.00516054
0.00457916
0.00569319
0.00540431
0.00608184
0.00484119
0.00521040
0.00572051
0.00474718
0.00481843
0.00749478
0.00489441
0.00621450
0.00542792
0.00571421
0.00487612
0.00545676
0.00525363
0.00508208
0.00673686
0.00625311
0.00522643
0.00520387
0.00511390
0.00582051
0.00522304
0.00617871
0.00487583
0.00566356
0.00506829
0.00484660
0.00512856
0.00562210
0.00507660
0.00550717
0.00534009
0.00540706
0.00520508
0.00483924
0.00549970
0.00596857
0.00482601
0.00528298
0.00525342
0.00606370
0.00711792
0.00554408
0.00561998
0.00573495
0.00532706
0.00677852
0.00721334
0.00624762
0.00557701
0.00585121
0.00524061
0.00503531
0.00465738
0.00533549
0.00601660
0.00522780
0.00520510
0.00495322
0.00504915
0.00517445
0.00562999
0.00578803
0.00569279
0.00549401
0.00511473
0.00535076
0.00563693
0.00619396
0.00609846
0.00500110
0.00584319
0.00552949
0.00559621
0.00483078
0.00550399
0.00550594
0.00619294
0.00571782
0.00470458
0.00482044
0.00580869
0.00583135
0.00525938
0.00553946
0.00555860
0.00508909
0.00523464
0.00508811
0.00508722
0.00486271
0.00595790
0.00530376
0.00560976
0.00501997
0.00527902
0.00573289
0.00526362
0.00502064
0.00614628
0.00499460
0.00606257
0.00511396
0.00577828
0.00519857
0.00555065
0.00575975
0.00585535
0.00529602
0.00556719
0.00488385
0.00489981
0.00533277
0.00481990
0.00505313
0.00812235
0.00515372
0.00600864
0.00567958
0.00461708
0.00625044
0.00573964
0.00487661
0.00616520
0.00525564
0.00538808
0.00573999
0.00570154
0.00542671
0.00530121
0.00481053
0.00595105
0.00699705
0.00559432
0.00549391
0.00505635
0.00526062
0.00544166
0.00468209
0.00477594
0.00569438
0.00543996
0.00511559
0.00498602
0.00682929
0.00524277
0.00561995
0.00561259
0.00553172
0.00565950
0.00563993
0.00517010
0.00559290
0.00513775
0.00486455
0.00485591
0.00565012
0.00510849
0.00517280
0.00591640
0.00517860
0.00489939
0.00559741
0.00556704
0.00580079
0.00617553
0.00544138
0.00569776
0.00590578
0.00523748
0.00530524
0.00568669
0.00528543
0.00552888
0.00623981
0.00516395
0.00552205
0.00546617
0.00593435
0.00547072
0.00475341
0.00519656
0.00531578
0.00521658
0.00440320
0.00565753
0.00500445
0.00541257
0.00526985
0.00501908
0.00544237
0.00517659
0.00496046
0.00594485
0.00495899
0.00460257
0.00737065
0.00506763
0.00482854
0.00541963
0.00524123
0.00595269
0.00541997
0.00516761
0.00547882
0.00718460
0.00532770
0.00658259
0.00488789
0.00482091
0.00511407
0.00653200
0.00554766
0.00603558
0.00513119
0.00547627
0.00485388
0.00484142
0.00556004
0.00531872
0.00468314
0.00520262
0.00575528
0.00478201
0.00496959
0.00498502
0.00701108
0.00500161
0.00519365
0.00551554
0.00473620
0.00547928
0.00527327
0.00588070
0.00532117
0.00505037
0.00491853
0.00557089
0.00502994
0.00522024
0.00534483
0.00534257
0.00496035
0.00509093
0.00597956
0.00506317
0.00572387
0.00523643
0.00511303
0.00495672
0.00571263
0.00562039
0.00583263
0.00492295
0.00626416
0.00544214
0.00597210
0.00593912
0.00575675
0.00594817
0.00509112
0.00538517
0.00500476
0.00492052
0.00567485
0.00633580
0.00549372
0.00563378
0.00479776
0.00499383
0.00499838
0.00612728
0.00512845
0.00821140
0.00547969
0.00486825
0.00607645
0.00537400
0.00511447
0.00475440
0.00548135
0.00483971
0.00545454
0.00628006
0.00546552
0.00503252
0.00496783
0.00543174
0.00559869
0.00523675
0.00517424
0.00643051
0.00544248
0.00495211
0.00549662
0.00546914
0.00511676
0.00628655
0.00501612
0.00483032
0.00800481
0.00516762
0.00562932
0.00471570
0.00546181
0.00499192
0.00651943
0.00655178
0.00549887
0.00513987
0.00626970
0.00492375
0.00532312
0.00736562
0.00535834
0.00520544
0.00585988
0.00606016
0.00540416
0.00583338
0.00596328
0.01738734
0.00514192
0.00449769
0.00518648
0.00515289
0.00524236
0.00490548
0.00718049
0.00667607
0.00553578
0.00491348
0.00573371
0.00484159
0.00505492
0.00553551
0.00639505
0.00639829
0.00494039
0.00535494
0.00592709
0.00503504
0.00565817
0.00505318
0.00592195
0.00526033
0.00469416
0.00577433
0.00538609
0.00481432
0.00566481
0.00520010
0.00571029
0.00543012
0.00481016
0.00462717
0.00575892
0.00520418
0.00552123
0.00516179
0.00671388
0.00521790
0.00572354
0.00530643
0.00571838
0.00491718
0.00515219
0.00646326
0.00458407
0.00556968
0.00555178
0.00565286
0.00565834
0.00543781
0.00546270
0.00545096
0.00574926
0.00513303
0.00599252
0.00611458
0.00497697
0.00575114
0.00581597
0.00603850
0.00501635
0.00538714
0.00523340
0.00498508
0.00583787
0.00521718
0.00492339
0.00486693
0.00517890
0.00588819
0.00598754
0.00526876
0.00526600
0.00544925
0.00480815
0.00511867
0.00587347
0.00669807
0.00498766
0.00580134
0.00541975
0.00747425
0.00526662
0.00468858
0.00505287
0.00605178
0.00494224
0.00572233
0.00506154
0.00512174
0.00509963
0.00482431
0.00616803
0.00576328
0.00587018
0.00593708
0.00536951
0.00482996
0.00513693
0.00521675
0.00576988
0.00514328
0.00597129
0.00765343
0.00589945
0.00518651
0.00481850
0.00598839
0.00468876
0.00543319
0.00551221
0.00754960
0.00553231
0.00523562
0.00564726
0.00591357
0.00846845
0.00570296
0.00522108
0.00501382
0.00543407
0.00502297
0.00519193
0.00516126
0.00513898
0.00523445
0.00543725
0.00518478
0.00544090
0.00571460
0.00508324
0.00589235
0.00543299
0.00495401
0.00606823