0.00421809
0.00441934
0.00434356
0.00444729
0.00423641
0.00422881
0.00469581
0.00427913
0.00453645
0.00430963
0.00452153
0.00437500
0.00431115
0.00471292
0.00442324
0.00445479
0.00469757
0.00450010
0.00488109
0.00451049
0.00444238
0.00427426
0.00465768
0.00452944
0.00455319
0.00452479
0.00449019
0.00473536
0.00485698
0.00426167
0.00448431
0.00434402
0.00446697
0.00453714
0.00444138
0.00430062
0.00530918
0.00470206
0.00441817
0.00439880
0.00443099
0.00435542
0.00438690
0.00445836
0.00436385
0.00415337
0.00455542
0.00446176
0.00451440
0.00443043
0.00427496
0.00449652
0.00425559
0.00440481
0.00415766
0.00442661
0.00434604
0.00431075
0.00466808
0.00449724
0.00524735
0.00436410
0.00465334
0.00471338
0.00448224
0.00466828
0.00471639
0.00449012
0.00449482
0.00454425
0.00441802
0.00464806
0.00418892
0.00421415
0.00489098
0.00438798
0.00484223
0.00424604
0.00444442
0.00435691
0.00488866
0.00441364
0.00469596
0.00431843
0.00432314
0.00449504
0.00471004
0.00431128
0.00480779
0.00448933
0.00456932
0.00464472
0.00441668
0.00490947
0.00429030
0.00483629
0.00470550
0.00436312
0.00460153
0.00488152
0.00448477
0.00411866
0.00436196
0.00450144
0.00455970
0.00429792
0.00510394
0.00449290
0.00441972
0.00458510
0.00456918
0.00429080
0.00440313
0.00438433
0.00433143
0.00431301
0.00411376
0.00458334
0.00446878
0.00450679
0.00429615
0.00436852
0.00438545
0.00435781
0.00443968
0.00458322
0.00503241
0.00419837
0.00464170
0.00429709
0.00443131
0.00438861
0.00451103
0.00456199
0.00437052
0.00444316
0.00452023
0.00448498
0.00441713
0.00430468
0.00434294
0.00437270
0.00482289
0.00480501
0.00427186
0.00467046
0.00452706
0.00422282
0.00447992
0.00452005
0.00441942
0.00428794
0.00449841
0.00459300
0.00449547
0.00477505
0.00463528
0.00429822
0.00431636
0.00421306
0.00440742
0.00465661
0.00441289
0.00447776
0.00439325
0.00420264
0.00453079
0.00439634
0.00444678
0.00460977
0.00482363
0.00434929
0.00456066
0.00429262
0.00455887
0.00446162
0.00457893
0.00466956
0.00430839
0.00442169
0.00503727
0.00475687
0.00460015
0.00455231
0.00464407
0.00459597
0.00443006
0.00445141
0.00466580
0.00438620
0.00442474
0.00432611
0.00421661
0.00433454
0.00442517
0.00456480
0.00444516
0.00442465
0.00426541
0.00470570
0.00430438
0.00455487
0.00451792
0.00453688
0.00450819
0.00452030
0.00436941
0.00464112
0.00473591
0.00441642
0.00455091
0.00417447
0.00433937
0.00412585
0.00436989
0.00452135
0.00469790
0.00444664
0.00443395
0.00463896
0.00447403
0.00444176
0.00428397
0.00460810
0.00428801
0.00430737
0.00451854
0.00431159
0.00422392
0.00448581
0.00442081
0.00444561
0.00430267
0.00419218
0.00454474
0.00434044
0.00455172
0.00437116
0.00444220
0.00450180
0.00459091
0.00447658
0.00428746
0.00473221
0.00450102
0.00438239
0.00482925
0.00437063
0.00501534
0.00426023
0.00434477
0.00479010
0.00468677
0.00446453
0.00440420
0.00438943
0.00429760
0.00435616
0.00439193
0.00459016
0.00444169
0.00436002
0.00440232
0.00437747
0.00458797
0.00489776
0.00417267
0.00432033
0.00513625
0.00428434
0.00438740
0.00464773
0.00425097
0.00468217
0.00466748
0.00453798
0.00465300
0.00441145
0.00455964
0.00438094
0.00444172
0.00434532
0.00455617
0.00410805
0.00454970
0.00454988
0.00440077
0.00442276
0.00482612
0.00443794
0.00426998
0.00457938
0.00441448
0.00414460
0.00422406
0.00475329
0.00433170
0.00429627
0.00448542
0.00458519
0.00433930
0.00421789
0.00464449
0.00435427
0.00428860
0.00476055
0.00438001
0.00445504
0.00447060
0.00487370
0.00432893
0.00435281
0.00457590
0.00448048
0.00476392
0.00409253
0.00457464
0.00443996
0.00439469
0.00421617
0.00441231
0.00475823
0.00456116
0.00442183
0.00457861
0.00430248
0.00475874
0.00461023
0.00430259
0.00453376
0.00481042
0.00442885
0.00429595
0.00438763
0.00442284
0.00441285
0.00445631
0.00472750
0.00451150
0.00438351
0.00472536
0.00463023
0.00454109
0.00446671
0.00462430
0.00432305
0.00430088
0.00445686
0.00433893
0.00431820
0.00430624
0.00471609
0.00452092
0.00441341
0.00425841
0.00456420
0.00470255
0.00436352
0.00453930
0.00446012
0.00463438
0.00419581
0.00429013
0.00437001
0.00461083
0.00443801
0.00476737
0.00426674
0.00433595
0.00457399
0.00466621
0.00453720
0.00464392
0.00436952
0.00426905
0.00502169
0.00441511
0.00447094
0.00435424
0.00416076
0.00474730
0.00434979
0.00456550
0.00436128
0.00448184
0.00451700
0.00459130
0.00447007
0.00451464
0.00442803
0.00497683
0.00476067
0.00452206
0.00460407
0.00423783
0.00432187
0.00476226
0.00467943
0.00451300
0.00467786
0.00443765
0.00490373
0.00434011
0.00476845
0.00441393
0.00428204
0.00454681
0.00459182
0.00438073
0.00456556
0.00432365
0.00453658
0.00489102
0.00460832
0.00439621
0.00454292
0.00432210
0.00459937
0.00463223
0.00428184
0.00442019
0.00426373
0.00441190
0.00465757
0.00476382
0.00449144
0.00452123
0.00458945
0.00452473
0.00453332
0.00455340
0.00433213
0.00508567
0.00434036
0.00436961
0.00481656
0.00439656
0.00434931
0.00414828
0.00436316
0.00454367
0.00448476
0.00431938
0.00441063
0.00430000
0.00449740
0.00442743
0.00445993
0.00432757
0.00433017
0.00440127
0.00441444
0.00415491
0.00459994
0.00469916
0.00444989
0.00431418
0.00459044
0.00434524
0.00449431
0.00443050
0.00421975
0.00434224
0.00455991
0.00451649
0.00438616
0.00446214
0.00440126
0.00457613
0.00440704
0.00423116
0.00443817
0.00438523
0.00446720
0.00469396
0.00495480
0.00434030
0.00434491
0.00438333
0.00436014
0.00416012
0.00475679
0.00461600
0.00444418
0.00422451
0.00434452
0.00453573
0.00436615
0.00455496
0.00414225
0.00460471
0.00460773
0.00446319
0.00415322
0.00488759
0.00481156
0.00448322
0.00434523
0.00422546
0.00435775