0.00879244
0.00845869
0.00828448
0.00866330
0.00847760
0.00907640
0.00924646
0.00827450
0.00866903
0.00984768
0.00926401
0.00863092
0.00914619
0.00984289
0.00812934
0.00877680
0.00943297
0.00829556
0.00874073
0.00809247
0.00942895
0.00938751
0.00926057
0.00893260
0.00964796
0.00883190
0.00923059
0.00819102
0.00972635
0.00904442
0.00935252
0.00817565
0.01014883
0.00954586
0.00924464
0.00891145
0.00981394
0.00975358
0.00921146
0.00930611
0.00965899
0.00845367
0.00921251
0.00864023
0.00890372
0.01047202
0.00856237
0.00830921
0.00943633
0.00878026
0.00868210
0.00902635
0.00920991
0.00846769
0.00926762
0.00879935
0.00902061
0.00858856
0.00905465
0.00922614
0.00885954
0.00983517
0.00893075
0.00989286
0.00950985
0.00867718
0.00803680
0.00898914
0.01092451
0.00985048
0.00862568
0.00894165
0.00964546
0.00928642
0.00896834
0.00882502
0.00929651
0.00857287
0.00837508
0.00904250
0.00934452
0.00877957
0.00968323
0.00902937
0.00869178
0.00840587
0.00880221
0.01093040
0.00915887
0.01005017
0.00883294
0.00898303
0.00961489
0.01215682
0.00831857
0.00956018
0.00856444
0.01009417
0.00837796
0.00904916
0.00927030
0.00848429
0.01012088
0.00963435
0.00932957
0.00896208
0.00861569
0.00868222
0.00846127
0.00829912
0.00970550
0.01006630
0.00849675
0.00987131
0.00856295
0.01076055
0.00962068
0.01031968
0.00968493
0.00867588
0.00831286
0.00925904
0.00876092
0.00933539
0.00818273
0.00896731
0.00864867
0.00882896
0.00893432
0.00885138
0.00896489
0.00856062
0.01155414
0.00899672
0.00976491
0.00970591
0.00902715
0.00867386
0.01089744
0.00857090
0.00998305
0.00911297
0.01018061
0.00839733
0.00881661
0.00917946
0.00824551
0.00851190
0.00872610
0.00835952
0.00904152
0.01089676
0.00911381
0.00964863
0.00914818
0.00864196
0.00911806
0.00895095
0.00870418
0.00901014
0.00943314
0.00917586
0.00891775
0.00919813
0.00848387
0.00816926
0.00956096
0.00889676
0.00822952
0.00897067
0.00876411
0.00995575
0.00891460
0.00910537
0.00946780
0.00943281
0.00809599
0.00850509
0.00889703
0.00952691
0.00921641
0.00843545
0.00873843
0.00907748
0.00914136
0.00912298
0.00917481
0.00968679
0.00993789
0.01131887
0.01034109
0.01003746
0.00882034
0.00852414
0.00935728
0.00929605
0.00840150
0.00917441
0.00903842
0.00843175
0.00879783
0.01022074
0.00848490
0.00858417
0.00894748
0.00955244
0.00852746
0.00937890
0.00881442
0.00885774
0.00874796
0.00963030
0.00888870
0.00879503
0.00855049
0.00845199
0.00863391
0.00883400
0.00884237
0.00783850
0.00883673
0.00919821
0.00860865
0.00907685
0.00856163
0.00814576
0.00863659
0.00923323
0.01101820
0.00902769
0.00822466
0.00861138
0.00901596
0.00841809
0.00873871
0.00885277
0.00961899
0.00815962
0.00935982
0.00876213
0.00867659
0.00872433
0.00806369
0.00865636
0.00918334
0.00918539
0.00958636
0.00902804
0.00933322
0.00977534
0.00951405
0.01044012
0.01086522
0.00887272
0.00811873
0.00939203
0.00827851
0.00771314
0.00815077
0.00925794
0.00807907
0.00897245
0.00885888
0.00884441
0.00906576
0.00896844
0.01005141
0.00917181
0.00841887
0.00849726
0.00913656
0.00920168
0.00854215
0.00880823
0.00963679
0.01088036
0.00918380
0.00853423
0.00891263
0.00845198
0.01017088
0.00920893
0.00904014
0.00878901
0.00882181
0.00998891
0.00915108
0.00867998
0.00861208
0.00861440
0.00879907
0.00844429
0.01095231
0.00897264
0.00887274
0.01820642
0.00858512
0.00963859
0.00941631
0.00882158
0.00865963
0.01033028
0.00882859
0.01045181
0.00871894
0.00942014
0.01127558
0.00877262
0.00880895
0.00842884
0.00953015
0.00883160
0.00877478
0.00883057
0.00929229
0.00906792
0.00800333
0.00951144
0.00886071
0.00885022
0.00940965
0.00954833
0.00892657
0.00873449
0.01078216
0.01142230
0.00994857
0.00951237
0.00872847
0.00874965
0.00988867
0.00930094
0.00891838
0.00872929
0.00967616
0.00876309
0.00849178
0.00920280
0.00863667
0.00868293
0.00879911
0.00916470
0.00826155
0.00884957
0.00883239
0.00867094
0.00870643
0.00886731
0.00843898
0.01066326
0.00901142
0.00901842
0.00925114
0.00921480
0.00871362
0.00893221
0.00853746
0.00842478
0.00954760
0.00897864
0.00912600
0.00894058
0.00905884
0.00884470
0.00820707
0.01090883
0.00934204
0.00818042
0.00960813
0.00960297
0.00863409
0.00917378
0.00862824
0.00963064
0.00854336
0.00991687
0.00843432
0.01006985
0.00837761
0.00853075
0.00908758
0.00937354
0.00870456
0.01057042
0.00855536
0.00872482
0.00933562
0.00974028
0.00903974
0.00908372
0.01016430
0.00856079
0.01071878
0.00926633
0.00880307
0.00864514
0.00838272
0.00915346
0.00878001
0.00890078
0.00846258
0.00974609
0.00864361
0.00894300
0.00838782
0.00910483
0.00905433
0.01043953
0.00899436
0.01026713
0.00897514
0.00913391
0.00880764
0.00846182
0.00930464
0.00929336
0.00882833
0.00953930
0.00901098
0.00902636
0.00864292
0.00932478
0.00888881
0.00878502
0.00874106
0.00809386
0.00846765
0.00865976
0.00917757
0.00819054
0.00868562
0.00970188
0.00891160
0.00874958
0.00951193
0.00823556
0.00807934
0.00865467
0.00898632
0.00881848
0.00882483
0.01043336
0.01000724
0.00862556
0.01034153
0.00855627
0.00906017
0.00822871
0.00953302
0.00933022
0.00900800
0.00943836
0.00939066
0.01063227
0.00924393
0.00866580
0.00840609
0.00909634
0.00881789
0.00870568
0.00907721
0.00926857
0.00977452
0.00908322
0.00873934
0.00888360
0.00844411
0.00888544
0.00876837
0.00850359
0.00885169
0.01073657
0.00895716
0.00879517
0.01264998
0.00907497
0.00916223
0.00857106
0.00931997
0.00949854
0.00886397
0.00920116
0.00870843
0.00938187
0.00868519
0.00860946
0.00896590
0.01097579
0.01002409
0.00896038
0.00959555
0.00879529
0.00867625
0.00976955
0.00810688
0.00918281
0.00874923
0.00872389
0.00896404
0.01098601