0.00126377
0.00122905
0.00119048
0.00116625
0.00125208
0.00122068
0.00117349
0.00121696
0.00117148
0.00126189
0.00118077
0.00125731
0.00121706
0.00114880
0.00127177
0.00127605
0.00125455
0.00122182
0.00122545
0.00119413
0.00120338
0.00118150
0.00120983
0.00124039
0.00124555
0.00119841
0.00118647
0.00118939
0.00115850
0.00118899
0.00120624
0.00119999
0.00124172
0.00118218
0.00131975
0.00120318
0.00122667
0.00120475
0.00120409
0.00120699
0.00116400
0.00120713
0.00119815
0.00122004
0.00120045
0.00119198
0.00120570
0.00121537
0.00120810
0.00120619
0.00120052
0.00122608
0.00122189
0.00119038
0.00123669
0.00122835
0.00141108
0.00117293
0.00118365
0.00120319
0.00125486
0.00121433
0.00123552
0.00126750
0.00120504
0.00118653
0.00123433
0.00125895
0.00119733
0.00123449
0.00119618
0.00118242
0.00122272
0.00120291
0.00123012
0.00120220
0.00121791
0.00116543
0.00123382
0.00122947
0.00119577
0.00121972
0.00122576
0.00123286
0.00117968
0.00127337
0.00117669
0.00119153
0.00122823
0.00121946
0.00123825
0.00122840
0.00119636
0.00126477
0.00124571
0.00124918
0.00121326
0.00120558
0.00118624
0.00118145
0.00119908
0.00120274
0.00125475
0.00123049
0.00122947
0.00119830
0.00124208
0.00119195
0.00118100
0.00123765
0.00122746
0.00123217
0.00123637
0.00119219
0.00118654
0.00122328
0.00122659
0.00122794
0.00125184
0.00122627
0.00122843
0.00123561
0.00115111
0.00117279
0.00122728
0.00128026
0.00122493
0.00121881
0.00119601
0.00122101
0.00122865
0.00118619
0.00120065
0.00123988
0.00122179
0.00123087
0.00122886
0.00129183
0.00129100
0.00126346
0.00118258
0.00124123
0.00123568
0.00124793
0.00122301
0.00121032
0.00118984
0.00117038
0.00123572
0.00120874
0.00123843
0.00116896
0.00117651
0.00122894
0.00121825
0.00122033
0.00122363
0.00124902
0.00122797
0.00124222
0.00128651
0.00120214
0.00127141
0.00124361
0.00118134
0.00124445
0.00118866
0.00119791
0.00120629
0.00120332
0.00120007
0.00124273
0.00119562
0.00118053
0.00119245
0.00123503
0.00121664
0.00117589
0.00117185
0.00119125
0.00120705
0.00120655
0.00127437
0.00120513
0.00121596
0.00122364
0.00122429
0.00120817
0.00126779
0.00119413
0.00121711
0.00121673
0.00118659
0.00118075
0.00117284
0.00121137
0.00118123
0.00116541
0.00121612
0.00122969
0.00126645
0.00121108
0.00117092
0.00116412
0.00119333
0.00124870
0.00118990
0.00121124
0.00120230
0.00119503
0.00120851
0.00121663
0.00127161
0.00127047
0.00117227
0.00121937
0.00123043
0.00117713
0.00123962
0.00118837
0.00121670
0.00123522
0.00127162
0.00128558
0.00119442
0.00118611
0.00117000
0.00119779
0.00119587
0.00122314
0.00123717
0.00125812
0.00119614
0.00117692
0.00121163
0.00124352
0.00123244
0.00119653
0.00120571
0.00121999
0.00128463
0.00126728
0.00115363
0.00120133
0.00120921
0.00122265
0.00120322
0.00123833
0.00124376
0.00119457
0.00122164
0.00122420
0.00115347
0.00121060
0.00122555
0.00117574
0.00121928
0.00120685
0.00121391
0.00131285
0.00120950
0.00124018
0.00120972
0.00124683
0.00124916
0.00121360
0.00123625
0.00124500
0.00117426
0.00122853
0.00121379
0.00122936
0.00119638
0.00123553
0.00122119
0.00118910
0.00122749
0.00118739
0.00121741
0.00123453
0.00124843
0.00124645
0.00123405
0.00129382
0.00121692
0.00124168
0.00120907
0.00123617
0.00122869
0.00127663
0.00121110
0.00121634
0.00121558
0.00119004
0.00124527
0.00121071
0.00123213
0.00121145
0.00119347
0.00116790
0.00124452
0.00124749
0.00126063
0.00118512
0.00125148
0.00127888
0.00133210
0.00120377
0.00119012
0.00126993
0.00136464
0.00121076
0.00124078
0.00123155
0.00122897
0.00119586
0.00116694
0.00127143
0.00121251
0.00117188
0.00118374
0.00121825
0.00127596
0.00120093
0.00125179
0.00120055
0.00119378
0.00122070
0.00129568
0.00121942
0.00118821
0.00115345
0.00120809
0.00119403
0.00117595
0.00120556
0.00120670
0.00123980
0.00120861
0.00121773
0.00119189
0.00122987
0.00117687
0.00119948
0.00117913
0.00117895
0.00118687
0.00120172
0.00117454
0.00123243
0.00122084
0.00128837
0.00118862
0.00121465
0.00117224
0.00121988
0.00123081
0.00123632
0.00123195
0.00118087
0.00123241
0.00125083
0.00121746
0.00124743
0.00123799
0.00120434
0.00122510
0.00118671
0.00122198
0.00121762
0.00119134
0.00113536
0.00121938
0.00119936
0.00117014
0.00119327
0.00118701
0.00125242
0.00127188
0.00120976
0.00122814
0.00120313
0.00120612
0.00121005
0.00122868
0.00119028
0.00124202
0.00120180
0.00120735
0.00123832
0.00124372
0.00121902
0.00122260
0.00125765
0.00125076
0.00118883
0.00122922
0.00124878
0.00119264
0.00116771
0.00124299
0.00124091
0.00118067
0.00125159
0.00117200
0.00126718
0.00120331
0.00121424
0.00127910
0.00123948
0.00120724
0.00121107
0.00120643
0.00121907
0.00121117
0.00124524
0.00123830
0.00123604
0.00121976
0.00119373
0.00119675
0.00124355
0.00121737
0.00114956
0.00120690
0.00119098
0.00124784
0.00123654
0.00123954
0.00122119
0.00119341
0.00116506
0.00119753
0.00123187
0.00120394
0.00137854
0.00121638
0.00122835
0.00121882
0.00121278
0.00126048
0.00122306
0.00119254
0.00118315
0.00119466
0.00124275
0.00120415
0.00119825
0.00121365
0.00121817
0.00121437
0.00117728
0.00122242
0.00118336
0.00131617
0.00122969
0.00116394
0.00119006
0.00125871
0.00120339
0.00120675
0.00121627
0.00123854
0.00123282
0.00123387
0.00121641
0.00118056
0.00119710
0.00116201
0.00117853
0.00122612
0.00118839
0.00121185
0.00123732
0.00120947
0.00121051
0.00120353
0.00119758
0.00126709
0.00121770
0.00124745
0.00117975
0.00116722
0.00125690
0.00122131
0.00123226
0.00126363
0.00119336
0.00119532
0.00121082
0.00117810
0.00120672
0.00128553
0.00120761
0.00125799
0.00122200
0.00119837
0.00119260
0.00123928
0.00127403