0.00192613
0.00177603
0.00177192
0.00194963
0.00200505
0.00189296
0.00200320
0.00180994
0.00188226
0.00184696
0.00197389
0.00195042
0.00191808
0.00182721
0.00195227
0.00184135
0.00195009
0.00185355
0.00177230
0.00187802
0.00206201
0.00193338
0.00182378
0.00187866
0.00181857
0.00181197
0.00199833
0.00179887
0.00195769
0.00205425
0.00188473
0.00190230
0.00212176
0.00191799
0.00184428
0.00187699
0.00183957
0.00182692
0.00189333
0.00200827
0.00173689
0.00186211
0.00198575
0.00226143
0.00186622
0.00178952
0.00184498
0.00196662
0.00199402
0.00201012
0.00197396
0.00184007
0.00192423
0.00202089
0.00176516
0.00201721
0.00221637
0.00190866
0.00186201
0.00181529
0.00179733
0.00187642
0.00190580
0.00185948
0.00186592
0.00174144
0.00232405
0.00180545
0.00187569
0.00181287
0.00186195
0.00194751
0.00190801
0.00199708
0.00193823
0.00180512
0.00201084
0.00184361
0.00183255
0.00201002
0.00184045
0.00185232
0.00187204
0.00184603
0.00181830
0.00182988
0.00177910
0.00196979
0.00181576
0.00185520
0.00175785
0.00197971
0.00200521
0.00188701
0.00181521
0.00189291
0.00193439
0.00190020
0.00174655
0.00193560
0.00181473
0.00181729
0.00194358
0.00184637
0.00184720
0.00190865
0.00187945
0.00201866
0.00184431
0.00196108
0.00197623
0.00189776
0.00184863
0.00189148
0.00182535
0.00190720
0.00189716
0.00177636
0.00192879
0.00191352
0.00183131
0.00186644
0.00196960
0.00191534
0.00182913
0.00200255
0.00199631
0.00194635
0.00190200
0.00191370
0.00191385
0.00191620
0.00192845
0.00177484
0.00182979
0.00185854
0.00185133
0.00185296
0.00181723
0.00195769
0.00201570
0.00190010
0.00183872
0.00185560
0.00175386
0.00193848
0.00176796
0.00190512
0.00219674
0.00205250
0.00194572
0.00185411
0.00193530
0.00201768
0.00179489
0.00186458
0.00186499
0.00182664
0.00181384
0.00193529
0.00186619
0.00194652
0.00186275
0.00196170
0.00187677
0.00202916
0.00206011
0.00188054
0.00187027
0.00196259
0.00178936
0.00178216
0.00196364
0.00189899
0.00226912
0.00194684
0.00184036
0.00179610
0.00187518
0.00174906
0.00180686
0.00184502
0.00181788
0.00187463
0.00192158
0.00190160
0.00178972
0.00184504
0.00196374
0.00194358
0.00192490
0.00178482
0.00185855
0.00198898
0.00179122
0.00189283
0.00193594
0.00185145
0.00192436
0.00179355
0.00194478
0.00182291
0.00200418
0.00201129
0.00194751
0.00185295
0.00191465
0.00182371
0.00174609
0.00206302
0.00198441
0.00186534
0.00201020
0.00196819
0.00179531
0.00186691
0.00182032
0.00191246
0.00205650
0.00172343
0.00177839
0.00188287
0.00186531
0.00186361
0.00189007
0.00206360
0.00187010
0.00196040
0.00187660
0.00180144
0.00180087
0.00188013
0.00199263
0.00181032
0.00172269
0.00188469
0.00188059
0.00193850
0.00189781
0.00229662
0.00217634
0.00196410
0.00186321
0.00185552
0.00186470
0.00200656
0.00179910
0.00197804
0.00204385
0.00184959
0.00181381
0.00191895
0.00187428
0.00185969
0.00201786
0.00197833
0.00199766
0.00202456
0.00192456
0.00196242
0.00184657
0.00182748
0.00184780
0.00190247
0.00192363
0.00177741
0.00182186
0.00185922
0.00191514
0.00197372
0.00194649
0.00207237
0.00192409
0.00174867
0.00176742
0.00176445
0.00193128
0.00175290
0.00189873
0.00184552
0.00186447
0.00187103
0.00196292
0.00184819
0.00180280
0.00189201
0.00184058
0.00176219
0.00188304
0.00178784
0.00194517
0.00196404
0.00198897
0.00196872
0.00202749
0.00197024
0.00184005
0.00179006
0.00178336
0.00188057
0.00189995
0.00176031
0.00176308
0.00184627
0.00186296
0.00199042
0.00194339
0.00192499
0.00189923
0.00181053
0.00188644
0.00189477
0.00206244
0.00192838
0.00198898
0.00196078
0.00183994
0.00193990
0.00185153
0.00180167
0.00177432
0.00194864
0.00173871
0.00202277
0.00178590
0.00179402
0.00178387
0.00180637
0.00184866
0.00198135
0.00189268
0.00190227
0.00176893
0.00189364
0.00181814
0.00172953
0.00191998
0.00190965
0.00194737
0.00195112
0.00190292
0.00189305
0.00183154
0.00220210
0.00194768
0.00194707
0.00195100
0.00201894
0.00189794
0.00189944
0.00177795
0.00178353
0.00178958
0.00178683
0.00194530
0.00180425
0.00190387
0.00192753
0.00176110
0.00188822
0.00214675
0.00193982
0.00186149
0.00188997
0.00201767
0.00174500
0.00184025
0.00180624
0.00188737
0.00187284
0.00184556
0.00179273
0.00191909
0.00219883
0.00190352
0.00182365
0.00175849
0.00193233
0.00190538
0.00176141
0.00181923
0.00194735
0.00196792
0.00189625
0.00189551
0.00180580
0.00189418
0.00183691
0.00195850
0.00196693
0.00191335
0.00172570
0.00190080
0.00192255
0.00185918
0.00196208
0.00198831
0.00187152
0.00186801
0.00180387
0.00180204
0.00193737
0.00184875
0.00189816
0.00206114
0.00195497
0.00185341
0.00182545
0.00184744
0.00177420
0.00198709
0.00173321
0.00179891
0.00193216
0.00190355
0.00190959
0.00190808
0.00195827
0.00184214
0.00177242
0.00182450
0.00194599
0.00192353
0.00199725
0.00182435
0.00190614
0.00190203
0.00180801
0.00178315
0.00189303
0.00184251
0.00186879
0.00196557
0.00190554
0.00190468
0.00186862
0.00181527
0.00201896
0.00179008
0.00186420
0.00193918
0.00203849
0.00174373
0.00189143
0.00202277
0.00215813
0.00196020
0.00188776
0.00191777
0.00188251
0.00194939
0.00200145
0.00201359
0.00185335
0.00188765
0.00176402
0.00182854
0.00182884
0.00192380
0.00180251
0.00190232
0.00183632
0.00174784
0.00194564
0.00186694
0.00188016
0.00186783
0.00191068
0.00197255
0.00184331
0.00194458
0.00194932
0.00184462
0.00184914
0.00191433
0.00201652
0.00187066
0.00187608
0.00188328
0.00178922
0.00204871
0.00183310
0.00187127
0.00187365
0.00189672
0.00190713
0.00178970
0.00181617
0.00185859
0.00187670
0.00174010
0.00182067
0.00191197
0.00191449
0.00178527
0.00176715
0.00180224
0.00184050
0.00203729
0.00189754