0.00899100
0.00933904
0.00984969
0.00888830
0.00953319
0.01152908
0.00984196
0.01026426
0.00897212
0.00958441
0.00977448
0.00990811
0.00850818
0.00891072
0.00986495
0.01095640
0.00852789
0.00908399
0.00951326
0.00897605
0.01028075
0.01015485
0.01072400
0.00929274
0.01168339
0.00893061
0.01016833
0.00916839
0.00886901
0.00965992
0.00985073
0.01012817
0.00833037
0.00949501
0.00876329
0.01128717
0.00904579
0.00918011
0.01036204
0.00982567
0.00869951
0.01077210
0.00886728
0.00895521
0.01152417
0.00954381
0.00937229
0.00935844
0.00883423
0.01070435
0.01054147
0.00994760
0.00898628
0.01022210
0.00892594
0.01838951
0.00851920
0.00909297
0.00899666
0.01078797
0.01152749
0.01064149
0.00867555
0.01035759
0.00903782
0.00872379
0.00992723
0.01017208
0.00942212
0.00943065
0.00897953
0.00928148
0.01010001
0.01177527
0.00863771
0.00941968
0.01015471
0.00912872
0.01028823
0.01031594
0.01062868
0.00982884
0.00899739
0.01065169
0.00880417
0.00999799
0.00977702
0.00919743
0.00955685
0.00860956
0.00891225
0.00904814
0.01048685
0.01115053
0.00836058
0.01134437
0.01167807
0.00875016
0.01056642
0.00899132
0.00930430
0.00876061
0.01052178
0.01052727
0.00946022
0.01125971
0.01075650
0.00872347
0.00838645
0.00918755
0.01003747
0.00922189
0.00874951
0.00930821
0.01044567
0.01009225
0.00870825
0.01042807
0.00857311
0.01158229
0.00958158
0.00888281
0.00894840
0.01241944
0.00939068
0.00826894
0.00950911
0.01050327
0.01033985
0.00879231
0.00898797
0.00924142
0.00967437
0.00848640
0.00846018
0.00966980
0.00859427
0.00962839
0.00951767
0.00970446
0.01030164
0.00900630
0.01040993
0.00914017
0.00946227
0.01010672
0.00979945
0.00970710
0.00898382
0.00906771
0.00905239
0.00786806
0.00958195
0.00922441
0.00907280
0.00882306
0.01352139
0.00911042
0.00925838
0.00937422
0.00954834
0.00938918
0.01132755
0.00975613
0.00856828
0.00976412
0.00913789
0.00957424
0.00836879
0.01123747
0.00899464
0.01054038
0.00871215
0.00980840
0.01200936
0.00874129
0.00995512
0.00885399
0.00988437
0.01090142
0.00997564
0.01073741
0.01019127
0.00889546
0.00894582
0.01039105
0.00955447
0.00856909
0.00937941
0.00923792
0.00952126
0.00923758
0.00936075
0.01033540
0.00879558
0.00902843
0.01475283
0.00930292
0.01011645
0.01093459
0.01085270
0.00961223
0.00915263
0.00860707
0.00863541
0.00882108
0.00865424
0.01159009
0.00869447
0.00815697
0.00901711
0.01076299
0.01136585
0.00920716
0.00907715
0.00926863
0.00917566
0.00901377
0.01022985
0.00907118
0.00978742
0.00981997
0.00949342
0.01228839
0.01098740
0.01151606
0.00902988
0.01011947
0.00872230
0.01107981
0.00917093
0.00960463
0.00976846
0.01078768
0.00991248
0.00895079
0.01085939
0.00899317
0.00919267
0.00855324
0.01096867
0.01076185
0.00906549
0.00921221
0.00923092
0.01033403
0.01021316
0.00881353
0.01005179
0.00918218
0.01080343
0.01063574
0.00958735
0.00866729
0.01114336
0.00994576
0.00909435
0.00827467
0.01058974
0.00916689
0.00869235
0.00928759
0.00888810
0.01067911
0.00945501
0.00890198
0.00971902
0.00982985
0.01021546
0.00963932
0.00906502
0.00933464
0.00878868
0.00961784
0.00974088
0.00901755
0.00922939
0.00880552
0.01010590
0.01003184
0.00853805
0.01105327
0.00866500
0.00874685
0.00917868
0.00899528
0.01395814
0.00953569
0.00960406
0.00875540
0.00902609
0.00949097
0.00934946
0.00858317
0.00917452
0.01040359
0.00975436
0.01028321
0.00928660
0.01062159
0.01282596
0.01099699
0.00890937
0.01138863
0.01253237
0.01058764
0.01124401
0.01129503
0.00911059
0.01228962
0.00933609
0.01008753
0.00984215
0.00970052
0.00905938
0.00986727
0.00895889
0.00882166
0.00928270
0.00941314
0.00843471
0.00925561
0.01065357
0.00923206
0.00998880
0.00913945
0.00907363
0.00926594
0.00943831
0.00901381
0.01211612
0.00876466
0.00883545
0.01158718
0.00911588
0.00895365
0.01148534
0.01016627
0.00884526
0.00922073
0.00891551
0.01254888
0.00900723
0.00894316
0.01045607
0.00899975
0.01057405
0.00957442
0.00904379
0.00945518
0.00959920
0.00904621
0.00946685
0.01044400
0.01015529
0.00969430
0.00931442
0.00880051
0.00925477
0.00943802
0.01179592
0.00958549
0.00952699
0.01064552
0.00882385
0.00948109
0.00864996
0.01011722
0.00926247
0.00922274
0.00965482
0.01169067
0.01137759
0.00941781
0.01039430
0.00878017
0.00949660
0.01046524
0.01006067
0.01104575
0.00998290
0.01035750
0.00956286
0.00933320
0.00960526
0.00921744
0.00930496
0.00971029
0.00934486
0.00943319
0.00903963
0.00910466
0.01026876
0.00911521
0.01032004
0.00999286
0.00911290
0.00922934
0.01079035
0.00919047
0.01008380
0.00889027
0.00967601
0.00876609
0.01165437
0.00923189
0.00903852
0.00884824
0.00866408
0.01001706
0.00984787
0.00994558
0.00848243
0.00969549
0.01169392
0.01103816
0.00912043
0.00839646
0.00926706
0.01049128
0.00947779
0.01040379
0.00879108
0.00878797
0.01079624
0.00922110
0.01114849
0.00872254
0.00877154
0.00884857
0.01052891
0.00899136
0.00947326
0.00951177
0.00962015
0.00907289
0.00902068
0.00877557
0.00940889
0.00881575
0.01016043
0.00868373
0.01098271
0.01038224
0.01085741
0.00839862
0.01038811
0.00953223
0.00920360
0.01192414
0.00860693
0.00955085
0.01144563
0.00922784
0.00921820
0.01032765
0.00903130
0.01233802
0.00875265
0.00984854
0.01050077
0.00950140
0.00976366
0.00817820
0.00914918
0.01153094
0.00962111
0.00932229
0.01017593
0.00993668
0.00933364
0.00961827
0.00894859
0.00990582
0.00913209
0.00901808
0.01129241
0.00897409
0.00869135
0.00931892
0.00906546
0.00933930
0.01032930
0.00895332
0.01007495
0.00930108
0.01187697
0.00975226
0.00843800
0.00969661
0.01089344
0.00916289
0.01030403
0.00881419
0.00946317
0.01107249
0.00932639
0.00903824
0.01037454
0.01068602