0.00091278
0.00093717
0.00089244
0.00092818
0.00091565
0.00090882
0.00091478
0.00092913
0.00089704
0.00092494
0.00092044
0.00091444
0.00087416
0.00090234
0.00092618
0.00092534
0.00091586
0.00089598
0.00089994
0.00091292
0.00091181
0.00089300
0.00089765
0.00091282
0.00091334
0.00089666
0.00093287
0.00093217
0.00088598
0.00091888
0.00091215
0.00090718
0.00092373
0.00089994
0.00092356
0.00091570
0.00090228
0.00086353
0.00092388
0.00091525
0.00093992
0.00088534
0.00093159
0.00088406
0.00092967
0.00088856
0.00092747
0.00094280
0.00090191
0.00090691
0.00089729
0.00089992
0.00089494
0.00093334
0.00092176
0.00089946
0.00090762
0.00090345
0.00093120
0.00087839
0.00091266
0.00094140
0.00090858
0.00090867
0.00092204
0.00090244
0.00089672
0.00092383
0.00091857
0.00096147
0.00086700
0.00090224
0.00088818
0.00089679
0.00090122
0.00091670
0.00092210
0.00091275
0.00090766
0.00091308
0.00089949
0.00091368
0.00094730
0.00089674
0.00090279
0.00092727
0.00090997
0.00093132
0.00090320
0.00092941
0.00089480
0.00089854
0.00090673
0.00089980
0.00092048
0.00093948
0.00089085
0.00089063
0.00092518
0.00092241
0.00091431
0.00090591
0.00089686
0.00093358
0.00089027
0.00093089
0.00091361
0.00091338
0.00094097
0.00090235
0.00092437
0.00095168
0.00091267
0.00092619
0.00088435
0.00090761
0.00088836
0.00090176
0.00090783
0.00089739
0.00091666
0.00090067
0.00091559
0.00091469
0.00090205
0.00090387
0.00091941
0.00092171
0.00090104
0.00090054
0.00092186
0.00091037
0.00089951
0.00090615
0.00094110
0.00089992
0.00089561
0.00090688
0.00089288
0.00089404
0.00088556
0.00092510
0.00092690
0.00091540
0.00091257
0.00092376
0.00092865
0.00088145
0.00090079
0.00089392
0.00090294
0.00093207
0.00092325
0.00090285
0.00091646
0.00090924
0.00090876
0.00091635
0.00090553
0.00090340
0.00090617
0.00090922
0.00090996
0.00089833
0.00094862
0.00090138
0.00093319
0.00087669
0.00090182
0.00090286
0.00092234
0.00090555
0.00090842
0.00088926
0.00092095
0.00090586
0.00089998
0.00091352
0.00089538
0.00089994
0.00088559
0.00093007
0.00091688
0.00090508
0.00090114
0.00091151
0.00086750
0.00093164
0.00092111
0.00092884
0.00091107
0.00090676
0.00088933
0.00092292
0.00091906
0.00093641
0.00090839
0.00091169
0.00092679
0.00090229
0.00090708
0.00088770
0.00089986
0.00089098
0.00089683
0.00088424
0.00091817
0.00089929
0.00091360
0.00092924
0.00091459
0.00091624
0.00092354
0.00089195
0.00090479
0.00092215
0.00091098
0.00090020
0.00091357
0.00091759
0.00090032
0.00089739
0.00089975
0.00090634
0.00089856
0.00088156
0.00090347
0.00090796
0.00090105
0.00093284
0.00088725
0.00088059
0.00091298
0.00096552
0.00091379
0.00090518
0.00093058
0.00091571
0.00089764
0.00092276
0.00091085
0.00096465
0.00090238
0.00092507
0.00090398
0.00091413
0.00090122
0.00087446
0.00088818
0.00092952
0.00092853
0.00090440
0.00090771
0.00094701
0.00090368
0.00090539
0.00094080
0.00091346
0.00092867
0.00093624
0.00088349
0.00090041
0.00094815
0.00091390
0.00091104
0.00090098
0.00091127
0.00090461
0.00089404
0.00088796
0.00091411
0.00090681
0.00093929
0.00089780
0.00090982
0.00088426
0.00090861
0.00091238
0.00092334
0.00089658
0.00090946
0.00090475
0.00091558
0.00088183
0.00090852
0.00089916
0.00091520
0.00092054
0.00093156
0.00093364
0.00094675
0.00092987
0.00091953
0.00092943
0.00089755
0.00090735
0.00089918
0.00090105
0.00091633
0.00091560
0.00091222
0.00090248
0.00089407
0.00092667
0.00091648
0.00089747
0.00088406
0.00091762
0.00094902
0.00092559
0.00094095
0.00088757
0.00089729
0.00092459
0.00091167
0.00091454
0.00090662
0.00088686
0.00086688
0.00094220
0.00089101
0.00092625
0.00090901
0.00089188
0.00091230
0.00090744
0.00089080
0.00088803
0.00089309
0.00090266
0.00090386
0.00090513
0.00091728
0.00090828
0.00089116
0.00091037
0.00089880
0.00092513
0.00090704
0.00090730
0.00091015
0.00090650
0.00089267
0.00096201
0.00094441
0.00090245
0.00092746
0.00087776
0.00089051
0.00092730
0.00091242
0.00090634
0.00089788
0.00092310
0.00090569
0.00094257
0.00095239
0.00089754
0.00092405
0.00088976
0.00092171
0.00091450
0.00088992
0.00090778
0.00093012
0.00091399
0.00091816
0.00093060
0.00089042
0.00090344
0.00089299
0.00088495
0.00088739
0.00094464
0.00093063
0.00092029
0.00090462
0.00091077
0.00090907
0.00090005
0.00091550
0.00091872
0.00090538
0.00097893
0.00090556
0.00090120
0.00090451
0.00090332
0.00090967
0.00091272
0.00089204
0.00092745
0.00091276
0.00091566
0.00092763
0.00089722
0.00091085
0.00090963
0.00093634
0.00093505
0.00090105
0.00089182
0.00092533
0.00092057
0.00088968
0.00094669
0.00088726
0.00093737
0.00091952
0.00091454
0.00090815
0.00092845
0.00089796
0.00089867
0.00092763
0.00094324
0.00090976
0.00091379
0.00090380
0.00091540
0.00092188
0.00095074
0.00095420
0.00090345
0.00089200
0.00090668
0.00091288
0.00089878
0.00090371
0.00089343
0.00090332
0.00092426
0.00092959
0.00092762
0.00092757
0.00091133
0.00090849
0.00094241
0.00092174
0.00090713
0.00091065
0.00091841
0.00090926
0.00092366
0.00092821
0.00091354
0.00090430
0.00093093
0.00090201
0.00092443
0.00090030
0.00091477
0.00092603
0.00091287
0.00092372
0.00090631
0.00087035
0.00091674
0.00092067
0.00090696
0.00091628
0.00088083
0.00089041
0.00090488
0.00089394
0.00093513
0.00090571
0.00093550
0.00091298
0.00091082
0.00091023
0.00093578
0.00091398
0.00092818
0.00089118
0.00090997
0.00092080
0.00090722
0.00091490
0.00093613
0.00093006
0.00088868
0.00091893
0.00088169
0.00092159
0.00091145
0.00094777
0.00090806
0.00087685
0.00094058
0.00093130
0.00094086
0.00091214
0.00092212
0.00092964
0.00093518
0.00091589
0.00088415
0.00089256
0.00093056