0.01092431
0.02139130
0.01573122
0.01038769
0.01107836
0.02666297
0.01216394
0.01368559
0.01587472
0.01153494
0.01339650
0.01320863
0.01191915
0.01428930
0.01353059
0.01041291
0.01421335
0.01515796
0.00987881
0.01303488
0.01492902
0.01280358
0.01343321
0.01118121
0.01270495
0.01315648
0.01228778
0.02530915
0.01304063
0.01251389
0.01392047
0.01647466
0.01757215
0.00945535
0.01490200
0.02086715
0.01187745
0.01083801
0.01164438
0.01479358
0.01237688
0.01976245
0.01277929
0.01275789
0.01071113
0.01174168
0.02646404
0.01599536
0.01162498
0.01054946
0.01263311
0.01124525
0.01395023
0.01951866
0.01444681
0.01125379
0.01579747
0.01847332
0.01496765
0.01213094
0.01317061
0.01277554
0.01388764
0.01683626
0.01010313
0.01172848
0.01484022
0.01394644
0.01360304
0.00993701
0.01112512
0.01162447
0.01161007
0.01447435
0.02018877
0.01336520
0.01106705
0.01827301
0.01040987
0.01385483
0.01284225
0.00975050
0.01575967
0.02116017
0.01524006
0.01287433
0.01748995
0.01318565
0.01286030
0.01190254
0.01300657
0.01228310
0.01129734
0.01432092
0.01254516
0.01242482
0.01019315
0.01299070
0.01037188
0.01189277
0.01097000
0.01213795
0.01296226
0.01224994
0.01245719
0.01367700
0.01544954
0.01235620
0.01194229
0.01455612
0.01023608
0.01231082
0.01167358
0.01182553
0.01300143
0.01472513
0.01488781
0.02185653
0.02056609
0.01603371
0.01017859
0.01323972
0.01186093
0.01143030
0.01077633
0.01557376
0.01340707
0.01959073
0.01261816
0.02586375
0.02700410
0.01454925
0.01192133
0.01057698
0.01286066
0.01136108
0.01317421
0.01426278
0.01774936
0.01022516
0.01285041
0.01178634
0.01213038
0.01829369
0.01140939
0.01587903
0.01468656
0.01175828
0.01183192
0.01112003
0.01261941
0.01706348
0.01462125
0.01145541
0.01407970
0.01330468
0.01092066
0.01252004
0.01569784
0.01340447
0.01252799
0.01183385
0.01289850
0.02140655
0.01215549
0.02163854
0.01527965
0.01259565
0.01098349
0.01184369
0.01318111
0.01635199
0.01951152
0.01190834
0.01242865
0.01155656
0.02182117
0.01096364
0.01025011
0.01035506
0.01090334
0.01097164
0.02049228
0.01250026
0.01261868
0.01424884
0.01220811
0.01623129
0.01435114
0.02116707
0.01145815
0.01651908
0.01103135
0.01826803
0.01085599
0.01022752
0.01107978
0.01322512
0.01205812
0.00956889
0.01209609
0.01009484
0.01290192
0.01380925
0.01482153
0.01441215
0.01522302
0.01279785
0.01425946
0.01176529
0.02262652
0.01226699
0.02205030
0.01031537
0.01218816
0.01099248
0.02029262
0.01579884
0.01242744
0.01041581
0.01124067
0.01946372
0.01186129
0.01088458
0.01210010
0.01340203
0.01110802
0.01366383
0.01307658
0.01290023
0.01285932
0.01237069
0.01113921
0.01082583
0.00935495
0.01078753
0.01029673
0.01435638
0.01257217
0.01103099
0.01051108
0.01521425
0.01424143
0.01447269
0.01100547
0.01229573
0.01270540
0.01125864
0.01080199
0.01290176
0.01356807
0.01083672
0.01078636
0.01266679
0.01199931
0.01497565
0.01007764
0.01592177
0.01483883
0.01129445
0.01133513
0.01728077
0.01482852
0.01719371
0.01185340
0.01240354
0.02574355
0.01454080
0.00994286
0.01592855
0.02022616
0.01418711
0.01202271
0.01476799
0.01291428
0.01069634
0.01348846
0.01589145
0.01056732
0.01135432
0.02176056
0.01141337
0.01738026
0.01032274
0.01035699
0.01308215
0.01686554
0.01220206
0.01254954
0.01272598
0.01283676
0.02598803
0.01121176
0.01296229
0.01162615
0.01603149
0.01366951
0.01286120
0.01038800
0.01389504
0.01320088
0.01181053
0.01076550
0.01372056
0.01427231
0.01096619
0.01109991
0.01352960
0.01557579
0.01799468
0.01037613
0.01121407
0.00952553
0.01421058
0.01065302
0.01294643
0.01635369
0.01207720
0.01173011
0.02457211
0.01080778
0.01075655
0.01408280
0.01337638
0.01406008
0.01431984
0.01450228
0.01075013
0.00986128
0.01169897
0.01274882
0.01069770
0.01055539
0.01339051
0.01218381
0.01339060
0.01129532
0.01240241
0.01565942
0.01379650
0.01351821
0.01161632
0.01437426
0.02061609
0.01775668
0.01035219
0.01100601
0.01218159
0.01311687
0.01745387
0.01654743
0.01071189
0.01058648
0.01314185
0.01085886
0.01179094
0.01470052
0.01095808
0.01252139
0.01093533
0.01266427
0.01516866
0.01301825
0.01097231
0.01380710
0.01236505
0.01560221
0.01488405
0.01044891
0.02537455
0.01308289
0.01045826
0.00969372
0.01316434
0.01089603
0.01187921
0.00970163
0.01218592
0.01241272
0.01471250
0.01057368
0.01176655
0.01207796
0.01012086
0.01181230
0.01177397
0.01233125
0.01058458
0.02299843
0.01249484
0.01491831
0.01238360
0.01500626
0.01471012
0.01026668
0.01276907
0.01061877
0.01020675
0.01260976
0.01228980
0.01073859
0.01120912
0.01327232
0.01172590
0.01205604
0.01245884
0.01304618
0.01232423
0.00995790
0.01296464
0.01369252
0.01226691
0.01365653
0.01376954
0.01118687
0.01293232
0.01447472
0.01449570
0.02083591
0.01450553
0.01120534
0.01074767
0.01014333
0.01298340
0.01374734
0.01557232
0.01380827
0.02288452
0.01261511
0.01505471
0.01386368
0.01179000
0.01011903
0.01143917
0.01340623
0.01347885
0.01316763
0.01150265
0.02983659
0.01255747
0.01503035
0.00988854
0.01315801
0.01580086
0.01804699
0.01066722
0.01117545
0.01367069
0.01463540
0.01774456
0.01099911
0.01075580
0.01394612
0.01177328
0.01726720
0.01111275
0.01396720
0.01213212
0.01278601
0.01474064
0.01256728
0.01055173
0.01059709
0.01481738
0.01033857
0.01319426
0.01363287
0.01059735
0.01101499
0.01655898
0.01230984
0.00970055
0.01239623
0.01318197
0.01375304
0.01434159
0.01250698
0.01016932
0.01418079
0.01257733
0.00967106
0.01134912
0.01272054
0.01320000
0.01603824
0.02334110
0.01227393
0.01339257
0.01673802
0.01623129
0.01068836
0.01220162
0.01485959
0.01254095
0.01272325
0.01042917
0.01323371
0.02411328
0.01555250
0.01071423