0.00208126
0.00202489
0.00203785
0.00210529
0.00204702
0.00194641
0.00202051
0.00210501
0.00215281
0.00203397
0.00206716
0.00209429
0.00189252
0.00196406
0.00205296
0.00207427
0.00199906
0.00202631
0.00216071
0.00205861
0.00217259
0.00205247
0.00205255
0.00228999
0.00217052
0.00194876
0.00229263
0.00197468
0.00210646
0.00206833
0.00206885
0.00215678
0.00194499
0.00208544
0.00217863
0.00213005
0.00209052
0.00212674
0.00208226
0.00204906
0.00189732
0.00193500
0.00199776
0.00214440
0.00205302
0.00212427
0.00210023
0.00227155
0.00211453
0.00209861
0.00224960
0.00214348
0.00197201
0.00214896
0.00211352
0.00233460
0.00206082
0.00190238
0.00235116
0.00218183
0.00200982
0.00232688
0.00215373
0.00213454
0.00246425
0.00211067
0.00221442
0.00208172
0.00216471
0.00214150
0.00200810
0.00195771
0.00206902
0.00190336
0.00249985
0.00212665
0.00212418
0.00222092
0.00207972
0.00194699
0.00211345
0.00220357
0.00231501
0.00202876
0.00200572
0.00226870
0.00189807
0.00201982
0.00226210
0.00220670
0.00208644
0.00196843
0.00226903
0.00190444
0.00220471
0.00189710
0.00190381
0.00205913
0.00219645
0.00210345
0.00216917
0.00229275
0.00205355
0.00204934
0.00194333
0.00205144
0.00208922
0.00205577
0.00202046
0.00227662
0.00212332
0.00200070
0.00221864
0.00203059
0.00227602
0.00222267
0.00214502
0.00207835
0.00217218
0.00221618
0.00227417
0.00192093
0.00249023
0.00202000
0.00202765
0.00234340
0.00310853
0.00203417
0.00209245
0.00214170
0.00208559
0.00221044
0.00201798
0.00191106
0.00208421
0.00241142
0.00216770
0.00191822
0.00204346
0.00210307
0.00223415
0.00201379
0.00207069
0.00203839
0.00209476
0.00209406
0.00216724
0.00194903
0.00209966
0.00208066
0.00203528
0.00204055
0.00204408
0.00210145
0.00221310
0.00217422
0.00276166
0.00184670
0.00224882
0.00195181
0.00216730
0.00203978
0.00227272
0.00198940
0.00194742
0.00203892
0.00204315
0.00197121
0.00210752
0.00204929
0.00216798
0.00199925
0.00209848
0.00215084
0.00222573
0.00250938
0.00222451
0.00245046
0.00187296
0.00221272
0.00212710
0.00198448
0.00206139
0.00206760
0.00210582
0.00256672
0.00230300
0.00203844
0.00210778
0.00204726
0.00214546
0.00190230
0.00194728
0.00217423
0.00210291
0.00196645
0.00227407
0.00208408
0.00204584
0.00217988
0.00209962
0.00211929
0.00209666
0.00207256
0.00212817
0.00223313
0.00207420
0.00206283
0.00220430
0.00237389
0.00194500
0.00214733
0.00209695
0.00193857
0.00204791
0.00208297
0.00202447
0.00205142
0.00204543
0.00210399
0.00202937
0.00198625
0.00210635
0.00197985
0.00217147
0.00208135
0.00210967
0.00194729
0.00237310
0.00216967
0.00209815
0.00187140
0.00279678
0.00202214
0.00214599
0.00227503
0.00214728
0.00200551
0.00216758
0.00218128
0.00205061
0.00206864
0.00316713
0.00223150
0.00206071
0.00228010
0.00198232
0.00243384
0.00204285
0.00223417
0.00221788
0.00189318
0.00219263
0.00208926
0.00216876
0.00206426
0.00199076
0.00204077
0.00266263
0.00206445
0.00194802
0.00210275
0.00216373
0.00208192
0.00206852
0.00196832
0.00217374
0.00191395
0.00262857
0.00220442
0.00217484
0.00231480
0.00240970
0.00206174
0.00207491
0.00200350
0.00219968
0.00218408
0.00193823
0.00198152
0.00209681
0.00239107
0.00195155
0.00198298
0.00211634
0.00190843
0.00209695
0.00189917
0.00217794
0.00202957
0.00203014
0.00205023
0.00193183
0.00197994
0.00212907
0.00242035
0.00214618
0.00202944
0.00205563
0.00207586
0.00235199
0.00215042
0.00205477
0.00210743
0.00214379
0.00209851
0.00204016
0.00206377
0.00204761
0.00194232
0.00213853
0.00206920
0.00198602
0.00217900
0.00213234
0.00202581
0.00200002
0.00223521
0.00237006
0.00198352
0.00230359
0.00201412
0.00204052
0.00210695
0.00204376
0.00210812
0.00226048
0.00217100
0.00204642
0.00231505
0.00211460
0.00232882
0.00189437
0.00209466
0.00206706
0.00212934
0.00201000
0.00215823
0.00190973
0.00208436
0.00215689
0.00201094
0.00205587
0.00218093
0.00211629
0.00212014
0.00215311
0.00230632
0.00205833
0.00207692
0.00212257
0.00205762
0.00246662
0.00206733
0.00223006
0.00218914
0.00198929
0.00207631
0.00232775
0.00203009
0.00234209
0.00208487
0.00199568
0.00210897
0.00200499
0.00208356
0.00211490
0.00202463
0.00273035
0.00199811
0.00219047
0.00228325
0.00225299
0.00198487
0.00229494
0.00229851
0.00208851
0.00217717
0.00213345
0.00209427
0.00195630
0.00216784
0.00190121
0.00215473
0.00199979
0.00240395
0.00234633
0.00198460
0.00209665
0.00194127
0.00242576
0.00244978
0.00217281
0.00202790
0.00198697
0.00204885
0.00190473
0.00224186
0.00205667
0.00203855
0.00226318
0.00229251
0.00207213
0.00201786
0.00200239
0.00194849
0.00210470
0.00196351
0.00214088
0.00213813
0.00212899
0.00209900
0.00208688
0.00190672
0.00196686
0.00215683
0.00217450
0.00197527
0.00195646
0.00201460
0.00197413
0.00200479
0.00207378
0.00202338
0.00205154
0.00230380
0.00205190
0.00212316
0.00257176
0.00203371
0.00203999
0.00214353
0.00214438
0.00197916
0.00201482
0.00207586
0.00211361
0.00196930
0.00201628
0.00234384
0.00227651
0.00199189
0.00191825
0.00198770
0.00227280
0.00215422
0.00237544
0.00190934
0.00196026
0.00216622
0.00208584
0.00216618
0.00208363
0.00216185
0.00207579
0.00205041
0.00203901
0.00229388
0.00211774
0.00220004
0.00240007
0.00228809
0.00194349
0.00214530
0.00213262
0.00206949
0.00210192
0.00214586
0.00201570
0.00215740
0.00224368
0.00222912
0.00223614
0.00215963
0.00191906
0.00196249
0.00202515
0.00202735
0.00216927
0.00194115
0.00202527
0.00210720
0.00227202
0.00208012
0.00208836
0.00201907
0.00202552
0.00190187
0.00215266
0.00253183
0.00198533
0.00194053
0.00218981
0.00197626
0.00198580
0.00236067
0.00204664
0.00208759
0.00203800
0.00210076