0.00043049
0.00041488
0.00042008
0.00041599
0.00041991
0.00043287
0.00042936
0.00042587
0.00042710
0.00041485
0.00042794
0.00043471
0.00042419
0.00042957
0.00042087
0.00042737
0.00041551
0.00042011
0.00042847
0.00041646
0.00042068
0.00041513
0.00043252
0.00041744
0.00042296
0.00042121
0.00042129
0.00041168
0.00042886
0.00041971
0.00043710
0.00041674
0.00044252
0.00041615
0.00043439
0.00042876
0.00045225
0.00041145
0.00042503
0.00041133
0.00041990
0.00042897
0.00041140
0.00042121
0.00041539
0.00042791
0.00042291
0.00041367
0.00040908
0.00042240
0.00041413
0.00041816
0.00041910
0.00043010
0.00042726
0.00042170
0.00041643
0.00041103
0.00041859
0.00041724
0.00042005
0.00043562
0.00044029
0.00041854
0.00041451
0.00041047
0.00042063
0.00041340
0.00041214
0.00042261
0.00042757
0.00041448
0.00040693
0.00041440
0.00042470
0.00041858
0.00042242
0.00042462
0.00041853
0.00042993
0.00042338
0.00044637
0.00041448
0.00041606
0.00042265
0.00042198
0.00043488
0.00042409
0.00042617
0.00042721
0.00042225
0.00042343
0.00042983
0.00042017
0.00041898
0.00042521
0.00043216
0.00042180
0.00042482
0.00041217
0.00042021
0.00042048
0.00041432
0.00042702
0.00042203
0.00043120
0.00042452
0.00042764
0.00043338
0.00043349
0.00042972
0.00042042
0.00040981
0.00041638
0.00043251
0.00042364
0.00042017
0.00041501
0.00042412
0.00042690
0.00043517
0.00042272
0.00043348
0.00041719
0.00041198
0.00041121
0.00041660
0.00042137
0.00041039
0.00042104
0.00041781
0.00042209
0.00042434
0.00041433
0.00042663
0.00041278
0.00042101
0.00040159
0.00041940
0.00042320
0.00042617
0.00041857
0.00041786
0.00042772
0.00041901
0.00042080
0.00042158
0.00042154
0.00042412
0.00041912
0.00041721
0.00042340
0.00041746
0.00042305
0.00041145
0.00041705
0.00042062
0.00042912
0.00043852
0.00041084
0.00042646
0.00042798
0.00043364
0.00041836
0.00040903
0.00042820
0.00042902
0.00042497
0.00042090
0.00043034
0.00042289
0.00041307
0.00042243
0.00041979
0.00042323
0.00043149
0.00041644
0.00043151
0.00041799
0.00040809
0.00041088
0.00043371
0.00042223
0.00042638
0.00044437
0.00041737
0.00041104
0.00042449
0.00041807
0.00042379
0.00042213
0.00042773
0.00043006
0.00042197
0.00041442
0.00042974
0.00043397
0.00043512
0.00043226
0.00041153
0.00041043
0.00042048
0.00043250
0.00042395
0.00041689
0.00041555
0.00041283
0.00043029
0.00042305
0.00042563
0.00041438
0.00043463
0.00043766
0.00042870
0.00042492
0.00042191
0.00041735
0.00041952
0.00042420
0.00042878
0.00040372
0.00042063
0.00042531
0.00042766
0.00041033
0.00040832
0.00043847
0.00042181
0.00042635
0.00042085
0.00042395
0.00041605
0.00042116
0.00041544
0.00043276
0.00042910
0.00042629
0.00041315
0.00041766
0.00041762
0.00042216
0.00041896
0.00044140
0.00042446
0.00040976
0.00042298
0.00042217
0.00041475
0.00042035
0.00042099
0.00042799
0.00041345
0.00043647
0.00043888
0.00041851
0.00042051
0.00042995
0.00041965
0.00041855
0.00041903
0.00042632
0.00042739
0.00041879
0.00042154
0.00043091
0.00041625
0.00042057
0.00043219
0.00041845
0.00040710
0.00042676
0.00041852
0.00043563
0.00041560
0.00042109
0.00043398
0.00041823
0.00041117
0.00041894
0.00041883
0.00043217
0.00041967
0.00041663
0.00042651
0.00041842
0.00043435
0.00042880
0.00041862
0.00041415
0.00042006
0.00042784
0.00041565
0.00042260
0.00042804
0.00042165
0.00042093
0.00044162
0.00041972
0.00042098
0.00041199
0.00041349
0.00041962
0.00043969
0.00041447
0.00040791
0.00040730
0.00042005
0.00041365
0.00041342
0.00043473
0.00042447
0.00042230
0.00042109
0.00042642
0.00040594
0.00042579
0.00041279
0.00041246
0.00041717
0.00042159
0.00042199
0.00043807
0.00042812
0.00042262
0.00041699
0.00042026
0.00041991
0.00043868
0.00041121
0.00041302
0.00041825
0.00041024
0.00042121
0.00042645
0.00041658
0.00041863
0.00042529
0.00042662
0.00041246
0.00041249
0.00042368
0.00042383
0.00041581
0.00041979
0.00041907
0.00042645
0.00044304
0.00042916
0.00042009
0.00042016
0.00042154
0.00041857
0.00041646
0.00042277
0.00041512
0.00042864
0.00041883
0.00041960
0.00042167
0.00043002
0.00042724
0.00041674
0.00041780
0.00041444
0.00042345
0.00041549
0.00042382
0.00042536
0.00042764
0.00044656
0.00042504
0.00042245
0.00042956
0.00041904
0.00041751
0.00042643
0.00042405
0.00040848
0.00042807
0.00041861
0.00040662
0.00042364
0.00040939
0.00041729
0.00043118
0.00041563
0.00042758
0.00040539
0.00041973
0.00042278
0.00041386
0.00042675
0.00039998
0.00044501
0.00042405
0.00042715
0.00042341
0.00042087
0.00041121
0.00041580
0.00043664
0.00041433
0.00043210
0.00041989
0.00042486
0.00042056
0.00041886
0.00042317
0.00042400
0.00042714
0.00043515
0.00042163
0.00041704
0.00041206
0.00042407
0.00042600
0.00042300
0.00041197
0.00041507
0.00042730
0.00042796
0.00043210
0.00042755
0.00041991
0.00041856
0.00042274
0.00042031
0.00043365
0.00043133
0.00043312
0.00040767
0.00041838
0.00042207
0.00042356
0.00043289
0.00042245
0.00041730
0.00042934
0.00041922
0.00041631
0.00041639
0.00041655
0.00041806
0.00043197
0.00041927
0.00041674
0.00042434
0.00040681
0.00042942
0.00041351
0.00042935
0.00042052
0.00041756
0.00040580
0.00043579
0.00043015
0.00042692
0.00042205
0.00042199
0.00041650
0.00041916
0.00042210
0.00042890
0.00041470
0.00042568
0.00042890
0.00042681
0.00041107
0.00042461
0.00041548
0.00042516
0.00042990
0.00041010
0.00041336
0.00041981
0.00043546
0.00040797
0.00043030
0.00042005
0.00041216
0.00041693
0.00041892
0.00041551
0.00043472
0.00041567
0.00041424
0.00041898
0.00041516
0.00042669
0.00042629
0.00042005
0.00042559
0.00043600
0.00042558
0.00042554
0.00041454
0.00042826
0.00042585
0.00041766
0.00042736