0.00838646
0.00582741
0.00692334
0.00692539
0.00656333
0.00712233
0.00629466
0.00593213
0.00708306
0.00609398
0.00603918
0.00665529
0.00637476
0.00721343
0.00729842
0.00680343
0.00540618
0.00752593
0.00713726
0.00706599
0.00781687
0.00584132
0.00601433
0.00641506
0.01610575
0.00560495
0.00636104
0.00776329
0.00553763
0.00596722
0.00591172
0.00649792
0.00613327
0.00565242
0.00695939
0.00864916
0.00564957
0.00566651
0.00701545
0.00704529
0.00722460
0.00732928
0.00594667
0.00691652
0.00539432
0.00646957
0.00692424
0.00587735
0.00549674
0.00575343
0.00617455
0.00585280
0.00614131
0.00687720
0.00643147
0.00652682
0.00722840
0.00685564
0.00735648
0.00599630
0.00637156
0.00723402
0.00612723
0.00631423
0.00728601
0.00595068
0.00807227
0.00914161
0.00672063
0.00610545
0.01081256
0.00585202
0.00655414
0.00576103
0.00721755
0.00560448
0.00631193
0.00596015
0.00608131
0.00645637
0.00593429
0.00757915
0.00629324
0.00701809
0.00930576
0.00655477
0.00663207
0.00795964
0.00789178
0.00626306
0.00610822
0.00627111
0.00601565
0.00605787
0.00580219
0.00739849
0.00674087
0.00838659
0.00660900
0.00560569
0.00791914
0.00554430
0.00757079
0.00947303
0.00607884
0.00634993
0.00687629
0.00585787
0.00660776
0.00586905
0.00835917
0.00781217
0.00634327
0.00682846
0.00622582
0.00730367
0.01022142
0.00839970
0.00503514
0.00609719
0.00714841
0.00680723
0.00658985
0.00675713
0.00777410
0.00747465
0.00598701
0.00701321
0.00682915
0.00639672
0.00892086
0.00594859
0.00580119
0.00702228
0.00667300
0.00749859
0.00901743
0.00510281
0.00736614
0.00656296
0.00608396
0.00731658
0.00597073
0.00619343
0.00796438
0.00728782
0.00739163
0.00531237
0.01954338
0.00646626
0.00564597
0.00577603
0.00573539
0.00674610
0.00627825
0.00655712
0.00585303
0.00616839
0.00640383
0.00728129
0.00701138
0.00683426
0.00548432
0.00507186
0.00643127
0.00600924
0.00746859
0.00609106
0.00856511
0.00709269
0.00586240
0.00569434
0.00579932
0.01129974
0.00619434
0.00692525
0.00713736
0.00662539
0.00685739
0.00744948
0.00867493
0.00683422
0.00698739
0.00612127
0.00600741
0.00587594
0.00629291
0.00753660
0.00614350
0.00969777
0.00676487
0.00593514
0.00701196
0.00671360
0.00610566
0.00721170
0.00896481
0.00662922
0.00584760
0.00510761
0.00624165
0.00683797
0.00745500
0.00717481
0.00557865
0.00647556
0.00663112
0.00750740
0.00658231
0.00566469
0.00670975
0.00798126
0.00740837
0.00640868
0.00712223
0.00658142
0.00707727
0.00644050
0.00884525
0.00661683
0.00586419
0.00804812
0.00697174
0.00680557
0.00552141
0.00671595
0.00786751
0.00631493
0.00688396
0.00718987
0.01748299
0.00656175
0.00836039
0.00561217
0.00739245
0.00852667
0.00653224
0.00678161
0.00653747
0.00602274
0.00571118
0.00785114
0.00619326
0.00697739
0.00718833
0.00829978
0.00748600
0.00653671
0.00823122
0.00599029
0.00724598
0.00634105
0.00655254
0.00687149
0.00688143
0.00569481
0.00531276
0.00618912
0.00519753
0.00619037
0.00567667
0.00709475
0.00572162
0.00658478
0.00656075
0.00833283
0.00560786
0.00612243
0.00617866
0.00563752
0.00575397
0.00698633
0.00737770
0.00667832
0.00605857
0.00741039
0.00811258
0.00637268
0.00668778
0.00655954
0.00862297
0.00683124
0.00633928
0.00733085
0.00668227
0.00703064
0.00627762
0.00563473
0.00663890
0.00726889
0.00599794
0.00690435
0.00642366
0.00681105
0.00680952
0.00613765
0.00611216
0.00616243
0.00612105
0.00680362
0.00679266
0.00646392
0.00761474
0.00547604
0.00650966
0.00556449
0.00983877
0.00643443
0.00652565
0.00847731
0.00761899
0.00674282
0.01071254
0.00800576
0.00590737
0.00592915
0.00580664
0.00554851
0.00877149
0.00622529
0.00551987
0.00737164
0.00582231
0.00664854
0.00701469
0.00542716
0.00794621
0.00586979
0.00651899
0.00543355
0.00746246
0.01025517
0.00641828
0.00702312
0.00679764
0.00563918
0.00672351
0.00663717
0.00633175
0.00598891
0.00733758
0.00613039
0.00752817
0.00695605
0.01730579
0.00545761
0.00509560
0.00551186
0.00789033
0.00611822
0.00631999
0.00670097
0.00824830
0.00563053
0.00698801
0.00579351
0.00891215
0.00573901
0.00610633
0.00655028
0.00662379
0.00658255
0.00643690
0.00814195
0.00610796
0.00574092
0.00745583
0.00902722
0.00705922
0.00574828
0.00729264
0.00599126
0.00747172
0.00703637
0.00628777
0.00706253
0.00908104
0.00527607
0.00669019
0.01455052
0.00897592
0.00646208
0.00587687
0.00653296
0.00544676
0.00602974
0.01147268
0.00961430
0.00719241
0.00636885
0.00685800
0.01056014
0.00714030
0.00961937
0.00576533
0.00609766
0.00578649
0.00608367
0.00631211
0.00588195
0.00562335
0.00701805
0.00548607
0.00624831
0.00709097
0.00666469
0.02099318
0.00606361
0.00676751
0.00520729
0.00725363
0.00709081
0.00672013
0.00652977
0.00772348
0.00699405
0.00700917
0.00636679
0.00573189
0.00816730
0.00586028
0.00579597
0.00591415
0.00612357
0.00639116
0.00956393
0.01043537
0.00542376
0.00702746
0.00567769
0.00666697
0.00594370
0.00695793
0.00526357
0.00623015
0.00814062
0.00607208
0.00691919
0.00621191
0.00677736
0.00690313
0.00656903
0.00601254
0.00614688
0.00577919
0.00648589
0.01919586
0.00758513
0.00527872
0.00963505
0.00589462
0.00814721
0.00802021
0.00724684
0.00642702
0.00716990
0.00702389
0.00686053
0.00733573
0.00851389
0.00670148
0.00627723
0.00668866
0.00586187
0.00682324
0.00695709
0.00632305
0.00534364
0.00712541
0.00700474
0.00564019
0.00795819
0.00586429
0.00724651
0.00656969
0.00709893
0.00713463
0.00594171
0.00734683
0.00721575
0.00578668
0.00578259
0.00822534
0.00708076
0.00612715
0.00772210
0.00638225
0.00616220
0.00702272
0.00685483
0.00622813
0.00895411
0.00915608
0.00854416
0.00582581
0.00870285
0.00685702
0.00662501
0.00606254
0.00674123