0.00288041
0.00287185
0.00300322
0.00300439
0.00262235
0.00284417
0.00285948
0.00280348
0.00288120
0.00283702
0.00251848
0.00268694
0.00339689
0.00305062
0.00286486
0.00263259
0.00272134
0.00293881
0.00262713
0.00282193
0.00275605
0.00259383
0.00251715
0.00257055
0.00289994
0.00251223
0.00271033
0.00244825
0.00268325
0.00249269
0.00268506
0.00256482
0.00292486
0.00283741
0.00293013
0.00254673
0.00282693
0.00285568
0.00272449
0.00256886
0.00289216
0.00266527
0.00265242
0.00321320
0.00278399
0.00284667
0.00264526
0.00270678
0.00290994
0.00280380
0.00361939
0.00261208
0.00277461
0.00272225
0.00310586
0.00279675
0.00271686
0.00267498
0.00257834
0.00280243
0.00314808
0.00257238
0.00278037
0.00271157
0.00259587
0.00257715
0.00278796
0.00280178
0.00262340
0.00271452
0.00258520
0.00258669
0.00350529
0.00313216
0.00325399
0.00287883
0.00289050
0.00296255
0.00258685
0.00265669
0.00252710
0.00264686
0.00293861
0.00282432
0.00310735
0.00272180
0.00255267
0.00288512
0.00263113
0.00429849
0.00290357
0.00296818
0.00261343
0.00248553
0.00275754
0.00272720
0.00260691
0.00303864
0.00286727
0.00272457
0.00270099
0.00274242
0.00306457
0.00245828
0.00259269
0.00324373
0.00275039
0.00298849
0.00265215
0.00269801
0.00273741
0.00277831
0.00276568
0.00274560
0.00271148
0.00259969
0.00272804
0.00326880
0.00267414
0.00266553
0.00265400
0.00303871
0.00300808
0.00350966
0.00292993
0.00261305
0.00258582
0.00304869
0.00234290
0.00271901
0.00286829
0.00260015
0.00285540
0.00260792
0.00253933
0.00258669
0.00285060
0.00343483
0.00299851
0.00284189
0.00266578
0.00300463
0.00238504
0.00286224
0.00360229
0.00259730
0.00266358
0.00298497
0.00269422
0.00275845
0.00298924
0.00264450
0.00299956
0.00282982
0.00288249
0.00289672
0.00257709
0.00272593
0.00296897
0.00269005
0.00249061
0.00346139
0.00287876
0.00280283
0.00267890
0.00257389
0.00297426
0.00265248
0.00287075
0.00280660
0.00252735
0.00259858
0.00288891
0.00306139
0.00283004
0.00252082
0.00274796
0.00263509
0.00329716
0.00277094
0.00238715
0.00253148
0.00277448
0.00294486
0.00271410
0.00257765
0.00266910
0.00271684
0.00262458
0.00338071
0.00276757
0.00284714
0.00286428
0.00266371
0.00274963
0.00302704
0.00305246
0.00259413
0.00366100
0.00248380
0.00272681
0.00254615
0.00263974
0.00261222
0.00287548
0.00276893
0.00254449
0.00260232
0.00322855
0.00252877
0.00276682
0.00254744
0.00349421
0.00287349
0.00364227
0.00267534
0.00299836
0.00295929
0.00281371
0.00244348
0.00267085
0.00257932
0.00261623
0.00340778
0.00255506
0.00315964
0.00252076
0.00281918
0.00281807
0.00281323
0.00263597
0.00261464
0.00264248
0.00288872
0.00287110
0.00305725
0.00279390
0.00284484
0.00274046
0.00328496
0.00346983
0.00301817
0.00299621
0.00246095
0.00276983
0.00261044
0.00276057
0.00272500
0.00276050
0.00279408
0.00256068
0.00271126
0.00273700
0.00259331
0.00312738
0.00268256
0.00254268
0.00274363
0.00260557
0.00271660
0.00291682
0.00301132
0.00251815
0.00301827
0.00309758
0.00304667
0.00285235
0.00264173
0.00311195
0.00286183
0.00248226
0.00265378
0.00266322
0.00253216
0.00275575
0.00307805
0.00294668
0.00288721
0.00372510
0.00283045
0.00279046
0.00271093
0.00270782
0.00285035
0.00258104
0.00300795
0.00263065
0.00269388
0.00293606
0.00288610
0.00272655
0.00273761
0.00277959
0.00264837
0.00278053
0.00253967
0.00286467
0.00281263
0.00265252
0.00283502
0.00278510
0.00266240
0.00250541
0.00310242
0.00285874
0.00273562
0.00287111
0.00271152
0.00250661
0.00261391
0.00287632
0.00255974
0.00278590
0.00280456
0.00277941
0.00315077
0.00290919
0.00252904
0.00256274
0.00286765
0.00264445
0.00265207
0.00273457
0.00275017
0.00278516
0.00271353
0.00276114
0.00294546
0.00270725
0.00262295
0.00301712
0.00286287
0.00273855
0.00247026
0.00256356
0.00256043
0.00290699
0.00297284
0.00254990
0.00272096
0.00267750
0.00268448
0.00306988
0.00335791
0.00284937
0.00274227
0.00251919
0.00287387
0.00285175
0.00272587
0.00281520
0.00310079
0.00299740
0.00287317
0.00283172
0.00245765
0.00259251
0.00306984
0.00262568
0.00272057
0.00265193
0.00270822
0.00329976
0.00324160
0.00284683
0.00273322
0.00286163
0.00329189
0.00278865
0.00310027
0.00323614
0.00270487
0.00336246
0.00272025
0.00282120
0.00275086
0.00294408
0.00269584
0.00258168
0.00253358
0.00267331
0.00322089
0.00269179
0.00296800
0.00274919
0.00278884
0.00265039
0.00277332
0.00265484
0.00382560
0.00262554
0.00298492
0.00275218
0.00277297
0.00246003
0.00269743
0.00268799
0.00265674
0.00268010
0.00257666
0.00267134
0.00284470
0.00315320
0.00289825
0.00292005
0.00321863
0.00325014
0.00281587
0.00347354
0.00288434
0.00294647
0.00261252
0.00259648
0.00264061
0.00264272
0.00290986
0.00250735
0.00274772
0.00280857
0.00280539
0.00321948
0.00274170
0.00275966
0.00256984
0.00287263
0.00313711
0.00278600
0.00288866
0.00279036
0.00268823
0.00318033
0.00271345
0.00267268
0.00252630
0.00267829
0.00255790
0.00284262
0.00262623
0.00253891
0.00276102
0.00299442
0.00276657
0.00268138
0.00277509
0.00282843
0.00311311
0.00266665
0.00461911
0.00254404
0.00293223
0.00284169
0.00252803
0.00263418
0.00295043
0.00266112
0.00291685
0.00301334
0.00283693
0.00266720
0.00278149
0.00286188
0.00267182
0.00276906
0.00286580
0.00322741
0.00353588
0.00270602
0.00249312
0.00271405
0.00263486
0.00279970
0.00255840
0.00272255
0.00286512
0.00275878
0.00250327
0.00270580
0.00294820
0.00349930
0.00289745
0.00282776
0.00274888
0.00312042
0.00255494
0.00260026
0.00245429
0.00278821
0.00260052
0.00261536
0.00373575
0.00268818
0.00261845
0.00295064
0.00262013
0.00255635
0.00260765
0.00288948
0.00299038
0.00259323
0.00309600