0.00139207
0.00125245
0.00127685
0.00124129
0.00127314
0.00123733
0.00126983
0.00121800
0.00124879
0.00126515
0.00127045
0.00121654
0.00125320
0.00133419
0.00129885
0.00131611
0.00136846
0.00130847
0.00132154
0.00123026
0.00128184
0.00124159
0.00130557
0.00130023
0.00128982
0.00134972
0.00125826
0.00121359
0.00142689
0.00129123
0.00123779
0.00131329
0.00123149
0.00124457
0.00125895
0.00121068
0.00131428
0.00146359
0.00124415
0.00125225
0.00133846
0.00127740
0.00136678
0.00131783
0.00129073
0.00127742
0.00127157
0.00127893
0.00124865
0.00129517
0.00126199
0.00135191
0.00136266
0.00125587
0.00130976
0.00128431
0.00126999
0.00130755
0.00128650
0.00130724
0.00126559
0.00132042
0.00127680
0.00130389
0.00128798
0.00133398
0.00126892
0.00123328
0.00125626
0.00127426
0.00131581
0.00125374
0.00128470
0.00131572
0.00128991
0.00127863
0.00135106
0.00132652
0.00123511
0.00125932
0.00122242
0.00131097
0.00127997
0.00132814
0.00134220
0.00123986
0.00127782
0.00121312
0.00127842
0.00124788
0.00129559
0.00123041
0.00129341
0.00130978
0.00127853
0.00120624
0.00129529
0.00127235
0.00135690
0.00133682
0.00122421
0.00124480
0.00135331
0.00129277
0.00128142
0.00127734
0.00138171
0.00128883
0.00132223
0.00129970
0.00131866
0.00134643
0.00128109
0.00126415
0.00124268
0.00128615
0.00124802
0.00127901
0.00141525
0.00130879
0.00124458
0.00127429
0.00126891
0.00121874
0.00128826
0.00135122
0.00130621
0.00138558
0.00126184
0.00129731
0.00128423
0.00130224
0.00131369
0.00126734
0.00128647
0.00131323
0.00126240
0.00134193
0.00123897
0.00127853
0.00129433
0.00128218
0.00127559
0.00130354
0.00124671
0.00125152
0.00133347
0.00120752
0.00134351
0.00130977
0.00124515
0.00124366
0.00120584
0.00129502
0.00126676
0.00129560
0.00128555
0.00127325
0.00129926
0.00130403
0.00127437
0.00128350
0.00132759
0.00126522
0.00129557
0.00133588
0.00129319
0.00129617
0.00128831
0.00131089
0.00135257
0.00125934
0.00124548
0.00121278
0.00139629
0.00132101
0.00133000
0.00130860
0.00126987
0.00139495
0.00125344
0.00127172
0.00128199
0.00122125
0.00147663
0.00129653
0.00134095
0.00130301
0.00124230
0.00128691
0.00122508
0.00128464
0.00131729
0.00131121
0.00126429
0.00125671
0.00123797
0.00126748
0.00125328
0.00131199
0.00127741
0.00134368
0.00125335
0.00149754
0.00126383
0.00128332
0.00131180
0.00130398
0.00129526
0.00124104
0.00120408
0.00130851
0.00128165
0.00126164
0.00125998
0.00125062
0.00122462
0.00126828
0.00127261
0.00124507
0.00126393
0.00128963
0.00120893
0.00128219
0.00130425
0.00125666
0.00130016
0.00125496
0.00125290
0.00135347
0.00132346
0.00135815
0.00140713
0.00125583
0.00129301
0.00125139
0.00127961
0.00129397
0.00122743
0.00126528
0.00122769
0.00129277
0.00123010
0.00124870
0.00130417
0.00130492
0.00131782
0.00128976
0.00138555
0.00130675
0.00130211
0.00125733
0.00135862
0.00136854
0.00126733
0.00127437
0.00127453
0.00137003
0.00125484
0.00130085
0.00132286
0.00125636
0.00127647
0.00127828
0.00124563
0.00133726
0.00131303
0.00140193
0.00125757
0.00126452
0.00128805
0.00134720
0.00132816
0.00125766
0.00125124
0.00122403
0.00136825
0.00131828
0.00122259
0.00125165
0.00127094
0.00126597
0.00129992
0.00124001
0.00128713
0.00128285
0.00123026
0.00136430
0.00127120
0.00127392
0.00127306
0.00126614
0.00131993
0.00124982
0.00120656
0.00131392
0.00124916
0.00126783
0.00136018
0.00127835
0.00127716
0.00125574
0.00126708
0.00129063
0.00116539
0.00132496
0.00129326
0.00125348
0.00128003
0.00128686
0.00135719
0.00132582
0.00132306
0.00127361
0.00133724
0.00132786
0.00121824
0.00127797
0.00126619
0.00131395
0.00127398
0.00122788
0.00129470
0.00131657
0.00132067
0.00131096
0.00126393
0.00123567
0.00129706
0.00126003
0.00125980
0.00129484
0.00126665
0.00128856
0.00132195
0.00127484
0.00132571
0.00123325
0.00133253
0.00126355
0.00121824
0.00134029
0.00124852
0.00129352
0.00130915
0.00124432
0.00132735
0.00122126
0.00137128
0.00124203
0.00132086
0.00129397
0.00126652
0.00131833
0.00125085
0.00122428
0.00132024
0.00132355
0.00125909
0.00130629
0.00127504
0.00125164
0.00130931
0.00126572
0.00131897
0.00124120
0.00128610
0.00127932
0.00130476
0.00125286
0.00137641
0.00130180
0.00132309
0.00139465
0.00129146
0.00123256
0.00128883
0.00124517
0.00125777
0.00135065
0.00135526
0.00126020
0.00128332
0.00126311
0.00131978
0.00127108
0.00128016
0.00127313
0.00132376
0.00130012
0.00126454
0.00126426
0.00134073
0.00121506
0.00132773
0.00134818
0.00131382
0.00130449
0.00125468
0.00132994
0.00130668
0.00127217
0.00124210
0.00127443
0.00130524
0.00133550
0.00132207
0.00129658
0.00129121
0.00127040
0.00127690
0.00126905
0.00125632
0.00122713
0.00121404
0.00121977
0.00123042
0.00129371
0.00129867
0.00138460
0.00124129
0.00123134
0.00128732
0.00135890
0.00131423
0.00136120
0.00132704
0.00124128
0.00138602
0.00121023
0.00129087
0.00122442
0.00128889
0.00128878
0.00131194
0.00126706
0.00131472
0.00142150
0.00123608
0.00136202
0.00126284
0.00123609
0.00133960
0.00149848
0.00126985
0.00124793
0.00127320
0.00125444
0.00126190
0.00145959
0.00129002
0.00126450
0.00135239
0.00129906
0.00127271
0.00128710
0.00130557
0.00124359
0.00126175
0.00128860
0.00120652
0.00137617
0.00126095
0.00133356
0.00123877
0.00130813
0.00131606
0.00135511
0.00124657
0.00134680
0.00125885
0.00127152
0.00134863
0.00129523
0.00128345
0.00124641
0.00134649
0.00133081
0.00138573
0.00134016
0.00130956
0.00123740
0.00131996
0.00129082
0.00132928
0.00133262
0.00128686
0.00132632
0.00122770
0.00123425
0.00130868
0.00125974
0.00125176
0.00126228
0.00120120
0.00122279
0.00130413
0.00125959
0.00131313
0.00124934