0.00345605
0.00323527
0.00516094
0.00304664
0.00325521
0.00309928
0.00339322
0.00338798
0.00289042
0.00320538
0.00377057
0.00345147
0.00454836
0.00318977
0.00344900
0.00319354
0.00343706
0.00417270
0.00328874
0.00368509
0.00386876
0.00295531
0.00374339
0.00343918
0.00308460
0.00381862
0.00328977
0.00354902
0.00299496
0.00312774
0.00470566
0.00336281
0.00436872
0.00413990
0.00310234
0.00338690
0.00326933
0.00326847
0.00337076
0.00405685
0.00350444
0.00414858
0.00314137
0.00694236
0.00366084
0.00367230
0.00310311
0.00383449
0.00334187
0.00332503
0.00318924
0.00356544
0.00360775
0.00431460
0.00297708
0.00356390
0.00429307
0.00305427
0.00341657
0.00349904
0.00408924
0.00308429
0.00402804
0.00404132
0.00349701
0.00375663
0.00335533
0.00322311
0.00377490
0.00413687
0.00331754
0.00347815
0.00367672
0.00332010
0.00337551
0.00328211
0.00323563
0.00326966
0.00315037
0.00340643
0.00492736
0.00296528
0.00335325
0.00305944
0.00350098
0.00390699
0.00317936
0.00380608
0.00449230
0.00416541
0.00379633
0.00308455
0.00323469
0.00360382
0.00343386
0.00326290
0.00337090
0.00317750
0.00394858
0.00338298
0.00338430
0.00304419
0.00307364
0.00384773
0.00293482
0.00335843
0.00417146
0.00355203
0.00346551
0.00353106
0.00379853
0.00294932
0.00335268
0.00331067
0.00372336
0.00325984
0.00361929
0.00401211
0.00335074
0.00312080
0.00322957
0.00324796
0.00363705
0.00355644
0.00467555
0.00342632
0.00304222
0.00370311
0.00336749
0.00391281
0.00306014
0.00393115
0.00317987
0.00301688
0.00337590
0.00334542
0.00316629
0.00522392
0.00311158
0.00300426
0.00334913
0.00364623
0.00337968
0.00308949
0.00366967
0.00298514
0.00440303
0.00308391
0.00306761
0.00335300
0.00325024
0.00323908
0.00356510
0.00299115
0.00380341
0.00344868
0.00334019
0.00309232
0.00361073
0.00333020
0.00355965
0.00322544
0.00292506
0.00345432
0.00372220
0.00351331
0.00414946
0.00318190
0.00378649
0.00327851
0.00305943
0.00299784
0.00349285
0.00328814
0.00341256
0.00310326
0.00343918
0.00341161
0.00330735
0.00315912
0.00316616
0.00332609
0.00279672
0.00326972
0.00408195
0.00381530
0.00433154
0.00420357
0.00362765
0.00344884
0.00362801
0.00310521
0.00383200
0.00327087
0.00443017
0.00335732
0.00309522
0.00326099
0.00348250
0.00322378
0.00361907
0.00339299
0.00351625
0.00382416
0.00309635
0.00383289
0.00324831
0.00465750
0.00461212
0.00336588
0.00348317
0.00322955
0.00401862
0.00336614
0.00322305
0.00340709
0.00568092
0.00340750
0.00361582
0.00384340
0.00310443
0.00299809
0.00338229
0.00314382
0.00305099
0.00331935
0.00365776
0.00313116
0.00326297
0.00291587
0.00379602
0.00522792
0.00292680
0.00345555
0.00985463
0.00337256
0.00287706
0.00343942
0.00297885
0.00401103
0.00322565
0.00338077
0.00338442
0.00352178
0.00302851
0.00327696
0.00322555
0.00368960
0.00341365
0.00324766
0.00409523
0.00642850
0.00364595
0.00352026
0.00363769
0.00321998
0.00464861
0.00322697
0.00444287
0.00291286
0.00326944
0.00328249
0.00426420
0.00309685
0.00325177
0.00378290
0.00310671
0.00324522
0.00329196
0.00333997
0.00327844
0.00385080
0.00301353
0.00414369
0.00439508
0.00337463
0.00390340
0.00337362
0.00314070
0.00365681
0.00369933
0.00316382
0.00280724
0.00422179
0.00368458
0.00481978
0.00363754
0.00436502
0.00345090
0.00315302
0.00322421
0.00392424
0.00297503
0.00306433
0.00305876
0.00365174
0.00330966
0.00306816
0.00320201
0.00367790
0.00443860
0.00364896
0.00415459
0.00312906
0.00371015
0.00340749
0.00309892
0.00323509
0.00373145
0.00324574
0.00352858
0.00329885
0.00316415
0.00515890
0.00364946
0.00546428
0.00312894
0.00358839
0.00332459
0.00357012
0.00293408
0.00335028
0.00325019
0.00370161
0.00383510
0.00492408
0.00276545
0.00324230
0.00305401
0.00338566
0.00288788
0.00371206
0.00325455
0.00373236
0.00311062
0.00458429
0.00393951
0.00286926
0.00313863
0.00311216
0.00319380
0.00296645
0.00416276
0.00354068
0.00331928
0.00316274
0.00312049
0.00342937
0.00318224
0.00329055
0.00349866
0.00409379
0.00337507
0.00354624
0.00356629
0.00320662
0.00328955
0.00314929
0.00337631
0.00344973
0.00333215
0.00334463
0.00342928
0.00334018
0.00423321
0.00398563
0.00402079
0.00507319
0.00355724
0.00435458
0.00369583
0.00880308
0.00322358
0.00358611
0.00325622
0.00416791
0.00314884
0.00350768
0.00375244
0.00350458
0.00319849
0.00280965
0.00672354
0.00327857
0.00327840
0.00291820
0.00313439
0.00409625
0.00344201
0.00297102
0.00718247
0.00349121
0.00430253
0.00430234
0.00351646
0.00297093
0.00322167
0.00343821
0.00316467
0.00418837
0.00355392
0.00419515
0.00320269
0.00311740
0.00349665
0.00308407
0.00319282
0.00347667
0.00328471
0.00337519
0.00296260
0.00321895
0.00350911
0.00326454
0.00324212
0.00395790
0.00380837
0.00327778
0.00327135
0.00450307
0.00317081
0.00327484
0.00326580
0.00335340
0.00322292
0.00300092
0.00318451
0.00318594
0.00299579
0.00352634
0.00314519
0.00322016
0.00332718
0.00377000
0.00304233
0.00317009
0.00375388
0.00312624
0.00323540
0.00414556
0.00297558
0.00317748
0.00308873
0.00424824
0.00484836
0.00367277
0.00321061
0.00303216
0.00415270
0.00333681
0.00387620
0.00344624
0.00312716
0.00333037
0.00370795
0.00324780
0.00325076
0.00353429
0.00319108
0.00352458
0.00288725
0.00342227
0.00325427
0.00283029
0.00433874
0.00365861
0.00346423
0.00333368
0.00338853
0.00333428
0.00351442
0.00328194
0.00312596
0.00319084
0.00300657
0.00329542
0.00333674
0.00336276
0.00320176
0.00377034
0.00353865
0.00383686
0.00349898
0.00340850
0.00330599
0.00360934
0.00407344
0.00350600
0.00329835
0.00342546
0.00334082
0.00317477
0.00437235
0.00344833
0.00315916
0.00349600
0.00318742
0.00323757
0.00382101
0.00427765