0.00175849
0.00182139
0.00174611
0.00174495
0.00169612
0.00180438
0.00174429
0.00172242
0.00176427
0.00179350
0.00173184
0.00181039
0.00176280
0.00168894
0.00188713
0.00179312
0.00176334
0.00178352
0.00182571
0.00177455
0.00166772
0.00171976
0.00180713
0.00189622
0.00173610
0.00169349
0.00172492
0.00182129
0.00175842
0.00184489
0.00182909
0.00184028
0.00172295
0.00175344
0.00173820
0.00181724
0.00176716
0.00173251
0.00175256
0.00180996
0.00175504
0.00184524
0.00172204
0.00176151
0.00182310
0.00185135
0.00175534
0.00173637
0.00181199
0.00176667
0.00169456
0.00181701
0.00177458
0.00174159
0.00184815
0.00181871
0.00181191
0.00180264
0.00183609
0.00169585
0.00170429
0.00180543
0.00172190
0.00172311
0.00174516
0.00175967
0.00181770
0.00179678
0.00195996
0.00170898
0.00177096
0.00184528
0.00183538
0.00186276
0.00177571
0.00178237
0.00177592
0.00171982
0.00174572
0.00179255
0.00175097
0.00182531
0.00180924
0.00175170
0.00180341
0.00171804
0.00186910
0.00179746
0.00174024
0.00183540
0.00172733
0.00174012
0.00174563
0.00179557
0.00174476
0.00177062
0.00177231
0.00177797
0.00173232
0.00171266
0.00178300
0.00186884
0.00178540
0.00176935
0.00174173
0.00174050
0.00174869
0.00180489
0.00185335
0.00169399
0.00176321
0.00169896
0.00172227
0.00183795
0.00172928
0.00176918
0.00168536
0.00191779
0.00177771
0.00188785
0.00175366
0.00180429
0.00169184
0.00177048
0.00180163
0.00180843
0.00199230
0.00181604
0.00178651
0.00172312
0.00171156
0.00182274
0.00175891
0.00176755
0.00179291
0.00183868
0.00179118
0.00170228
0.00170609
0.00183198
0.00179654
0.00168170
0.00172151
0.00176296
0.00165707
0.00175503
0.00173512
0.00176959
0.00182107
0.00186102
0.00179973
0.00172818
0.00189599
0.00183853
0.00171775
0.00177094
0.00174217
0.00171408
0.00172142
0.00172884
0.00175880
0.00179221
0.00182658
0.00182340
0.00175614
0.00168930
0.00189615
0.00179930
0.00175251
0.00168878
0.00172133
0.00176373
0.00177052
0.00173101
0.00180984
0.00184753
0.00180909
0.00185744
0.00181153
0.00176833
0.00170017
0.00182623
0.00178501
0.00172316
0.00181241
0.00179587
0.00178547
0.00189727
0.00178886
0.00182756
0.00185376
0.00187491
0.00172785
0.00171497
0.00169983
0.00181256
0.00173481
0.00175689
0.00176660
0.00180293
0.00183675
0.00170622
0.00176748
0.00174504
0.00187008
0.00184740
0.00175019
0.00176075
0.00188137
0.00176786
0.00169587
0.00172461
0.00176954
0.00173591
0.00174880
0.00179342
0.00170413
0.00183058
0.00174927
0.00178562
0.00166007
0.00179692
0.00179729
0.00170722
0.00173348
0.00184843
0.00190988
0.00180435
0.00172179
0.00171005
0.00179138
0.00181646
0.00172268
0.00178768
0.00178086
0.00176587
0.00167172
0.00171094
0.00189708
0.00176673
0.00167223
0.00173556
0.00183788
0.00171116
0.00179873
0.00178267
0.00182877
0.00173990
0.00177176
0.00174298
0.00177356
0.00184511
0.00183564
0.00176740
0.00177014
0.00176524
0.00181594
0.00177318
0.00181842
0.00176366
0.00178266
0.00176511
0.00173826
0.00172067
0.00172703
0.00175667
0.00174872
0.00182822
0.00170824
0.00179061
0.00178458
0.00178305
0.00178176
0.00187857
0.00183929
0.00183993
0.00178671
0.00181030
0.00174771
0.00181165
0.00185659
0.00172836
0.00181308
0.00182003
0.00171028
0.00191039
0.00191111
0.00174788
0.00175727
0.00176200
0.00175257
0.00184063
0.00170279
0.00175365
0.00172892
0.00169809
0.00181536
0.00182571
0.00171342
0.00177477
0.00177486
0.00172035
0.00169388
0.00172805
0.00175676
0.00178828
0.00182501
0.00173376
0.00186050
0.00175153
0.00173370
0.00172434
0.00174128
0.00181377
0.00176994
0.00184251
0.00186499
0.00176271
0.00167630
0.00193410
0.00184022
0.00180657
0.00181069
0.00175048
0.00169845
0.00171904
0.00173061
0.00172758
0.00174440
0.00172356
0.00175979
0.00184092
0.00186280
0.00176803
0.00183482
0.00177811
0.00175377
0.00178732
0.00176694
0.00168373
0.00175577
0.00170002
0.00180865
0.00208625
0.00178640
0.00174756
0.00172506
0.00180914
0.00181552
0.00180861
0.00176511
0.00175815
0.00178916
0.00185196
0.00174155
0.00178078
0.00171291
0.00176762
0.00180722
0.00178499
0.00181164
0.00174032
0.00178787
0.00175279
0.00187649
0.00188864
0.00162981
0.00177233
0.00174827
0.00176342
0.00176343
0.00173474
0.00179970
0.00179795
0.00179037
0.00178530
0.00176972
0.00188256
0.00165281
0.00178099
0.00181484
0.00174589
0.00182704
0.00174107
0.00176878
0.00180013
0.00177809
0.00181960
0.00178492
0.00176956
0.00189761
0.00183051
0.00171967
0.00173288
0.00169933
0.00185052
0.00176526
0.00182507
0.00173293
0.00177454
0.00181501
0.00177401
0.00178575
0.00179112
0.00186894
0.00179178
0.00180243
0.00179675
0.00183080
0.00180751
0.00180397
0.00167374
0.00165768
0.00188012
0.00180242
0.00174564
0.00185625
0.00182520
0.00188473
0.00177092
0.00174220
0.00176465
0.00173499
0.00188830
0.00173523
0.00171340
0.00178510
0.00176278
0.00169420
0.00175887
0.00173502
0.00170819
0.00177443
0.00174650
0.00174400
0.00177658
0.00179049
0.00177994
0.00176522
0.00177885
0.00176737
0.00172959
0.00179147
0.00183996
0.00176976
0.00167938
0.00181136
0.00175006
0.00196955
0.00174312
0.00178445
0.00179035
0.00179511
0.00188360
0.00181773
0.00179367
0.00179686
0.00176446
0.00177255
0.00176619
0.00173292
0.00176217
0.00180778
0.00199599
0.00175741
0.00177920
0.00170911
0.00176462
0.00177989
0.00179356
0.00181196
0.00179555
0.00174796
0.00178653
0.00177901
0.00178785
0.00182177
0.00177962
0.00180509
0.00170198
0.00180926
0.00171145
0.00180639
0.00172939
0.00177197
0.00174557
0.00172924
0.00176815
0.00182155
0.00173815
0.00184870
0.00176726
0.00178959
0.00177186
0.00170334
0.00177303
0.00174092
0.00184902
0.00175733
0.00176368