0.00136161
0.00135318
0.00146193
0.00129178
0.00133023
0.00153205
0.00179864
0.00134286
0.00138904
0.00131636
0.00139458
0.00133047
0.00141959
0.00126635
0.00131515
0.00118681
0.00128911
0.00142841
0.00148773
0.00127348
0.00138856
0.00125468
0.00131623
0.00135806
0.00124179
0.00143334
0.00132281
0.00130800
0.00127591
0.00126485
0.00122551
0.00139924
0.00142952
0.00142051
0.00124933
0.00127707
0.00139304
0.00157110
0.00124327
0.00138613
0.00126651
0.00129227
0.00125969
0.00157512
0.00135572
0.00124813
0.00127655
0.00127253
0.00126732
0.00127804
0.00127584
0.00158612
0.00140436
0.00143911
0.00126765
0.00137910
0.00126458
0.00132146
0.00126253
0.00118547
0.00126598
0.00124936
0.00145647
0.00127640
0.00144199
0.00152847
0.00151121
0.00133783
0.00137236
0.00143172
0.00125053
0.00128767
0.00151613
0.00122437
0.00147210
0.00134888
0.00132612
0.00144629
0.00124592
0.00127361
0.00130120
0.00142556
0.00139801
0.00132976
0.00139397
0.00137776
0.00126886
0.00135798
0.00128863
0.00124672
0.00141805
0.00129507
0.00130674
0.00120836
0.00133435
0.00157692
0.00135522
0.00136348
0.00131276
0.00125650
0.00126874
0.00121821
0.00131525
0.00135291
0.00129660
0.00125614
0.00150275
0.00131451
0.00142791
0.00124358
0.00149701
0.00122108
0.00125938
0.00128325
0.00129367
0.00129651
0.00136264
0.00127944
0.00143263
0.00125307
0.00124064
0.00134235
0.00131189
0.00159835
0.00133068
0.00114639
0.00131843
0.00129799
0.00138515
0.00131769
0.00129640
0.00127281
0.00144612
0.00135019
0.00122020
0.00146163
0.00138707
0.00128731
0.00126846
0.00132452
0.00140300
0.00125036
0.00132797
0.00137620
0.00138188
0.00128112
0.00132325
0.00137345
0.00128778
0.00127001
0.00131113
0.00131578
0.00141391
0.00135305
0.00163042
0.00130200
0.00132861
0.00141413
0.00122924
0.00134376
0.00119486
0.00136782
0.00127445
0.00189065
0.00126660
0.00140067
0.00125508
0.00147310
0.00139538
0.00119947
0.00128903
0.00140543
0.00138556
0.00122459
0.00127462
0.00123776
0.00154322
0.00146307
0.00128510
0.00135835
0.00132051
0.00133708
0.00143607
0.00203491
0.00126551
0.00126243
0.00127803
0.00122937
0.00174475
0.00126169
0.00132950
0.00140354
0.00125556
0.00136096
0.00156980
0.00132109
0.00123373
0.00130165
0.00136262
0.00124164
0.00137762
0.00127671
0.00132135
0.00149498
0.00119679
0.00137065
0.00125252
0.00118268
0.00158145
0.00135115
0.00143345
0.00126765
0.00135371
0.00131117
0.00151782
0.00138388
0.00135283
0.00125731
0.00136524
0.00120191
0.00129390
0.00137916
0.00140573
0.00125456
0.00127671
0.00134381
0.00136592
0.00131863
0.00131183
0.00121072
0.00135104
0.00132456
0.00156889
0.00146705
0.00140637
0.00125466
0.00127694
0.00122252
0.00128261
0.00133961
0.00141676
0.00151058
0.00132828
0.00129427
0.00136059
0.00134668
0.00128422
0.00126870
0.00133412
0.00131937
0.00127046
0.00228655
0.00123112
0.00125714
0.00148288
0.00147112
0.00126601
0.00136567
0.00125478
0.00127056
0.00135327
0.00135502
0.00134883
0.00130368
0.00140707
0.00133367
0.00138685
0.00145735
0.00131633
0.00141036
0.00123852
0.00130773
0.00151361
0.00115610
0.00119139
0.00126847
0.00134742
0.00134135
0.00142817
0.00134997
0.00126080
0.00145733
0.00119092
0.00122006
0.00128913
0.00131588
0.00135985
0.00129201
0.00141872
0.00128666
0.00137700
0.00135540
0.00139815
0.00130138
0.00129717
0.00135072
0.00129814
0.00123986
0.00146064
0.00133251
0.00130045
0.00131924
0.00127931
0.00124664
0.00142849
0.00151388
0.00139960
0.00130047
0.00159990
0.00132968
0.00133457
0.00130970
0.00131991
0.00128291
0.00130810
0.00142632
0.00166372
0.00143880
0.00135371
0.00134426
0.00141388
0.00144823
0.00118847
0.00157344
0.00129085
0.00126193
0.00129101
0.00124970
0.00121333
0.00128499
0.00123869
0.00136391
0.00122474
0.00149900
0.00130685
0.00138374
0.00136799
0.00137831
0.00126888
0.00123865
0.00132086
0.00156318
0.00136695
0.00179018
0.00141451
0.00142996
0.00126631
0.00119778
0.00135222
0.00151125
0.00135802
0.00137781
0.00130469
0.00132388
0.00125919
0.00129409
0.00120149
0.00128394
0.00125088
0.00127890
0.00143908
0.00147327
0.00122505
0.00167816
0.00117428
0.00133611
0.00145662
0.00123327
0.00125304
0.00128970
0.00126207
0.00144247
0.00147751
0.00139610
0.00134378
0.00167245
0.00139137
0.00124054
0.00127743
0.00133338
0.00137214
0.00155651
0.00131487
0.00183564
0.00125473
0.00138324
0.00126857
0.00145196
0.00143936
0.00133115
0.00137070
0.00135392
0.00115028
0.00130667
0.00151215
0.00140205
0.00145690
0.00124774
0.00223961
0.00136749
0.00127368
0.00141147
0.00140438
0.00139810
0.00130099
0.00134381
0.00125432
0.00133267
0.00136611
0.00121020
0.00135422
0.00159514
0.00129205
0.00131576
0.00133993
0.00131588
0.00128410
0.00134829
0.00119434
0.00126737
0.00120580
0.00137089
0.00133593
0.00134359
0.00128273
0.00147868
0.00130099
0.00123170
0.00159858
0.00129042
0.00133123
0.00136417
0.00141409
0.00135643
0.00155965
0.00130902
0.00135816
0.00150035
0.00138294
0.00131091
0.00133057
0.00128479
0.00131114
0.00136448
0.00113313
0.00128326
0.00138299
0.00128571
0.00119259
0.00152059
0.00145423
0.00119091
0.00123038
0.00121997
0.00134628
0.00132858
0.00138362
0.00162234
0.00123959
0.00120890
0.00139779
0.00125863
0.00130167
0.00135761
0.00132351
0.00133713
0.00154412
0.00130689
0.00131284
0.00135249
0.00123621
0.00127822
0.00125055
0.00122118
0.00135629
0.00148933
0.00131102
0.00149213
0.00149328
0.00139236
0.00120228
0.00127515
0.00133906
0.00120984
0.00130382
0.00138653
0.00126972
0.00124883
0.00157539
0.00136110
0.00133996
0.00166228
0.00133334
0.00135559
0.00145788
0.00182441
0.00131973
0.00156686
0.00171107
0.00127599