8.194185977365739948e-01
8.688701190448371303e-01
8.820369737537029353e-01
8.886357521714426388e-01
8.883383484109487194e-01
8.914386600274528671e-01
8.881285865524753964e-01
8.853580049033989985e-01
8.813028355332015451e-01
8.836128306605782745e-01
8.936770461630320073e-01
8.986716119373806544e-01
8.913123081107449108e-01
8.945268623685871390e-01
8.978164424326496862e-01
8.907078636991948573e-01
8.888863037864283001e-01
8.880145644021194551e-01
8.882534603300658027e-01
8.999153171379422611e-01
8.983137405393105679e-01
8.998110112115221826e-01
8.883285115918546637e-01
8.957766457514018121e-01
9.018106732873119036e-01
8.966887861950767480e-01
9.042765800903324047e-01
9.065395567522319675e-01
9.052828840189434123e-01
9.068125221383760426e-01
9.052728315241708179e-01
9.107064402009568127e-01
9.149721978677347600e-01
9.203545663085117567e-01
9.161143314892534750e-01
9.210875020848515726e-01
9.252032625969449642e-01
9.144085787186311265e-01
9.231375079844416076e-01
9.168929011430112519e-01
9.198149749000634756e-01
9.155323616486367166e-01
9.281937981021266548e-01
9.141645179602191362e-01
9.238079353107163660e-01
9.236562720894641032e-01
9.186716672788172167e-01
9.204774879019416156e-01
9.291337108833827019e-01
9.277016693433717265e-01
9.183832490761245637e-01
9.251810178304856747e-01
9.218790785094155282e-01
9.275098077937389274e-01
9.169711368693563847e-01
9.248232131999388761e-01
9.253326331812733452e-01
9.228099447130211352e-01
9.255786668126663175e-01
9.281494636864480174e-01
9.270441428390295835e-01
9.241198182006219453e-01
9.222320861797119740e-01
9.293837497530960112e-01
9.269617053769638737e-01
9.303460514567142292e-01
9.159902792900832535e-01
9.238223607139061100e-01
9.265624031295668361e-01
9.221495801122671088e-01
9.229789111565542825e-01
9.269860483053625755e-01
9.225891893637334640e-01
9.232102405762904196e-01
9.241693616362818275e-01
9.350859535551461210e-01
9.254570870525753445e-01
9.295738824620969343e-01
9.239843730484385009e-01
9.289205570589688099e-01
9.244416571098592605e-01
9.314073191329229617e-01
9.230160510451271838e-01
9.312977859556815785e-01
9.286607956491138571e-01
9.309666200432623606e-01
9.270455985048841052e-01
9.270730268699787224e-01
9.257774605526405409e-01
9.240644059147661293e-01
9.331237787635019432e-01
9.314188300365244810e-01
9.263460727064862787e-01
9.269400411200208190e-01
9.314758468301637118e-01
9.246012192872263835e-01
9.295122441918044487e-01
9.295113344865210125e-01
9.285090698207291160e-01
9.342792408610616217e-01
9.298120601606499891e-01
9.218773857682527328e-01
9.299809115819666072e-01
9.307610227555339621e-01
9.295251693935834281e-01
9.291232642984712520e-01
9.277173967480745187e-01
9.285766139900539784e-01
9.329388087308518873e-01
9.310399474605796089e-01
9.357518944861101806e-01
9.278161310635877346e-01
9.355739254429853435e-01
9.258996079232787446e-01
9.305767266802783544e-01
9.356294606480084486e-01
9.365501470166494036e-01
9.369321636250720342e-01
9.331876153836557997e-01
9.322122236395151695e-01
9.289561128840840842e-01
9.371237448769420553e-01
9.302920502807850989e-01
9.377849386422840716e-01
9.383336321694194515e-01
9.360915568850302071e-01
9.341965719334202056e-01
9.305901715029183396e-01
9.297471547582218943e-01
9.344749294328651423e-01
9.328858581290495611e-01
9.399095109272814774e-01
9.357940789515198921e-01
9.327127510654452669e-01
9.296369132066045760e-01
9.409034428560558716e-01
9.407719624384948132e-01
9.386783434224326150e-01
9.390905202752017900e-01
9.310034840559495706e-01
9.420862471327567933e-01
9.338142624426604144e-01
9.385470575674719207e-01
9.411134320018460508e-01
9.388128707662284356e-01
9.362304297282174614e-01
9.338096605811955220e-01
9.371834355226805746e-01
9.393272415546688459e-01
9.447804504743733123e-01
9.309178478059699779e-01
9.384563385701294447e-01
9.413465732467950486e-01
9.420802431964639956e-01
9.365469939429535984e-01
9.353686206750542187e-01
9.395177512251315921e-01
9.391036322568208083e-01
9.416414241927374418e-01
9.351922425971818109e-01
9.383139815055946409e-01
9.399304989611388939e-01
9.444486652291641526e-01
9.461066162220497233e-01
9.433267573343134815e-01
9.401760490381285695e-01
9.435634021761331036e-01
9.400279640151104621e-01
9.465421474300952376e-01
9.426383278881381722e-01
9.429760704321714648e-01
9.393239591580444525e-01
9.409412004928270346e-01
9.380410805421872666e-01
9.428303953368013524e-01
9.379361448797777223e-01
9.404565300802032457e-01
9.461197382599718653e-01
9.431487302911643056e-01
9.488693559967396052e-01
9.459926843639925309e-01
9.464916793294778641e-01
9.480914869132548439e-01
9.441247529740180999e-01
9.423428640064878126e-01
9.461953720954031644e-01
9.471352477594169317e-01
9.483428028438022350e-01
9.463556430217715532e-01
9.455762236697061729e-01
9.468087663131903309e-01
9.418203029064864396e-01
9.488023781980986504e-01
9.454604850891479284e-01
9.492028992763128503e-01
9.533375926180360782e-01
9.489980873906479486e-01
9.491903681142160876e-01
9.501596045642685118e-01
9.413784226416532785e-01
9.454705630798605487e-01
9.458396001871188785e-01
9.431509068380844463e-01
9.415707352057107737e-01
9.465323207588199894e-01
9.501042678494681093e-01
9.495716462406376124e-01
9.457536697667690007e-01
9.436130484068101509e-01
9.491724829004702935e-01
9.482376429365986237e-01
9.462276023754911947e-01
9.495912392575016625e-01
9.440353611525016397e-01
9.430566425803125208e-01
9.474969762035935217e-01
9.460544226538176726e-01
9.412210579906280516e-01
9.428325134429510479e-01
9.480161555949057073e-01
9.415803444181461979e-01
9.474004646757476777e-01
9.492906371535011489e-01
9.413104626614728909e-01
9.394406629867160241e-01
9.444638154677258424e-01
9.375671072288508379e-01
9.362895545478231440e-01
9.429608690451007913e-01
9.424815114250779668e-01
9.450875404157619286e-01
9.421499073224157694e-01
9.439727267967106261e-01
9.498137419340707543e-01
9.477424200938558974e-01
9.453998425873305633e-01
9.458891682671612955e-01
9.366709128119413696e-01
9.467919532524972093e-01
9.410351388749745860e-01
9.374960428513164912e-01
9.436730100375939623e-01
9.503583087720725020e-01
9.434988504139636412e-01
9.430465762543559505e-01
9.445580924730334615e-01
9.431091092230449169e-01
9.304121321162182046e-01
9.470910960157427061e-01
9.471041205841684851e-01
9.442881391750546083e-01
9.485609625133357703e-01
9.495095136713406214e-01
9.458909613775060565e-01
9.457006546093000843e-01
9.377976081563467181e-01
9.481274759261443252e-01
9.445607528116977125e-01
9.398286951863511485e-01
9.522822976125668859e-01
9.452211196868047782e-01
9.424928474527456412e-01
9.440291113908801934e-01
9.417343639979499637e-01
9.444159045612892101e-01
9.479017795630991783e-01
9.448837846078442793e-01
9.444559373007500591e-01
9.519995092118829216e-01
9.376601053494227900e-01
9.465712689643486222e-01
9.436218206414298537e-01
9.445980009837485758e-01
9.420084663456149698e-01
9.438035179359518523e-01
9.511945885310844062e-01
9.444241723064906724e-01
9.441352982170612140e-01
9.408925621098838121e-01
9.442158258112962610e-01
9.503955447185368222e-01
9.496623312927073846e-01
9.403671005220276546e-01
9.484767134103602171e-01
9.506531640077191536e-01
9.472652335994332651e-01
9.496651030279005257e-01
9.406766381607287730e-01
9.452281058875396935e-01
9.472253232432423786e-01
9.466573193607747960e-01
9.403771800493916366e-01
9.420118912659722898e-01
9.485319696694562985e-01
9.470687402750592732e-01
9.472511318550941306e-01
9.392901290392455804e-01
9.471178126666177644e-01
9.440985213842698620e-01
9.412111907190882087e-01
9.454240224564385286e-01
9.463323555326436098e-01
9.430880492944690996e-01
9.407832377647642463e-01
9.417143525435269780e-01
9.433901818582082210e-01
9.412190807991223096e-01
9.419678539977252019e-01
9.427288437383226638e-01
9.488076068615758363e-01
9.462183270804045421e-01
9.333556610401723130e-01
9.461657977130824015e-01
9.427721832860737061e-01
9.480334514324846307e-01
9.399627262874055145e-01
9.509415050804642666e-01
9.386872044839047469e-01
9.449679469736538273e-01
9.400058882310219355e-01
9.338298920544003678e-01
9.485946480745686138e-01
9.477281573368121492e-01
9.476704630440846433e-01
9.477503486141583000e-01
9.408491726577807857e-01
9.420198968295374620e-01
9.471590977529623645e-01
9.377290607978568948e-01
9.308545530399358059e-01
9.444466218054371476e-01
9.452496203047852097e-01
9.491346597677322583e-01
9.469902958064401188e-01
9.477881521935771492e-01
9.463013978291081596e-01
9.448553133823675010e-01
9.436523972607705479e-01
9.457771725355411663e-01
9.451925355523880246e-01
9.391013677674433513e-01
9.442849498790916174e-01
9.472138714389221059e-01
9.436484136189023930e-01
9.425763128973629890e-01
9.461403076826019332e-01
9.471902509163296902e-01
9.482077671125569429e-01
9.485748275386556294e-01
9.473279461942190061e-01
9.423646197954715920e-01
9.402421774868322535e-01
9.391482613223277598e-01
9.448220969325354934e-01
9.397866670154574331e-01
9.405663214321267063e-01
9.429546778273590890e-01
9.430889671033508836e-01
9.428032715907670447e-01
9.502235398321934312e-01
9.491583029690697781e-01
9.406120083229291273e-01
9.439318407516923415e-01
9.450236710356841874e-01
9.470552511139591623e-01
9.444725633409537524e-01
9.507918862482682698e-01
9.445567990462830910e-01
9.455818570150489322e-01
9.513498681464231943e-01
9.439697046386835710e-01
9.462528896047323057e-01
9.444233014655035729e-01
9.479934609445828109e-01
9.487203144051596926e-01
9.438708143373520931e-01
9.432867271454860036e-01
9.437149793457053626e-01
9.381485284003603375e-01
9.456170741106465494e-01
9.447330649292673410e-01
9.452205832622879722e-01
9.509502011884697348e-01
9.464854379097273895e-01
9.424347838885641648e-01
9.456489942932800874e-01
9.436110325586193337e-01
9.379340835002447641e-01
9.396635609678755108e-01
9.457273720038646969e-01
9.483858136215406187e-01
9.464103732971392846e-01
9.440141533790419315e-01
9.483532461829967675e-01
9.511748635831644982e-01
9.464411528860607881e-01
9.419561483828067239e-01
9.492882736541464750e-01
9.470386127707607349e-01
9.453488649617827200e-01
9.462844107874901489e-01
9.457769831602196309e-01
9.427814869619072224e-01
9.471731631420086117e-01
9.500341703059100862e-01
9.463175965571234416e-01
9.416463728869444161e-01
9.454177850386246140e-01
9.434053477768994389e-01
9.444629926218972571e-01
9.442388883495265173e-01
9.488556029524288782e-01
9.529346397209624842e-01
9.452009285238410774e-01
9.448811426479782893e-01
9.485168660764939919e-01
9.440777939540747621e-01
9.478315862212727261e-01
9.521878279541340362e-01
9.482828924484786315e-01
9.425460820631136327e-01
9.474548360976003947e-01
9.448000357692761808e-01
9.402195731304964221e-01
9.466565310766352770e-01
9.476599582666028754e-01
9.477762531091381559e-01
9.442431408204103871e-01
9.452076278963704725e-01
9.472886070616399756e-01
9.467354672412064964e-01
9.456633560709596376e-01
9.492028077733901670e-01
9.486238793016709137e-01
9.359813571170256807e-01
9.506232327203860688e-01
9.497667814624110028e-01
9.471176807337791104e-01
9.509205893905340323e-01
9.440516439111519276e-01
9.470417639510764207e-01
9.482609081726590672e-01
9.477980088250564927e-01
9.497517038351253049e-01
9.424983793756751549e-01
9.453712833937819582e-01
9.454775110186689480e-01
9.458280498957097882e-01
9.459603637840574564e-01
9.508590994894874360e-01
9.509438337788644890e-01
9.436289404737157049e-01
9.454048233136379542e-01
9.496260978695726385e-01
9.470434100986022674e-01
9.480881075560957383e-01
9.527164717630125512e-01
9.443658753739699874e-01
9.489075258998149742e-01
9.502463251679779122e-01
9.461595672138662927e-01
9.448411576507781406e-01
9.455295995220691641e-01
9.475653614098596966e-01
9.521518649736155915e-01
9.447112360276613829e-01
9.474724151928932692e-01
9.461474677335069972e-01
9.501967716436393596e-01
9.469696159196426821e-01
9.440041028465456785e-01
9.498208252925034456e-01
9.488046578677389320e-01
9.518748392642273348e-01
9.484843020192174068e-01
9.459085772718287544e-01
9.486518561902211877e-01
9.443656168907521575e-01
9.508133693423107546e-01
9.486454913241396669e-01
9.477240162071436380e-01
9.467162210527346744e-01
9.503587939959541320e-01
9.469214036157176384e-01
9.471869605131522096e-01
9.499778989820475417e-01
9.495551689860932676e-01
9.476377302151526294e-01
9.451202756844776509e-01
9.413737418681672464e-01
9.463897242523853226e-01
9.483616256822654522e-01
9.506786672886795575e-01
9.462637977240631049e-01
9.452254318342813155e-01
9.474094459426194437e-01
9.524954141298860311e-01
9.472531032957249852e-01
9.409136982881812772e-01
9.449229274441327542e-01
9.473291341457250603e-01
9.473028816108519656e-01
9.448430520777031383e-01
9.456970647982341216e-01
9.505890883978277417e-01
9.481135904899090638e-01
9.454471825664717555e-01
9.428286673863827128e-01
9.472097312098761712e-01
9.482280240247722425e-01
9.438341112832996371e-01
9.484725738064537781e-01
9.459774581435301810e-01
9.442180344183407348e-01
9.481774304507013529e-01
9.454972206440903637e-01
9.418736103909640667e-01
9.462513975267734523e-01
9.469068624868161033e-01
9.524710229037620657e-01
9.510028041535661947e-01
9.420776761566840296e-01
9.431703349745375053e-01
9.467480028530569358e-01
9.482399690550241678e-01
9.486579431584138966e-01
9.480896020394037338e-01
9.470339403839088677e-01
9.463393807297102445e-01
9.499575769092030164e-01
9.504967211279548023e-01
9.441376567825920940e-01
9.459265655348448876e-01
9.503905631710702906e-01
9.493199898268326331e-01
9.513375179665040093e-01
9.457307747031277190e-01
9.427730600466732724e-01
9.464893502155868887e-01
9.478871626952755092e-01
9.449431947257868059e-01
9.486847361528680800e-01
9.517687242928034586e-01
9.482395539254878658e-01
9.502565912875847731e-01
9.443620128926233370e-01
9.460085587140569796e-01
9.443751419189299057e-01
9.405014259546357058e-01
9.460633003209407699e-01
9.408451403109211464e-01
9.468637345208776868e-01
9.488658534842986381e-01
9.512300367622803510e-01
9.438446839800462840e-01
9.448175812368997395e-01
9.478646030781832099e-01
9.423462245530861425e-01
9.419641373516595140e-01
9.479919130950099637e-01
9.499596800844852806e-01
9.473109350058185330e-01
9.473606078003179443e-01
9.494585228276167799e-01
9.444521156622586178e-01
9.444619846014074005e-01
9.401675712635122473e-01
9.505021529417291282e-01
9.506204652956398160e-01
9.488720845802709469e-01
9.466478167715055569e-01
9.489531284012774348e-01
9.506235461860609304e-01
9.480810018789117555e-01
9.459940026882009967e-01
9.478858742775416735e-01
9.490787594899059432e-01
9.500395282184688206e-01
9.477879364298380516e-01
9.490934070660980160e-01
9.482924982944445080e-01
9.473339471224226926e-01
9.481644274762568436e-01
9.481161849647595785e-01
9.450606925994837759e-01
9.492943825966841942e-01
9.469777625686218725e-01
9.466524104088537284e-01
9.488790232543041769e-01
9.448792608289688921e-01
9.454247100581345542e-01
9.519019718929740970e-01
9.499592367320487396e-01
9.481719145082802003e-01
9.474485862882697784e-01
9.500080009389236801e-01
9.480049529916921847e-01
9.420310976116428314e-01
9.490036145501522524e-01
9.474948417261264133e-01
9.482425665529119474e-01
9.489301744711680087e-01
9.431020527810741738e-01
9.446069871298843346e-01
9.493439371571653629e-01
9.427653497850202458e-01
9.517485859897899525e-01
9.381870365761415531e-01
9.499178209972451992e-01
9.458397992897705775e-01
9.507387319450586460e-01
9.490729517418406980e-01
9.474246737318982037e-01
9.514229720086478936e-01
9.476028244952091617e-01
9.509354121616574451e-01
9.499096559148579866e-01
9.420978586671330257e-01
9.502571640155467181e-01
9.495663038613312290e-01
9.440429974134038060e-01
9.438987353692617210e-01
9.467116047964188041e-01
9.514767665919818818e-01
9.453694719504542876e-01
9.509477672942232562e-01
9.472512442849148062e-01
9.492017203791504043e-01
9.480232370147670951e-01
9.421216607365354712e-01
9.399086262832625494e-01
9.497679927352825624e-01
9.414813867271710768e-01
9.473243001407376518e-01
9.446869133633292170e-01
9.485080475083174090e-01
9.503494020252486463e-01
9.528845392166073180e-01
9.485186045774851582e-01
9.478623288638963196e-01
9.507993759469596240e-01
9.477156284980996492e-01
9.504677469942974799e-01
9.458274272463702559e-01
9.488467082492116900e-01
9.526539676106863253e-01
9.478783810153817990e-01
9.507048142504297417e-01
9.500921174321367291e-01
9.506890389493163340e-01
9.495685534164138852e-01
9.507798891421290755e-01
9.511671651912270153e-01
9.516038635409613811e-01
9.461247776278279842e-01
9.509044048814264682e-01
9.456345537918420252e-01
9.471973484844464775e-01
9.499226466451413664e-01
9.463462044821624453e-01
9.508956360983918943e-01
9.478355915820223521e-01
9.546653369891583418e-01
9.501373867328978262e-01
9.488702632738553744e-01
9.467527662882148087e-01
9.495059137380224001e-01
9.535657628018302523e-01
9.494260631030009279e-01
9.508097264232761026e-01
9.486983765984219330e-01
9.515253509003810395e-01
9.493690827234572138e-01
9.516716718197228975e-01
9.483923714667322757e-01
9.482178966111880491e-01
9.530770468184220912e-01
9.438836407584664245e-01
9.532154611958212342e-01
9.486456198811622498e-01
9.456257512256577291e-01
9.454890623108654912e-01
9.470034450596245268e-01
9.520129807126626043e-01
9.466583832940703713e-01
9.446757050762883967e-01
9.515366443053767664e-01
9.470560666759816337e-01
9.480583329842333651e-01
9.465257753300300170e-01
9.472986825531252153e-01
9.507216728399903172e-01
9.499466096174987717e-01
9.486548324978992808e-01
9.507442214648288425e-01
9.470352435427189519e-01
9.505283420233014979e-01
9.513827553850647822e-01
9.508165214465420512e-01
9.522768984411150717e-01
9.468025930694533576e-01
9.489034227442809666e-01
9.409646310191074337e-01
9.507168796533769228e-01
9.510752311457203456e-01
9.475002928359070875e-01
9.441746997845337219e-01
9.485690563167982203e-01
9.521353037179320911e-01
9.478649383573070075e-01
9.496347302659627898e-01
9.486528049172079369e-01
9.451560693681146930e-01
9.477007917561121042e-01
9.503455585079662038e-01
9.510601617906456751e-01
9.467250360091759021e-01
9.486430264864833539e-01
9.474380736950898108e-01
9.495525902736561275e-01
9.477497719532492759e-01
9.452966196409107180e-01
9.513964470485707370e-01
9.470505595923170983e-01
9.494190647040854358e-01
9.432826749702517555e-01
9.483240579713404506e-01
9.491053717837278914e-01
9.465371186800546344e-01
9.481803814595373137e-01
9.512666245823624411e-01
9.487802569877016312e-01
9.447189953512699079e-01
9.474166608557568203e-01
9.468816678303110246e-01
9.482937842759525671e-01
9.466889927144811478e-01
9.529656379371652664e-01
9.438533905477215491e-01
9.483843593832527175e-01
9.465261210991112728e-01
9.481559638871273066e-01
9.441049314569320838e-01
9.515836495763582148e-01
9.484348412485870128e-01
9.487935106830686083e-01
9.508100728039089455e-01
9.472132797915839841e-01
9.464301834457552465e-01
9.416673868530804903e-01
9.486121375824784208e-01
9.472011865065317338e-01
9.430353759274455738e-01
9.496088438569859624e-01
9.514534341323205302e-01
9.488057496087205500e-01
9.482708868736361429e-01
9.475152821667429670e-01
9.484008984429607159e-01
9.511635080205791404e-01
9.468188717431620383e-01
9.470123371040871652e-01
9.485197852252114092e-01
9.481643845012800442e-01
9.499266102187005067e-01
9.510762461217673325e-01
9.503625510422354372e-01
9.417269015651521524e-01
9.489526769285393515e-01
9.455881411546286364e-01
9.480308246916012704e-01
9.494416629921570427e-01
9.546335377858400362e-01
9.491863255893627782e-01
9.519063820278301780e-01
9.498794559470268295e-01
9.493092771066709012e-01
9.499685474070292956e-01
9.499390851112262668e-01
9.507288131604662018e-01
9.475879525236808876e-01
9.479889310651182788e-01
9.451817190853607498e-01
9.478443846649536875e-01
9.500168596580106373e-01
9.521797436031766981e-01
9.492314545293538686e-01
9.487020747966232737e-01
9.501464079510355543e-01
9.514508710488699395e-01
9.467924675737851015e-01
9.507971550607046129e-01
9.499227338053151115e-01
9.527875344893356191e-01
9.548823551243921237e-01
9.510348465243515514e-01
9.452705652655793989e-01
9.550261490268416864e-01
9.478119184757791693e-01
9.511338313628486807e-01
9.494666072924892175e-01
9.491729530563973727e-01
9.437227879099289174e-01
9.360105308311922334e-01
9.508849562049244142e-01
9.492544712302720677e-01
9.530503286011281494e-01
9.502068312199420941e-01
9.535911315213551065e-01
9.504818366933391882e-01
9.473750346473301942e-01
9.506302333955971573e-01
9.486015510041394538e-01
9.522967529618455718e-01
9.469663995528722067e-01
9.487551372038250941e-01
9.509851150454154967e-01
9.504953854122437651e-01
9.492593644598854574e-01
9.540215048909843620e-01
9.479875890959763574e-01
9.490213822561114343e-01
9.515144205475529748e-01
9.463772353998937126e-01
9.493825038168668407e-01
9.552359754601924546e-01
9.461354757817056482e-01
9.495807030020932960e-01
9.418686457419618296e-01
9.473061945337610812e-01
9.514490729528936042e-01
9.515273814655980100e-01
9.497468636727528501e-01
9.482054137729902799e-01
9.523825779667017821e-01
9.476392332601570878e-01
9.483671382445585385e-01
9.490925126340710172e-01
9.449126451617453348e-01
9.468472378149439539e-01
9.485184349812947335e-01
9.528392372330780624e-01
9.518024518378263021e-01
9.525011971011970724e-01
9.476244728970102393e-01
9.464063735634929975e-01
9.470842210891894375e-01
9.444145732409908733e-01
9.502802778357023472e-01
9.477507679127339379e-01
9.476702583368045163e-01
9.458925123831453119e-01
9.519195220431403426e-01
9.507584021742460090e-01
9.524304373050728190e-01
9.464293781531116778e-01
9.454734567147184965e-01
9.483728706264358266e-01
9.531768622088871989e-01
9.516532298680268065e-01
9.523162394417009624e-01
9.469052462396720937e-01
9.466065978245911117e-01
9.544505103717011441e-01
9.454064805569012409e-01
9.481063891471304128e-01
9.518126717417090266e-01
9.453215453492940235e-01
9.440125586492241760e-01
9.498093198152082195e-01
9.520846224008090442e-01
9.497076963448864984e-01
9.497866333477957834e-01
9.523927606393397527e-01
9.519736548341564131e-01
9.510996528960437013e-01
9.499461632874851569e-01
9.494572908489666840e-01
9.470809743693152649e-01
9.519909786871769697e-01
9.463338282134049484e-01
9.373880351951798806e-01
9.493195288081911487e-01
9.496790241125994125e-01
9.504061853641381230e-01
9.477540062287791445e-01
9.511040636360086342e-01
9.454421028289554663e-01
9.455897823523738976e-01
9.468986509985434230e-01
9.481191331895902907e-01
9.486472098269428388e-01
9.485173336049708137e-01
9.489323657985727634e-01
9.494214980962106809e-01
9.476137988940124268e-01
9.516258986904400086e-01
9.448074510624180355e-01
9.464029002931596546e-01
9.483707971598471786e-01
9.459656119584280987e-01
9.480179845357755708e-01
9.507991925423660007e-01
9.468928317843696707e-01
9.456023753031117529e-01
9.483561729014183816e-01
9.479336738047854372e-01
9.507183515240643645e-01
9.481906393002477174e-01
9.463482534334746177e-01
9.496080864525088261e-01
9.494316865769505398e-01
9.522332219319786795e-01
9.451707578086040451e-01
9.534745707232556988e-01
9.501382126034363385e-01
9.482478428838184703e-01
9.431562069342040999e-01
9.504888580277685017e-01
9.438504029058856215e-01
9.484026312489213240e-01
9.490380008513086274e-01
9.470754243059111843e-01
9.475776471165444637e-01
9.481581117545375692e-01
9.496359241253964356e-01
9.478358353671962888e-01
9.490171292846281137e-01
9.485079934012869973e-01
9.487135991154089787e-01
9.463785241576379015e-01
9.507541045661942469e-01
9.480961881356497756e-01
9.471126593334686650e-01
9.455802940596133022e-01
9.471036021189283005e-01
9.523585343728536712e-01
9.448712836097736822e-01
9.449606939947008399e-01
9.507271996047750307e-01
9.492058749142480156e-01
9.502464739268766669e-01
9.517330405184601938e-01
9.512556146285675585e-01
9.481784107511939119e-01
9.484773893078154439e-01
9.486421046588948691e-01
9.505985482213763493e-01
9.486913639317440250e-01
9.481357091203814758e-01
9.481363095127227636e-01
9.514512456373761529e-01
9.521960012748118540e-01
9.516624178235397746e-01
9.514620684242828252e-01
9.474206166474951063e-01
9.484515425338883032e-01
9.480894914168312981e-01
9.517691430799960495e-01
9.471906796715729993e-01
9.496033883643814066e-01
9.509930762399487758e-01
9.479538382586806256e-01
9.449479329777363823e-01
9.482095657483523565e-01
9.435588378695943801e-01
9.470424702298313457e-01
9.502378379020791632e-01
9.476030934402025485e-01
9.453127723389356252e-01
9.524199408150839652e-01
9.486207355573477162e-01
9.495321890631983619e-01
9.480843321855109140e-01
9.496709100823325089e-01
9.509906174307836135e-01
9.426624770817123578e-01
9.494816038419453541e-01
9.474943785358616033e-01
9.506572134222628367e-01
9.474513211318412731e-01
9.516052913563219917e-01
9.456406113984979767e-01
9.469058753009877982e-01
9.423309568374818035e-01
9.491078897334367381e-01
9.514188915574053329e-01
9.536751265407158451e-01
9.483744034556953473e-01
9.492061708782061347e-01
9.525197267416879443e-01
9.480885779057253160e-01
9.488618052522598267e-01
9.479593804127292023e-01
9.525547115881800586e-01
9.514078224144755236e-01
9.480941035383438908e-01
9.500701244913983823e-01
9.497744857196558366e-01
9.481487694512304998e-01
