8.847925151733916360e-01
8.872983206103508547e-01
8.930950736401925827e-01
8.933615331866122666e-01
8.972488832646395851e-01
9.010687580154038701e-01
9.066735842729325423e-01
9.149547576537601090e-01
9.166018090716190336e-01
8.912319285593706120e-01
9.020644505557132709e-01
8.992557093506712285e-01
8.969652966295035279e-01
9.075634513223772570e-01
9.051471469974228246e-01
9.019502594797521589e-01
8.939727658376084296e-01
9.079340939419486833e-01
8.987150621651818216e-01
9.002326815533225890e-01
9.176161228257080360e-01
9.045946197074683504e-01
9.144710192760457934e-01
9.059716526596406361e-01
9.154519078288499978e-01
9.076081558810854544e-01
9.021551082122016840e-01
9.120043068020755594e-01
9.095325758801879878e-01
8.998389739692314038e-01
9.113866534856944757e-01
9.055108736283847826e-01
9.119338144462953988e-01
9.100454965723662193e-01
9.027162779856631181e-01
9.214046240853077663e-01
9.042492191389257528e-01
9.042944563598066532e-01
9.090519804965512263e-01
9.100018379302392546e-01
9.119314885230614953e-01
9.158226393252941744e-01
9.110032469832219926e-01
9.110085821951006135e-01
9.070621430574964394e-01
9.213441293732489434e-01
9.095602966687937885e-01
9.093581064564862926e-01
9.196351275854894869e-01
9.164939129392560835e-01
9.172174142944510278e-01
9.099849316767277818e-01
9.249483022938816967e-01
9.211194317513751173e-01
9.194225815052408102e-01
9.206343511640288080e-01
9.174345002195641863e-01
9.245091456135150487e-01
9.174143754287397146e-01
9.144625081187087723e-01
9.231460569259559712e-01
9.224861917545503776e-01
9.188568753346225693e-01
9.224235229592337992e-01
9.177132612538764223e-01
9.235646689700939271e-01
9.144497287964834520e-01
9.185013137288607910e-01
9.270196073597185560e-01
9.200467346196445906e-01
9.158954203619192880e-01
9.212905770266668348e-01
9.170003154101473708e-01
9.190490818237937454e-01
9.249274817005954663e-01
9.215704685425927245e-01
9.085772216247398614e-01
9.153525524395500490e-01
9.301523079392015614e-01
9.294763125550317140e-01
9.213678244705393316e-01
9.086614301968856111e-01
9.182499797114939133e-01
9.295203935714172472e-01
9.142066870493132935e-01
9.333727783450508353e-01
9.156855849356524413e-01
9.196122831572892675e-01
9.053949414993195388e-01
9.258638031630533893e-01
9.258169610109571179e-01
9.255510191223684791e-01
9.288902333354888130e-01
9.373451530220542338e-01
9.320061640521524193e-01
9.324165313024836976e-01
9.350712234701891168e-01
9.280664677993125666e-01
9.345091053485333754e-01
9.303382919339620027e-01
9.220573237630875774e-01
9.286783806268814612e-01
9.259527124465420922e-01
9.338117397378762341e-01
9.317910726084932538e-01
9.303699065276778146e-01
9.337039992938001021e-01
9.269164540916848827e-01
9.377984525621392287e-01
9.255048579181724966e-01
9.311166411430185086e-01
9.457614988747902185e-01
9.296658961861961057e-01
9.334702913029461202e-01
9.297117947509352387e-01
9.265521455301491960e-01
9.312106784129112746e-01
9.329674279782836921e-01
9.318295447042704849e-01
9.289912869400835937e-01
9.189384366735560139e-01
9.244059098518391249e-01
9.236998826007674079e-01
9.352410099286139200e-01
9.277040817374202497e-01
9.314996352225278775e-01
9.275143854694473111e-01
9.215825393564514023e-01
9.243990024814032758e-01
9.350290803605634249e-01
9.338748916500992925e-01
9.244819443907384970e-01
9.325463448846431636e-01
9.301750854803236823e-01
9.268937106049576213e-01
9.375315915446654769e-01
9.340545897588533597e-01
9.308508893375360138e-01
9.274841291751512173e-01
9.431430264034597055e-01
9.364049454771538050e-01
9.396763739551049488e-01
9.262481004847216148e-01
9.265576399269286334e-01
9.263526996636746169e-01
9.360991602825281532e-01
9.297472367682647620e-01
9.398723189471437367e-01
9.404097143868663800e-01
9.371412574573237952e-01
9.333178922587286319e-01
9.416858118922568632e-01
9.369548160560472461e-01
9.302416009686266252e-01
9.316134281365967551e-01
9.339439909896394276e-01
9.407165707009338407e-01
9.335486908945190843e-01
9.408479603841854999e-01
9.381939833640302595e-01
9.310174667567707729e-01
9.372079237965753595e-01
9.391323648410527802e-01
9.323642215986516213e-01
9.293868285489682579e-01
9.422196107451619174e-01
9.408075026033833055e-01
9.342093896943084452e-01
9.312146841220509952e-01
9.338904931605334081e-01
9.431333237116170665e-01
9.406909257421431914e-01
9.446121456725350418e-01
9.323342274633118487e-01
9.409052634148202809e-01
9.271391001303567192e-01
9.377400407191749387e-01
9.329843049523316445e-01
9.371011954906705022e-01
9.461195378344169349e-01
9.430069775797836895e-01
9.472698258330968235e-01
9.423040411958542029e-01
9.387327052523809501e-01
9.432800306605731988e-01
9.503778027039214704e-01
9.388385576289894896e-01
9.375962682186010921e-01
9.483238935619024979e-01
9.455561962193030912e-01
9.339124114134549348e-01
9.416923197587536709e-01
9.427874541967635746e-01
9.401607147097219563e-01
9.412042712906061315e-01
9.384882467020362329e-01
9.452488302415420485e-01
9.362622800120626865e-01
9.396309151288404493e-01
9.393385776048962521e-01
9.490253770955030532e-01
9.409310904805378017e-01
9.464870749058240662e-01
9.503090211699636303e-01
9.446995522312876536e-01
9.468374472875481507e-01
9.280343860032332914e-01
9.385483085034954653e-01
9.413333875410472285e-01
9.413419717505892015e-01
9.481590226019358525e-01
9.446280078213891152e-01
9.351307739151536458e-01
9.380894762301896783e-01
9.414059115691247870e-01
9.401194976990668861e-01
9.547779062040911979e-01
9.404082906800200758e-01
9.440405564746738865e-01
9.422536859301163803e-01
9.497082458743704159e-01
9.455536884582064205e-01
9.413691828814040319e-01
9.522059305462748924e-01
9.464848263951040064e-01
9.474878294730211259e-01
9.445171692944136499e-01
9.516876913591894027e-01
9.466826697844767935e-01
9.448944658680901165e-01
9.446218474066547799e-01
9.386207871037245409e-01
9.479262089105394695e-01
9.368079825581645537e-01
9.425480966772823432e-01
9.361133573592713697e-01
9.515380769374505165e-01
9.478863767495482318e-01
9.491026697936031375e-01
9.436809626629425463e-01
9.509589299732027490e-01
9.507791452931247944e-01
9.474218164888363880e-01
9.565975320347911426e-01
9.430380915088063531e-01
9.499887218965238356e-01
9.407839033818359287e-01
9.455055977274704482e-01
9.451244645923683185e-01
9.510986300153170259e-01
9.448820084439401024e-01
9.435787418365222390e-01
9.550547868905310267e-01
9.422205931074871810e-01
9.480450110832414623e-01
9.469130724577151659e-01
9.512161690056545327e-01
9.446178671472411637e-01
9.540564445199234411e-01
9.513190298180402849e-01
9.397734026839081878e-01
9.504649902145064777e-01
9.408700585684571793e-01
9.466680546300494381e-01
9.458744039765921707e-01
9.535459416495792873e-01
9.396434971678517822e-01
9.516671199806739923e-01
9.506561317678244860e-01
9.440473643585659547e-01
9.511148611819182364e-01
9.510170814758768243e-01
9.459872152057822170e-01
9.339387097347920941e-01
9.502342082033783388e-01
9.483865563934353871e-01
9.548118613587414094e-01
9.475967841508330380e-01
9.455043947052839126e-01
9.488386182417101189e-01
9.518337645132922686e-01
9.517704452574962115e-01
9.559510625297213959e-01
9.435198961281718866e-01
9.476093421210647350e-01
9.427914244701912638e-01
9.524798862687299250e-01
9.409460640244702301e-01
9.470416221350724806e-01
9.470646892084795265e-01
9.487447293689048600e-01
9.398070355767067507e-01
9.505315297807501729e-01
9.385251829618554975e-01
9.432566139524563020e-01
9.500957618551960637e-01
9.526503385958590142e-01
9.438912315416662091e-01
9.409486539823476159e-01
9.488340913199941884e-01
9.479960724197610267e-01
9.415542969171785126e-01
9.456897676269910846e-01
9.533727303183586743e-01
9.468912122298469569e-01
9.566940024781542817e-01
9.549246671799695996e-01
9.539939196939382082e-01
9.459828466706295957e-01
9.503898733197410076e-01
9.501400917683747727e-01
9.459207131453285511e-01
9.602705751887434804e-01
9.437398908790644025e-01
9.499743910686967441e-01
9.473471745219199658e-01
9.455351263593343436e-01
9.521043672146159986e-01
9.402044966889345767e-01
9.492214854017665404e-01
9.469944316604474999e-01
9.474501510485910938e-01
9.480971310628273363e-01
9.458355879626320073e-01
9.595311186660450131e-01
9.495203616342174913e-01
9.441108234357272755e-01
9.448677145312426306e-01
9.450022973977205698e-01
9.484388868508724091e-01
9.506234638182051722e-01
9.429937188866642783e-01
9.504382677487009934e-01
9.513510195959034021e-01
9.527142299968600625e-01
9.513559108859720448e-01
9.471869231279036461e-01
9.525672333291814731e-01
9.471439112094277579e-01
9.500800167021463682e-01
9.474598839015883067e-01
9.511523615090201611e-01
9.421637249976323458e-01
9.476865251610695484e-01
9.446673448616151880e-01
9.517579860862457330e-01
9.402813120746738029e-01
9.448546130270653043e-01
9.436091305051163003e-01
9.439992669919567980e-01
9.462892763142112251e-01
9.440405605588779725e-01
9.493618902372459312e-01
9.490267502267717425e-01
9.546251951516208090e-01
9.445492077914090512e-01
9.499502155502309586e-01
9.561507121113757002e-01
9.482778766389878822e-01
9.477718939320952662e-01
9.463661258091475847e-01
9.541601252126672428e-01
9.481188684681296497e-01
9.508065392489817302e-01
9.451649211991239863e-01
9.473187447963177243e-01
9.451205505595390299e-01
9.505476139996938967e-01
9.493528112610291059e-01
9.546221551692269935e-01
9.467069823586505839e-01
9.561990759591425526e-01
9.498318195687468490e-01
9.435395030435591579e-01
9.501066365937873570e-01
9.432859903998799256e-01
9.486045582028885814e-01
9.549010883378622472e-01
9.431032208048490961e-01
9.433973712999282890e-01
9.514996490932534634e-01
9.470889152581311032e-01
9.459478968590834258e-01
9.477728597514175624e-01
9.509536772516165026e-01
9.437934968460587326e-01
9.451662437205418099e-01
9.498095914902060510e-01
9.489541797372568199e-01
9.507699570024424895e-01
9.492172311402243823e-01
9.467480910860576193e-01
9.520248404613975701e-01
9.564535474831679096e-01
9.505610530473188602e-01
9.407307567283252903e-01
9.401779915470949156e-01
9.509701966931416450e-01
9.539481804580022262e-01
9.418866043354232609e-01
9.565930729386623588e-01
9.334069534479125796e-01
9.522847361441919567e-01
9.436426034306099053e-01
9.401458123414283552e-01
9.477138198573888950e-01
9.437105934365120907e-01
9.437030663685049836e-01
9.535680103220752768e-01
9.470162029280662086e-01
9.445762773263730594e-01
9.511955059614759511e-01
9.495907347160539302e-01
9.435918206016272736e-01
9.497491947950765789e-01
9.452298062850604810e-01
9.460520224162343172e-01
9.499512851699998262e-01
9.543051272235522076e-01
9.491132238667566723e-01
9.471620087576145819e-01
9.473012905531175143e-01
9.482276836923194674e-01
9.471071024388713067e-01
9.480443178769403234e-01
9.515567012110766054e-01
9.477719856747538474e-01
9.442798570423459603e-01
9.485092718730707695e-01
9.485525944824138023e-01
9.479511369010863442e-01
9.513328201288997477e-01
9.541807822957756313e-01
9.508555260175874935e-01
9.625867317254985789e-01
9.492417921596877362e-01
9.502845472181147279e-01
9.483992831453526007e-01
9.499905873630916098e-01
9.434452023199603188e-01
9.487272920879834537e-01
9.483664881236657518e-01
9.465240174298054088e-01
9.488111349088506064e-01
9.457146187844756025e-01
9.454718954292907762e-01
9.413563516512901685e-01
9.471315234879241762e-01
9.484345835055258966e-01
9.558384648213257284e-01
9.425814545046820037e-01
9.458204085067828393e-01
9.469425506629278733e-01
9.515925542272251070e-01
9.486010036115546384e-01
9.516009437615602362e-01
9.530995792827030577e-01
9.506305120102909179e-01
9.453115584112461445e-01
9.510474911078016236e-01
9.505911101004261843e-01
9.523963229710261658e-01
9.539915599198451890e-01
9.462681215688012459e-01
9.469901846265631473e-01
9.522532245798487338e-01
9.525949548260878030e-01
9.485606083286086676e-01
9.509098769141108853e-01
9.452107541853237427e-01
9.467861151432039879e-01
9.541095061331884564e-01
9.457580360537527486e-01
9.541197432816630464e-01
9.441057422595744431e-01
9.455165905664909554e-01
9.444944448982434126e-01
9.459260660847462754e-01
9.448847660470023335e-01
9.484932347783524564e-01
9.518068789021708609e-01
9.550641947821659761e-01
9.568146003342806738e-01
9.438501409751768323e-01
9.544471949588744231e-01
9.484974820244828075e-01
9.504512342497882793e-01
9.483837376773465166e-01
9.531673360798529338e-01
9.504898367358323164e-01
9.557438645987109682e-01
9.472811357691159895e-01
9.472077227318537185e-01
9.453087670308215618e-01
9.577204699607493321e-01
9.529572891830636605e-01
9.515515403982527376e-01
9.513688162610338672e-01
9.486364094049529738e-01
9.514318148685465548e-01
9.450606369612783997e-01
9.499358598979918966e-01
9.455524658345061395e-01
9.502949242788476525e-01
9.443879717501458826e-01
9.512503856126928170e-01
9.532024643624693594e-01
9.499977247350913645e-01
9.459287788066811364e-01
9.491497625082550016e-01
9.548843635492668680e-01
9.447189093700336660e-01
9.454693765667221417e-01
9.503670461912713252e-01
9.468407782623542435e-01
9.449624476091865732e-01
9.491875599860697399e-01
9.492902134882832410e-01
9.518799604856550411e-01
9.370993492805975711e-01
9.414010900968230455e-01
9.483334987187183041e-01
9.569383155179209677e-01
9.553066531734279998e-01
9.406909019151289408e-01
9.400049535715290228e-01
9.413276074596980125e-01
9.469301189283405584e-01
9.411061119401946673e-01
9.550474541853055666e-01
9.489135654054002833e-01
9.536378179880480310e-01
9.534095072805010007e-01
9.417729719688149315e-01
9.469674795814263524e-01
9.511939030047402710e-01
9.536605638842970967e-01
9.563825336153592982e-01
9.471411616784035647e-01
9.504100863236364383e-01
9.531100641745272606e-01
9.433254548000706841e-01
9.475068841134302033e-01
9.474584832476479201e-01
9.482635111398656225e-01
9.524522647596458391e-01
9.482864954751110131e-01
9.521518663272514615e-01
9.442072256622249249e-01
9.443374018614282273e-01
9.492099172008271468e-01
9.533294385548048977e-01
9.472529665447483316e-01
9.574000268699128791e-01
9.465489226626305763e-01
9.382578531240036712e-01
9.549584902991271607e-01
9.467130479021603762e-01
9.513359775938543539e-01
9.508271265577065146e-01
9.518232523496281683e-01
9.437632014334207398e-01
9.519605014738357074e-01
9.445072478880418565e-01
9.424688310824997917e-01
9.508474181882833332e-01
9.443081576333921534e-01
9.439023305523599472e-01
9.430474144593640196e-01
9.533518097749387188e-01
9.520948700972153844e-01
9.468078488542428506e-01
9.447351354177885296e-01
9.549314187135944376e-01
9.451256031989201389e-01
9.498972280868116513e-01
9.570306245224370345e-01
9.450621661296011444e-01
9.545287507527584481e-01
9.510235107107708474e-01
9.471907780896308138e-01
9.517852537756595899e-01
9.386480004462782745e-01
9.464464733492010673e-01
9.467082577978227498e-01
9.512606090353844523e-01
9.439465520056813386e-01
9.480064534087353501e-01
9.561465658842195348e-01
9.481114322655928017e-01
9.497772199474181498e-01
9.486477833368897050e-01
9.434551072293112517e-01
9.454983030544775735e-01
9.427253508756976430e-01
9.479083474966719658e-01
9.473709952307263205e-01
9.509271936542994519e-01
9.487173483411938113e-01
9.557783627000600024e-01
9.484073186642468789e-01
9.476128788820177284e-01
9.451710773813927213e-01
9.540026832963137693e-01
9.403818679044593232e-01
9.457888720491388623e-01
9.390184097490429371e-01
9.419582841190629052e-01
9.510294708977693467e-01
9.455041146455319678e-01
9.460872245181815021e-01
9.497214643459096495e-01
9.455118499390627873e-01
9.493253430026525885e-01
9.437879031099576377e-01
9.569691872357546369e-01
9.538914773952136272e-01
9.495200455213360646e-01
9.429105134992371573e-01
9.498446627578437385e-01
9.432887120131435710e-01
9.447803398007137421e-01
9.417198549854552958e-01
9.557990780649515683e-01
9.493177888872724735e-01
9.613321084943621253e-01
9.474447227831787055e-01
9.446039500543790268e-01
9.554290974534720426e-01
9.491292424567957520e-01
9.355698952507074395e-01
9.418350993863620069e-01
9.348841807298697848e-01
9.410140893848187860e-01
9.457150519202250916e-01
9.382648302095348836e-01
9.440383344564211576e-01
9.498216329593239804e-01
9.492523955116847212e-01
9.487984779193812113e-01
9.452486636492111183e-01
9.493007864246537642e-01
9.465986160144265193e-01
9.435128196634194886e-01
9.468281850555045898e-01
9.527291512350116731e-01
9.480413617132502635e-01
9.519177447186953911e-01
9.530656418953772357e-01
9.431777106437440050e-01
9.513539175106967560e-01
9.461736274670329294e-01
9.496838860088364642e-01
9.499234554785729312e-01
9.472066326713521889e-01
9.585170892004907239e-01
9.444773661474354931e-01
9.483796411965224049e-01
9.488944356977931927e-01
9.513826832374419062e-01
9.476518648295949587e-01
9.502068542834267717e-01
9.491395444159054229e-01
9.528939219553399509e-01
9.524974755799634485e-01
9.395450213465247336e-01
9.583456824598155510e-01
9.428161658596753147e-01
9.418039865161226265e-01
9.559147236704624850e-01
9.510996247251891633e-01
9.539120749548710698e-01
9.535553295377567906e-01
9.482046700717005061e-01
9.422734833257654374e-01
9.430634369005752582e-01
9.548477241490407330e-01
9.460039244517193247e-01
9.497665900315090948e-01
9.401202462402080684e-01
9.496163605980102451e-01
9.415854725644713374e-01
9.482687957756975594e-01
9.468933565258383922e-01
9.469212851666365394e-01
9.455433295111513869e-01
9.374143852554240874e-01
9.465365652527331086e-01
9.482340306550686160e-01
9.474336214156936498e-01
9.474224307851845106e-01
9.505981262598148795e-01
9.480112371580688979e-01
9.555829734563093814e-01
9.451037987881405478e-01
9.576170869140190334e-01
9.535682403094857262e-01
9.497797781353753965e-01
9.377513631594855958e-01
9.508141270266490253e-01
9.528057823496645096e-01
9.454159807569039176e-01
9.490580011406605232e-01
9.495537645445214503e-01
9.515415146216120723e-01
9.401298470237161586e-01
9.573648179434259831e-01
9.517172106085551864e-01
9.513507915028591722e-01
9.471233545448619617e-01
9.476917259797457138e-01
9.519362359632898007e-01
9.501266694172778582e-01
9.522012912418752473e-01
9.435210905762467792e-01
9.512277466919967228e-01
9.549925916224489830e-01
9.422637168774131711e-01
9.519446672646286745e-01
9.423260525432620716e-01
9.456110268566851884e-01
9.439422944516260294e-01
9.501504407671181873e-01
9.468381921301911586e-01
9.343966649140499348e-01
9.469045595104553792e-01
9.499105110501663285e-01
9.491384978407712003e-01
9.419528244464094868e-01
9.448171754492797891e-01
9.407015301262631191e-01
9.536646400480583985e-01
9.567141774643695973e-01
9.526558232866336740e-01
9.460085195882484976e-01
9.468573928209929047e-01
9.466378040904198654e-01
9.512930659574059256e-01
9.426847209661383120e-01
9.545814199502332675e-01
9.439941439368859655e-01
9.461637003767413567e-01
9.438631013455492935e-01
9.500109602478157278e-01
9.477882113753994808e-01
9.545494428450563840e-01
9.355783335141794055e-01
9.454757445930132009e-01
9.455100928832658180e-01
9.545626413548943257e-01
9.437114444752606746e-01
9.526028006696588557e-01
9.431984201560206227e-01
9.508722222216913211e-01
9.422503195672914389e-01
9.380679730169292352e-01
9.512715328856674590e-01
9.518889083994145350e-01
9.443412636296046880e-01
9.517348676859941348e-01
9.515102952265072078e-01
9.472154694486240034e-01
9.437549473972497438e-01
9.490308187617181312e-01
9.486352941255966620e-01
9.477720640254173601e-01
9.503252624473909060e-01
9.479237246691185614e-01
9.454466913534754768e-01
9.462155563073200160e-01
9.435981251020626459e-01
9.443317302187805851e-01
9.371948065042343678e-01
9.380889061775143922e-01
9.429576853448403684e-01
9.454900386000955059e-01
9.394874625452115380e-01
9.481867545776320183e-01
9.451735396812732670e-01
9.497020003862158832e-01
9.511244233642794921e-01
9.528157167773132485e-01
9.509605311303473973e-01
9.553425948125608969e-01
9.518561760072841160e-01
9.457789084068027874e-01
9.489022863818099562e-01
9.499020465261898138e-01
9.467079936720850242e-01
9.500050114108998800e-01
9.437156031230533593e-01
9.447077283791480706e-01
9.507759623108009706e-01
9.476521949886596019e-01
9.524709870346904639e-01
9.500182147333730009e-01
9.547155398974891405e-01
9.505732011651997215e-01
9.448221309172304405e-01
9.500849076232290580e-01
9.501501731344856871e-01
9.476723877674869678e-01
9.435921150512747158e-01
9.511005603507427519e-01
9.496196653641366670e-01
9.498629915478347119e-01
9.515894472080042021e-01
9.444409012368681910e-01
9.528466219623907829e-01
9.515464851393433676e-01
9.482972836347923762e-01
9.441046373819241833e-01
9.493728618707822919e-01
9.471135174553618752e-01
9.503951817205579244e-01
9.478600890927881828e-01
9.509974219473938950e-01
9.465216510513417836e-01
9.454836325730130442e-01
9.462718117669655093e-01
9.536034717469172861e-01
9.472589669235724763e-01
9.567462981702783420e-01
9.548208465230190178e-01
9.497864381942452416e-01
9.437040305517099270e-01
9.535843202776124183e-01
9.485249985174359910e-01
9.487721577776215831e-01
9.497610332734480743e-01
9.410260365392707493e-01
9.521679088355634590e-01
9.447218881683510094e-01
9.499586577064016435e-01
9.513056329858169402e-01
9.481827353681757664e-01
9.447600571127588998e-01
9.511714160151312214e-01
9.583384308235970428e-01
9.511620017396240634e-01
9.517040159481673367e-01
9.545753947371182768e-01
9.472851714624789254e-01
9.452595063413654630e-01
9.492383998905945530e-01
9.452199387754935955e-01
9.541150286349364684e-01
9.503157024840589440e-01
9.556621900114585788e-01
9.600542590018013023e-01
9.526261591122233696e-01
9.412558786430896829e-01
9.521972153479844048e-01
9.510278896540129701e-01
9.460877990971445772e-01
9.491826503667044612e-01
9.527319110607139763e-01
9.508630020006882955e-01
9.493648276809608655e-01
9.537820462407586852e-01
9.529308340672361100e-01
9.512640372905815100e-01
9.466288521777204146e-01
9.510239553672862334e-01
9.490872784003324680e-01
9.480918378074103536e-01
9.519639765235998752e-01
9.428504001693059910e-01
9.507972982999942646e-01
9.460949921070128665e-01
9.472331090382871688e-01
9.422590647716667656e-01
9.477847924198293805e-01
9.547656338873996562e-01
9.522108395849171458e-01
9.470612731608545332e-01
9.560522894173252295e-01
9.543469210831889704e-01
9.424963067142723139e-01
9.442588348709272106e-01
9.480953296271996678e-01
9.483925477883725641e-01
9.477507593143266185e-01
9.501856387402625170e-01
9.474146846728099813e-01
9.442682821555294925e-01
9.444694184238956458e-01
9.445558102866261629e-01
9.577551252326292897e-01
9.510389354989347011e-01
9.459786952667501581e-01
9.501265845153439304e-01
9.456498565550452984e-01
9.488047941710717748e-01
9.446121855022581171e-01
9.537798829752469620e-01
9.436771508262425945e-01
9.504435727282498636e-01
9.458254876676428502e-01
9.473343628158094054e-01
9.545526872415416308e-01
9.560792943500707741e-01
9.512019427450215669e-01
9.517155791709011048e-01
9.565591354685912817e-01
9.481791532288431634e-01
9.476675807575726251e-01
9.377129292994407228e-01
9.485484289770158561e-01
9.459470124491907717e-01
9.443124633025351544e-01
9.511067626052687185e-01
9.493745611978190446e-01
9.520003414015630883e-01
9.458584939200902486e-01
9.498128858782589612e-01
9.553462132216985481e-01
9.434375554680134446e-01
9.492452890045639524e-01
9.480209601651045093e-01
9.520509015766940308e-01
9.455546321443564217e-01
9.507681454926335540e-01
9.429545802045461445e-01
9.595009533034228877e-01
9.570441853994382519e-01
9.519699148092952701e-01
9.511075923592948733e-01
9.472149176687296723e-01
9.486142085857387496e-01
9.489718420312389657e-01
9.437798006261811645e-01
9.479842597725205433e-01
9.399053180617756853e-01
9.411855735501751807e-01
9.522046735234632742e-01
9.500144443342931622e-01
9.495863983181280776e-01
9.489917443865981683e-01
9.425286444981569867e-01
9.476311267944810268e-01
9.410406446983219375e-01
9.530110486075201726e-01
9.460107398322318284e-01
9.523169012628727170e-01
9.493608490556069146e-01
9.488387716867676680e-01
9.551987462528725992e-01
9.427967542639240639e-01
9.473061205337184321e-01
9.453262436534071167e-01
9.512507399300347277e-01
9.367588481856863325e-01
9.519841937352400141e-01
9.463103075510181927e-01
9.545702082292875090e-01
9.489970625792533143e-01
9.519615164315731182e-01
9.502269037929801376e-01
9.509149920764567998e-01
9.463245169514061805e-01
9.439284517464138213e-01
9.458613246604790081e-01
9.525086989640623170e-01
9.479186988758288024e-01
9.503689587320335308e-01
9.503729011413473149e-01
9.493994882778803435e-01
9.498065458375026804e-01
9.502407031571277196e-01
9.471535060978938381e-01
9.484100186067924154e-01
9.444936151625572540e-01
9.563570076240978102e-01
9.530925533840971520e-01
9.460134239360038499e-01
9.528808447280553429e-01
9.448435175619007698e-01
9.510429360490662010e-01
9.387032587457988519e-01
9.415699028831214790e-01
9.525218068642512526e-01
9.452702417408420654e-01
9.483935498869180414e-01
9.422909456987667021e-01
9.522639308281602988e-01
9.419164766208290018e-01
9.481995285802012896e-01
9.449610477601837477e-01
9.489563521562552895e-01
9.578234569786912012e-01
9.461059555436022173e-01
9.507108507417225685e-01
9.529772130169926747e-01
9.478504474896324306e-01
9.441841331388755032e-01
9.461549418761269203e-01
9.473133343832614850e-01
9.540921525775644119e-01
9.536440542583822788e-01
