8.652777011084501479e-01
8.947305567467610521e-01
9.005306887966557650e-01
8.940307925478377937e-01
8.972541776013818193e-01
9.007673012481478558e-01
8.977276907166191755e-01
8.996882132579187008e-01
9.052582427701250101e-01
8.931973558590283746e-01
8.914065075243782221e-01
9.024552426590934928e-01
9.009098745347269288e-01
9.003297214526416736e-01
8.973872580751912631e-01
8.994288065846803848e-01
9.045967578135309939e-01
8.988450772483160822e-01
9.009499039559116795e-01
8.965117754359206437e-01
9.013216657902085593e-01
8.975745590247652395e-01
9.058270254347943196e-01
9.059676459475397570e-01
9.036166929503991474e-01
8.962497096577068945e-01
9.039953647239201695e-01
9.020965374354880106e-01
8.928984149663723446e-01
9.039790282342607952e-01
9.029290490153062398e-01
8.978991109686822458e-01
9.029971059841486181e-01
9.057898927449844484e-01
9.089651466901355059e-01
9.069119963890350800e-01
9.098071714737934190e-01
9.147259174093680389e-01
9.112998405337893182e-01
9.111835429093458893e-01
9.170170595676572223e-01
9.155209028725985743e-01
9.155644878624054073e-01
9.265455190352214210e-01
9.218643686138660032e-01
9.192122236141540004e-01
9.203020342360338502e-01
9.212453182073300217e-01
9.277055047792771569e-01
9.171340807847960797e-01
9.247318914026187997e-01
9.233422907025493620e-01
9.240245440025047774e-01
9.256959542101084182e-01
9.289872443968265614e-01
9.228651047538004581e-01
9.308318048396138078e-01
9.278927480869816335e-01
9.298653618405626764e-01
9.267807582891888218e-01
9.231390182164994629e-01
9.297753332286358141e-01
9.319435915888116817e-01
9.276383871563573802e-01
9.264611698615319302e-01
9.280237453398152425e-01
9.242738219968907876e-01
9.282926401438313935e-01
9.269994727753808617e-01
9.289601287990238987e-01
9.321788826798014238e-01
9.288444505364510384e-01
9.321810554669531790e-01
9.301418668352617880e-01
9.287541416907134639e-01
9.194914648388241574e-01
9.294507138239009869e-01
9.307500521700263763e-01
9.275043973034360345e-01
9.342576821297450262e-01
9.344268803935963374e-01
9.351840373447285470e-01
9.349142038380314768e-01
9.317082571063661778e-01
9.307986170689530603e-01
9.343421549669642667e-01
9.296304219526908552e-01
9.317892676472823155e-01
9.358242591289573920e-01
9.303468091978633892e-01
9.290070945242305811e-01
9.399764531291863179e-01
9.336031463469706138e-01
9.368958365332150651e-01
9.338758879405391067e-01
9.341197163310555052e-01
9.335828223642513857e-01
9.357601132485420248e-01
9.387812918246304372e-01
9.323310324180351660e-01
9.305315806282818958e-01
9.316009867589866156e-01
9.302278381983327682e-01
9.290096960787408431e-01
9.361992777492897932e-01
9.330561296717398978e-01
9.357668331828614683e-01
9.343103905147929211e-01
9.296879873926647830e-01
9.361635514173035633e-01
9.356788836044452884e-01
9.365345946357739315e-01
9.378009317104827325e-01
9.392768272905291926e-01
9.371850334336271349e-01
9.330259910593334816e-01
9.323950101794360457e-01
9.341196818649862843e-01
9.364421179661620576e-01
9.378345090528806827e-01
9.420513144043161091e-01
9.427066360192065675e-01
9.381982155052813743e-01
9.359770178710685729e-01
9.428102576279145941e-01
9.377774227221629122e-01
9.389077164147842103e-01
9.400504390430921564e-01
9.422061818053839577e-01
9.298581883659987612e-01
9.413271337661761606e-01
9.424417301176616357e-01
9.453976915802273506e-01
9.396508719224775374e-01
9.378949438102530678e-01
9.427872621783618401e-01
9.443770829627164964e-01
9.380308274184975259e-01
9.429888681740883349e-01
9.442748373303843090e-01
9.413484163494415524e-01
9.347562539368396983e-01
9.470068432143513570e-01
9.404719061925874701e-01
9.368346150866053712e-01
9.411427463054237164e-01
9.441370743357332396e-01
9.426593229754614001e-01
9.492631476708832672e-01
9.441274278028052303e-01
9.427869582607221188e-01
9.431499864669362632e-01
9.413951692618840461e-01
9.449908414564380799e-01
9.409531415748288996e-01
9.473343781405668684e-01
9.373671260591978083e-01
9.400057324081655397e-01
9.426888676225471109e-01
9.442138851323206294e-01
9.445274077931523626e-01
9.438279818017573097e-01
9.460936842811535907e-01
9.445247858158057896e-01
9.367004192045346178e-01
9.455581022644272693e-01
9.436504347877804344e-01
9.423447454436604254e-01
9.442621978045874220e-01
9.443010674247858116e-01
9.477769703626153230e-01
9.488895594137376488e-01
9.418377742020318522e-01
9.457106017080180171e-01
9.438857183742984658e-01
9.442874823688822694e-01
9.470362185667973165e-01
9.468908933708287678e-01
9.435355057426977332e-01
9.459457841947958023e-01
9.410250105928257280e-01
9.455009504604610093e-01
9.472950799175298142e-01
9.516287481710971052e-01
9.453759412240468896e-01
9.463235334359793027e-01
9.522235954292593840e-01
9.484286455270219962e-01
9.428270741144563205e-01
9.436164247895306723e-01
9.443391858092640145e-01
9.407126911436859418e-01
9.402732950888531560e-01
9.451501951308703964e-01
9.434206455093395727e-01
9.498034870566242072e-01
9.476789301473327320e-01
9.465308881365156468e-01
9.520908512341655916e-01
9.482422803798182809e-01
9.479767728752751532e-01
9.400589843989256567e-01
9.490174925607887113e-01
9.386309107090125003e-01
9.431078640880389274e-01
9.473668028220361137e-01
9.379740000857209603e-01
9.426481500731039853e-01
9.444319066122182083e-01
9.440816267381220150e-01
9.468294184807729552e-01
9.506144142728381041e-01
9.401078771582305205e-01
9.478791028723015932e-01
9.488798417736516999e-01
9.422116583464648087e-01
9.446889861955694023e-01
9.444955057706901913e-01
9.458261454468533946e-01
9.448165750677171015e-01
9.478016375925616410e-01
9.513122483863647449e-01
9.430524928862571432e-01
9.520489997985227548e-01
9.508158302500945291e-01
9.459943731382357557e-01
9.478656435326873186e-01
9.491062466547627308e-01
9.457249933296008049e-01
9.472052493997189515e-01
9.451461226298512042e-01
9.509976983019607921e-01
9.509993952814916884e-01
9.471108283249556337e-01
9.480333858769179889e-01
9.479383201192385089e-01
9.514991301920386890e-01
9.534416322632637275e-01
9.445681032552373235e-01
9.480668912108863866e-01
9.503255905243740420e-01
9.493416712782355438e-01
9.423982760473778031e-01
9.459704163076742001e-01
9.509775139135002719e-01
9.462836198464685822e-01
9.470142672313605070e-01
9.507694483339175218e-01
9.375261708807554051e-01
9.528668688449778434e-01
9.462856751528962995e-01
9.494145851401876168e-01
9.514723337326641550e-01
9.437621424736561959e-01
9.510331017946213050e-01
9.457256323002678489e-01
9.481509376473925554e-01
9.494598293981788562e-01
9.503522588838115848e-01
9.510120912171089458e-01
9.447462537790535242e-01
9.502094520230679464e-01
9.456051390288302549e-01
9.501748895779661419e-01
9.473465017152774559e-01
9.506210457206027975e-01
9.457790382566231280e-01
9.423332160849048345e-01
9.510018512372114818e-01
9.449240367456236411e-01
9.423997132505759211e-01
9.506037141597220019e-01
9.500636282546390810e-01
9.441350884986090541e-01
9.399960627052301732e-01
9.461414062805938441e-01
9.496006940106737071e-01
9.508360114602792956e-01
9.468263282825429838e-01
9.481444202900730645e-01
9.448475802838917081e-01
9.472888969521033875e-01
9.450330781890925458e-01
9.487257545094556210e-01
9.420931813532540389e-01
9.509103331329797903e-01
9.481334205219222877e-01
9.460381775300976681e-01
9.452918202975397755e-01
9.519203024336198027e-01
9.477383277821472829e-01
9.472170046633785478e-01
9.484433907963025767e-01
9.500559342100453053e-01
9.439291667669010844e-01
9.488102269559841595e-01
9.471220447122787878e-01
9.499036412688290909e-01
9.468631679698050752e-01
9.477959953130198345e-01
9.478998487839207510e-01
9.456351540520928634e-01
9.509686197478628422e-01
9.490918480188338391e-01
9.487714943864546946e-01
9.433959691098148248e-01
9.524289092946305324e-01
9.473968892965639599e-01
9.452128166551905242e-01
9.532355256826799961e-01
9.458909243675832634e-01
9.516699228793809029e-01
9.468342991908982320e-01
9.495556756440121093e-01
9.523765629822139589e-01
9.470127495736271328e-01
9.467939197637157411e-01
9.455472261988684402e-01
9.486251156417812025e-01
9.479117269820186431e-01
9.523787479330936279e-01
9.473842069884070849e-01
9.478524909670780207e-01
9.458324129216678644e-01
9.461938976277791680e-01
9.533906354815503414e-01
9.502789758861217573e-01
9.507305269056570696e-01
9.457766137432805920e-01
9.521868515793140419e-01
9.481854647970888728e-01
9.490729792267331710e-01
9.496479937675664784e-01
9.450103377660199477e-01
9.492081360267031753e-01
9.487078959988157756e-01
9.469708565026005997e-01
9.455409678649532301e-01
9.486478044120114639e-01
9.532380680937754258e-01
9.498578395652164108e-01
9.495223420198593001e-01
9.477768400429947837e-01
9.472608560893617247e-01
9.441188724181767133e-01
9.506723677350251700e-01
9.528335574276701747e-01
9.529757138338862399e-01
9.499425940842856075e-01
9.437301822940800111e-01
9.468249697677880716e-01
9.498396086313890541e-01
9.479219887981154002e-01
9.527006080868002380e-01
9.364549445843449726e-01
9.463549026039967949e-01
9.408008118402332309e-01
9.459274868418277027e-01
9.544665132529225327e-01
9.453754557869615827e-01
9.521638037195613302e-01
9.514868726242236008e-01
9.454165360509313443e-01
9.451832115453687733e-01
9.534905303547936972e-01
9.435354073226059901e-01
9.507300081588823115e-01
9.496950404628548004e-01
9.451104458041155176e-01
9.430835271526010199e-01
9.495227348579196036e-01
9.469095322310132623e-01
9.491495752197981473e-01
9.485850820565773223e-01
9.490581475205828177e-01
9.530057013908417307e-01
9.489063675841720169e-01
9.469929680005093608e-01
9.470183352829050216e-01
9.519172539264850741e-01
9.392360562335467788e-01
9.480980490138601890e-01
9.536397836623603519e-01
9.472654956456358910e-01
9.448566866455301305e-01
9.524021936300486324e-01
9.521915862955588894e-01
9.457192600165943430e-01
9.515058926484684099e-01
9.462657459115781933e-01
9.494397451368071783e-01
9.411573694941887114e-01
9.548182330229544323e-01
9.484680774491792699e-01
9.416390989999725569e-01
9.476881081651937766e-01
9.495390950620129500e-01
9.498600960037656415e-01
9.507752060337837374e-01
9.464405222193188472e-01
9.516453409899883198e-01
9.485425937146088060e-01
9.463076082513137699e-01
9.477437901914719243e-01
9.463214542412656805e-01
9.463813767212387873e-01
9.530588386987326466e-01
9.500942491900731257e-01
9.526163141575106907e-01
9.467839523652460398e-01
9.512413069037939373e-01
9.508994928101270894e-01
9.427549123382996665e-01
9.488620323947397628e-01
9.522327275292576942e-01
9.486757819557111171e-01
9.501086150573451183e-01
9.488866291145486853e-01
9.497664073609106694e-01
9.500405361688435413e-01
9.498330756047860257e-01
9.487617979081555131e-01
9.500174994267223116e-01
9.506927826080064925e-01
9.456524108254765748e-01
9.461827592722726887e-01
9.493194367001770440e-01
9.457229231889542342e-01
9.491360831790777164e-01
9.443907806749953782e-01
9.488274245544875418e-01
9.437807603042945859e-01
9.532421086996785142e-01
9.476169628553452462e-01
9.497718953752597448e-01
9.487607858371732705e-01
9.438459373089018722e-01
9.482233923076599513e-01
9.487360089552937525e-01
9.539576350942133853e-01
9.532656185927618209e-01
9.477924485704416480e-01
9.489746522472285450e-01
9.492033455817526777e-01
9.470087577924287681e-01
9.511702070273827525e-01
9.516245108609578951e-01
9.487452143023881179e-01
9.504224639122059726e-01
9.475322791156060021e-01
9.508986920234252516e-01
9.484739333361962288e-01
9.474389115103296621e-01
9.467039520938596020e-01
9.448360746610836580e-01
9.445597254368969242e-01
9.476744217986903251e-01
9.504568664949141210e-01
9.508709101945517217e-01
9.499603604544942792e-01
9.498261866008883558e-01
9.517613617206290844e-01
9.479662766776505434e-01
9.482471806836738626e-01
9.462175023413439412e-01
9.522941659856664076e-01
9.511262641408209095e-01
9.511830062023898247e-01
9.460181312551850796e-01
9.484741811035284353e-01
9.465336571252208619e-01
9.480866874289111124e-01
9.493017934305951755e-01
9.470966536765880184e-01
9.535477100039312370e-01
9.509723447668649854e-01
9.496489781870585123e-01
9.453013499431570654e-01
9.460953300888869100e-01
9.492792964447377413e-01
9.528548005372218244e-01
9.446157915313012632e-01
9.485973043869954102e-01
9.510269162489918271e-01
9.494735169845133216e-01
9.504040470342478564e-01
9.469759278136098413e-01
9.482062813737742735e-01
9.499104165076549533e-01
9.516397632002245865e-01
9.512922615323220477e-01
9.531476145372753672e-01
9.499123669056496189e-01
9.535122006128021743e-01
9.462019613559948805e-01
9.523450302139663259e-01
9.492803083508567497e-01
9.487664736396067555e-01
9.454507638198681452e-01
9.498654096778023082e-01
9.469396702852859171e-01
9.531781477412364367e-01
9.469262808146885479e-01
9.507652328464891722e-01
9.530388153585522826e-01
9.504219756600464919e-01
9.519200409789430051e-01
9.449289076709588286e-01
9.483103452625101237e-01
9.480424980732787832e-01
9.489477013142129103e-01
9.491841399825746706e-01
9.487813452875972775e-01
9.450906708940616241e-01
9.443382428863367206e-01
9.533584474531919817e-01
9.520596322666173839e-01
9.510191013428632711e-01
9.514646674826426898e-01
9.500332000520700371e-01
9.453177476857002048e-01
9.524915481747199264e-01
9.522104048663089237e-01
9.494999044622423057e-01
9.481222273203715467e-01
9.474990809865189156e-01
9.471009149606958166e-01
9.454152121307513035e-01
9.471383207622611211e-01
9.423417840354078034e-01
9.465075436604710735e-01
9.459207073118121034e-01
9.490714884969558840e-01
9.520435777837077396e-01
9.432704201283845791e-01
9.477715617761769407e-01
9.479146306755166229e-01
9.473322921395143092e-01
9.468067062294394098e-01
9.462581804616744252e-01
9.517041212783640125e-01
9.445051327190511214e-01
9.479780337651346755e-01
9.521471581003254636e-01
9.489877099043682041e-01
9.498821687895422361e-01
9.541018660024549458e-01
9.489521366462538854e-01
9.518232239401733796e-01
9.494050927460504496e-01
9.514060274636996217e-01
9.501549500650711133e-01
9.512067800342499657e-01
9.499781164808279721e-01
9.490024750906121964e-01
9.524318175644050921e-01
9.503264897477434747e-01
9.496726179546154389e-01
9.517097611506015742e-01
9.471342285040336151e-01
9.467107812707306058e-01
9.477199657652232156e-01
9.491550042629005590e-01
9.494241474322753227e-01
9.487615703932698041e-01
9.529160579064063219e-01
9.498310307905315497e-01
9.500133852511608579e-01
9.480762905539842356e-01
9.468879701087483669e-01
9.492915594853283956e-01
9.482337087973821133e-01
9.517056867823590061e-01
9.477010385114025270e-01
9.491531359593703421e-01
9.515880226157384936e-01
9.516684474516416969e-01
9.476003932125165452e-01
9.522899727317535312e-01
9.485866559147387855e-01
9.493959001826898225e-01
9.461934181997269100e-01
9.517671657756987535e-01
9.541372769222412620e-01
9.476280794398377338e-01
9.513734351623169827e-01
9.502353180141756006e-01
9.481749969695382196e-01
9.521131310306972795e-01
9.467692277565842307e-01
9.499702428437817314e-01
9.484748733692833778e-01
9.497213475212085143e-01
9.485553255913956594e-01
9.517073509523651387e-01
9.490920910209220684e-01
9.522300953501705578e-01
9.492863446384959270e-01
9.515264107674632488e-01
9.499637020813725963e-01
9.507052036889710456e-01
9.487942157892428341e-01
9.497116908573843830e-01
9.534685726772269554e-01
9.525898762899177585e-01
9.481631570924327068e-01
9.485135864264000460e-01
9.482281657828030008e-01
9.523450812883059724e-01
9.508339006910356828e-01
9.527914745285589460e-01
9.519505892726363161e-01
9.534212214402707497e-01
9.536631707984136730e-01
9.473640925901576360e-01
9.489112373436013881e-01
9.467526377560191442e-01
9.472354739165667059e-01
9.490886081492740933e-01
9.506442099977664428e-01
9.500829397315153635e-01
9.515905810451598112e-01
9.510780478414215811e-01
9.511539156800994377e-01
9.492663120964363044e-01
9.499849337720206455e-01
9.459146194273481134e-01
9.528096678171474876e-01
9.501683912739093962e-01
9.511126996015966117e-01
9.501525832635314694e-01
9.484236880706679029e-01
9.512009262742963100e-01
9.498019044583655424e-01
9.426122975348150135e-01
9.510630132432476014e-01
9.493937843651503172e-01
9.543682409660430022e-01
9.461681296975120725e-01
9.487015256421342801e-01
9.524253046092497899e-01
9.485639485473064125e-01
9.474619817194445126e-01
9.512304274040225271e-01
9.498965674338051279e-01
9.475409854057155190e-01
9.511213802187635791e-01
9.489555417457582465e-01
9.439079874176178331e-01
9.553806322039085641e-01
9.510874747654222139e-01
9.491525417500596973e-01
9.535046978823703556e-01
9.472817691670748497e-01
9.510189433077027577e-01
9.507843638293835831e-01
9.490275709734247167e-01
9.523652786593375108e-01
9.506475355372028258e-01
9.498469474448243410e-01
9.478579620698427410e-01
9.500050853920224414e-01
9.532962118034195020e-01
9.467064325438196981e-01
9.487446635233786063e-01
9.520025936050826587e-01
9.504899227195028333e-01
9.498156896113779668e-01
9.508964082255577654e-01
9.526392592507773038e-01
9.474798953819991709e-01
9.499003027284609324e-01
9.506669882985651077e-01
9.508273463474893328e-01
9.489604787166487920e-01
9.479957834341005141e-01
9.508379982351429227e-01
9.496212670992104643e-01
9.530302435161265295e-01
9.510587816232036751e-01
9.451512530786883026e-01
9.497536304646374550e-01
9.494565577034559389e-01
9.513670257875963543e-01
9.399591855986976219e-01
9.521114372419343663e-01
9.533919894326058353e-01
9.509949007034100843e-01
9.454322314710076336e-01
9.523559410967230576e-01
9.507764342072775321e-01
9.529853674576116429e-01
9.453743277864492534e-01
9.488795278944279765e-01
9.490811556904533708e-01
9.526457620586270547e-01
9.481669987148292345e-01
9.505300713298835413e-01
9.489971793252753862e-01
9.518089968728805639e-01
9.513708153532819400e-01
9.527406113753261740e-01
9.510898933102849284e-01
9.483891367729723187e-01
9.472927129441139904e-01
9.491513923554825150e-01
9.448645643737932920e-01
9.507834532721775034e-01
9.491838410985315999e-01
9.526586662297323871e-01
9.465178592731731122e-01
9.462768007273535398e-01
9.453635218368893200e-01
9.512061519937123899e-01
9.480550832208975987e-01
9.484006617967034591e-01
9.496098109588636538e-01
9.488927347951650049e-01
9.505572549294893925e-01
9.508555331163958124e-01
9.462877196424828163e-01
9.504757401158776542e-01
9.487597340214825037e-01
9.502209969578795379e-01
9.531757908586161454e-01
9.478003073449475790e-01
9.469571443419930734e-01
9.488284986720885161e-01
9.518545226332588705e-01
9.493106088538404430e-01
9.515672697929338231e-01
9.498863703778580581e-01
9.483106383381332272e-01
9.513442100085335307e-01
9.409183597275471156e-01
9.517545894202839030e-01
9.530127258683296354e-01
9.504667648981600658e-01
9.495671082802200624e-01
9.490471298044882431e-01
9.509186979218209324e-01
9.525588718691682111e-01
9.526057429793644005e-01
9.503859126522828937e-01
9.503374871712311212e-01
9.470776748294283953e-01
9.493855398002593038e-01
9.514798758083964358e-01
9.551811864729028434e-01
9.523159748590885876e-01
9.463525041821462258e-01
9.521512437810507601e-01
9.516477897554355136e-01
9.455851036155668021e-01
9.508741886149407740e-01
9.506933626023799100e-01
9.514004847203110238e-01
9.496595674711167945e-01
9.492352162243479219e-01
9.515771684193210511e-01
9.526783950840829185e-01
9.435456101363068893e-01
9.510085260841069088e-01
9.495122446924200155e-01
9.536847474822512938e-01
9.481055350556312211e-01
9.513768735405224719e-01
9.515188788763937477e-01
9.493006651199620283e-01
9.482932051921046934e-01
9.483083733676644922e-01
9.526971991895899494e-01
9.484574769490395907e-01
9.502240082299351354e-01
9.500845708694584113e-01
9.461226018072256272e-01
9.448786969867800645e-01
9.539544389648783040e-01
9.500089656648702530e-01
9.523875987948943189e-01
9.514687218039961092e-01
9.497342573305961322e-01
9.473244519901266036e-01
9.503534437170906291e-01
9.515909391352762592e-01
9.486369158272878188e-01
9.516359317264795337e-01
9.534222693053733266e-01
9.461250224611302828e-01
9.489922380570356975e-01
9.514654551970807006e-01
9.489321814050636350e-01
9.513145469231717444e-01
9.441765223719050804e-01
9.489358525008597667e-01
9.494048974440707500e-01
9.535063155775308497e-01
9.490973159041605767e-01
9.456168129002386902e-01
9.518776886526677528e-01
9.521073779343374177e-01
9.515372715104838397e-01
9.514998882912435452e-01
9.481128228217563514e-01
9.466011220286225658e-01
9.505446547000535595e-01
9.522146357150805818e-01
9.516122536150187772e-01
9.490959792120865490e-01
9.487605388738064027e-01
9.510523981724670062e-01
9.491826879855591592e-01
9.498314578608869629e-01
9.481959287390376856e-01
9.497820797585642127e-01
9.482411601464586504e-01
9.516709908888105751e-01
9.481800700185487596e-01
9.519335786891415241e-01
9.516060308594704864e-01
9.436298737480623977e-01
9.508824512263620576e-01
9.498916113557751562e-01
9.471826322357572714e-01
9.516058847970139123e-01
9.516182552082210755e-01
9.528214186838422917e-01
9.390560758832571242e-01
9.535277716282272165e-01
9.519857070797883569e-01
9.508433646737627365e-01
9.513348175758065128e-01
9.542794232473270633e-01
9.495743388817114994e-01
9.508449580559550363e-01
9.529335496721080823e-01
9.522860719511379024e-01
9.511438856876481829e-01
9.525541491809461636e-01
9.518559234600129093e-01
9.471123054510450778e-01
9.487011913123853946e-01
9.518939243919533055e-01
9.526352168782278307e-01
9.501287800683053675e-01
9.476873218357856343e-01
9.526081467530822522e-01
9.505942480372364667e-01
9.489252880559523318e-01
9.538982875747424872e-01
9.491279675210576583e-01
9.480559912811810097e-01
9.499291463199277530e-01
9.467651803456756943e-01
9.500991524580197911e-01
9.501268222608016956e-01
9.480666438198289692e-01
9.506331665427901756e-01
9.428426192387465710e-01
9.477907859522589629e-01
9.488436288747663649e-01
9.499808016701952740e-01
9.459932266155232083e-01
9.455761602821580736e-01
9.464534212756244846e-01
9.465522369287927562e-01
9.480146648170111323e-01
9.518989491176652606e-01
9.475474666863589190e-01
9.479562289968653799e-01
9.506298426879472574e-01
9.498879923944981707e-01
9.529363064027661645e-01
9.433189372328191213e-01
9.483401407118097204e-01
9.513647536615473799e-01
9.524014383727950062e-01
9.490374720285175147e-01
9.505736686504442368e-01
9.505736875005653674e-01
9.459299764666306842e-01
9.500942466459467717e-01
9.536556037716675815e-01
9.496325071151102692e-01
9.500593274812061395e-01
9.481733637212929056e-01
9.468827673013078261e-01
9.432433615376335512e-01
9.483344691086129652e-01
9.504091329298389734e-01
9.476771605594105363e-01
9.519566749670719252e-01
9.497533092449015335e-01
9.415447865545806261e-01
9.515960861382255498e-01
9.491616528940569619e-01
9.500195852670512142e-01
9.488489918740823370e-01
9.472601272768136349e-01
9.513817922592652243e-01
9.489192132295782844e-01
9.473043687032134397e-01
9.452839154383331222e-01
9.507282710216674593e-01
9.507228141764683116e-01
9.470082618302746447e-01
9.511353739233341376e-01
9.497313530052052810e-01
9.520783663675922437e-01
9.523927609878869438e-01
9.492996171418607299e-01
9.475480873495761847e-01
9.506661509628951956e-01
9.461515423296458227e-01
9.532443546309553595e-01
9.516875261295710819e-01
9.522444830717752273e-01
9.514956388636102158e-01
9.515837576585175484e-01
9.497317740980171230e-01
9.484459707465746625e-01
9.538642751706031264e-01
9.531035888152601387e-01
9.500642342151073283e-01
9.526312378813744930e-01
9.508961727696668698e-01
9.470049211882615170e-01
9.521915689930409155e-01
9.469446960578370431e-01
9.537347590526629171e-01
9.503131906049250288e-01
9.539345878222661446e-01
9.485072178860669556e-01
9.481299209116549331e-01
9.516951408672780222e-01
9.517731487015701486e-01
9.515920613266224404e-01
9.510997464216062180e-01
9.538204667035488082e-01
9.490287055227382140e-01
9.504831813206822133e-01
9.508864664029702540e-01
9.463980025607502400e-01
9.507433306108845628e-01
9.516671117718322748e-01
9.504154950284121606e-01
9.505823048292256772e-01
9.513362751255837191e-01
9.521557216088309961e-01
9.482391933116575133e-01
9.512718243167596066e-01
9.530285535646563222e-01
9.481949018446481636e-01
9.503365557695570009e-01
9.530273440266111562e-01
9.524951052886885261e-01
9.524462729163920560e-01
9.478063867438507595e-01
9.512086579588632240e-01
9.516861312943383222e-01
9.520080827843581117e-01
9.506847486819559601e-01
9.504157843362347480e-01
9.502562743214517660e-01
9.509036335855749478e-01
9.471638533707347207e-01
9.508741576117641925e-01
9.508096033278848891e-01
9.489724889646384831e-01
9.533812065440601113e-01
9.505752834283768271e-01
9.484873699467013530e-01
9.512737024869295510e-01
9.532551512462943410e-01
9.516806119821211718e-01
9.437130344829924855e-01
9.482743858259820025e-01
9.513680921137394053e-01
9.487088602203749277e-01
9.543193330966667220e-01
9.526159144157421155e-01
9.517873237161579292e-01
9.503335234625797101e-01
9.521952965110758171e-01
9.494252182039416565e-01
9.538463205342836426e-01
9.516812857157865846e-01
9.454861853657622328e-01
9.454403600860432633e-01
9.494941376050630710e-01
9.515826342096147528e-01
9.503277723077812045e-01
9.520842688118171804e-01
9.516293393187917893e-01
9.527871643637536581e-01
9.480861995531937314e-01
9.413315392928596204e-01
9.487540661373732309e-01
9.514421019960650483e-01
9.440161624246455885e-01
