0.842553206392857
0.9148340717779869
0.9139303192380429
0.9195953750380131
0.9243943505423904
0.9245467574704723
0.906808587678019
0.9213581501026706
0.9213473133441092
0.9384467348537322
0.927356347539257
0.9264519760871444
0.9267575117566271
0.928211896912551
0.9317410697615149
0.9259477231087463
0.9292991094251416
0.9395173618016002
0.9199042053170651
0.9243627820981359
0.9308748322827161
0.9331717889461068
0.9413673297389181
0.9322613084008518
0.9314339518669028
0.9330244656896476
0.9320072250150636
0.9431273118406327
0.9358806940172173
0.9329897238875288
0.9298114341412727
0.9409880248443118
0.9337155592297266
0.95029329582779
0.9420178341072056
0.9455992503937114
0.939377534433939
0.9428743629160223
0.9423316056099769
0.9435681275946709
0.9444911517023995
0.944974448570748
0.9426082993240847
0.9369948043107732
0.9501031813832997
0.9326428850005459
0.94110639819108
0.9333098796714927
0.9287245496077832
0.9427545155245461
0.9465602781662686
0.9487195397397068
0.9362822794109549
0.9436825335028323
0.9388417286397582
0.9386007586086917
0.9473714043631274
0.9324853474185715
0.9474321473595474
0.9295523661513889
0.9479078253158582
0.9505715700418684
0.9401189249331537
0.9362582270401597
0.9451543091289686
0.9267629827123662
0.9403722765415395
0.9515844002635141
0.9390798587278372
0.9416119922784503
0.9410722053761085
0.933104039735264
0.9333652480793669
0.9371521822751805
0.94313651135784
0.935053677869123
0.9426903209484477
0.9419560829652529
0.9348796367907294
0.9377566035054109
0.9517672168035831
0.9407702862885262
0.949470362178576
0.9449011575112785
0.9393380357713685
0.9424699375294598
0.9480055952800954
0.9371166067072388
0.9473072420395057
0.9414117375962163
0.9405494469896225
0.9443977246631294
0.9329774277433889
0.9413960300529545
0.9468009623324123
0.9529358554950653
0.9469187103093815
0.9525456554364155
0.9531776724203624
0.9462163363747648
0.9346268981632774
0.9442907715017077
0.9426957131036002
0.9377075156332435
0.9317112399513877
0.9415278158018957
0.9304983549211827
0.9326797119268417
0.9437614005565864
0.9461680250976938
0.9358187624454523
0.9492586233387086
0.936185293548389
0.9369373850206084
0.9431083709621098
0.9448340790470422
0.9422300845246444
0.9418719719233587
0.9398370705996316
0.9314911441130651
0.9505252171722495
0.9488336273890552
0.9351332608677869
0.9334302784358595
0.9485523094161914
0.9502692046603585
0.9313325359231831
0.9337058710763432
0.934805631554729
0.9492169281802049
0.9456629159982368
0.941336352053343
0.9424233310789703
0.941002511212052
0.9460354996889029
0.9335664706519995
0.9376928328727572
0.9427888710505096
0.9321448707161417
0.9388407213985479
0.9376780995636962
0.9489914073110124
0.9415840678561819
0.9375104841120568
0.9426099441457031
0.9392672393773244
0.9423436085980745
0.939541025128134
0.9359799054447344
0.9365924414651562
0.9384490313827445
0.9450899033874992
0.9333371046953709
0.9465137634542067
0.9449050838649928
0.9455938829534308
0.9404420306342532
0.940186213736149
0.9378879986044475
0.9459524664591982
0.947903714091303
0.9393786472485545
0.9422259271082167
0.9282722916548748
0.9451824944689016
0.9534303419169123
0.9489895594044616
0.9454876038344566
0.9371179642555448
0.9489273212570645
0.9435741863568993
0.9402171530453246
0.9318587601974194
0.944257273613642
0.9477412892760222
0.9459993084835872
0.9391406831873956
0.9445117360055554
0.9464305255376898
0.9438155516612361
0.9364415993122621
0.9403632776556776
0.9408270136594722
0.9395137466430623
0.9432007184753551
0.9409142587056759
0.9396826305666234
0.9353831899898332
0.9378154687661522
0.9349668913017889
0.9488161150858805
0.9434811681170623
0.9473501630076225
0.9337142022152112
0.9374104642420674
0.9401808656010759
0.9371946582225759
0.9339976563895079
0.9477196265073505
0.9476140226210947