0.8338362069092642
0.8975333489371686
0.8896575693607247
0.8873399145901192
0.8911524964005763
0.884708735345326
0.8964276214466993
0.8951292242022678
0.897769114540626
0.9047044701590026
0.9121692065432441
0.9146000105540969
0.9186586619250319
0.9124335558001584
0.9226245743512078
0.9300787958635846
0.9205179600858905
0.9206252553312928
0.9308679168437399
0.9258130448988059
0.9251873542007705
0.9256764763635071
0.924325930149108
0.9292183822199184
0.9309906574522827
0.9300382580415973
0.9308718193120984
0.9331366872904567
0.9306943055679798
0.9285651665451862
0.9292741055595272
0.9267256354834034
0.9220036356946743
0.9257612726883159
0.933310509916504
0.935362022386105
0.9271663585220362
0.9361530292938474
0.934524104729343
0.934448648753224
0.9249424183401238
0.9347854102128196
0.9321673033830451
0.9356810722095038
0.9379057295885725
0.9332955572304705
0.9337590706564005
0.9321888571311715
0.9355332698374466
0.9336982763543581
0.9267361414525138
0.938275373322786
0.9402159599160634
0.9373821468700982
0.9361088600773111
0.9290147090577017
0.9376964582370868
0.9368903542951885
0.9374763564749931
0.9322133137746921
0.9324154063258189
0.9262287189571236
0.9375412390474418
0.928581538067969
0.9345391886674099
0.9367024246964456
0.9313547384270687
0.9346487964332604
0.9332921365898252
0.931798010638797
0.9402626361760147
0.9438222886102815
0.9327572252754754
0.9425705744033861
0.9388510957354741
0.9411861763597156
0.9322999365598058
0.9331167607822783
0.9459009901822425
0.9388788726360544
0.9400313052353327
0.9454347922052346
0.9420765645324376
0.9439061640925623
0.9423616765604551
0.9443063653705264
0.9489691975656274
0.9413053409608313
0.9562614052785667
0.9418920975198904
0.9533648495250197
0.9393191074885456
0.9390647139824603
0.9473873793784949
0.9390471832063295
0.9384186339334445
0.9361206263766997
0.9365395109722522
0.9421864345352935
0.9448037416860735
0.9432223406712427
0.9399392309846262
0.9434726003954969
0.9489377103495513
0.9353074336998746
0.9426912802221367
0.9457573343513275
0.9365226814856378
0.9470026121228952
0.9431305715473668
0.93763699576893
0.9560175721760343
0.93604659490237
0.9365453322774097
0.9419776861958851
0.9435027404643752
0.9402580180700099
0.9344734139468832
0.9423334190164218
0.9317802833786942
0.9402801516198
0.9364291006115973
0.9332561885257733
0.9406670353221288
0.9460331678869222
0.9389287002602035
0.9342134089388374
0.9403996233383976
0.9315727709940888
0.9379191553700126
0.9417348062795249
0.938139498185201
0.9343894600770473
0.9452309419274326
0.9375013912375821
0.9438772346429788
0.9390384321499016
0.9441083250563367
0.9406900122251663
0.9366400237761199
0.9325610281557596
0.9429561928828687
0.9458169329782732
0.9380765936130652
0.9318849452971101
0.9446650678312314
0.9451404319293372
0.9436995540526617
0.9426982797415406
0.9342666416801125
0.9302541425657003
0.9284253046485241
0.9458756370916575
0.9481555716698726
0.9472068495675543
0.9348522130838746
0.9357267975230045
0.9448854433799722
0.9389320438281088
0.9451895185398174
0.9497370755209762
0.9379958796465513
0.9416022442072638
0.9434187345738191
0.9353038413889729
0.9445304658968376
0.9462219714107504
0.9308213732474467
0.9412182691168955
0.9418869865058541
0.9407033806127181
0.9365927328928007
0.9401297624374765
0.9447105311157555
0.9443617316546011
0.9383836637901569
0.932657135037504
0.9326793635959753
0.9507519624003957
0.9483000382225444
0.9436646694848961
0.9255509458736324
0.9348526008133267
0.9421115278979896
0.9485643623444012
0.9418888439085209
0.9358621816196029
0.9307146597693908
0.9360693900131046
0.9314208901456896
0.9414740896521349
0.9451906076102936
0.9396134115585792
0.9416178079309107
0.936585010632772
0.9415168975149806
0.936366189206543
0.9363681292993422
0.9388913383052809
0.9346947974981538