0.8419831908539683
0.8740802906177183
0.8611623077740941
0.8534418343845814
0.8704935868702937
0.877448010369679
0.8543740000621406
0.8620853992623602
0.8589739604588188
0.8692444447139617
0.8634784811727872
0.8607446905276481
0.8546141582522498
0.8696637619728405
0.8685563569019922
0.9092571893800332
0.9188658694633829
0.9250908232755364
0.9171825688019605
0.9229682073689075
0.9150166719414529
0.917388122457093
0.9187974597149637
0.9263470514680648
0.9217279751233391
0.9180757702040337
0.9126416739738754
0.9180154379878873
0.9281256014110768
0.9199351008766241
0.9263931240313741
0.9213746387367359
0.92264013325334
0.9168586684043444
0.9223113907763587
0.9199003785674172
0.9228484401540156
0.9194133934810423
0.9140222901441649
0.9245215637113761
0.919779827717186
0.9189443447691105
0.923219826115862
0.9152426211312337
0.9204673350070478
0.9124163340912034
0.9194379142750349
0.9197623446504024
0.9181967320090776
0.9237530323765436
0.9232354534331847
0.9231524018193188
0.9270105084189555
0.9159302696567506
0.9214708672680624
0.9188943370593721
0.9247767191135295
0.924344765183283
0.9200937798432101
0.9302742515023092
0.9207796854907232
0.9186471278119411
0.9100154021186769
0.9161794567387972
0.9213760774674752
0.9241776166832198
0.9185178744593298
0.9173933333840512
0.9176083005020138
0.9285459035932682
0.9183914433135455
0.9241825855644411
0.9268011416285798
0.9234997413598804
0.9151395313925679
0.9243800164821255
0.9196158125742501
0.9118320391426973
0.9164141958028529
0.9134923440527885
0.9201144868627454
0.918461232753883
0.9288277920601573
0.9140760231066061
0.9146556433714388
0.9226859615500413
0.9232795919369114
0.9152098800703067
0.9249713363217217
0.9247305447066071
0.9196324813730702
0.9216448824222723
0.9215623188572393
0.9201892489127497
0.922020151487412
0.9269238404332262
0.9212823759903459
0.9227193825213348
0.9152812743641999
0.9171173137828401
0.91481318700013
0.9132787179960059
0.9227036228417027
0.9152820206671514
0.9220437888738021
0.9273557991031894
0.9168895286347931
0.9151642318368626
0.9255328334094811
0.9191347966558719
0.9142228393059996
0.9219175366254272
0.9172131863641981
0.9194215527313319
0.9205447281490062
0.920929140840128
0.9217921897863596
0.9173997043039844
0.9248810448058342
0.9260241914180852
0.9238941112319466
0.9252180173985657
0.9164025383549899
0.9257615290866262
0.9212106192330064
0.919706129216134
0.9279743546243701
0.9224666298870285
0.9181610923560838
0.9217052876750808
0.91957588708031
0.9168339113362414
0.9234875481159235
0.9141699851991087
0.9218429964734415
0.9176745797315643
0.9117791129758686
0.9158378587464254
0.919719833950665
0.919582935556579
0.911570164083239
0.9220836892375404
0.9236966175284037
0.925310902944076
0.9147653689068903
0.9161453716451892
0.9149524044760693
0.9209406111558455
0.9177397544689258
0.9173516969910221
0.9237258014681895
0.9289436476923923
0.9198174232678276
0.9183110344671696
0.91738102695608
0.9160197719663512
0.9137493333439443
0.9202394776622144
0.9157656105006038
0.9141221446157615
0.9211801417319162
0.9188097446158271
0.9207285047689385
0.9162327447388282
0.9209522130182201
0.9263730588993684
0.9169537724414555
0.9236505877111116
0.9219781535576584
0.9216826821115655
0.9173645906142528
0.925914469548816
0.9214908848273258
0.9209578940619219
0.9190390814765965
0.9143496461803603
0.9192794444689774
0.9234909820785211
0.9238504878141227
0.9281686548049555
0.9204610733670512
0.9204948009811753
0.9242677626787167
0.9155770909204445
0.9186505797696444
0.9209840525172054
0.9204371488147318
0.9195290109312569
0.9182656007166947
0.9245737069123721
0.9222378236097409
0.9203995171269419
0.9160206594037991
0.9204694155410013
0.9239777755686522
0.9204992841905587
0.9122270599076934
0.9178196898477193
0.9195939253172686
0.9180375005503456