0.8099886609198816
0.8541647770971592
0.8669209809802122
0.8705888853375522
0.8826102344945805
0.8838746475708712
0.8842707297615837
0.9018858270066467
0.9219369282049571
0.9216858745051844
0.925032893579809
0.9243021916990999
0.9242323789871224
0.9319514170960325
0.9257944883869991
0.93005853930571
0.9310538117100614
0.9319300940337043
0.9333477395804689
0.9322304412239205
0.9267320181191863
0.9272520207108988
0.9243580504758034
0.9323070766436402
0.9322154975485659
0.9319399573408923
0.9277141899987993
0.9308544265109827
0.9277699944688491
0.9356346669051742
0.9210348539799376
0.9250074169630566
0.9357744096836818
0.9417761469781202
0.9205575120517793
0.9263200168165712
0.9343711530951674
0.9391656883351991
0.9257811083153052
0.9342070114294756
0.933799327057223
0.9367040573228428
0.9353335560858995
0.9398339889561149
0.941028043411596
0.9348238322188077
0.9374868445177311
0.9260992399601846
0.9342854573056062
0.9227580571643855
0.9412522095614594
0.9383643364327031
0.942793527335787
0.9416403707346676
0.9441040650643673
0.9422748711696698
0.9375827406760697
0.948700881047538
0.9415378335910439
0.9307538462164772
0.9323062653522203
0.9341044026350076
0.9366043699498214
0.9401160477263317
0.9427003572163223
0.9333622912821689
0.9409886738396815
0.940697174966755
0.9340481303124675
0.9304248907225285
0.9371338762457697
0.9320006254233972
0.9390528049280776
0.927404751613186
0.9352265865281965
0.9397097059926723
0.9440465082446258
0.9425102788890459
0.9317075337997714
0.9343810558868468
0.9311338390099704
0.9347171022175722
0.9387253694683776
0.9369375264427648
0.9408013799448534
0.9397187457243826
0.9437612667542159
0.9336845357320324
0.9392505527471121
0.9339546928649202
0.9362352520370922
0.9362010437186918
0.9260286752791004
0.9431256853461693
0.9404216729604186
0.9429248597007975
0.9369383401419766
0.9387477095322524
0.9337627319218953
0.9290821185247283
0.9386213597539731
0.9333245211179059
0.9307170878989552
0.9409012386080484
0.938400389979887
0.9397187451199739
0.9428460976298169
0.9361710432031148
0.9449014967941152
0.9283557385217479
0.9399943263968382
0.9398722931166131
0.9373956141811247
0.9386719627622214
0.9401017010952861
0.9364708439499734
0.9325190573613341
0.9398632704100389
0.925256784704037
0.9348939498997015
0.9290125422503753
0.9350811526597878
0.9438212884085365
0.9357810327335626
0.9413019879790184
0.932752820719625
0.9341585310474914
0.9329997791268302
0.9365788873515555
0.9339363027637524
0.9344468675701143
0.9338813583846611
0.9283951589490617
0.9299875587869779
0.9293283335651427
0.9388219013872312
0.9446344730983409
0.936133222936358
0.9365190276634979
0.9344395714228126
0.9378184088299019
0.926711858806836
0.9332479761969623
0.9340953286726459
0.9329404427910418
0.9396118205368833
0.9375938334504933
0.9471281259385366
0.9409216717202783
0.9420796508169967
0.9330080670366471
0.9389712362184416
0.9323140148114573
0.9315219528615079
0.9414247832830478
0.9421446585560964
0.9412917368567133
0.9418297927913994
0.9307926985119965
0.9368795096382045
0.942004113012866
0.9335894615667343
0.9435044330390202
0.9356593456430382
0.9429452723570165
0.9333781379314668
0.9436134535927644
0.9390857360778588
0.9254212211808611
0.9316518886024256
0.9350170254669337
0.9420386549532206
0.9428498122379115
0.9407656850962912
0.9274544353748396
0.9426397162804916
0.9427427762550993
0.9499722928444934
0.9361549951850725
0.9447884699518382
0.9418857135264801
0.9352829598117254
0.9355627441954867
0.9401388764360344
0.9474558917346557
0.9402819573388399
0.9347037877219742
0.9313988802558753
0.9436555188284612
0.9385098269354816
0.9389709644426111
0.9456512775675473
0.9325756689075724
0.9323315359416814
0.9446491581953422
0.9409353107262385
0.935350087800131
0.9370602053858774
0.9279222551884295
0.9395178297926476