0.8597451528335425
0.8782010432981256
0.8856165038773668
0.8791237926117325
0.8813076682217009
0.8775232515522227
0.9015624039723015
0.9104103644544722
0.921832728955122
0.9147718566421181
0.9235136824790796
0.9179929609798972
0.9251745903778276
0.9243167238051333
0.9242436698469129
0.9278005065678859
0.927327007083326
0.9279129499886369
0.9263619447825348
0.9248809012872673
0.9341567695280198
0.9326470914609151
0.9341461180433622
0.930191169260685
0.9265890480301185
0.9284252837090512
0.9322912818464654
0.9263988184828973
0.9278091660024278
0.9246089058576241
0.9232745588171052
0.9350848638308168
0.9303647440552893
0.9318839590716409
0.9267278924884518
0.9332333338396677
0.9255791347770654
0.9271192249520449
0.9284518956748146
0.9305383542482424
0.9331212662804275
0.9231598704732683
0.9279381851291388
0.9300617573359954
0.9338598591446776
0.9345399449927723
0.932953490672931
0.9413597022895612
0.9402488061695385
0.9291139208345066
0.9413090893586048
0.9365389749890091
0.9301358156633084
0.942177544138818
0.9388983684787678
0.9457046545709947
0.9342819591615321
0.9389234843070848
0.931463064611522
0.9316737490514508
0.9343059399555683
0.9329117947802853
0.9398955019900028
0.9296874014278554
0.9422022220415593
0.9290501316624755
0.9413276949761493
0.9299156971477853
0.9345784030784141
0.9345340385890407
0.9434589735289137
0.9412874812813046
0.9317359566164284
0.9238084506329836
0.9397760157523993
0.933708246988576
0.9462718210263361
0.9412791908448223
0.939178246750989
0.9287778716393406
0.928009795090305
0.9230191703076881
0.9363276889673275
0.9290714650836281
0.9376585651258478
0.9444583763022341
0.9387808129628727
0.9360921961517203
0.935871233691467
0.9342791273872258
0.9286925678919001
0.9420623191916196
0.946341389996555
0.9346347859912544
0.9448812098554542
0.9357761847856877
0.9346302605254634
0.9355710786086098
0.9337391818939034
0.9421701296604631
0.9401319323765496
0.9432601562594383
0.9272732871458262
0.9379365683995983
0.9461927960676187
0.938203326281061
0.9417950602454613
0.9387196566628739
0.9396323762904879
0.9363522618240618
0.9371389243781201
0.933574317698411
0.9300329591795322
0.9320445101356911
0.94271146815298
0.9438589407956399
0.9481764130582739
0.9341283572658948
0.9354533110067014
0.9334327611525173
0.9394355041824634
0.937001544878315
0.9432697597922644
0.9296538382649777
0.9385319681384588
0.9434202709237618
0.9424508803184135
0.936592199811036
0.9353973629792798
0.9391517997832116
0.9413263699423104
0.9464412371811499
0.9452025656280229
0.9368155397735046
0.9476328798632356
0.9433272351904818
0.9452660891323229
0.942641136758958
0.9372624515848988
0.9334837021226666
0.9377403392461526
0.944060530739439
0.9418442093851657
0.9477260906517447
0.9456155981929656
0.944400547190705
0.9464328332150551
0.9504036280575118
0.9514195934001306
0.9384091029303337
0.9344715075495271
0.9468325830921969
0.929561188706492
0.9524605507713961
0.9405923705753989
0.9479517092363013
0.9410341751362423
0.941589035834003
0.9412075817333744
0.9268816410636684
0.9423276069425974
0.9368102262648176
0.9359527521484577
0.9381637110058585
0.9415660534892347
0.9341682882136902
0.9334878088555937
0.9367963312468126
0.9321391957649218
0.9484729016887127
0.9335744804260999
0.9397824359578767
0.9349087478717553
0.9375988226118919
0.9361200034283147
0.9455359594291896
0.9403786013319159
0.9329319244642045
0.9396954865378581
0.9379433881390091
0.9408508212372313
0.9443342836428188
0.9403791005687161
0.9369748340147201
0.938878980408631
0.936177551986394
0.9358675886107075
0.9329430986856851
0.9433406710834191
0.9423020480465825
0.9456835531516528
0.9472907806464211
0.93725585204254
0.9363241124971899
0.9384348704272412
0.9385289318474644
0.9305836012093697
0.9386828871758381
0.9458062666594684
0.9420223575139636