0.8127724633363091
0.8287093978586416
0.8500714202776385
0.8707273690626871
0.8876994828959249
0.916189098082204
0.9149274889678753
0.9263341302162421
0.9272082067819042
0.9337079810441036
0.9303674182717734
0.9270684738150946
0.9321584714109683
0.9274088063412798
0.9313719261728945
0.9301363987906788
0.9234798007590093
0.928819068931206
0.9364425513884563
0.9421210011039612
0.9246638779309485
0.9333376028770829
0.9217947370779893
0.9342549535835676
0.9298009341701474
0.9251804800565341
0.9326320455162813
0.9336937678360259
0.940803273452491
0.9297991554458092
0.9312585018018799
0.9360434506571252
0.9306743278356242
0.9309939343923409
0.9407734848993188
0.9344767270058607
0.9435669156129716
0.9466141659345894
0.931978445091387
0.9372494279350073
0.9445231829657798
0.9390530609285804
0.9446222768076751
0.9441372684256949
0.9407970977204974
0.9452086279507307
0.9356741771323271
0.9287667339797424
0.9379864551490769
0.9386683289902352
0.952786076037821
0.9439615598570706
0.9446540716521297
0.9355198470408195
0.935023061725023
0.9461687956476149
0.949102628458849
0.9404524725443789
0.9450161853732394
0.9397023217880477
0.953143084786203
0.9419582841133035
0.9440409762494529
0.9519294013779626
0.9506170691585605
0.9327125297075733
0.9424707693663115
0.9445445947752883
0.9408355283531732
0.9357545311560415
0.9380132864397703
0.9457258093719443
0.9427735054955804
0.9383544208899011
0.9445610130177754
0.9404870424441077
0.9453956946581441
0.9467393549422214
0.9508176876745219
0.9397100770344433
0.9463469822267813
0.9530113942611854
0.9430275120080088
0.9317560863505868
0.9415875901234378
0.9408932232007126
0.9493272038004765
0.9408592239331754
0.9407807060672702
0.9413099518601892
0.929522640821818
0.9352009281435913
0.9451382124362091
0.9419568780944193
0.9352019850418949
0.9448754007486224
0.9501238714860553
0.9448944141823094
0.9287548195229336
0.9340443314113651
0.9425060860335411
0.9400594444109523
0.9404156059884307
0.9447607880479637
0.9426000885570082
0.9359316623747955
0.9535604805720468
0.9450314239174762
0.9521605817805809
0.9281652250591661
0.9429167925280357
0.9412361020201614
0.9365731009695252
0.9389453108999115
0.9249330274405394
0.9330006479788134
0.9413549704027524
0.9403460219158015
0.9428144910103862
0.9411669600311607
0.9498508662018195
0.9405757390913065
0.9471594004335147
0.9437385852926781
0.9438103710623247
0.932864003324474
0.9447219153899914
0.9419352625480706
0.9441444949156217
0.9346946298874734
0.9310429466467172
0.9517282172250512
0.9426464862328977
0.9351525778110167
0.9387336663231933
0.9343600437635332
0.9457672018235802
0.9350057322626371
0.9433360756474088
0.9392700961150582
0.9299185043880895
0.9451281237499575
0.9474556649253045
0.9417457330576328
0.9419150667106067
0.939966093519117
0.9397966101282157
0.9468351439772783
0.9439317417445227
0.9504181132452745
0.9344684665648973
0.946271081256536
0.9496682106722772
0.9361292600128367
0.9512052404903883
0.9327650278369031
0.9380802999812918
0.9394767610520937
0.9391849115427953
0.9426817329994818
0.9434585218710498
0.9272818541125987
0.940033002003843
0.9394510493538911
0.942022726738005
0.9359232991794292
0.9373754914582898
0.9430723128179248
0.9418851671571166
0.9377095852364156
0.9350282585319358
0.9391402312815614
0.9390955796863386
0.9435496507427221
0.9432062355952572
0.9373033879906103
0.9367158230182201
0.9488617835554664
0.9541439042340321
0.9374268725207195
0.9433436807525917
0.9475130320008777
0.9415505998902469
0.9418606236429996
0.9470503930793029
0.9540357009610742
0.9438444158574364
0.9341476481328725
0.9287789738724835
0.929496391535323
0.9461861965551103
0.9364086609344416
0.9436459196487006
0.9435268745604642
0.9448194650777993
0.9420255812361742
0.9545356114491228
0.9443932329081218
0.9480066700542131
0.9279745358201541