0.871088268001911
0.8994904986931392
0.9066435732990373
0.9192022867576319
0.913544052767501
0.9125479218457704
0.9143802204414772
0.9156940438424311
0.9206603110152028
0.917472868656761
0.9152175100153253
0.9208888932684982
0.9205408638577053
0.921646159779537
0.9212815343813814
0.914465259211801
0.9213316806365508
0.9215679018388654
0.9239438068459991
0.9234424621419872
0.9274878344481233
0.9200863445921047
0.9242686777548563
0.928801037123427
0.9224859176222816
0.9210675767758949
0.9208698406975886
0.9263513090123354
0.9204741539823718
0.9216762467100789
0.9270832087928013
0.9233733007308542
0.9181107558275587
0.9243606591203988
0.9255343487687969
0.933476652698337
0.926986187065744
0.9288948189813837
0.9264732552532773
0.9338172850165425
0.9300247375699524
0.9290431292160299
0.9296447132131667
0.9347219627518005
0.9366222768216975
0.9437152253481415
0.9365588817176591
0.9394184417764443
0.933113839909372
0.9289234947666243
0.945436991549082
0.9366853102523468
0.9399774622976885
0.9407043500596616
0.9344616669906175
0.9293703638421374
0.9341945272391011
0.9289290618834172
0.9363774948715061
0.9337730772801359
0.9273206840604964
0.9372619575148433
0.9332523811299168
0.9312848336781073
0.9302740332731843
0.9302061422643954
0.939065454994277
0.9269872881649255
0.9262659085744933
0.9308230905574422
0.9391109930930008
0.9331184243416639
0.9359816967854917
0.9365785661269945
0.9453085612604332
0.9348331198531702
0.9288430592207834
0.9344805127614603
0.9349190550773291
0.9363757374065256
0.9322051757567361
0.9361060315451419
0.9387874739924515
0.9321076308264069
0.9292097162714641
0.9380065568286318
0.9341288623991466
0.9337258049656664
0.9337394847955772
0.9413719760003043
0.9412764447874972
0.9335957380101698
0.9398065607228174
0.9286307017733536
0.9358428665595335
0.9343937390145725
0.9390666818969605
0.9354952608859263
0.928492524139065
0.9400219801154526
0.9344210467136969
0.9330501186733272
0.9388829813617678
0.9338277381637894
0.9397079304232103
0.9337581956426493
0.935838583801107
0.9449322325035335
0.9406893692387176
0.9337901707028143
0.9324272811904817
0.9389534417137309
0.9393310464611518
0.9488881215539723
0.9401811862826159
0.9322201706166414
0.9396083070069823
0.9365850742292229
0.9347095257692024
0.9414555776365738
0.9429693263192744
0.9351292595406535
0.9402703740584668
0.9415220627690073
0.9403202678656964
0.9272006316537271
0.9347547547688011
0.9353768839519339
0.9333157375477861
0.9518756370997242
0.9376293204888577
0.9456612922997274
0.947516240553567
0.9287975430682249
0.9398094467392133
0.9364955700732982
0.9247675639083414
0.9283213574933251
0.9396860103594438
0.9363839257495039
0.934633605762267
0.9396609718958508
0.9423974043228336
0.9434440240749876
0.9305103025953053
0.9262178436590692
0.9324618730541858
0.9398280251846578
0.9304333608043694
0.9451776575272577
0.9254147711906324
0.9358932806961877
0.9395616001507838
0.9352740390504377
0.9413694328897608
0.9344992632901213
0.9337735558479092
0.9357620443690077
0.9433358862283323
0.9370587580328792
0.9361712144177945
0.9351418584007009
0.9348027321420124
0.9278663157646512
0.9397640731297747
0.9381431412725328
0.9337727522460918
0.9337304748230889
0.9416672829910796
0.937783598852906
0.9360941711508398
0.9290396914357281
0.9411537754889002
0.9306919297810972
0.9468274161839365
0.9321772837549069
0.9400346652974289
0.9345956835531659
0.9347335055988245
0.9466861318121782
0.9422651546328226
0.9284869419088502
0.9403838077577791
0.9292459843878934
0.9305612826685131
0.9376938816402489
0.9384248240539567
0.9356127465328028
0.9426795231714946
0.9329834970643289
0.9405760045521088
0.9324381629957927
0.9427082522284945
0.9408501162733443
0.9396629546158952
0.9296493946654373
0.9317591789882915
0.9371583156556518
0.9373322201488489
0.9306146454626966