0.8265014703825152
0.868181320025511
0.8659266273890083
0.8800560094327254
0.8754748758643102
0.8884598689231253
0.8952358044317406
0.9057950143396541
0.9036766848468534
0.9187308866578903
0.913934497137674
0.9041793208391321
0.9126953568284506
0.9259921917521301
0.9284452178770165
0.928432603246653
0.9276947792511702
0.9292367650640067
0.9398212748452501
0.9265733025512027
0.9207870881188306
0.930020567561639
0.9300478358350062
0.9227989531215939
0.9502073687515248
0.9322703350727416
0.9366527759570252
0.9380383234691614
0.9354637040106657
0.9436028539167435
0.9200137394649722
0.9300873975261957
0.936530656075109
0.932175554120037
0.9291328464498916
0.9322288250436617
0.9418026355158432
0.9395036368626816
0.944472214620967
0.9295490330738428
0.930956260642105
0.9345229015440468
0.9382234162249803
0.9379076776727306
0.9265430842952723
0.9326757256476839
0.9471892773744528
0.9337833607397404
0.9434069867841053
0.9408568369303645
0.9411306092239807
0.9399945177218783
0.936634460418301
0.937477575850175
0.9410968224737029
0.935980411329774
0.9401273538971934
0.9389409288755961
0.9361584313160434
0.9446465144105687
0.9355578630857333
0.9333818867850296
0.9431447211190531
0.9443780526710852
0.9352612344050154
0.9383561127763936
0.9503629633418865
0.9413751764787848
0.9378881211435194
0.9463401713043909
0.9486432193987716
0.937138581880172
0.9378472772228709
0.933397911561043
0.9443756025083627
0.9324603431617985
0.9388667786912275
0.9304438353253671
0.9397835743136461
0.9415356425747864
0.9463319150095748
0.9367729669127912
0.9455712607825629
0.9360079919930984
0.9450029366331892
0.930860586310862
0.9454316025692492
0.9399650189450687
0.9392431834581907
0.9412193215228553
0.9331236195923259
0.9379945070277234
0.9426057898648034
0.9428287499264846
0.9391883144126196
0.9432133479355368
0.9334959403720912
0.9441417760148577
0.9334756296064445
0.9330715958914159
0.9415646137871789
0.9379007113533048
0.9478446776803865
0.9449607866615449
0.9424232379801576
0.9387932493556899
0.9454255812391501
0.9472550298196956
0.9452722654434003
0.9367072972153575
0.9400333938222721
0.9369507588401739
0.9441080564346821
0.9340336529264195
0.9418566070404798
0.9438474419902522
0.9332215428075834
0.9352218059356144
0.934273529736019
0.9422614125784237
0.9462177043204523
0.9485218404573336
0.9424545405803513
0.9415204328840818
0.9315076597180426
0.9575480872945447
0.9325600580886696
0.9367696415630168
0.947523542605161
0.9404489713122267
0.9336175510801443
0.9474334951059791
0.9377783769807888
0.943011283445645
0.9349482553187581
0.9365997510073223
0.9394560810017636
0.934847393469159
0.9444564849762277
0.9466823791507549
0.9485689643267722
0.9479181683556512
0.943302010831389
0.9469245160806373
0.9467710425066335
0.9432820166927478
0.9512260824234398
0.9406496275045633
0.942005418111244
0.9398823858517353
0.945815502689702
0.9465194475652743
0.9348489967008478
0.9325402582335606
0.9433507973335317
0.9414970645720828
0.9471064330067775
0.9442148049550545
0.9492628124756163
0.9454376763820039
0.9463239182955806
0.9451187305610794
0.9378331931402129
0.941941911084258
0.9380247558837661
0.9410449323351473
0.9375111452034368
0.9429505024510079
0.9342241478314898
0.9373765512848431
0.9419785822062107
0.9386054659267069
0.9387176005559188
0.9547915302189982
0.9355084355884763
0.9467294284145322
0.9470412493447791
0.9408611087580465
0.9418457300452949
0.9433406875736694
0.9411857538329197
0.9442190854145934
0.9382567277397982
0.9405202087042045
0.9390221542369085
0.93751677123359
0.9461615843636618
0.9454790024389426
0.9535166777297002
0.9460889114818641
0.9485842094473798
0.935396522722643
0.9283419530252429
0.9394361157109311
0.9416163809924093
0.9428012686345216
0.9392769237281791
0.9360298564831635
0.9414018187205673
0.9376178041736416