0.8470593327888646
0.9178489214825696
0.9136232453934169
0.9188329108840908
0.9245367477585761
0.9171034219891341
0.9202415738823647
0.9155817130174527
0.9194837540175541
0.9324294092651928
0.9233901648843387
0.9244455374375596
0.9168823030762493
0.9242110034139018
0.9170391176028846
0.9214375217794243
0.9190358737905112
0.9201459878025858
0.9163400038532774
0.9272556817358667
0.9282655871481758
0.9229084429263906
0.9322725687567107
0.9246973362327789
0.9228877533543526
0.9268494877189261
0.9289882136505032
0.9214587862442317
0.9298937655942455
0.9312154689787129
0.937452640556953
0.9213240390093524
0.9351933604646108
0.9329949718298471
0.941458233667214
0.9349545058343522
0.9356103299792377
0.9323242182571856
0.937592622969104
0.9296438548031957
0.9419363134142644
0.9446828474780784
0.9399361394445832
0.9351906102749532
0.9398550818875507
0.9389506736062385
0.9403164665666727
0.9385468337202266
0.936039137339303
0.9426024194174113
0.9431414173778596
0.9389977810308702
0.9442601768915351
0.9402870345474166
0.9365213040184487
0.9342776742590705
0.9373148554923969
0.9378596141899679
0.9383334918908238
0.943504896780323
0.938869736196095
0.9408142770365435
0.9470447240497536
0.9473957691363737
0.9464844619304047
0.9344123687136474
0.949037784852842
0.9338222653819286
0.9330914839784127
0.931941569943509
0.941986444506052
0.9380347736742098
0.9350737438174255
0.9387804040732647
0.949916825811189
0.9395063009671546
0.9392978413174728
0.943725496127624
0.9345194457448674
0.9388875410936763
0.9436739930856811
0.9456669626427191
0.9407182190708717
0.9364563022555992
0.94197155637929
0.9312598659260467
0.9446489258518765
0.9359757188678276
0.9369646119697314
0.9476626600950246
0.9431776981554324
0.9393527014344594
0.9433017786800284
0.9359720234077871
0.9492941614260366
0.9312383540530306
0.9307644419934681
0.9392210285828237
0.9409295201121409
0.9448829418717664
0.9406257900155333
0.9528451694200919
0.9366758130481759
0.9421553244661632
0.943842694902305
0.9461429424311557
0.94352042044823
0.9421536489045913
0.9467416553210976
0.934041114362997
0.941145036376229
0.9441467658425657
0.9448178347959069
0.9473266971797457
0.9303490353687738
0.9403194234182408
0.944874126849575
0.9450860969940303
0.9390574390888969
0.9385938947498593
0.941812993336418
0.952109730339406
0.9336638897335169
0.9394490231738777
0.9377244966637208
0.9426145042716151
0.9489565704795107
0.943764940545834
0.9396476139433426
0.933307529007909
0.9369752799415489
0.9412416264526573
0.948816421877833
0.9333227250785796
0.9294965529349807
0.9484058707740695
0.945183236010499
0.9462740372715543
0.9389685504248342
0.9365937445526992
0.9312987710746143
0.9496384930104067
0.9413109589848301
0.9403125794181959
0.9538923016356669
0.9474129701302064
0.9350133831853534
0.9431510212779723
0.9357061459605788
0.941511060385815
0.9409577786401794
0.9296028137718315
0.9344026268450986
0.9391721617102249
0.9417728896887485
0.9427186475886884
0.9459996165702091
0.9345225262356709
0.941650363036804
0.9489045240649956
0.9475254743254148
0.9485757376900524
0.9384007300458641
0.9440361698379767
0.9378301669425143
0.9439092950418566
0.945409297984234
0.9368274277942054
0.9490722673063413
0.9463539818252581
0.9392031868033507
0.9368903108739333
0.9346730111725143
0.9313353663732777
0.9448880429615615
0.9318396514404591
0.9465826863183218
0.9490505792970819
0.944656855353655
0.9464893606141583
0.9405572607617132
0.9478854144310378
0.927862061023625
0.9413115167002502
0.9436012496494526
0.9250087326946443
0.9407363369106926
0.9487819511522647
0.946232530413536
0.9443441578783783
0.951871938610841
0.9401393843959356
0.9417851410740268
0.9433979676289656
0.9348424042043113
0.940342607244711
0.9481356545400657
0.9411027684497499
0.9455231133301125
0.9340725014441073