0.00427670
0.00434373
0.00451835
0.00416452
0.00450427
0.00389109
0.00394870
0.00462527
0.00429191
0.00421594
0.00392910
0.00453072
0.00472768
0.00449077
0.00416597
0.00384947
0.00476012
0.00485993
0.00441444
0.00478578
0.00432166
0.00425583
0.00383261
0.00477808
0.00429950
0.00398670
0.00414921
0.00435792
0.00395727
0.00426321
0.00455123
0.00387849
0.00409805
0.00473072
0.00466799
0.00460654
0.00438646
0.00427312
0.00466176
0.00415338
0.00380877
0.00391166
0.00442370
0.00481946
0.00457485
0.00431662
0.00394741
0.00579282
0.00418167
0.00433104
0.00366246
0.00398061
0.00467995
0.00419748
0.00402002
0.00422100
0.00434576
0.00453541
0.00426306
0.00412746
0.00425057
0.00543719
0.00488518
0.00392261
0.00454889
0.00445274
0.00452381
0.00404496
0.00429165
0.00469416
0.00421887
0.00380002
0.00382280
0.00476338
0.00507333
0.00421830
0.00516429
0.00375976
0.00413903
0.00399406
0.00416245
0.00415184
0.00425690
0.00415668
0.00489621
0.00429312
0.00398957
0.00416690
0.00395339
0.00442228
0.00388367
0.00446248
0.00435453
0.00432509
0.00446183
0.00440618
0.00394812
0.00450831
0.00413849
0.00448639
0.00396328
0.00391080
0.00590747
0.00407603
0.00421204
0.00439584
0.00437823
0.00399923
0.00479022
0.00575921
0.00464149
0.00441021
0.00439129
0.00391661
0.00420095
0.00421093
0.00415907
0.00430649
0.00470973
0.00588883
0.00422579
0.00375050
0.00381880
0.00387792
0.00414219
0.00422991
0.00437912
0.00415526
0.00438302
0.00387504
0.00428893
0.00406885
0.00506277
0.00414275
0.00384687
0.00477561
0.00433077
0.00478310
0.00406549
0.00415662
0.00457647
0.00422213
0.00402669
0.00502008
0.00447210
0.00505722
0.00454008
0.00416531
0.00426165
0.00402543
0.00410425
0.00395491
0.00435392
0.00481348
0.00445457
0.00440557
0.00463623
0.00374032
0.00489938
0.00501504
0.00427459
0.00429331
0.00449301
0.00396691
0.00461207
0.00437652
0.00408454
0.00500239
0.00464044
0.00425033
0.00493197
0.00479756
0.00403786
0.00416629
0.00467976
0.00403441
0.00489526
0.00385163
0.00449147
0.00378713
0.00464567
0.00458906
0.00414865
0.00460803
0.00445773
0.00429666
0.00396708
0.00396114
0.00412823
0.00401740
0.00391491
0.00414293
0.00392383
0.00395426
0.00411379
0.00412856
0.00427095
0.00451787
0.00443232
0.00445329
0.00441823
0.00413930
0.00494475
0.00445752
0.00384433
0.00488647
0.00381124
0.00407130
0.00396572
0.00371853
0.00413093
0.00521868
0.00482866
0.00413277
0.00464647
0.00441854
0.00494605
0.00415363
0.00427871
0.00441987
0.00428739
0.00403889
0.00458352
0.00425855
0.00422548
0.00420942
0.00481640
0.00376630
0.00414864
0.00445863
0.00384070
0.00449673
0.00389726
0.00441753
0.00462405
0.00466507
0.00388701
0.00430971
0.00443763
0.00414968
0.00412378
0.00414842
0.00409746
0.00449671
0.00422179
0.00467564
0.00412127
0.00437301
0.00439836
0.00379442
0.00405544
0.00392114
0.00524690
0.00401866
0.00417891
0.00459013
0.00406437
0.00486852
0.00440787
0.00462072
0.00600270
0.00529659
0.00386857
0.00382856
0.00392500
0.00427044
0.00489894
0.00520204
0.00421383
0.00444144
0.00450636
0.00453550
0.00436534
0.00439836
0.00401956
0.00410132
0.00417141
0.00448592
0.00492473
0.00492140
0.00422189
0.00424664
0.00433436
0.00411766
0.00504580
0.00469145
0.00395088
0.00438969
0.00450773
0.00508890
0.00433793
0.00354504
0.00405091
0.00412105
0.00399913
0.00421099
0.00474357
0.00449819
0.00419518
0.00441804
0.00449713
0.00483735
0.00421376
0.00407779
0.00414196
0.00388984
0.00409308
0.00449050
0.00374733
0.00434678
0.00381366
0.00396391
0.00435207
0.00433183
0.00437761
0.00439411
0.00419318
0.00360196
0.00489187
0.00435450
0.00430769
0.00408160
0.00422810
0.00424286
0.00453154
0.00444768
0.00419700
0.00389395
0.00385650
0.00407505
0.00421947
0.00436173
0.00434023
0.00429573
0.00460606
0.00386301
0.00431112
0.00428636
0.00413493
0.00374129
0.00427308
0.00438461
0.00479089
0.00419317
0.00496952
0.00475722
0.00461183
0.00454126
0.00382602
0.00452967
0.00406513
0.00390079
0.00493039
0.00387891
0.00400451
0.00568393
0.00382983
0.00404751
0.00437244
0.00405468
0.00466918
0.00403451
0.00393263
0.00476968
0.00385015
0.00439914
0.00440099
0.00408400
0.00423891
0.00456372
0.00426148
0.00375161
0.00408747
0.00474851
0.00460748
0.00400795
0.00458728
0.00418365
0.00441982
0.00401558
0.00436784
0.00464315
0.00397234
0.00388989
0.00482696
0.00447923
0.00432366
0.00385308
0.00418757
0.00460304
0.00444648
0.00396174
0.00396991
0.00416936
0.00460037
0.00452813
0.00423630
0.00432340
0.00446644
0.00430352
0.00404676
0.00429995
0.00457534
0.00420921
0.00436727
0.00454448
0.00443216
0.00372172
0.00471482
0.00443790
0.00414208
0.00430812
0.00461560
0.00446786
0.00425990
0.00499321
0.00542338
0.00405842
0.00482477
0.00447136
0.00434694
0.00548510
0.00397492
0.00450911
0.00388929
0.00402192
0.00422464
0.00387685
0.00416120
0.00413883
0.00529693
0.00451979
0.00431448
0.00472638
0.00412667
0.00392688
0.00417927
0.00389570
0.00383391
0.00400074
0.00431168
0.00437734
0.00437544
0.00448046
0.00399065
0.00449925
0.00437998
0.00502767
0.00410759
0.00412706
0.00411182
0.00412976
0.00389521
0.00403877
0.00399181
0.00451320
0.00381938
0.00495970
0.00402705
0.00441861
0.00378627
0.00398492
0.00426726
0.00419291
0.00415974
0.00451280
0.00435461
0.00419712
0.00463073
0.00396005
0.00425210
0.00449264
0.00459517
0.00421174
0.00397499
0.00397998
0.00384874
0.00413148
0.00400780
0.00419989
0.00441402
0.00393737
0.00430198
0.00454900
0.00394533
0.00465341
0.00376668
0.00427143
0.00447517
0.00455121
0.00459864
0.00438480
0.00400314
0.00405543
0.00408835
0.00398558
0.00437330
0.00431660
0.00398289
0.00387272