0.01536402
0.02736316
0.04547171
0.01800226
0.02123061
0.02035670
0.01912887
0.01642508
0.01890988
0.02552784
0.01987479
0.02627837
0.02061771
0.02240217
0.01841194
0.02423109
0.02717982
0.01846504
0.01938859
0.01578532
0.01450746
0.02067811
0.01795390
0.01859811
0.01734980
0.01422779
0.02714253
0.01585967
0.02472700
0.01616227
0.02703667
0.02461163
0.01556318
0.01866006
0.02796742
0.02382081
0.01676016
0.01608014
0.01757192
0.01782279
0.01732335
0.01725670
0.02082151
0.01689879
0.02263560
0.01885666
0.01724068
0.01814958
0.02068590
0.02138665
0.02095301
0.02366604
0.02149888
0.01511706
0.02487049
0.01555359
0.03482441
0.01855663
0.01845356
0.01785479
0.01617615
0.02048764
0.03322889
0.01898852
0.01713968
0.01634035
0.02117055
0.01880606
0.02285912
0.02108839
0.01770021
0.01622023
0.01733710
0.01932353
0.02095566
0.02131644
0.02004982
0.01708202
0.01961199
0.01610977
0.02092568
0.01808277
0.01645229
0.02026502
0.01564973
0.01869588
0.01634099
0.01931740
0.01888612
0.01615680
0.02437578
0.01598622
0.01998470
0.01926116
0.02204594
0.01736232
0.01589833
0.01869763
0.02126968
0.01824884
0.02226865
0.01644184
0.01815200
0.02494072
0.01483467
0.02229066
0.02151970
0.01944919
0.01884160
0.01765735
0.03450084
0.01882921
0.02731693
0.02044241
0.01526459
0.01964030
0.02128129
0.01813715
0.02247678
0.01920866
0.01725848
0.02842194
0.01803140
0.01726782
0.03151962
0.02097501
0.01691792
0.01917171
0.01945607
0.01824088
0.02656284
0.01878198
0.02429955
0.01902433
0.02087124
0.01678890
0.02027432
0.03213381
0.02232872
0.01853903
0.02054339
0.02209780
0.02460295
0.01974136
0.02139559
0.01459802
0.02499899
0.01740182
0.02018412
0.01898159
0.02056727
0.01753243
0.01343903
0.02918581
0.01558492
0.01784938
0.01856178
0.02156133
0.01569960
0.01912461
0.02225240
0.02124522
0.02247715
0.01903554
0.01482263
0.01664962
0.01984749
0.01914668
0.01780315
0.02470680
0.02814419
0.02016530
0.01621462
0.01751753
0.02155418
0.01719370
0.01482908
0.01814208
0.02823997
0.01870139
0.01829526
0.02656998
0.01552272
0.02495455
0.02175135
0.02525511
0.02179672
0.01910631
0.01797458
0.02091519
0.01756931
0.02032690
0.01523190
0.01713553
0.02992420
0.02770996
0.02372600
0.01991624
0.02306279
0.02201940
0.01992811
0.01716289
0.01793982
0.01989906
0.01842532
0.02198931
0.01872681
0.02047734
0.01667984
0.01954691
0.02496277
0.01766795
0.01920198
0.01792012
0.01768594
0.02521898
0.02399655
0.01676850
0.02274341
0.01625751
0.02088225
0.01517277
0.01761298
0.01897038
0.01645047
0.02850342
0.02291467
0.02024989
0.04170746
0.01881053
0.01775315
0.02127140
0.01675968
0.02338341
0.02235935
0.02553467
0.01767947
0.01682181
0.01811707
0.03120314
0.02533577
0.02064186
0.01839405
0.01487542
0.01930089
0.01741547
0.02096143
0.01741475
0.02059942
0.01786031
0.01595273
0.01761896
0.01834027
0.01955632
0.01746727
0.02609060
0.02396761
0.01708082
0.02066577
0.02312500
0.02165756
0.01690979
0.03784488
0.01764129
0.01975223
0.02639240
0.02640342
0.02087165
0.01660234
0.02770661
0.02043439
0.02387895
0.01731115
0.01981711
0.02155305
0.02124980
0.01793872
0.02083182
0.01666598
0.01678513
0.01850283
0.01809869
0.01706070
0.01738347
0.02077262
0.01529906
0.01971261
0.01687340
0.01972630
0.01971050
0.01888542
0.02205732
0.02505780
0.01696372
0.02230681
0.02124556
0.02471397
0.02022119
0.01759238
0.02303246
0.01840222
0.01751168
0.02208485
0.02886430
0.02178935
0.02125006
0.02173009
0.02143136
0.02053239
0.01662072
0.02780130
0.01599087
0.01456524
0.02207588
0.02280050
0.01552106
0.02477211
0.01658270
0.01555161
0.01710287
0.01690440
0.01847235
0.02404435
0.01672692
0.02070653
0.01724220
0.01978273
0.02577811
0.01926178
0.01764288
0.01581689
0.03867966
0.01542690
0.01810897
0.01729338
0.01627094
0.02344582
0.01752089
0.01684518
0.01691094
0.02467613
0.01806715
0.02104174
0.01622016
0.01783380
0.01976734
0.01809980
0.01766305
0.02374140
0.01890853
0.01602108
0.02161223
0.01683301
0.02096825
0.01891055
0.01959870
0.01816626
0.01437305
0.02165240
0.02973746
0.02108612
0.02187894
0.01851224
0.03113155
0.01757620
0.02171523
0.01416728
0.02123306
0.02989154
0.03325370
0.02394061
0.01756688
0.02320809
0.02157655
0.02023938
0.02280237
0.01892476
0.01955349
0.02073491
0.02285879
0.03037119
0.02036603
0.02451967
0.02319373
0.01566952
0.02162609
0.01682363
0.01503569
0.02941072
0.01922663
0.01617656
0.01961348
0.01692128
0.02013155
0.01603467
0.02011442
0.02016713
0.03503888
0.02762361
0.01572180
0.01781461
0.02120635
0.01865743
0.02290276
0.01970132
0.01556586
0.02365704
0.01894599
0.02028405
0.01905584
0.02069917
0.01642481
0.01908826
0.01925596
0.02336164
0.01960233
0.01800017
0.01948941
0.01751882
0.01919663
0.01983681
0.01898560
0.02017311
0.01818420
0.01941071
0.02380887
0.03523495
0.02261648
0.01509704
0.01828724
0.02081590
0.02123563
0.02076976
0.01837854
0.01555177
0.01594630
0.02755381
0.01810530
0.01887134
0.01705431
0.01828547
0.01838012
0.01675742
0.01509921
0.02340323
0.01953621
0.02732266
0.01863287
0.02887236
0.01917396
0.01761496
0.01613376
0.01946010
0.01865111
0.01583015
0.01748975
0.01963753
0.01722802
0.01920630
0.01695913
0.01546942
0.01959757
0.01682247
0.02334745
0.02047483
0.01977163
0.02058406
0.02033077
0.01716711
0.01613085
0.01860455
0.01445335
0.02482722
0.01967143
0.01419983
0.01729455
0.01497965
0.01829048
0.01666969
0.01730003
0.01790561
0.02066898
0.01926279
0.02159259
0.02178601
0.02381461
0.01992056
0.02253277
0.01635643
0.01657413
0.01890271
0.02097437
0.01747952
0.01621782
0.01943056
0.02444257
0.01586421
0.02246424
0.02355174
0.02750616