0.01187500
0.01254094
0.01118808
0.01138897
0.01719802
0.01148824
0.01199179
0.01116633
0.01172170
0.01326158
0.01419085
0.01131851
0.02601046
0.01268091
0.01249873
0.01174580
0.01427346
0.01321490
0.01419923
0.01229744
0.01253264
0.01336144
0.01534628
0.01222203
0.01365440
0.01844401
0.01217638
0.01752553
0.01268064
0.01216068
0.01561344
0.01145531
0.01516526
0.01589515
0.01284253
0.01193324
0.01090269
0.01325590
0.01245222
0.01192086
0.01222260
0.01255912
0.01245299
0.01177134
0.01180253
0.01288036
0.01207945
0.01195099
0.01271702
0.01182722
0.01278536
0.01282463
0.01305026
0.01164294
0.01285679
0.01277600
0.01193873
0.01200677
0.01160550
0.01616052
0.01531395
0.01428603
0.01273062
0.01279676
0.01228138
0.01169966
0.01206132
0.01228794
0.01123295
0.01047271
0.01159631
0.01234702
0.01229941
0.01456148
0.01349237
0.01252919
0.01291127
0.01158146
0.01251738
0.01508341
0.01162527
0.01338079
0.01096890
0.01358612
0.01394586
0.01264733
0.01251843
0.01238910
0.01222097
0.01249966
0.01280063
0.01236304
0.01407922
0.01242467
0.01285521
0.01227519
0.01236199
0.01088969
0.01505874
0.01198817
0.01176760
0.01145048
0.01148484
0.01157518
0.01285018
0.01312042
0.01195443
0.01081088
0.01297798
0.01759043
0.01124371
0.01256837
0.01228399
0.01607737
0.01149315
0.01165670
0.01158179
0.01206288
0.01160606
0.01382216
0.01354438
0.01242993
0.01214160
0.01359681
0.01183311
0.01402977
0.01100195
0.01171223
0.01268708
0.01349448
0.01125013
0.01287490
0.01263162
0.01259377
0.01919084
0.01257957
0.01345975
0.01605076
0.01136020
0.01164153
0.01314737
0.01161350
0.01309285
0.01345396
0.01110966
0.01412360
0.01197790
0.01375562
0.01244333
0.01221268
0.01486080
0.01072921
0.01350727
0.01913476
0.01157981
0.01143240
0.01056670
0.01203732
0.01114708
0.01243754
0.01155437
0.01288053
0.01115721
0.01304973
0.01593116
0.01530056
0.01506839
0.01207470
0.01274603
0.01291031
0.01213275
0.01131286
0.01071086
0.01313686
0.01003323
0.01104859
0.01317827
0.01285111
0.01309176
0.01332452
0.01349555
0.01229965
0.01350519
0.01236691
0.01375322
0.01312107
0.01258588
0.01190963
0.01765434
0.01576702
0.01306744
0.01222761
0.01250572
0.01188981
0.01581866
0.01255623
0.01338827
0.01221155
0.01794412
0.01105493
0.01340373
0.01531480
0.01215025
0.01175438
0.01298082
0.01232139
0.01266069
0.01311772
0.01213838
0.01144950
0.01428922
0.01238609
0.01240248
0.01313601
0.01318054
0.01159703
0.01433921
0.01397867
0.01111850
0.01150825
0.01250872
0.01304333
0.01113671
0.01279350
0.01148810
0.01518123
0.01654028
0.01243918
0.01156738
0.01343070
0.01140902
0.01912595
0.01366260
0.01130635
0.01301672
0.01244269
0.01503515
0.01251617
0.01402753
0.01276488
0.01280819
0.01133766
0.01123421
0.01659774
0.01915346
0.01283968
0.01242125
0.01215475
0.01274884
0.01296770
0.01230034
0.01445273
0.01326259
0.01231014
0.01255587
0.01297538
0.01243437
0.01153200
0.01476806
0.01107827
0.01237257
0.01204528
0.01428282
0.01322456
0.01122987
0.01254135
0.01163957
0.01158548
0.01286142
0.01343535
0.01348951
0.01144772
0.01181377
0.01386448
0.01070342
0.01558459
0.01582009
0.01242377
0.01053346
0.01090772
0.01308841
0.01149168
0.01284782
0.01593468
0.01225216
0.01749569
0.01470664
0.01546317
0.01271374
0.01249977
0.01317009
0.01224968
0.01271004
0.01175343
0.01221806
0.01262107
0.01314767
0.01205293
0.01163953
0.01330225
0.01031639
0.01191086
0.01247434
0.01324051
0.01380544
0.01607341
0.01252799
0.01337445
0.02141558
0.01551578
0.01300081
0.01343431
0.01548154
0.01079921
0.01303910
0.01315296
0.01110207
0.01216659
0.01876519
0.01141758
0.01129584
0.01152290
0.01163516
0.01345117
0.01212660
0.01216452
0.01275307
0.01213081
0.01350453
0.01431282
0.01069566
0.01185039
0.01279342
0.01291922
0.01152596
0.01235466
0.01291667
0.01259348
0.01547410
0.01238837
0.01283245
0.01189144
0.01119948
0.01200964
0.01159112
0.01264921
0.01333426
0.01158630
0.01669658
0.01155010
0.01297786
0.01635067
0.01252884
0.01203883
0.01257897
0.01601906
0.01330799
0.01191704
0.01335473
0.01235582
0.01245751
0.01060203
0.01189660
0.01287417
0.01193952
0.01196270
0.01481548
0.01334413
0.01312513
0.01417049
0.01687086
0.01167104
0.01248846
0.01215918
0.01238895
0.01266545
0.01217229
0.01302398
0.01430415
0.01526979
0.01440865
0.01478222
0.01178935
0.01601115
0.01350634
0.01134806
0.01226632
0.01653881
0.01194443
0.01548256
0.01285896
0.01101498
0.01310659
0.01108125
0.01280567
0.01251267
0.01288913
0.01203963
0.01357899
0.01337758
0.01537521
0.01221000
0.01138981
0.02224951
0.01183397
0.01524954
0.01185056
0.01245863
0.01160222
0.01279165
0.01221802
0.01343232
0.01525890
0.01297917
0.01199081
0.01611043
0.01193653
0.01363801
0.01389007
0.01481437
0.01548174
0.01330260
0.01223389
0.01338408
0.01205929
0.01359910
0.01719439
0.01170506
0.01692444
0.01249801
0.01362168
0.01347908
0.01140143
0.01158592
0.01364463
0.01361913
0.02409635
0.01168244
0.01275844
0.01178489
0.01224050
0.01251486
0.01198844
0.01104756
0.01147883
0.01438209
0.01290970
0.01328019
0.01191544
0.01141699
0.01160647
0.01177150
0.01455480
0.01352253
0.01249639
0.01334381
0.01217219
0.01258997
0.01379422
0.01471885
0.01237199
0.01262357
0.01342771
0.01103793
0.02615143
0.01294793
0.01241356
0.01192811
0.01385900
0.01348990
0.01479884
0.02334185
0.01261612
0.01039395
0.01156655
0.01492968
0.01516612
0.01118835
0.01379231
0.01286188
0.01337412
0.01200087
0.01197616
0.01360715
0.01399883
0.01169862
0.01212952
0.01259778
0.01654767
0.01310236
0.01266296
0.01233110
0.01346449
0.01317799
0.01361059
0.01405481
0.01443435
0.01227993
0.01297341
0.01261266