0.01481201
0.01823576
0.01491454
0.01551439
0.01539880
0.01520726
0.01492512
0.01474024
0.01555014
0.01560159
0.01619469
0.01426624
0.01511977
0.01524141
0.01463531
0.01549095
0.01374375
0.01508726
0.01523375
0.01438995
0.01414298
0.01670553
0.01504155
0.01510480
0.01582868
0.01495065
0.01458216
0.01468008
0.01597254
0.01536620
0.02151546
0.01575466
0.01765601
0.01563812
0.01559716
0.01563118
0.01582819
0.01511320
0.01569344
0.01716104
0.01546573
0.01630776
0.01504332
0.01473525
0.01483431
0.01501316
0.01545254
0.01462247
0.01529934
0.01644449
0.01604628
0.01503747
0.01532894
0.01496959
0.01421305
0.01426145
0.01530560
0.01551375
0.01512237
0.01402671
0.01564522
0.01570494
0.01518309
0.01566972
0.01550805
0.01610252
0.01636127
0.01484301
0.01528147
0.01585725
0.01793069
0.01601278
0.01576399
0.01639973
0.01553341
0.01448821
0.01736304
0.01532015
0.01456278
0.01522161
0.01488940
0.01459765
0.01554868
0.01509039
0.01555029
0.01708356
0.01545811
0.01507483
0.01650375
0.01572871
0.01651566
0.01604576
0.01631896
0.01436366
0.01496564
0.01506549
0.01494369
0.01509635
0.01540804
0.01665509
0.01462540
0.01545326
0.01543895
0.01512385
0.01555190
0.01444381
0.01508405
0.01507557
0.01541106
0.01516308
0.01539251
0.01545203
0.01556807
0.01611582
0.01580229
0.01466469
0.01659301
0.01534801
0.01563704
0.01557255
0.01644992
0.01589716
0.01628143
0.01519527
0.01553961
0.01627843
0.01490884
0.01406336
0.01428200
0.01487087
0.01491519
0.01657891
0.01553045
0.01522798
0.01586349
0.01584559
0.01593893
0.01557500
0.01529530
0.01624663
0.01482729
0.01502968
0.01451269
0.01529355
0.01498734
0.01681452
0.01543269
0.01619165
0.01595234
0.01475136
0.01521928
0.01509183
0.01520751
0.01488166
0.01559385
0.01452532
0.01662227
0.01675689
0.01607114
0.01546450
0.01621710
0.01605211
0.01602997
0.01479093
0.01603416
0.01535041
0.01452877
0.01641965
0.01459834
0.01584183
0.01581395
0.01530079
0.01521023
0.01809642
0.01466961
0.01474021
0.01639656
0.01669179
0.01531853
0.01605911
0.01521950
0.01489075
0.01704892
0.01501437
0.01475961
0.01519653
0.01488486
0.01510816
0.01741771
0.01493769
0.01444467
0.01467118
0.01514513
0.01471160
0.01531667
0.01528083
0.01499012
0.01556274
0.01498901
0.01626517
0.01572569
0.01386346
0.01520844
0.01422394
0.01689405
0.01530312
0.01480036
0.01437081
0.01511293
0.01640756
0.01569390
0.01448227
0.01596628
0.01453624
0.01509866
0.01591631
0.01428177
0.01462430
0.01623164
0.01588746
0.01715465
0.01740613
0.01609523
0.01577476
0.01531991
0.01462638
0.01625681
0.03210527
0.01449871
0.01510744
0.01503162
0.01680396
0.01542126
0.01520230
0.01430390
0.01461796
0.01537520
0.01584187
0.01444965
0.01540266
0.01657384
0.01516941
0.01394893
0.01861603
0.01569561
0.01497172
0.01541348
0.01517469
0.01496143
0.01526339
0.01494608
0.01465869
0.01486209
0.01449664
0.01657256
0.01588422
0.01540108
0.01427772
0.01559480
0.01582185
0.01644960
0.01491323
0.01700911
0.01593229
0.01547636
0.01541712
0.01660733
0.01591438
0.01609793
0.01547108
0.01660536
0.01457969
0.01448429
0.01548212
0.01536867
0.01462688
0.01704836
0.01491353
0.01572253
0.01535765
0.01505623
0.01500803
0.01547177
0.01427076
0.01447933
0.01534572
0.01499823
0.01602002
0.01422928
0.01547311
0.01495469
0.01540454
0.01447983
0.01501927
0.01561803
0.01695740
0.01602122
0.01437770
0.01488649
0.01403265
0.01621495
0.01487925
0.01493114
0.01406544
0.01491472
0.01478649
0.01476167
0.01528689
0.01558823
0.01506321
0.01612662
0.01667192
0.01505524
0.01429164
0.01573006
0.01407154
0.01527970
0.01630924
0.01548315
0.01558559
0.01519323
0.01515388
0.01454375
0.01557360
0.01471775
0.01579087
0.01521534
0.01493135
0.01711598
0.01639192
0.01519567
0.01571553
0.01751886
0.01584970
0.01532340
0.01410858
0.01494044
0.01802992
0.01468874
0.01649802
0.01710842
0.01467680
0.01641625
0.01586654
0.01558390
0.01529807
0.01440412
0.01417772
0.01635147
0.01470970
0.01696302
0.01604786
0.01620784
0.01522114
0.01547270
0.01548481
0.01577946
0.01704587
0.01530609
0.01568299
0.01470283
0.01543942
0.01458333
0.01605796
0.01469288
0.01466279
0.01750820
0.01496102
0.01693025
0.01418343
0.01482983
0.01469075
0.01514356
0.01603271
0.01696534
0.01562074
0.01616055
0.01518060
0.01520499
0.01592781
0.01452688
0.01562360
0.01539329
0.01621254
0.01688910
0.01639235
0.01471102
0.01561103
0.01513014
0.01487445
0.01539518
0.01504649
0.01489242
0.01435970
0.01465654
0.01499022
0.01600158
0.01534329
0.01575765
0.01507264
0.01507371
0.01529283
0.01735168
0.01728591
0.01678342
0.01532750
0.01585382
0.01424270
0.01472945
0.01551808
0.01768195
0.01697954
0.01520144
0.01741459
0.01680614
0.01547615
0.01493880
0.01466609
0.01530903
0.01663511
0.01565820
0.01546632
0.01433458
0.01616615
0.01468016
0.01617527
0.01573308
0.01552940
0.01449345
0.01426154
0.01538220
0.01477134
0.01477631
0.01527825
0.01605444
0.01692164
0.01581297
0.01544320
0.01493051
0.01534659
0.01506008
0.01478500
0.01744989
0.01534859
0.01802283
0.01481013
0.01587497
0.01567262
0.01697069
0.01477150
0.01521735
0.01486225
0.01552847
0.01458080
0.01486419
0.01629179
0.01460137
0.01605480
0.01543724
0.01490616
0.01515786
0.01607344
0.01428082
0.01671501
0.01441911
0.01518964
0.01458046
0.01576442
0.01561056
0.01524656
0.01577813
0.01522250
0.01659079
0.01536861
0.01434185
0.01527600
0.01492125
0.01716604
0.01590230
0.01448509
0.01497525
0.01584417
0.01673553
0.01515306
0.01500711
0.01427024
0.01477499
0.01469332
0.01503316
0.01710654
0.01656662
0.01511648
0.01703077
0.01572470
0.01556676
0.01414879
0.01413339
0.01488298
0.01453965
0.01539312