0.00444427
0.00396661
0.00456505
0.00419938
0.00392367
0.00384189
0.00380282
0.00400299
0.00421067
0.00377388
0.00425593
0.00415250
0.00402556
0.00455423
0.00427564
0.00397272
0.00409033
0.00369333
0.00399505
0.00408623
0.00391691
0.00407157
0.00362162
0.00398707
0.00389835
0.00426310
0.00484915
0.00448759
0.00416696
0.00435951
0.00402979
0.00380379
0.00506590
0.00395039
0.00403886
0.00415325
0.00394429
0.00380829
0.00446544
0.00452421
0.00422613
0.00418196
0.00382374
0.00466646
0.00378754
0.00369379
0.00450350
0.00402356
0.00404788
0.00468349
0.00441941
0.00382001
0.00401376
0.00408996
0.00389093
0.00417970
0.00422318
0.00395378
0.00453313
0.00428430
0.00371893
0.00397904
0.00381242
0.00426318
0.00379872
0.00431794
0.00371693
0.00408079
0.00442826
0.00444341
0.00384731
0.00373091
0.00425302
0.00435159
0.00406829
0.00419434
0.00428553
0.00416243
0.00394637
0.00405302
0.00444894
0.00389972
0.00440142
0.00405083
0.00408118
0.00390516
0.00388846
0.00399975
0.00404801
0.00402679
0.00491134
0.00423066
0.00377729
0.00387232
0.00430600
0.00451202
0.00424339
0.00411912
0.00438960
0.00400589
0.00448723
0.00455052
0.00389477
0.00381253
0.00420864
0.00416326
0.00443270
0.00441583
0.00468669
0.00408428
0.00467174
0.00406671
0.00388093
0.00357397
0.00401937
0.00371255
0.00378313
0.00378454
0.00376653
0.00390390
0.00431267
0.00404673
0.00427254
0.00422044
0.00449752
0.00394052
0.00415668
0.00415990
0.00430347
0.00395305
0.00385575
0.00434208
0.00363065
0.00402560
0.00464220
0.00384505
0.00497445
0.00415196
0.00451386
0.00458007
0.00435308
0.00380775
0.00422291
0.00400967
0.00392577
0.00439211
0.00389433
0.00471663
0.00371225
0.00394477
0.00430449
0.00424029
0.00416579
0.00382123
0.00470208
0.00348982
0.00414651
0.00411764
0.00403901
0.00399624
0.00447115
0.00382617
0.00459051
0.00425798
0.00399420
0.00448768
0.00450067
0.00400666
0.00410178
0.00540347
0.00407885
0.00442821
0.00411930
0.00364216
0.00396185
0.00425010
0.00402908
0.00380333
0.00422301
0.00431560
0.00412819
0.00391988
0.00424647
0.00423793
0.00378262
0.00395425
0.00421940
0.00431944
0.00393674
0.00391695
0.00384029
0.00448493
0.00467440
0.00428272
0.00408783
0.00373280
0.00517940
0.00420175
0.00406764
0.00494013
0.00384960
0.00425827
0.00459414
0.00403909
0.00454133
0.00380404
0.00386963
0.00411307
0.00409635
0.00373220
0.00399206
0.00407271
0.00418510
0.00430578
0.00474726
0.00369930
0.00440360
0.00393744
0.00514604
0.00442287
0.00379473
0.00374204
0.00406959
0.00417085
0.00393877
0.00374035
0.00432640
0.00442044
0.00367858
0.00511014
0.00484259
0.00380679
0.00404072
0.00372762
0.00406252
0.00418312
0.00363832
0.00428329
0.00391150
0.00399279
0.00408596
0.00424263
0.00405815
0.00427767
0.00397161
0.00413785
0.00408785
0.00396666
0.00405485
0.00448092
0.00405687
0.00401981
0.00434908
0.00410079
0.00370017
0.00393093
0.00384554
0.00397025
0.00400003
0.00419636
0.00409093
0.00405666
0.00414038
0.00443974
0.00418356
0.00413331
0.00404443
0.00389465
0.00419020
0.00442907
0.00387534
0.00362181
0.00405688
0.00420820
0.00404999
0.00422218
0.00405387
0.00402216
0.00436709
0.00443554
0.00414676
0.00464895
0.00379789
0.00498042
0.00481492
0.00424926
0.00378846
0.00430238
0.00427346
0.00407393
0.00401530
0.00447622
0.00444642
0.00399713
0.00417307
0.00375859
0.00413057
0.00418785
0.00393888
0.00373249
0.00416762
0.00441728
0.00367059
0.00445614
0.00382764
0.00437761
0.00414027
0.00415566
0.00427247
0.00396299
0.00458480
0.00481200
0.00462148
0.00405137
0.00470183
0.00489929
0.00420448
0.00389685
0.00448563
0.00399318
0.00400458
0.00392571
0.00483260
0.00439100
0.00395698
0.00558551
0.00437031
0.00369069
0.00400846
0.00500102
0.00393693
0.00427841
0.00388349
0.00366299
0.00402600
0.00464542
0.00387262
0.00385951
0.00424315
0.00412364
0.00442287
0.00431206
0.00403814
0.00435638
0.00396987
0.00407708
0.00447813
0.00456449
0.00392365
0.00419242
0.00395194
0.00446136
0.00439105
0.00427308
0.00410878
0.00387811
0.00416942
0.00468033
0.00418630
0.00528939
0.00410331
0.00382046
0.00425279
0.00426418
0.00376974
0.00381232
0.00439406
0.00383745
0.00389013
0.00470127
0.00391022
0.00424351
0.00441902
0.00474300
0.00422141
0.00402305
0.00407071
0.00378801
0.00481086
0.00419062
0.00421646
0.00477010
0.00413257
0.00403753
0.00465986
0.00402098
0.00426652
0.00367905
0.00363099
0.00443186
0.00401482
0.00425391
0.00409058
0.00414315
0.00421906
0.00434124
0.00405688
0.00423781
0.00457039
0.00384365
0.00401185
0.00463709
0.00399301
0.00484288
0.00476556
0.00457337
0.00355928
0.00400951
0.00449410
0.00415492
0.00430051
0.00399886
0.00457126
0.00467140
0.00386299
0.00403946
0.00447122
0.00446320
0.00424371
0.00425726
0.00389103
0.00450645
0.00401018
0.00471225
0.00413802
0.00390953
0.00438391
0.00396035
0.00405771
0.00398511
0.00397194
0.00421512
0.00428615
0.00379947
0.00391076
0.00399689
0.00405193
0.00408148
0.00408517
0.00402723
0.00372557
0.00474438
0.00437832
0.00422310
0.00376537
0.00406961
0.00442508
0.00429368
0.00396979
0.00374202
0.00427545
0.00556059
0.00380223
0.00389012
0.00399556
0.00376715
0.00434193
0.00417697
0.00417130
0.00412819
0.00392031
0.00358343
0.00408004
0.00434889
0.00424887
0.00382200
0.00384818
0.00357230
0.00486640
0.00426757
0.00410503
0.00410165
0.00381101
0.00428359
0.00411776
0.00432041
0.00401152
0.00400271
0.00453590
0.00455735
0.00486425
0.00449564
0.00448992
0.00387223
0.00355892
0.00397343
0.00444969
0.00416121
0.00388395
0.00371539
0.00413582
0.00420414
0.00412489
0.00464497
0.00380768
0.00387784
0.00460426
0.00394375
0.00386658
0.00372058