0.02343681
0.02319398
0.02638350
0.02548368
0.02304965
0.01934080
0.02039094
0.02547768
0.02812323
0.01987851
0.02332749
0.02072579
0.03404702
0.02418652
0.02562811
0.02072451
0.02637940
0.02154896
0.01798875
0.02061582
0.02076567
0.02241210
0.02567490
0.02318161
0.03326831
0.01988151
0.02696383
0.02327902
0.01987642
0.01956929
0.02321346
0.02442585
0.02310361
0.02250024
0.02351516
0.02066957
0.01828565
0.02435946
0.02182230
0.01930845
0.01979041
0.01965107
0.02297024
0.02267347
0.02198336
0.02288061
0.02091435
0.02646285
0.02168505
0.02312500
0.02679514
0.02468962
0.01826278
0.02485785
0.02590864
0.01969051
0.02106168
0.02151417
0.02234502
0.02064424
0.02295726
0.01963845
0.02148103
0.02338948
0.02618833
0.02155571
0.02527415
0.02008734
0.02270538
0.02329846
0.02184336
0.02432321
0.02629633
0.02006911
0.02376688
0.02091267
0.02281755
0.02635118
0.01996701
0.02161803
0.02499730
0.02288967
0.03730958
0.02084832
0.02357012
0.02524647
0.02110679
0.02474978
0.02201997
0.02211488
0.02231800
0.02386585
0.02903199
0.02068459
0.01918368
0.02386346
0.02323181
0.01976205
0.03651862
0.02073902
0.02037472
0.02032149
0.02127243
0.02269263
0.02068138
0.02692842
0.03218082
0.03895147
0.01938246
0.02210795
0.02312594
0.01895263
0.01908821
0.02322228
0.02277596
0.02026362
0.02145101
0.02224059
0.02193372
0.02159978
0.02390858
0.01898034
0.01968966
0.01924031
0.02069397
0.02637049
0.01989248
0.02191781
0.02561609
0.02221662
0.02689423
0.02146769
0.01980716
0.02316830
0.01759293
0.02134384
0.02733659
0.02398189
0.02381452
0.02798463
0.02804650
0.02126551
0.02544181
0.02265224
0.02323227
0.02067245
0.02537584
0.01883651
0.02228327
0.02045999
0.01845887
0.02198929
0.02311851
0.02422117
0.01974990
0.02301202
0.02572973
0.02256802
0.02679309
0.01914774
0.02258672
0.02363269
0.02339299
0.02507922
0.02124031
0.02306338
0.02258310
0.02203997
0.02150691
0.02332562
0.02047337
0.02373315
0.02204950
0.03163161
0.02047237
0.02117535
0.02202401
0.02681092
0.02082527
0.02403452
0.02252990
0.02222906
0.02554964
0.02607651
0.02311640
0.02258698
0.02299657
0.02189212
0.02094325
0.02597622
0.02573732
0.02490260
0.02175689
0.02471851
0.02345021
0.02074862
0.02175147
0.02631147
0.02198641
0.02189489
0.02049615
0.02394220
0.01924139
0.01955146
0.02343042
0.02322978
0.02047629
0.02287020
0.02175062
0.02478345
0.02190655
0.02632346
0.02133238
0.01983514
0.01876188
0.02397566
0.02123818
0.02208051
0.01979439
0.02043451
0.02266874
0.02620334
0.02201795
0.02786690
0.02178551
0.02255002
0.02345049
0.02631853
0.02031601
0.02863566
0.01997197
0.02510346
0.02110545
0.01916620
0.02384631
0.02270765
0.02248708
0.02566045
0.02153980
0.02069916
0.02015794
0.01910476
0.02204690
0.02046297
0.02078347
0.02457766
0.02174519
0.02287919
0.02529978
0.02508109
0.02498093
0.02522163
0.02301156
0.02272968
0.01921957
0.02382153
0.02044365
0.02158985
0.02354789
0.02468615
0.02613692
0.02215324
0.02255188
0.02044207
0.03047180
0.02037445
0.03125987
0.02995518
0.01778597
0.02430916
0.01872961
0.02041540
0.02074577
0.02493387
0.02144794
0.02178818
0.02005773
0.02155173
0.02154375
0.01934948
0.03680544
0.02064945
0.02189185
0.01935471
0.01932919
0.02365966
0.02078011
0.02171496
0.01982276
0.02987823
0.02265046
0.02831128
0.02284756
0.02130008
0.02369842
0.02269597
0.02900551
0.02107613
0.02489284
0.01929821
0.02034127
0.02110690
0.02008804
0.02047830
0.02593611
0.02432796
0.02386557
0.02420233
0.02652021
0.02801735
0.02176348
0.02091472
0.02079424
0.02673898
0.02239751
0.02376990
0.01804371
0.02108957
0.02191860
0.02494142
0.02238404
0.02477040
0.02496468
0.04802351
0.02746401
0.02132917
0.02144597
0.02554118
0.02605958
0.03624294
0.02060992
0.03046255
0.02096519
0.02261281
0.02402451
0.02162368
0.02454039
0.02479564
0.02712070
0.01891760
0.01992781
0.02285850
0.02034114
0.02661112
0.01964162
0.02345032
0.01943012
0.01975234
0.02343929
0.02303209
0.01964780
0.01915874
0.02042047
0.02041348
0.02083025
0.02310778
0.02181702
0.01909452
0.02067646
0.02514154
0.02861467
0.02406544
0.02571625
0.02371405
0.02344458
0.02160533
0.02125191
0.02153940
0.02045533
0.02137116
0.01943196
0.02056905
0.02979034
0.02165304
0.02251773
0.01877326
0.02123121
0.02271268
0.02233866
0.02053305
0.01965665
0.02348307
0.01937519
0.02320758
0.02157979
0.01911969
0.02332859
0.02309017
0.02261559
0.03699112
0.02108205
0.02418587
0.02216249
0.02149563
0.02471390
0.02008430
0.02205272
0.02002848
0.02189980
0.01928041
0.02048083
0.02415892
0.02479543
0.02516707
0.02392547
0.02108244
0.02312656
0.01905808
0.02274189
0.02252554
0.02651924
0.02142897
0.02032024
0.01942901
0.01981933
0.02300564
0.02310432
0.02077020
0.02221903
0.02223261
0.02357571
0.02980443
0.02069828
0.01978837
0.01811476
0.02224464
0.02036079
0.02481524
0.02544471
0.02545694
0.03150952
0.02381266
0.02331535
0.02104593
0.02207909
0.02369173
0.02124897
0.02076094
0.03561525
0.02001250
0.02194563
0.02379677
0.01965859
0.02287021
0.02300225
0.02023088
0.02496607
0.02392331
0.02483594
0.02385467
0.02122915
0.02465580
0.02033393
0.02222105
0.02240974
0.02597089
0.02314549
0.02206331
0.02369113
0.02359704
0.01949183
0.02461508
0.02244414
0.01965297
0.01949465
0.02395432
0.02161609
0.02596900
0.02173169
0.02843910
0.02156796
0.02287863
0.02091631
0.02226595
0.02148682
0.02317587
0.02536572
0.02353457
0.02323376
0.02740371
0.01973138
0.01961029
0.02003200
0.02109399
0.02223598
0.02186929
0.02389113
0.02154445
0.02105965
0.02230455
0.02460491
0.03456799
0.02147851
0.02873828
0.02015899
0.02091937
0.02354265
0.02163498
0.03325397
0.01907523