0.02930742
0.02956961
0.02866259
0.03649530
0.03176762
0.03001603
0.03138275
0.03271577
0.03016352
0.03062595
0.02744493
0.03013289
0.02915806
0.03015942
0.03110637
0.02928258
0.02932825
0.03167106
0.03175973
0.02873802
0.02847312
0.02670204
0.03539365
0.02865400
0.03107997
0.03081247
0.03106560
0.02925576
0.03083580
0.03216255
0.03144823
0.02852454
0.02994028
0.03340251
0.02848679
0.03124466
0.03191621
0.03026136
0.03442955
0.02896047
0.02950295
0.02872499
0.03012134
0.03810018
0.03056333
0.03161937
0.03293305
0.02948515
0.02793278
0.03218545
0.03028843
0.02843955
0.02979210
0.03025581
0.02884353
0.02898040
0.02915249
0.02825363
0.03279932
0.03045603
0.03063206
0.03435258
0.03223973
0.03010246
0.02899120
0.03001025
0.03438483
0.03457137
0.03207180
0.03248697
0.03266229
0.03207932
0.02960342
0.03128558
0.03652417
0.03020110
0.03026379
0.02848452
0.02964800
0.03100363
0.03012832
0.02924802
0.03001848
0.02948887
0.02884546
0.03165160
0.03024625
0.02786046
0.02974123
0.03395113
0.02811116
0.02832273
0.03729802
0.02739384
0.02857342
0.03074332
0.02785402
0.03148709
0.03181774
0.02892035
0.03131792
0.03178099
0.02629709
0.02763089
0.02772391
0.03278494
0.03032993
0.02906516
0.03118324
0.03110736
0.03203455
0.02994201
0.03053116
0.02967053
0.03160560
0.03011135
0.02953305
0.02762776
0.03016261
0.03031361
0.02756025
0.02766656
0.02947140
0.02903291
0.02845553
0.03102849
0.03939249
0.02816657
0.02885502
0.03137623
0.02998113
0.02872707
0.03248168
0.02969924
0.02930419
0.02910355
0.02984636
0.02850076
0.02834542
0.03148404
0.02747886
0.02999432
0.02912382
0.02731812
0.02939653
0.03255515
0.03220981
0.03545419
0.03034088
0.03107291
0.03220857
0.03080821
0.02939924
0.03083974
0.03530843
0.03197377
0.03289598
0.03108098
0.03343830
0.02864065
0.02951784
0.02908540
0.03050578
0.04157644
0.03579175
0.03381498
0.02990768
0.02728893
0.03052322
0.03119057
0.03079408
0.03388801
0.03224774
0.02719437
0.03153709
0.03277013
0.02967804
0.02926789
0.03316285
0.02869932
0.02817827
0.03660676
0.03033124
0.02972286
0.03068286
0.03363055
0.02918018
0.03102613
0.03498088
0.02872108
0.03864319
0.03173147
0.03359193
0.03700526
0.02939917
0.03176724
0.02809398
0.03067711
0.02979748
0.03202703
0.03278161
0.03199160
0.02828887
0.02890476
0.03388834
0.03070388
0.02889916
0.02816910
0.03096922
0.02933456
0.03656956
0.02973256
0.02870724
0.03406849
0.03706913
0.03401400
0.03370100
0.03001926
0.03162908
0.02970083
0.02914566
0.03126589
0.02957573
0.03133465
0.03269868
0.03323486
0.03371779
0.03141583
0.02970352
0.02884175
0.02968133
0.02764302
0.02791022
0.03933369
0.03274946
0.03316712
0.03484221
0.03117191
0.03090335
0.02985179
0.02842880
0.03156196
0.03225358
0.02775735
0.03087004
0.02907206
0.03084033
0.03247284
0.03053355
0.03203353
0.03146534
0.02977468
0.03053727
0.02893516
0.03780161
0.03031277
0.03345096
0.02993368
0.02854623
0.02782241
0.02954499
0.03163331
0.03152638
0.03739760
0.02775076
0.03018375
0.02981303
0.03124899
0.03204208
0.02979485
0.02854418
0.03308753
0.03512076
0.02947790
0.02821962
0.02923678
0.02984435
0.02772095
0.02741324
0.03175127
0.02743193
0.03051522
0.02963054
0.03110594
0.03061898
0.03303755
0.03140365
0.03418740
0.02762679
0.03363045
0.04152069
0.02892640
0.03057570
0.02755577
0.03071534
0.03371064
0.03220667
0.02814717
0.03128414
0.02998941
0.03539881
0.03071940
0.02893507
0.03420613
0.02755102
0.02736231
0.03528142
0.03151735
0.03068879
0.02747409
0.03129579
0.03141554
0.02835128
0.03830906
0.02784455
0.03247126
0.02778628
0.02909549
0.03364969
0.03080120
0.03023802
0.03109903
0.02968900
0.03069299
0.02864181
0.02889193
0.03441753
0.04110278
0.03273761
0.03196827
0.03268488
0.03281541
0.02802563
0.03392450
0.03132960
0.02974770
0.03176295
0.02911281
0.03121137
0.03136101
0.03208129
0.02704147
0.02917175
0.02940292
0.03394366
0.02864508
0.03031009
0.02759681
0.03062574
0.03011150
0.03138991
0.02982125
0.03131150
0.02952658
0.02758207
0.03070402
0.03259052
0.03102910
0.02788027
0.02863097
0.02756905
0.02732931
0.02844592
0.02669057
0.03125935
0.03202138
0.03387273
0.02752900
0.03107227
0.02842581
0.03000337
0.03247092
0.03233278
0.03290529
0.03124567
0.03321436
0.02871184
0.03329291
0.03171218
0.03093853
0.02867638
0.02945523
0.02902760
0.03253769
0.03106904
0.03371838
0.02745034
0.03137774
0.02743162
0.02901545
0.02978811
0.03030608
0.03182246
0.02913601
0.03061286
0.03384157
0.03078858
0.03697429
0.02856462
0.03673831
0.02960517
0.02914821
0.03113095
0.03113516
0.03528726
0.03175013
0.02814400
0.02919498
0.02979566
0.03096696
0.03105491
0.03489886
0.04691326
0.03686385
0.02776957
0.04132765
0.02754241
0.02882381
0.03021338
0.03432376
0.02770462
0.03685540
0.02976158
0.03199754
0.03221320
0.02707683
0.03178532
0.02954134
0.02954044
0.03926451
0.04031198
0.03265302
0.03169969
0.02999658
0.02948670
0.03880745
0.02902797
0.02934001
0.02835837
0.02883705
0.02934160
0.02905990
0.02871904
0.03359799
0.02953947
0.02774574
0.02898669
0.03264608
0.02864807
0.02721583
0.03175577
0.03414339
0.03401909
0.03308786
0.03027184
0.03050024
0.02917793
0.02898783
0.03378410
0.02828771
0.03030440
0.03018672
0.03233203
0.02955220
0.02799008
0.02854673
0.04055880
0.03303811
0.02920534
0.03047202
0.03117096
0.02996975
0.02777963
0.02770820
0.02960159
0.02940520
0.02786641
0.03308005
0.03118369
0.02880975
0.02907964
0.02927607
0.03080135
0.02723574
0.03123352
0.03444523
0.03074759
0.03246237
0.02941623
0.03081564
0.02838697
0.02730673
0.02977347
0.03356762
0.03031520
0.03080705
0.03088156
0.03290294
0.03095238
0.02821365