0.02700059
0.02589026
0.02815110
0.02802604
0.02684800
0.02917959
0.03033755
0.02630144
0.02822537
0.02681183
0.02684709
0.02820565
0.02843175
0.02819694
0.03356442
0.02757620
0.02898786
0.02960221
0.03029041
0.02656928
0.03126796
0.02769832
0.02762855
0.03612463
0.02939275
0.02620808
0.02820526
0.03016465
0.02751175
0.02963511
0.02742284
0.02690138
0.02741420
0.02663912
0.02970383
0.03096624
0.02666502
0.03156238
0.02922320
0.02671960
0.02666547
0.02672290
0.02698986
0.02562029
0.03069364
0.02898477
0.02933279
0.02829129
0.02789768
0.02705529
0.02833758
0.02664601
0.02781974
0.02766798
0.02877166
0.02821761
0.03119787
0.02684967
0.02839761
0.02822676
0.02827862
0.02795993
0.02588245
0.02686800
0.03161659
0.02633716
0.02699656
0.03033337
0.02685167
0.02677515
0.02788063
0.02993036
0.02761078
0.03077477
0.02898572
0.02943142
0.02787290
0.02846018
0.02679864
0.02967752
0.02749591
0.02721662
0.02800248
0.02856133
0.02732529
0.02680050
0.02739657
0.02804426
0.02727463
0.02669232
0.02880628
0.02598666
0.02564975
0.02717098
0.02639433
0.02701758
0.02673998
0.03032825
0.02651429
0.02961331
0.02855372
0.02599090
0.02848473
0.02693170
0.02848104
0.02747669
0.02620196
0.02706447
0.02733155
0.02508691
0.03071558
0.02630648
0.03139541
0.03080434
0.02683653
0.02998152
0.02981716
0.02866157
0.02711678
0.02821307
0.02715412
0.02746459
0.02843703
0.02836661
0.02850156
0.02836222
0.02741291
0.02756097
0.02661491
0.02882014
0.02848103
0.02869973
0.03370115
0.02844834
0.02726944
0.02637511
0.02840161
0.02994048
0.03155368
0.02806141
0.02788552
0.02816454
0.02734336
0.02987498
0.02855303
0.02671187
0.02915537
0.02724699
0.02799402
0.02771317
0.02637482
0.02653436
0.02746454
0.02836150
0.02616860
0.02850776
0.02704066
0.02790027
0.02828082
0.02627216
0.02801485
0.03123443
0.03203095
0.02690843
0.02907986
0.03027026
0.02758632
0.02768992
0.02689849
0.02746670
0.03344197
0.02747179
0.02771484
0.02925074
0.02598786
0.02901897
0.02662275
0.02830492
0.02744807
0.02854799
0.02880566
0.02900303
0.02761440
0.02656623
0.02899128
0.02914500
0.02881673
0.02667994
0.02573693
0.02990163
0.03166150
0.03104386
0.02644176
0.02728601
0.02861181
0.02909306
0.02789148
0.02790024
0.02620432
0.02750710
0.02609265
0.02913738
0.02871793
0.02859029
0.02668484
0.02741807
0.02713768
0.02939045
0.02916202
0.02978455
0.02966317
0.02713122
0.02815195
0.02796653
0.02915245
0.02610706
0.02893313
0.02862900
0.02670035
0.02621698
0.02761460
0.02657342
0.02873331
0.02667007
0.02823406
0.02791082
0.02819809
0.02646967
0.02800419
0.02854844
0.02882303
0.02939810
0.02594517
0.02944333
0.02889821
0.02834350
0.02781578
0.02677891
0.02930094
0.02733216
0.02743795
0.02589139
0.02654393
0.03183369
0.02790416
0.02793720
0.02580891
0.03043566
0.02901496
0.03936065
0.02867475
0.02703723
0.02662007
0.03326344
0.02754149
0.02866525
0.02949614
0.02886896
0.02531057
0.02817075
0.03049234
0.02620536
0.02927510
0.02837448
0.02708899
0.02887598
0.02769590
0.02664729
0.02684088
0.02931055
0.03050444
0.02842335
0.02802265
0.02758027
0.02741540
0.02798468
0.02707633
0.02895745
0.03073440
0.02715701
0.02688053
0.02892274
0.02737772
0.02876059
0.02736599
0.02809332
0.02683603
0.02791931
0.03493036
0.02727379
0.02950497
0.02849234
0.02871217
0.02782676
0.02860966
0.02660174
0.02842760
0.02680335
0.02674159
0.02758775
0.02705194
0.03421837
0.02745283
0.02738543
0.02784047
0.02987823
0.02832767
0.02803003
0.03004457
0.02873478
0.02805007
0.03028019
0.02609919
0.02629130
0.02701005
0.02692080
0.02764652
0.02855180
0.02838329
0.02805516
0.02602077
0.03070895
0.02656369
0.02654367
0.02731814
0.02770828
0.02766241
0.02904223
0.02590486
0.02859176
0.03135389
0.02805487
0.02859740
0.02834699
0.02769874
0.02687820
0.02692772
0.02751088
0.02983991
0.03090646
0.03087760
0.03015779
0.02890362
0.02864757
0.02671624
0.02883723
0.02633304
0.02656543
0.02872546
0.02647372
0.02870759
0.02887618
0.02564673
0.03050925
0.02790950
0.02950548
0.03060857
0.02622241
0.02608067
0.02694489
0.02745578
0.02722391
0.02886767
0.02699591
0.02867355
0.02827305
0.02838075
0.02805880
0.02617909
0.02893965
0.02896372
0.02761034
0.02649594
0.02633990
0.02548476
0.02747143
0.02945068
0.02809930
0.02769252
0.02639638
0.02713731
0.03092311
0.02620117
0.02826897
0.02552074
0.02889004
0.02948290
0.03043759
0.02838486
0.02689878
0.02799869
0.02802487
0.02918736
0.02738820
0.02705318
0.02737364
0.02716108
0.03012725
0.03154201
0.02758822
0.02772029
0.03128941
0.02921958
0.02738030
0.02861539
0.02910103
0.03003137
0.02676480
0.02782906
0.02718912
0.02707901
0.02691069
0.02901879
0.02795221
0.02998708
0.02972954
0.02742305
0.02801775
0.02693182
0.02844535
0.02615628
0.02790441
0.02975722
0.02722164
0.02778129
0.02748597
0.03044029
0.02689657
0.03473444
0.03046374
0.02717567
0.02642779
0.03053489
0.02738452
0.02705196
0.02721680
0.02780018
0.02700681
0.02697039
0.02673213
0.03507977
0.02625921
0.02773519
0.02914114
0.02798115
0.02877175
0.02996834
0.02793354
0.02988832
0.02825129
0.02854825
0.02805632
0.02832929
0.03019516
0.02871386
0.02886838
0.02759255
0.02791669
0.03090138
0.02654627
0.02728177
0.02786520
0.02825851
0.02814933
0.02722976
0.02648751
0.02643388
0.02671808
0.03007493
0.02957378
0.02858064
0.02717707
0.02617049
0.02756950
0.02687155
0.03041795
0.02786537
0.02856885
0.03039744
0.02686926
0.02929344
0.02753186
0.02696529
0.02834482
0.02749101
0.02942802
0.02738793
0.02545374
0.02765886
0.03018197
0.02587261
0.02634527
0.03264256
0.02734026
0.02721724
0.02993741
0.02866974
0.02926446
0.02883886
0.02766468