0.00464678
0.00582283
0.00542338
0.00749561
0.00522717
0.00551261
0.00580264
0.00532832
0.00546877
0.00568118
0.00547624
0.00525309
0.00610114
0.00602552
0.00575619
0.00562433
0.00545021
0.00508386
0.00519843
0.00544554
0.00589155
0.00590008
0.00500977
0.00521374
0.00646625
0.00497046
0.00547774
0.00547861
0.00518913
0.00499994
0.00597127
0.00518277
0.00550536
0.00506819
0.00503580
0.00508920
0.00516634
0.00763839
0.00552563
0.00551986
0.00612275
0.00589020
0.00598896
0.00487451
0.00561683
0.00602363
0.00493636
0.00485475
0.00553574
0.00585156
0.00540017
0.00550809
0.00622303
0.00549471
0.00570020
0.00532579
0.00542943
0.00545929
0.00516258
0.00519935
0.00647212
0.00521620
0.00501720
0.00541548
0.00557031
0.00502697
0.00563915
0.00561392
0.00586411
0.00527382
0.00562483
0.00449607
0.00663448
0.00630297
0.00560546
0.00557963
0.00530513
0.00551166
0.00503537
0.00565007
0.00504745
0.00552572
0.00586901
0.00576136
0.00484028
0.00569832
0.00516876
0.00652177
0.00665874
0.00604615
0.00539828
0.00491787
0.00512870
0.00600017
0.00590497
0.00584337
0.00604353
0.00483109
0.00522797
0.00542421
0.00527852
0.00542171
0.00516784
0.00518885
0.00518337
0.00510990
0.00480792
0.00611339
0.00522341
0.00523811
0.00537890
0.00665752
0.00500520
0.00555185
0.00543681
0.00486321
0.00497324
0.00516659
0.00590560
0.00560634
0.00524364
0.00560573
0.00493363
0.00546215
0.00541504
0.00702155
0.00527733
0.00719210
0.00515769
0.00545135
0.00492613
0.00583803
0.00529533
0.00646658
0.00547039
0.00574306
0.00595622
0.00674884
0.00586361
0.00493653
0.00712672
0.00623529
0.00519258
0.00532958
0.00474778
0.00622208
0.00606856
0.00530550
0.00527592
0.00686901
0.00550874
0.00516422
0.00623034
0.00624064
0.00577417
0.00589551
0.00605240
0.00629865
0.00515635
0.00552898
0.00624055
0.00474722
0.00552789
0.00521858
0.00510542
0.00507456
0.00524435
0.00600151
0.00575631
0.00539306
0.00481356
0.00540058
0.00561927
0.00564187
0.00556685
0.00483945
0.00551637
0.00578917
0.00473172
0.00466644
0.00635597
0.00427315
0.00552288
0.00637449
0.00540532
0.00591783
0.00546856
0.00512930
0.00511203
0.00599525
0.00560054
0.00513989
0.00493228
0.00634948
0.00584817
0.00477940
0.00560170
0.00524850
0.00513441
0.00541982
0.00616826
0.00526410
0.00504915
0.00611198
0.00539059
0.00614917
0.00523290
0.00554834
0.00515330
0.00590796
0.00543060
0.00542635
0.00503372
0.00587868
0.00570365
0.00560772
0.00512602
0.00619622
0.00542945
0.00611997
0.00565221
0.00586780
0.00510164
0.00468619
0.00486724
0.00485139
0.00579329
0.00618792
0.00599082
0.00534380
0.00528802
0.00641281
0.00507294
0.00559269
0.00586631
0.00545711
0.00577311
0.00581178
0.00552886
0.00640353
0.00479271
0.00543581
0.00554349
0.00596434
0.00612957
0.00503287
0.00566158
0.00534477
0.00500355
0.00570664
0.00581345
0.00527852
0.00590803
0.00561388
0.00491770
0.00513350
0.00571881
0.00705641
0.00469350
0.00528635
0.00499148
0.00501958
0.00546549
0.00532394
0.00529607
0.00516006
0.00556013
0.00543422
0.00560377
0.00589086
0.00604378
0.00534639
0.00517691
0.00581030
0.00493255
0.00705202
0.00576183
0.00438992
0.00551850
0.00501680
0.00596963
0.00487334
0.00548497
0.00632867
0.00613384
0.00576669
0.00545312
0.00588906
0.00591021
0.00569807
0.00660707
0.00516087
0.00544944
0.00562219
0.00615758
0.00527851
0.00520448
0.00488207
0.00540901
0.00467208
0.00488873
0.00488441
0.00658852
0.00518856
0.00593783
0.00519466
0.00527705
0.00559077
0.00519768
0.00571906
0.00586538
0.00577368
0.00531340
0.00464184
0.00531007
0.00547501
0.00498951
0.00496392
0.00624764
0.00624044
0.00581729
0.00518074
0.00534280
0.00579747
0.00578140
0.00498391
0.00515462
0.00577388
0.00624729
0.00536385
0.00580894
0.00475748
0.00519326
0.00487000
0.00589229
0.00550643
0.00597368
0.00561714
0.00598641
0.00624086
0.00567992
0.00537971
0.00581681
0.00517745
0.00592640
0.00553360
0.00580477
0.00597772
0.00513513
0.00528803
0.00578590
0.00531153
0.00544407
0.00528849
0.00543053
0.00506001
0.00500388
0.00526216
0.00514233
0.00522646
0.00564424
0.00532993
0.00503809
0.00602982
0.00627337
0.00582002
0.00654187
0.00562502
0.00550539
0.00609521
0.00561097
0.00602621
0.00504175
0.00466801
0.00517831
0.00509519
0.00600555
0.00545314
0.00458176
0.00629898
0.00710075
0.00504305
0.00581427
0.00556897
0.00503643
0.00534294
0.00581935
0.00603643
0.00535559
0.00498776
0.00648676
0.00603341
0.00648680
0.00534549
0.00479952
0.00607294
0.00554546
0.00497033
0.00531332
0.00561430
0.00480986
0.00502483
0.00488707
0.00539074
0.00600219
0.00535318
0.00529297
0.00538356
0.00570870
0.00541506
0.00475068
0.00496427
0.00567387
0.00472538
0.00547980
0.00538370
0.00521246
0.00549658
0.00563973
0.00506982
0.00520201
0.00453707
0.00506748
0.00619386
0.00489014
0.00579390
0.00492357
0.00507144
0.00505640
0.00593646
0.00519154
0.00530808
0.00546799
0.00529606
0.00474540
0.00598781
0.00626729
0.00530418
0.00532348
0.00536236
0.00557966
0.00506300
0.00513673
0.00666030
0.00576464
0.00588535
0.00479465
0.00543767
0.00528153
0.00477820
0.00483645
0.00524662
0.00561051
0.00534677
0.00572996
0.00485753
0.00643694
0.00526652
0.00547136
0.00595475
0.00536215
0.00629283
0.00631070
0.00611319
0.00559473
0.00537978
0.00547715
0.00523597
0.00495748
0.00573420
0.00636746
0.00520855
0.00560842
0.00579592
0.00559007
0.00521219
0.00509289
0.00529202
0.00522578
0.00602531
0.00555331
0.00519124
0.00511506
0.00561576
0.00540038
0.00564171
0.00645637
0.00518831
0.00637716
0.00544699
0.00529969
0.00597661
0.00509591
0.00470254
0.00550440
0.00493221
0.00488118
0.00544604
0.00605832
0.00539342