0.01652105
0.01908068
0.02292469
0.01801532
0.01807087
0.02044201
0.01722873
0.01788432
0.01856555
0.02109878
0.01668432
0.02099433
0.02132863
0.01961317
0.02160215
0.01734910
0.02103836
0.02249996
0.01907215
0.02130899
0.01795030
0.01869929
0.02071978
0.02008579
0.01666188
0.02089583
0.02021395
0.01715568
0.02001478
0.01837889
0.02123683
0.02126209
0.02075415
0.01984590
0.02104445
0.01811419
0.01641320
0.02008876
0.02048721
0.01962361
0.01911456
0.01840204
0.01987639
0.02019780
0.01828496
0.02031455
0.01965208
0.01909312
0.01967130
0.02178343
0.01939968
0.01935985
0.01936842
0.01677095
0.01944343
0.01865378
0.01927558
0.01907860
0.01924050
0.01924597
0.01774188
0.02251052
0.03145370
0.01850411
0.01779408
0.01837957
0.01724519
0.01784859
0.01794887
0.01879276
0.01903884
0.01858424
0.01767053
0.01801711
0.01747562
0.02096353
0.01975632
0.01998252
0.01868348
0.01841430
0.02126252
0.01765626
0.01942446
0.01809509
0.01859949
0.01876099
0.01885110
0.01916853
0.01887061
0.02037508
0.01789413
0.01800309
0.01931299
0.02011642
0.02259690
0.02200942
0.01986555
0.01979116
0.02046941
0.02001843
0.01871709
0.02001980
0.01987479
0.01937350
0.02363430
0.02113630
0.02138260
0.02391701
0.01828552
0.02041336
0.02415701
0.01785943
0.02013159
0.01782531
0.01631762
0.02039376
0.01978895
0.01913873
0.02681045
0.01660088
0.01893179
0.02040271
0.01863696
0.02370294
0.02061008
0.01748809
0.01851352
0.02308844
0.02078152
0.02005633
0.02099638
0.01852419
0.02048245
0.01930105
0.02479038
0.01837527
0.01909730
0.01780321
0.01956536
0.01872170
0.02262765
0.02034791
0.01820781
0.01691345
0.01851729
0.01881807
0.02139563
0.01885370
0.01703297
0.02125618
0.02043817
0.01862318
0.01763726
0.01787263
0.02033792
0.02221431
0.02179114
0.01774536
0.01717009
0.01970986
0.01702033
0.01898529
0.01938251
0.02540621
0.01861411
0.02347802
0.02089086
0.01895079
0.01689029
0.02629935
0.01805705
0.01866167
0.02634374
0.02157375
0.02350600
0.01826039
0.01861445
0.01933117
0.01952685
0.01782648
0.01889125
0.01925272
0.01759559
0.01931290
0.02030738
0.01906328
0.01955765
0.02776376
0.02209583
0.02043831
0.02128480
0.01905750
0.01705344
0.01823506
0.02464525
0.02356913
0.02060454
0.01809393
0.01956261
0.01893089
0.02182884
0.02175671
0.01877150
0.01989888
0.02225556
0.02108522
0.01993657
0.02043345
0.01989264
0.02155047
0.01833539
0.02088344
0.01967817
0.01690228
0.01869738
0.01903316
0.01834003
0.01688496
0.02309977
0.01798332
0.02116405
0.02503118
0.01855810
0.01920476
0.02262706
0.01922368
0.02124011
0.02021465
0.02040956
0.01975188
0.02099405
0.01887677
0.01789861
0.01994745
0.01768431
0.01908634
0.01828658
0.01898645
0.01879106
0.01632329
0.01938323
0.02263632
0.02115764
0.01719797
0.01929022
0.01673362
0.01833963
0.01669973
0.01730804
0.03072189
0.01872392
0.01939824
0.01913871
0.01659312
0.01806302
0.01881544
0.01676325
0.02050646
0.01739048
0.01688383
0.01796362
0.01832675
0.01798664
0.01819267
0.01972560
0.01854562
0.01805239
0.02300513
0.02406599
0.01782060
0.02544128
0.02241608
0.01986454
0.01916511
0.01818960
0.02264318
0.01888941
0.01880755
0.02200358
0.01945734
0.02083530
0.02304514
0.02265745
0.02087787
0.01973398
0.01794043
0.01934221
0.02133330
0.01853110
0.01759253
0.01893638
0.02451230
0.01964167
0.02340588
0.02005525
0.01919622
0.01886827
0.02032754
0.01836718
0.02022719
0.01863495
0.01854598
0.01775977
0.01953099
0.03192993
0.01693924
0.02068150
0.01802144
0.01911711
0.01781835
0.01911018
0.03323872
0.01894738
0.02372669
0.02231247
0.01796711
0.01772296
0.02261085
0.01767931
0.01930080
0.02086337
0.01982578
0.02077875
0.01789463
0.01866993
0.01785661
0.02275072
0.01901610
0.02386398
0.01803351
0.02336084
0.01809592
0.01987979
0.02042578
0.01878189
0.02079726
0.02122181
0.02163413
0.01834582
0.01839548
0.01889217
0.01928283
0.01757860
0.01980244
0.01919397
0.01825316
0.01835210
0.02417577
0.01888404
0.01974511
0.02083038
0.02088551
0.02025905
0.01892013
0.02249857
0.02241922
0.01681717
0.01953184
0.01737517
0.02036384
0.01844010
0.02223931
0.02049439
0.01994986
0.02194725
0.02041294
0.02415040
0.01830267
0.02108855
0.02016194
0.01711317
0.01712156
0.02171753
0.01799057
0.02034715
0.02009243
0.01740363
0.02242285
0.01847617
0.02032439
0.01857778
0.01840956
0.02081004
0.01794395
0.02099849
0.02262015
0.02131795
0.01854849
0.02082853
0.01730271
0.01666347
0.01913557
0.01766951
0.02078028
0.02275334
0.01901887
0.01901354
0.02088089
0.01840602
0.01806600
0.01841930
0.02413222
0.01900323
0.02074676
0.01892304
0.02257119
0.02097900
0.02208318
0.02003426
0.02246740
0.01818450
0.01870032
0.01874950
0.02475045
0.01854201
0.01965483
0.02240989
0.02029744
0.02169137
0.01847652
0.01809423
0.01980985
0.02120560
0.01735968
0.01798402
0.01885378
0.02152409
0.02264116
0.01973436
0.02160938
0.02108658
0.01946932
0.02350747
0.02000442
0.02032578
0.01715879
0.02047090
0.01765429
0.01733854
0.01892375
0.01742513
0.01765042
0.02038970
0.02017627
0.02381114
0.01873751
0.02556250
0.01725165
0.01929534
0.01838067
0.01880967
0.01886008
0.01850219
0.01991277
0.01768518
0.01915856
0.01934779
0.02033555
0.01874443
0.01824413
0.02005653
0.01755986
0.02152990
0.01801912
0.02257248
0.01987154
0.01856706
0.02042716
0.01835807
0.01842351
0.01749986
0.01983368
0.02366263
0.02190643
0.01678450
0.01767793
0.01873676
0.02340357
0.02229679
0.02094460
0.01901338
0.01791142
0.01721212
0.01714245
0.02142870
0.01996414
0.01712096
0.01773693
0.01878289
0.02457022
0.01791368
0.02565144
0.01911018
0.01833412
0.01836687
0.01720905
0.02281805
0.01940289
0.01944734
0.02111732