0.00555084
0.00541094
0.00636117
0.00477662
0.00487525
0.00473426
0.00510279
0.00483473
0.00508155
0.00496865
0.00472314
0.00472436
0.00510717
0.00478060
0.00449659
0.00490762
0.00565282
0.00475551
0.00471654
0.00544517
0.00485485
0.00466816
0.00495770
0.00533769
0.00572330
0.00451201
0.00496840
0.00485404
0.00524959
0.00482577
0.00427008
0.00454013
0.00486580
0.00527060
0.00505725
0.00500134
0.00520313
0.00480818
0.00566137
0.00426003
0.00497589
0.00509938
0.00512068
0.00467262
0.00636343
0.00565814
0.00482511
0.00436439
0.00513855
0.00467192
0.00577778
0.00514869
0.00473794
0.00513346
0.00444677
0.00476377
0.00482657
0.00517983
0.00493822
0.00474742
0.00510050
0.00474887
0.00476422
0.00542701
0.00477631
0.00566765
0.00469551
0.00459276
0.00524626
0.00513404
0.00489461
0.00453924
0.00502350
0.00473289
0.00451772
0.00535622
0.00482316
0.00465088
0.00480685
0.00499454
0.00428167
0.00455927
0.00461480
0.00499070
0.00530091
0.00490499
0.00492710
0.00579062
0.00463054
0.00516248
0.00486311
0.00494803
0.00517944
0.00442578
0.00671030
0.00459192
0.00493749
0.00477552
0.00513983
0.00524674
0.00439738
0.00495100
0.00458880
0.00504795
0.00468979
0.00484857
0.00470257
0.00463205
0.00515227
0.00451799
0.00513162
0.00493496
0.00435445
0.00522398
0.00438668
0.00560857
0.00470891
0.00446560
0.00439903
0.00557061
0.00524226
0.00508005
0.00490115
0.00549617
0.00435481
0.00485931
0.00605427
0.00481013
0.00521499
0.00476102
0.00450478
0.00603936
0.00433882
0.00507041
0.00479043
0.00498061
0.00593708
0.00462431
0.00537901
0.00461169
0.00488673
0.00454973
0.00557806
0.00516001
0.00529973
0.00447944
0.00571125
0.00515722
0.00507505
0.00479537
0.00453568
0.00484365
0.00601109
0.00464200
0.00499251
0.00476433
0.00466447
0.00468231
0.00435376
0.00424325
0.00529116
0.00542192
0.00534719
0.00466555
0.00467597
0.00592392
0.00468674
0.00497472
0.00519599
0.00537884
0.00467717
0.00496481
0.00477833
0.00554515
0.00494268
0.00547023
0.00559062
0.00515215
0.00549297
0.00513744
0.00516039
0.00590155
0.00481396
0.00504438
0.00510069
0.00455139
0.00458775
0.00447604
0.00499955
0.00490049
0.00418467
0.00507174
0.00546572
0.00504927
0.00484860
0.00594354
0.00487472
0.00504887
0.00499373
0.00495272
0.00499854
0.00483727
0.00455228
0.00499598
0.00513338
0.00473266
0.00484041
0.00506952
0.00590122
0.00435805
0.00459430
0.00491683
0.00491762
0.00494351
0.00520661
0.00553007
0.00545968
0.00469394
0.00634067
0.00454141
0.00501615
0.00436845
0.00450450
0.00470169
0.00488757
0.00468324
0.00508899
0.00568584
0.00491120
0.00540500
0.00520178
0.00506420
0.00491948
0.00451097
0.00550066
0.00504452
0.00493593
0.00568877
0.00506036
0.00529417
0.00498389
0.00467848
0.00519558
0.00505324
0.00477714
0.00521912
0.00420561
0.00424245
0.00492884
0.00454701
0.00445188
0.00438080
0.00489376
0.00446103
0.00539170
0.00475724
0.00470783
0.00431243
0.00471078
0.00509519
0.00447383
0.00454235
0.00416025
0.00485192
0.00403981
0.00511478
0.00423401
0.00508562
0.00491588
0.00436012
0.00529504
0.00487475
0.00544718
0.00463489
0.00453722
0.00485131
0.00500996
0.00505318
0.00472140
0.00464248
0.00543065
0.00576139
0.00491631
0.00461831
0.00457758
0.00582097
0.00458700
0.00487001
0.00419950
0.00533890
0.00469316
0.00494529
0.00536842
0.00529312
0.00524654
0.00505251
0.00520467
0.00441228
0.00532481
0.00580675
0.00499418
0.00456190
0.00439271
0.00537049
0.00516417
0.00515822
0.00566470
0.00477347
0.00586792
0.00473079
0.00549212
0.00440376
0.00498774
0.00447351
0.00538723
0.00478162
0.00512060
0.00480653
0.00523937
0.00464769
0.00522240
0.00462310
0.00591369
0.00500710
0.00529397
0.00465205
0.00566918
0.00507967
0.00593956
0.00592478
0.00473535
0.00477953
0.00530183
0.00500717
0.00496923
0.00453441
0.00487461
0.00535990
0.00453109
0.00563393
0.00441920
0.00475767
0.00554647
0.00450919
0.00426911
0.00527575
0.00590258
0.00596276
0.00488542
0.00622759
0.00498640
0.00485722
0.00501555
0.00519270
0.00445124
0.00528466
0.00563804
0.00660443
0.00505990
0.00426361
0.00520475
0.00533103
0.00467039
0.00527706
0.00517296
0.00448966
0.00460232
0.00521580
0.00498013
0.00476857
0.00443927
0.00560429
0.00434638
0.00461788
0.00542023
0.00508268
0.00535491
0.00479580
0.00490867
0.00486369
0.00520996
0.00456802
0.00522925
0.00438458
0.00481122
0.00500524
0.00580927
0.00471412
0.00469122
0.00486642
0.00588607
0.00509318
0.00562356
0.00562640
0.00425332
0.00490092
0.00484852
0.00446630
0.00478024
0.00471910
0.00584588
0.00497385
0.00431767
0.00466169
0.00449295
0.00624743
0.00506486
0.00471563
0.00451329
0.00433978
0.00481033
0.00502286
0.00478365
0.00490023
0.00506600
0.00716832
0.00530173
0.00467839
0.00487960
0.00447962
0.00511017
0.00464016
0.00503263
0.00584654
0.00419055
0.00500757
0.00407464
0.00497269
0.00568967
0.00439302
0.00457422
0.00446466
0.00504623
0.00461181
0.00477057
0.00506067
0.00453935
0.00522178
0.00408007
0.00538655
0.00444043
0.00574038
0.00483065
0.00558330
0.00503330
0.00448142
0.00456893
0.00557598
0.00523918
0.00494677
0.00445117
0.00529301
0.00558760
0.00524153
0.00452452
0.00588052
0.00523585
0.00534628
0.00536379
0.00434110
0.00511816
0.00429489
0.00510207
0.00465977
0.00473897
0.00587311
0.00526576
0.00515596
0.00501105
0.00471381
0.00482992
0.00450935
0.00571839
0.00469462
0.00472784
0.00517997
0.00534770
0.00516183
0.00464387
0.00487732
0.00465079
0.00537273
0.00421512
0.00435624
0.00562833
0.00451359
0.00476609
0.00561210
0.00537871
0.00486514
0.00512400
0.00500860
0.00538648
0.00428427
0.00450751
0.00482094
0.00543972
0.00426864
0.00473289
0.00487769