0.01607095
0.01623437
0.01868623
0.01760063
0.01676088
0.01596103
0.01941534
0.01543743
0.01731654
0.01857243
0.01735613
0.01676028
0.01765713
0.01943018
0.01638799
0.01635246
0.01758978
0.01851333
0.01499286
0.01487233
0.01869680
0.01690813
0.01693906
0.01789485
0.01636584
0.01736257
0.01812706
0.01662192
0.01871394
0.01588597
0.01865376
0.01600308
0.01820753
0.01657102
0.01581727
0.01688982
0.01720475
0.01671101
0.01676512
0.01787832
0.01634537
0.01639488
0.01791904
0.01623863
0.01612575
0.01766424
0.01490694
0.01584386
0.01694355
0.01953064
0.02022746
0.01617120
0.01672978
0.01550977
0.01697271
0.01693717
0.01533818
0.01627430
0.01601701
0.01691880
0.01733823
0.01696607
0.01771590
0.01675337
0.01611424
0.01754537
0.01592015
0.01713283
0.01599742
0.01618778
0.01585521
0.01892650
0.01592666
0.01479198
0.01610381
0.01735172
0.01771429
0.01976090
0.01699907
0.01546547
0.01932681
0.01688414
0.01782920
0.01922080
0.02049374
0.01825966
0.01718014
0.01646466
0.01615944
0.01664603
0.02959232
0.01629432
0.01690607
0.01682912
0.01643811
0.01657963
0.01574673
0.01905944
0.01650179
0.01689132
0.01639065
0.01612648
0.01616381
0.01927070
0.01736123
0.01696109
0.01631608
0.01720643
0.01770516
0.01876857
0.01572961
0.01630130
0.01867649
0.01790767
0.01839529
0.01711382
0.01601062
0.01634804
0.01833383
0.01599950
0.01844331
0.01941139
0.01679815
0.01671462
0.01648807
0.01972273
0.02063214
0.01743397
0.01550280
0.01592617
0.01639259
0.01588474
0.01534871
0.01829574
0.02059458
0.01797226
0.01865757
0.01745097
0.02034479
0.01617353
0.01646482
0.01762454
0.01761017
0.01937203
0.01619624
0.01676486
0.01619114
0.01721552
0.01737298
0.01661737
0.01577819
0.01972042
0.01827758
0.01663524
0.01721911
0.01700837
0.01625398
0.01799225
0.01724174
0.01640411
0.01486206
0.01815731
0.01619791
0.01721830
0.01620018
0.02048983
0.01621387
0.01695940
0.01753833
0.02072214
0.02051965
0.01702747
0.02044920
0.01705451
0.01841618
0.01753087
0.01739021
0.01639604
0.01640061
0.01550902
0.01583603
0.01766008
0.01500164
0.01683800
0.01666923
0.02002204
0.01797071
0.01715308
0.01685249
0.01814958
0.01803319
0.01837144
0.01601992
0.01808638
0.01811092
0.01551341
0.01760919
0.01494701
0.01607702
0.01805167
0.01584734
0.01665377
0.01802253
0.01680479
0.01484874
0.01605066
0.01672971
0.01693015
0.01645809
0.01777917
0.01591006
0.01999140
0.01763467
0.01606083
0.01562602
0.01742319
0.01466823
0.01684386
0.01904381
0.01622653
0.01576574
0.01884084
0.01559885
0.01737585
0.01554537
0.01683849
0.01661063
0.01624386
0.01825848
0.01546561
0.01782693
0.01586824
0.01760962
0.01679321
0.01540377
0.01674631
0.01790198
0.01639118
0.01573348
0.01517157
0.01696657
0.01761386
0.01649454
0.01601700
0.01831474
0.01759669
0.01494303
0.01694253
0.01513852
0.02144065
0.01743029
0.01644542
0.01608636
0.01625571
0.01691764
0.01986681
0.01635222
0.01666605
0.01700013
0.01586038
0.01870517
0.01844005
0.01666524
0.01970381
0.01784431
0.01998806
0.01585933
0.01703613
0.01653355
0.01776835
0.01798426
0.01596006
0.01592872
0.01670864
0.01671240
0.01603860
0.01800277
0.01557256
0.01615764
0.01741998
0.01980302
0.01565119
0.01724268
0.01601552
0.01618140
0.01506276
0.01832753
0.01806042
0.01600079
0.01618134
0.01985013
0.01641598
0.01616459
0.01685571
0.01668723
0.01598736
0.01626661
0.01716964
0.01798368
0.01798195
0.01901846
0.01782032
0.01728061
0.01589138
0.01935092
0.01560073
0.01656124
0.01942950
0.01610722
0.01669320
0.01664643
0.01832427
0.01699540
0.01696215
0.01911155
0.01494506
0.01533370
0.01620010
0.01678617
0.01636433
0.01615646
0.01540976
0.01878437
0.01738407
0.01727787
0.01525381
0.01615764
0.01881619
0.01791608
0.01556292
0.01559640
0.02089622
0.01789018
0.01795574
0.01706831
0.01738975
0.01598342
0.01647327
0.01626158
0.01775293
0.01679320
0.01548082
0.01693462
0.01827227
0.01506637
0.01791213
0.01502583
0.01692444
0.01687747
0.01620166
0.01992633
0.01573743
0.01684435
0.01658548
0.01825536
0.01604855
0.01707382
0.01829048
0.01744709
0.01702388
0.01533823
0.01592597
0.01818448
0.01692627
0.01975215
0.01677863
0.02052233
0.01890654
0.01543284
0.01834731
0.01656958
0.01713342
0.01701319
0.01675194
0.01684324
0.01521974
0.01632255
0.01730169
0.01973510
0.01598374
0.01646842
0.01644002
0.01657495
0.01746029
0.01633841
0.01582354
0.01593490
0.01837367
0.01877446
0.02020780
0.01924072
0.01748977
0.01684719
0.01719695
0.01549374
0.01705752
0.01600938
0.01820785
0.01984745
0.01722352
0.01926792
0.01732294
0.01651678
0.01544745
0.01722664
0.01712938
0.01747366
0.01847359
0.01612504
0.01777481
0.01623332
0.01581201
0.01743010
0.01750148
0.01511725
0.01821135
0.01482772
0.01710939
0.01708810
0.01765707
0.01763451
0.01596093
0.01801091
0.01857617
0.01603492
0.01621870
0.02110375
0.01562052
0.01787861
0.02064662
0.01587200
0.01581884
0.01813912
0.01926625
0.01564673
0.01668359
0.01644251
0.01688946
0.01514500
0.01766014
0.01780513
0.01614384
0.01621408
0.01768871
0.01528372
0.01767962
0.01633188
0.01558031
0.01812685
0.01746361
0.01625272
0.01770118
0.01590645
0.01597069
0.01627858
0.01897512
0.01761656
0.01600296
0.01773878
0.01744790
0.01565781
0.01665485
0.01565875
0.01706229
0.01708442
0.01585436
0.01661962
0.01591968
0.01517594
0.01793591
0.01692301
0.01778226
0.01724219
0.02021322
0.01809921
0.01681002
0.01820544
0.01806244
0.01986516
0.01767422
0.01526831
0.01675768
0.01543941
0.01750690
0.01656343
0.01915548
0.01627643
0.01617816
0.01780692
0.01883910
0.01588951
0.01681776
0.02103902
0.01566620
0.01602210
0.01699370
0.01804808
0.01600680
0.01858089
0.01527223