0.00720051
0.00784262
0.00732686
0.00795255
0.00643735
0.00627180
0.00700976
0.00694761
0.00772044
0.00852420
0.00678939
0.00882561
0.00801270
0.00625739
0.00778495
0.00729286
0.00888900
0.00901130
0.00696533
0.00713723
0.00747307
0.00750784
0.00732142
0.00899871
0.00856977
0.00725601
0.00927042
0.00751885
0.00792599
0.00794358
0.00738755
0.00807993
0.00702514
0.00747257
0.00653749
0.00768804
0.00663447
0.00916155
0.00876829
0.00756996
0.00616419
0.00865391
0.00916344
0.00833372
0.00731193
0.00816275
0.00679238
0.00687645
0.00804084
0.00728798
0.00637862
0.00739843
0.01188380
0.00811180
0.00773630
0.00621404
0.00689104
0.01087421
0.00688055
0.00761912
0.00809258
0.00800491
0.00685830
0.00718087
0.00805687
0.00726338
0.00596267
0.00721300
0.00705995
0.00669416
0.00907265
0.00768757
0.00831821
0.00800237
0.00690735
0.00879997
0.00779281
0.00680345
0.00759379
0.00916186
0.00887522
0.00817744
0.00664908
0.00652372
0.00745036
0.00867860
0.00702147
0.00883784
0.00869813
0.00781735
0.00673815
0.00813420
0.00640612
0.00729854
0.00801653
0.00924698
0.00704623
0.00785979
0.00872686
0.00758204
0.00593873
0.00776764
0.00786940
0.00734645
0.00708001
0.00773322
0.00700967
0.00854628
0.00719187
0.00865389
0.00762937
0.00860961
0.00605859
0.00957333
0.00930753
0.00740773
0.00849086
0.00685378
0.00857699
0.00747305
0.00807971
0.00667949
0.00782880
0.00842488
0.00654483
0.00813760
0.00904390
0.00875006
0.00753694
0.00699661
0.00933570
0.00655235
0.00653779
0.00804367
0.00691279
0.00673139
0.00817443
0.00806219
0.00977052
0.00796960
0.00694830
0.00730133
0.00670609
0.00811317
0.00793031
0.00707167
0.00638941
0.00651266
0.00868495
0.00833233
0.00689243
0.00749508
0.00656582
0.00711323
0.00873642
0.00736250
0.01005499
0.00832336
0.00976616
0.00923107
0.00699547
0.00707450
0.00802757
0.00741641
0.00654523
0.00735177
0.00750518
0.00679609
0.00825231
0.00857915
0.00714411
0.00667417
0.00683445
0.00809569
0.00877160
0.00674703
0.00822228
0.00634192
0.00830160
0.00639520
0.00839613
0.00739089
0.00668124
0.00693899
0.00699152
0.00741786
0.00812497
0.00805543
0.00678248
0.00737516
0.00771999
0.00863433
0.00786873
0.00637204
0.00807417
0.00717296
0.00653975
0.00790459
0.00829939
0.00831857
0.00710340
0.00699949
0.00670581
0.00666029
0.00728264
0.00715938
0.00778358
0.00672886
0.00757921
0.00991515
0.00649912
0.00736778
0.00688389
0.00703654
0.00740932
0.00801853
0.00933549
0.00663218
0.00697428
0.00681626
0.00732144
0.00796593
0.00877040
0.00681134
0.00871531
0.00803224
0.00703467
0.00814242
0.00821924
0.00755781
0.00793807
0.00807786
0.00807734
0.00643901
0.00687769
0.00851776
0.00823873
0.00870819
0.00685500
0.00671533
0.00656046
0.00824544
0.00698283
0.00824684
0.00803223
0.00803382
0.00673368
0.00649275
0.00648670
0.00751045
0.00809683
0.00952896
0.00675345
0.00735770
0.00728997
0.00742453
0.00687006
0.00630265
0.00769039
0.00850929
0.00705644
0.00839149
0.00761296
0.00817674
0.00721952
0.00677677
0.00741397
0.00728904
0.00622107
0.00699585
0.00800176
0.00659039
0.00749942
0.00649208
0.00765710
0.00753212
0.00671269
0.00936345
0.00786290
0.00723883
0.00756486
0.00704382
0.00675135
0.00673537
0.00722392
0.00651819
0.00837381
0.00767981
0.00937327
0.01105898
0.00764161
0.00760583
0.00840786
0.00761852
0.00750421
0.00705182
0.00718466
0.00757407
0.00779465
0.00841741
0.00798363
0.00792479
0.00744291
0.00728106
0.00852220
0.01035023
0.00833426
0.00644313
0.00901075
0.00721708
0.00727674
0.00757945
0.00582713
0.00652947
0.00634378
0.00736526
0.00741304
0.00856371
0.00813030
0.00947827
0.00640182
0.00754945
0.00770669
0.00777260
0.00873285
0.00737062
0.00713679
0.00783451
0.00875941
0.00852604
0.00796726
0.00726037
0.00784156
0.00741256
0.00971878
0.00793486
0.00748582
0.00891805
0.00916123
0.00920005
0.00779395
0.00656037
0.00927365
0.00736431
0.00786165
0.00758723
0.00764930
0.00585540
0.00664556
0.00771858
0.00659768
0.00809249
0.00657893
0.00882731
0.00583612
0.00742244
0.00864188
0.00858542
0.00754936
0.00928576
0.00788667
0.00774798
0.00739261
0.00753871
0.00740753
0.01128284
0.00751178
0.00792646
0.00853753
0.00705850
0.00779674
0.00774254
0.00751768
0.00630170
0.00909925
0.00788209
0.00727226
0.00811453
0.00903591
0.00870561
0.00766433
0.00770139
0.00716620
0.00768634
0.00748228
0.00955332
0.00866077
0.00738324
0.00836811
0.00878800
0.00812356
0.00711709
0.00632344
0.00685912
0.00734387
0.00781619
0.00828952
0.00726358
0.00726178
0.00758241
0.00808786
0.00655419
0.00649944
0.00742105
0.00622075
0.00639939
0.00783407
0.00774516
0.00755031
0.00939808
0.00678274
0.00644143
0.00682915
0.00789639
0.00862988
0.00791781
0.00865277
0.00900310
0.00732189
0.00836277
0.00703824
0.00901853
0.01093097
0.00778936
0.00707449
0.00756199
0.00665183
0.00826630
0.00804009
0.00660207
0.00655588
0.00616493
0.00652385
0.00817248
0.00757188
0.00664680
0.00719392
0.00790466
0.00690829
0.00881638
0.00784134
0.00742294
0.00707727
0.00844127
0.00666586
0.00665387
0.00848258
0.00732727
0.00882087
0.00943681
0.00744693
0.00916754
0.00755412
0.00954248
0.00862126
0.00703062
0.00818775
0.00675799
0.00847908
0.00651282
0.00651963
0.00749569
0.00815763
0.00770252
0.00696942
0.00716823
0.00649748
0.00683056
0.00814601
0.00666566
0.00952721
0.00784622
0.00906367
0.00638858
0.00809626
0.00625037
0.00661395
0.00878556
0.00726928
0.00716192
0.00734048
0.00681088
0.00617509
0.00653255
0.00809291
0.00807670
0.00712147
0.00636900
0.00754691
0.00714546
0.00676240
0.00751898
0.00729100
0.00726685
0.00715150
0.00744406
0.00833671
0.00851252
0.00703612
0.00676186