0.01581946
0.01584864
0.01590380
0.01597075
0.01598222
0.01630919
0.01501462
0.01753497
0.01906261
0.01738950
0.01547558
0.01587115
0.01979641
0.01594041
0.01549848
0.01891809
0.01531923
0.01579951
0.01515949
0.01740836
0.01579516
0.01572878
0.01537788
0.01947194
0.01613832
0.01716773
0.01588228
0.01659374
0.01657907
0.01472854
0.01508084
0.01616503
0.01619919
0.01493811
0.01928245
0.01668948
0.01552702
0.01671727
0.01600943
0.01580618
0.01814099
0.01748149
0.01696630
0.01841793
0.01712125
0.01738289
0.01731174
0.01872828
0.01598774
0.01589798
0.01588308
0.01766048
0.01668699
0.01536972
0.01716798
0.01664886
0.01634388
0.01505735
0.01685707
0.01461540
0.01795170
0.01739719
0.01619142
0.01588211
0.01575247
0.01559314
0.01642799
0.01515973
0.01557910
0.01623346
0.01562207
0.01651679
0.01593004
0.01597606
0.01672548
0.02057915
0.01601344
0.01564619
0.01706268
0.01843359
0.01571450
0.01647489
0.01565254
0.01746458
0.01789430
0.01614425
0.01632819
0.01527618
0.01548992
0.01639909
0.01528310
0.01700261
0.01654012
0.01747934
0.01613504
0.01706694
0.01623739
0.01589951
0.01561131
0.02273869
0.01770589
0.01561212
0.01590276
0.01630235
0.01641846
0.01638113
0.01790250
0.01571895
0.01634632
0.01660614
0.01579398
0.01552400
0.01717256
0.01613497
0.01540636
0.01549149
0.01669764
0.01554890
0.01628872
0.01636937
0.01725129
0.01593783
0.01884392
0.01638312
0.01609695
0.01588190
0.01637932
0.01656763
0.01566238
0.01654205
0.01888642
0.01677409
0.01552610
0.01733418
0.01630848
0.01612805
0.01779395
0.01501451
0.01703177
0.01639654
0.01614862
0.01608456
0.01553028
0.01576247
0.01461497
0.01633316
0.01727887
0.01519398
0.01569831
0.02001204
0.01555975
0.01477754
0.01613410
0.01482694
0.01588442
0.01721853
0.01646315
0.01649879
0.01622145
0.01601302
0.01879877
0.01561789
0.01607551
0.01543962
0.01852039
0.01583579
0.01847451
0.01533823
0.01673513
0.01468829
0.01506195
0.01782665
0.01512260
0.01665921
0.01593292
0.01548011
0.01627069
0.01638647
0.01550741
0.01737865
0.01714197
0.01546775
0.01775264
0.01675075
0.01789738
0.01609900
0.01572877
0.01516336
0.01658808
0.01737712
0.01575166
0.01558755
0.01535675
0.01851836
0.01813707
0.01582973
0.01636733
0.01794206
0.01661005
0.01683368
0.01642418
0.01633912
0.01588787
0.01682110
0.01634212
0.01670558
0.02653207
0.01639025
0.01868842
0.01614897
0.01614903
0.02071696
0.01789247
0.01525744
0.01892711
0.01500183
0.01668692
0.01601938
0.01629118
0.01538313
0.01611701
0.01538817
0.01770526
0.01598969
0.01754494
0.01513246
0.01522622
0.01584717
0.01596544
0.01701395
0.01480337
0.02401508
0.01631339
0.01752036
0.01737011
0.01541744
0.01574426
0.01756559
0.01551181
0.01544900
0.01677645
0.01759567
0.01470842
0.01875185
0.01641536
0.01588775
0.01805395
0.01520497
0.01514090
0.01452776
0.01549995
0.01677019
0.01511275
0.01815547
0.01653204
0.01620297
0.01616813
0.01569498
0.01577868
0.01567659
0.01556091
0.01743371
0.01606750
0.01541746
0.01649735
0.01663213
0.01687700
0.01792173
0.01914174
0.01512609
0.01729415
0.03015416
0.01521962
0.01567166
0.01525451
0.01623962
0.01633220
0.01799741
0.01490039
0.01514181
0.01726606
0.01595956
0.01626346
0.01813971
0.01667947
0.01634749
0.01619248
0.01665546
0.01498194
0.01626715
0.01610582
0.01604419
0.01610396
0.01958783
0.01684554
0.01689479
0.01563875
0.01543535
0.01523533
0.01530940
0.01565021
0.01585662
0.01605091
0.01558691
0.01500331
0.01869807
0.01622904
0.01635458
0.01676194
0.01533455
0.01585314
0.01617248
0.01619665
0.01549403
0.01656400
0.01604548
0.01599140
0.02019559
0.01555796
0.01683692
0.01471966
0.01582136
0.01653724
0.01595567
0.01553999
0.01650667
0.01537684
0.01519794
0.01556367
0.01566374
0.01748257
0.01646299
0.01645018
0.01554668
0.01561969
0.01749686
0.01899361
0.01561866
0.01491470
0.01700496
0.01564042
0.01704991
0.01661968
0.01622769
0.01489777
0.01605209
0.01684584
0.01644941
0.01602927
0.01595247
0.01822237
0.01475111
0.01657551
0.01906246
0.01801802
0.01648700
0.01468740
0.01829499
0.01763028
0.01733074
0.01433521
0.01608665
0.01677289
0.01595962
0.01964678
0.01806571
0.01731673
0.01610933
0.01577242
0.01655906
0.01769983
0.02021195
0.01580405
0.01696193
0.01477346
0.01595197
0.02033239
0.01618722
0.01773200
0.01657359
0.01525036
0.01729525
0.01691962
0.01586795
0.01561232
0.01519033
0.01701657
0.01676484
0.01577738
0.01653984
0.01618478
0.01570801
0.01621309
0.01561202
0.01877472
0.01622085
0.01527971
0.01512437
0.01565525
0.01536842
0.01594649
0.01684499
0.01789720
0.01481243
0.01643523
0.01615399
0.01561175
0.01650833
0.01567696
0.01688249
0.01830748
0.01768311
0.01557136
0.01962041
0.01680987
0.01948564
0.01524550
0.01568570
0.01593590
0.01728257
0.01526020
0.01582943
0.01540995
0.01582529
0.01675341
0.01529126
0.01749287
0.01744806
0.01840646
0.01696965
0.01655748
0.01540321
0.01670405
0.01570703
0.01652156
0.01735166
0.01601794
0.01562601
0.01567469
0.02299420
0.01541065
0.01505827
0.01560083
0.01667292
0.01798689
0.01595423
0.01636999
0.01812924
0.01608089
0.01529357
0.01610154
0.01568391
0.01520965
0.01594113
0.01471353
0.01680149
0.01843508
0.01651531
0.01766541
0.01580814
0.01536570
0.01645046
0.01576003
0.01620016
0.01556353
0.01618230
0.02168334
0.01793579
0.01548704
0.01686805
0.01635597
0.01942381
0.01643335
0.01588727
0.01563182
0.01574219
0.01475353
0.01890962
0.01478397
0.01564592
0.01543952
0.01667200
0.01872278
0.01537395
0.01657872
0.01874141
0.01762715
0.01522048
0.01656015
0.01474566
0.01572389
0.01872717
0.01670220
0.01583942
0.01719275
0.01482054
0.01476029
0.01648247
0.01685474
0.01772902