0.01300884
0.01139567
0.01054545
0.00871212
0.01095131
0.01054610
0.01460153
0.01151262
0.01008349
0.01212860
0.01186790
0.01352648
0.01111595
0.00977888
0.01089161
0.01197091
0.01198617
0.01110947
0.01280781
0.01251156
0.01196010
0.00986434
0.01077463
0.01255123
0.01061417
0.00990673
0.01202163
0.01123566
0.01163136
0.01160688
0.01064871
0.01233769
0.01011900
0.01172373
0.01084810
0.01112860
0.01086115
0.01036551
0.00937911
0.01126850
0.01498781
0.01282657
0.00970509
0.01208186
0.01030181
0.01120560
0.00986805
0.01163764
0.01182871
0.01235642
0.01118607
0.01181101
0.01116296
0.01033911
0.01042053
0.00913334
0.01627247
0.01237027
0.01116124
0.01160884
0.01269758
0.01311792
0.01091074
0.01111421
0.01008796
0.01655588
0.00982145
0.01150067
0.01350841
0.01055815
0.00878592
0.01425228
0.01147404
0.01134442
0.01369058
0.01095559
0.01124057
0.01218953
0.01219253
0.01273543
0.01248542
0.01135859
0.01416416
0.01544660
0.01232002
0.01072810
0.01429260
0.01417638
0.01123056
0.01309926
0.01111123
0.01572715
0.01058385
0.01117607
0.01010135
0.01239867
0.01616333
0.01018107
0.01194195
0.00911350
0.01265784
0.00909591
0.01110933
0.01341619
0.00915958
0.00990905
0.01131386
0.01008745
0.01153461
0.01200652
0.01060908
0.01289470
0.01401049
0.01271854
0.01082720
0.01388946
0.00985387
0.01193257
0.01113274
0.01530739
0.01190452
0.01138034
0.01338922
0.01129812
0.01016392
0.01043902
0.00965331
0.01314754
0.01079515
0.01307812
0.01188537
0.01251910
0.01149422
0.01752177
0.01030399
0.01149991
0.01113263
0.01081574
0.01137173
0.00960248
0.01144079
0.01133799
0.01031134
0.01211258
0.00992425
0.01442055
0.01040691
0.01084601
0.01060110
0.01415016
0.01140152
0.01417057
0.01203652
0.01139798
0.01192864
0.01185665
0.01220494
0.01163632
0.00921632
0.01107297
0.01141839
0.01393746
0.01453588
0.00881411
0.00946367
0.01014160
0.01195871
0.00964017
0.01709048
0.01059309
0.00984349
0.01125765
0.01764388
0.01181430
0.01410958
0.00949132
0.01205504
0.01133419
0.01614627
0.00997127
0.00994158
0.01108140
0.01138377
0.01242472
0.01225841
0.01232750
0.01086783
0.01214678
0.01004434
0.01095551
0.01194262
0.01147288
0.00990233
0.01460328
0.01173304
0.01106675
0.00980535
0.01061874
0.01095516
0.01271272
0.01218720
0.01105565
0.01035621
0.01077226
0.01450627
0.01108785
0.00974195
0.01103025
0.01169363
0.00940447
0.01241811
0.01080275
0.01241710
0.01072063
0.01121014
0.01193331
0.01146813
0.01224030
0.01308887
0.01017923
0.01129514
0.01068091
0.01129783
0.01398299
0.01156427
0.01078384
0.00907978
0.01058303
0.01080814
0.01196850
0.01310256
0.01920011
0.01298029
0.00980344
0.01104576
0.01275376
0.00989428
0.01184497
0.00997508
0.01084912
0.01057151
0.00979416
0.01925114
0.01133466
0.01038534
0.01608730
0.01320250
0.01021255
0.01268755
0.00941789
0.01368707
0.01021789
0.01054019
0.00936802
0.00949842
0.01277816
0.01119762
0.00898129
0.01344742
0.01228412
0.01140105
0.01162881
0.01404793
0.01222514
0.00903152
0.01200366
0.00953233
0.01363776
0.01156236
0.00922520
0.01548246
0.01147324
0.01262158
0.01239575
0.01039657
0.01270078
0.01375418
0.01226057
0.01243321
0.01802788
0.01188219
0.01580230
0.01098368
0.01201871
0.01897754
0.01001713
0.01229385
0.01415689
0.01005221
0.01522002
0.01271286
0.01352008
0.01199618
0.01123298
0.01027569
0.01222478
0.01095990
0.01431528
0.00974935
0.01080346
0.01382617
0.01246934
0.01243714
0.00943556
0.01035630
0.01391936
0.01164237
0.01454228
0.00983833
0.01172498
0.00902826
0.00961697
0.01028119
0.01053938
0.01063626
0.01051054
0.01467422
0.01217323
0.00912865
0.01134887
0.01045770
0.01062774
0.01165367
0.00990310
0.01198936
0.01027965
0.01148613
0.01079193
0.00964703
0.01107178
0.01222176
0.01026679
0.01491204
0.01186747
0.01111989
0.01183246
0.01198535
0.01134158
0.01375850
0.01070149
0.00965888
0.01058101
0.01056646
0.01088914
0.01163708
0.01397050
0.01088104
0.01456119
0.01074116
0.01104223
0.01197090
0.01301243
0.01650896
0.00971406
0.00932607
0.01148408
0.00881860
0.01132106
0.00907980
0.01257593
0.01272088
0.00919929
0.01023654
0.01001617
0.01075201
0.01262389
0.01360753
0.00975767
0.01162068
0.01002603
0.01169296
0.01236195
0.01063258
0.01435342
0.00906979
0.01198461
0.01025555
0.00886481
0.00934685
0.00906444
0.01010591
0.01186320
0.01278489
0.01188797
0.01000930
0.01463318
0.01040585
0.01214623
0.01206722
0.01168743
0.01008559
0.00900734
0.01231846
0.01243425
0.01479374
0.01282200
0.01133955
0.01121038
0.01005902
0.01021644
0.01051448
0.01696633
0.01104495
0.01380133
0.01022918
0.01095850
0.01239431
0.01242271
0.01204592
0.01270323
0.01271409
0.01144184
0.01528622
0.01127010
0.01230697
0.01677087
0.01677512
0.01178050
0.01262110
0.01217467
0.00956586
0.01225149
0.01112555
0.01103245
0.01157305
0.01000487
0.01254549
0.01083060
0.01232426
0.01422308
0.01102593
0.01111794
0.01225749
0.01042551
0.01231909
0.01740373
0.01188107
0.01186269
0.01294658
0.01411249
0.01414871
0.01318879
0.01359246
0.01042797
0.01399091
0.01066406
0.01231811
0.01095386
0.01236261
0.01299650
0.01059949
0.01039568
0.01346868
0.01752365
0.01304678
0.01032394
0.01294001
0.01123676
0.01340016
0.01160356
0.01605867
0.01051373
0.01315356
0.01352042
0.00996099
0.01119379
0.00974071
0.00996418
0.01548974
0.01167363
0.01120748
0.01285801
0.01241136
0.01192184
0.01093476
0.01149868
0.01375052
0.01286743
0.01096368
0.01366587
0.01350950
0.01022329
0.01334426
0.01422037
0.01240375
0.01215449
0.01254628
0.01405555
0.01064821
0.01046551
0.01028971
0.01162467
0.01746922
0.01256777
0.00917417
0.00988807
0.01120360
0.01376210
0.01078568
0.01414938