0.03704022
0.03683583
0.05027626
0.03701708
0.03887594
0.04642629
0.03905779
0.04823926
0.04352669
0.03963928
0.03682939
0.04429117
0.04405537
0.04950018
0.03946547
0.05023330
0.04024185
0.04477172
0.04845560
0.03870455
0.04171311
0.05057432
0.04052607
0.09481703
0.05205396
0.06323308
0.04018803
0.05641264
0.04771732
0.03720199
0.05742426
0.06754563
0.03880119
0.04790664
0.04546648
0.04815224
0.04169481
0.04180825
0.03603844
0.04055784
0.05142746
0.04601264
0.04395942
0.04193758
0.03731768
0.03557747
0.03792884
0.03921396
0.03974384
0.03661463
0.04060354
0.05576072
0.03754244
0.04086392
0.03208283
0.05155098
0.03842664
0.03973211
0.03991686
0.03436831
0.04642509
0.03864392
0.03848101
0.04027779
0.04165871
0.04356905
0.04373710
0.05025986
0.06706996
0.03854111
0.04245008
0.03799682
0.04552317
0.03432872
0.04092046
0.03941798
0.04118362
0.03685319
0.04674069
0.03867283
0.04278298
0.03998293
0.03853794
0.03752579
0.03561686
0.04502204
0.04508948
0.04078123
0.04324273
0.04087582
0.04070378
0.04181326
0.03902032
0.03961420
0.03628815
0.04163401
0.03844273
0.04439528
0.03790589
0.04214595
0.04586881
0.04475423
0.03301062
0.03751884
0.03774550
0.04004994
0.03922226
0.04914341
0.03454979
0.03976756
0.03878658
0.05285089
0.04640788
0.04760854
0.06397649
0.03702268
0.03468400
0.04050966
0.04144019
0.03516547
0.05539684
0.03534301
0.03388166
0.04071511
0.06308390
0.03936327
0.03833520
0.10560790
0.04108000
0.03805116
0.03986189
0.05172811
0.04353127
0.03606500
0.04711573
0.05331711
0.04512699
0.03776411
0.04562438
0.04434506
0.04618860
0.04928060
0.04294730
0.04381145
0.05177748
0.05600101
0.04404417
0.03698332
0.04055397
0.04027748
0.05076997
0.04203100
0.04614618
0.04180831
0.04875936
0.03767161
0.04543616
0.05333262
0.03942000
0.05975685
0.04311741
0.06128892
0.04951606
0.03802299
0.03968384
0.05582484
0.04408026
0.03835779
0.04493409
0.04204597
0.03920317
0.04904105
0.03849469
0.03711569
0.04119275
0.04600206
0.04858063
0.03783658
0.03634138
0.03807310
0.04164296
0.03624128
0.03928568
0.04837875
0.03728655
0.04620183
0.04480025
0.06669630
0.04198825
0.03598678
0.04082189
0.04200276
0.03628097
0.03963764
0.04026971
0.03912693
0.03900201
0.05522490
0.04535812
0.03442771
0.04164073
0.04176345
0.03518070
0.03776011
0.04809702
0.03593208
0.04010454
0.03925814
0.04657949
0.04018716
0.04001367
0.03550326
0.04637680
0.05637950
0.03714882
0.03519414
0.03518886
0.04016561
0.03478767
0.03812400
0.05633451
0.03459551
0.04175898
0.03660748
0.03766656
0.04142654
0.03464816
0.04249466
0.04129270
0.03870581
0.04133441
0.03677404
0.03732604
0.05127446
0.04340664
0.04022973
0.04865879
0.04278007
0.04158760
0.03916571
0.05510457
0.03815890
0.03742383
0.05073224
0.03363127
0.03862583
0.05017495
0.04330858
0.04349061
0.04414344
0.04358309
0.04474093
0.04372106
0.03762628
0.04084384
0.03493401
0.03908842
0.04726897
0.04851119
0.04346943
0.03976331
0.03434695
0.05019323
0.04418875
0.03770255
0.05417550
0.03436941
0.05531175
0.03700832
0.04279994
0.05018634
0.03451049
0.04792131
0.04437891
0.03618886
0.03623614
0.04552901
0.04336981
0.03449468
0.04509817
0.03724706
0.05073994
0.05437725
0.03496350
0.04783451
0.03973284
0.03829795
0.05671737
0.04098253
0.03974870
0.03860570
0.05448157
0.04091346
0.04358895
0.05034462
0.04778579
0.04220829
0.03904115
0.04128206
0.03797967
0.03821000
0.03967163
0.05187915
0.03461931
0.03611377
0.03823397
0.03988137
0.03980911
0.04032280
0.04138647
0.04674224
0.04064231
0.04438629
0.03950048
0.03970487
0.03708932
0.04294792
0.03930564
0.04724357
0.04139643
0.03792655
0.03696697
0.04206200
0.04697546
0.04087160
0.04981799
0.03638607
0.03999253
0.04068513
0.03509715
0.04962452
0.05206683
0.04605631
0.04800728
0.03573505
0.03933508
0.05359930
0.04446305
0.03972113
0.03888504
0.05214484
0.04764159
0.04532098
0.04898870
0.04200343
0.03711553
0.04321124
0.03754832
0.04102974
0.04277625
0.04072514
0.05060328
0.04041753
0.03575830
0.05463272
0.04423270
0.04376568
0.04419727
0.04143228
0.03638718
0.04082267
0.03866101
0.03866542
0.03582463
0.04147335
0.04582538
0.03689775
0.03698875
0.03799793
0.04860069
0.05944969
0.04668025
0.04139432
0.06132697
0.03687814
0.03264477
0.03636722
0.03986217
0.04335254
0.03699360
0.05574501
0.04365967
0.03952928
0.03734691
0.04122400
0.04080770
0.04163271
0.04116442
0.04789759
0.04811007
0.04191599
0.04555383
0.03727341
0.03766201
0.05062620
0.03526533
0.04610122
0.04093499
0.04510668
0.04233463
0.04064005
0.04347051
0.04032777
0.04364533
0.04941739
0.03799897
0.05568985
0.03724785
0.04025865
0.04244633
0.04404751
0.04808214
0.09282309
0.04163586
0.03903614
0.04850227
0.04003427
0.04309669
0.04746990
0.04452556
0.03694376
0.03212291
0.03818790
0.04595742
0.04688891
0.03977649
0.04297682
0.04121694
0.03715742
0.03653350
0.04171074
0.04261107
0.05014821
0.05218306
0.09341822
0.05587676
0.04151160
0.04136176
0.03398326
0.04333341
0.03894022
0.04092004
0.04109724
0.03671681
0.04501469
0.04592760
0.04333563
0.03750346
0.04015735
0.04079603
0.03948708
0.04140113
0.04193918
0.03816721
0.03913026
0.03656305
0.08230073
0.05006720
0.03701887
0.03935868
0.04058118
0.03892139
0.04015085
0.07206725
0.05154939
0.04048238
0.03782275
0.04064632
0.06391718
0.04306181
0.04046972
0.04277606
0.03964532
0.06456457
0.04942249
0.04139918
0.04306835
0.03807737
0.04404402
0.05227351
0.03820825
0.04056528
0.04684858
0.04786157
0.04311262
0.04410486
0.05270162
0.04830630
0.04248145
0.03705788
0.03800328
0.04452075
0.04710233
0.05098655
0.04969927
0.05262608
0.08597355
0.03877678
0.03809878
0.04033674