0.01774648
0.02055079
0.01751265
0.01820181
0.02099099
0.01833732
0.01777791
0.01737868
0.01797409
0.02154733
0.02180830
0.01694431
0.01715995
0.02073470
0.01827848
0.01806845
0.01923388
0.01912831
0.01700795
0.02092084
0.01653499
0.01900619
0.01927016
0.01862114
0.01648472
0.01593339
0.01652470
0.01803170
0.01856050
0.01771773
0.01745869
0.02008276
0.01704333
0.02168047
0.02053156
0.01771349
0.01724631
0.01786786
0.01676218
0.01700143
0.01929368
0.01881629
0.01797021
0.01784214
0.01700116
0.02097745
0.01727756
0.01759349
0.03013677
0.01655960
0.01870043
0.01795624
0.01794087
0.01866349
0.01829019
0.02413906
0.01771929
0.01785497
0.01851669
0.01856676
0.01664581
0.02014279
0.01792998
0.01932224
0.01614872
0.01654531
0.02139957
0.01728671
0.01950373
0.01758403
0.01801944
0.01745144
0.01756271
0.01742061
0.01910366
0.01962731
0.02031234
0.01839408
0.01895489
0.01688474
0.01671009
0.02052766
0.01618081
0.02048383
0.01891990
0.01811968
0.01840828
0.01663803
0.01535452
0.01660105
0.01954469
0.01806464
0.01884011
0.01664327
0.01969815
0.01724820
0.02061510
0.01740548
0.01821086
0.01670836
0.02077789
0.01743313
0.02124588
0.01668396
0.01801274
0.01981724
0.02092169
0.01964627
0.01787038
0.01727257
0.01850344
0.01998990
0.01862328
0.01665460
0.01878327
0.02110969
0.01596426
0.01639503
0.01858936
0.01876062
0.01836777
0.01963555
0.01754381
0.01693968
0.01759354
0.01991219
0.01698784
0.01918196
0.01746662
0.01791071
0.02018123
0.01705541
0.01850272
0.01774747
0.01912412
0.01761943
0.01891297
0.01767492
0.01805374
0.01740606
0.02046577
0.01863036
0.01673700
0.02051550
0.01782404
0.01796631
0.01654340
0.01861732
0.02127121
0.01756019
0.01767282
0.01981371
0.02067691
0.01916663
0.01675506
0.01879191
0.01817381
0.01960348
0.01836846
0.01663711
0.01536388
0.01643608
0.02412380
0.01975444
0.01680157
0.02003231
0.01714670
0.01983004
0.01893664
0.01834310
0.01846761
0.02128447
0.01686084
0.01704703
0.01885074
0.01651807
0.02017976
0.02276580
0.01688974
0.01935741
0.01704255
0.01950461
0.01676761
0.01693615
0.01999992
0.02034599
0.01891471
0.01656202
0.01691004
0.01865159
0.01606718
0.01607195
0.01637600
0.01772945
0.01942237
0.01850741
0.01663850
0.01676570
0.01555265
0.01810084
0.01801415
0.01767187
0.01764007
0.02290880
0.01872798
0.01676529
0.01817338
0.01823946
0.01836230
0.01834520
0.01861369
0.01828601
0.01779204
0.01642800
0.01736417
0.01918299
0.01616658
0.01836280
0.01702692
0.01754491
0.01933818
0.01849025
0.01656761
0.02227137
0.02076478
0.02027480
0.01715264
0.01604313
0.02031229
0.02579996
0.01967914
0.01654022
0.01956759
0.01757044
0.01723381
0.01784333
0.01910667
0.01882744
0.01708641
0.02065520
0.01675814
0.02144058
0.01850598
0.01894081
0.01648146
0.01837052
0.01616615
0.01830902
0.01763898
0.01675714
0.01701761
0.02092557
0.01800740
0.02112367
0.01808896
0.01874702
0.01762670
0.01882482
0.01739790
0.01719465
0.01721199
0.01711195
0.01810956
0.01740508
0.01720055
0.01684170
0.01955290
0.01860221
0.01868791
0.01631973
0.01717001
0.01860729
0.01743621
0.01928945
0.01611308
0.01875109
0.01766578
0.01633290
0.01913187
0.01583581
0.01761267
0.01874012
0.02011538
0.01890191
0.02110823
0.01794670
0.01724498
0.01792055
0.02126879
0.01925829
0.02250066
0.01945945
0.02006959
0.01649201
0.01885780
0.01641839
0.01892878
0.01739988
0.01633288
0.01843020
0.01751069
0.01870904
0.01723597
0.01859660
0.01619440
0.01819481
0.01822982
0.01636951
0.01923206
0.01721115
0.01857490
0.01809354
0.01963734
0.01754910
0.01728992
0.01759330
0.01810256
0.01918818
0.01760726
0.01934994
0.01859592
0.01758767
0.01816024
0.01874339
0.01803752
0.01820780
0.01749314
0.01601572
0.02042338
0.01788643
0.01807411
0.01634330
0.02114578
0.01719720
0.01903743
0.01703579
0.01823252
0.01780767
0.01820385
0.01769030
0.01725307
0.01939286
0.01624087
0.01757495
0.01836508
0.01662887
0.02110611
0.01727514
0.01632714
0.01773543
0.01787890
0.01858127
0.01733941
0.01996807
0.01955729
0.01842477
0.01926368
0.01777571
0.01818573
0.01717031
0.01726229
0.01790117
0.01655273
0.02690629
0.01793585
0.01785734
0.01727803
0.01765691
0.01779313
0.01720613
0.01646114
0.01702071
0.01969836
0.01775928
0.01747143
0.02059394
0.02039118
0.02067180
0.01824155
0.02017586
0.01818118
0.01702683
0.02158493
0.01890758
0.01718709
0.01910656
0.01726408
0.01902535
0.01805343
0.01737645
0.01826665
0.01936239
0.01728301
0.02104521
0.01819079
0.01776234
0.01663471
0.01849102
0.01874958
0.01704459
0.01766134
0.01797644
0.01881241
0.01620253
0.01635501
0.01700584
0.01665754
0.01658768
0.01974708
0.01895969
0.01668796
0.01993367
0.01831944
0.01660421
0.01632211
0.02258736
0.01732423
0.01596246
0.02008942
0.02055796
0.01781204
0.01960747
0.01956340
0.01830088
0.01798893
0.02782338
0.01774349
0.01941663
0.01789647
0.01677719
0.01724228
0.01786752
0.01928510
0.01722809
0.02009916
0.02229897
0.02004707
0.02070642
0.02110331
0.02294062
0.01731662
0.01755871
0.02371083
0.02011694
0.02780558
0.02038561
0.01764858
0.01806099
0.01780881
0.01672763
0.02420354
0.02368148
0.01930096
0.02111412
0.02076847
0.01723904
0.01740746
0.01789003
0.01768795
0.01875334
0.01584845
0.01924831
0.01919396
0.01826455
0.01744742
0.01608667
0.03126863
0.01830971
0.02126813
0.01680214
0.01666848
0.01959637
0.01733533
0.02079330
0.01627797
0.01814774
0.01823851
0.01604566
0.01682554
0.01630856
0.01721428
0.01747672
0.02010659
0.01701544
0.02052304
0.02035921
0.01790420
0.01828942
0.01848256
0.01990744
0.02149641
0.01820974
0.01949664
0.01691857
0.01946569
0.01875360
0.01702975
0.01973610
0.01783994
0.01821136