0.00834073
0.00897276
0.00838823
0.00824995
0.00906080
0.00828364
0.00880321
0.00863092
0.00865032
0.00850577
0.00795133
0.00796085
0.00849890
0.00933481
0.00853891
0.00874534
0.00899557
0.00997089
0.00901445
0.00922531
0.00886636
0.00810610
0.00877039
0.00822017
0.00918891
0.00950540
0.00827118
0.00824947
0.00778375
0.00872471
0.00809835
0.00806716
0.00944367
0.01000171
0.00874404
0.00823381
0.00943037
0.00855550
0.00909977
0.00880408
0.01055892
0.01140451
0.00785237
0.00860033
0.00873942
0.00881758
0.00862765
0.00835486
0.00943344
0.00835577
0.00963071
0.00819689
0.01201581
0.00929498
0.00896280
0.00842232
0.00897124
0.00861963
0.00841617
0.00843034
0.00955681
0.00882497
0.00858610
0.00985468
0.00785028
0.00854362
0.00884454
0.00937532
0.00890844
0.00813063
0.00866911
0.00897585
0.00805581
0.00851812
0.00805167
0.00884763
0.00861074
0.00932356
0.00860772
0.00849630
0.00944898
0.00947298
0.00864731
0.00815849
0.00897943
0.00907578
0.00902747
0.00959336
0.00897198
0.00900351
0.00853403
0.00913370
0.00972176
0.00838276
0.00863174
0.00838016
0.00866603
0.00930002
0.00906557
0.00865374
0.00986595
0.00862445
0.00896376
0.00870845
0.00914971
0.00889611
0.00906066
0.00879160
0.00890999
0.00874628
0.00934009
0.00836053
0.00905694
0.00847398
0.00878859
0.00833468
0.00920306
0.00799285
0.00879681
0.00916506
0.00888975
0.00892335
0.00936353
0.01018994
0.00920969
0.00836911
0.00993713
0.00889815
0.00833290
0.00998444
0.00905067
0.00906074
0.00935598
0.00909736
0.00842380
0.00958825
0.00987743
0.00813543
0.00940968
0.01001187
0.00851758
0.00943798
0.00891430
0.00852976
0.00885533
0.00930531
0.00866584
0.00819283
0.00891342
0.00825460
0.00863058
0.00883917
0.00843883
0.00808773
0.00842928
0.00844613
0.00905078
0.00951344
0.00885882
0.00814702
0.00934500
0.00885011
0.00917001
0.00861227
0.00892160
0.00820929
0.00904379
0.00862030
0.00851541
0.00909933
0.00922770
0.00786895
0.00860899
0.00894583
0.00931876
0.00876758
0.00910607
0.00998245
0.00854082
0.00894336
0.00862702
0.00871056
0.00838591
0.00916678
0.00919573
0.00904025
0.00884322
0.00857292
0.00967390
0.00927388
0.00834795
0.00938013
0.00861523
0.00856892
0.00856377
0.00882745
0.00832852
0.00819563
0.01009828
0.00803978
0.00896084
0.00844689
0.00848677
0.01035443
0.00827240
0.00883123
0.00882515
0.00908230
0.00830542
0.00827242
0.00839722
0.00852688
0.00824700
0.00828075
0.00873472
0.00888439
0.00961390
0.00873688
0.00873228
0.00828316
0.00869035
0.00851705
0.00964659
0.00933686
0.00837531
0.00886297
0.00809813
0.00862718
0.00805538
0.00874705
0.00940240
0.00887225
0.00795085
0.00840105
0.00925216
0.00895046
0.00891619
0.00878815
0.00963543
0.00870582
0.00878650
0.00864033
0.00948480
0.00827000
0.00895413
0.00856942
0.00881499
0.00871752
0.00864326
0.00898950
0.00869418
0.00870428
0.00853059
0.00849328
0.00886469
0.00860053
0.00822177
0.00963556
0.00820393
0.00857261
0.00851020
0.00837432
0.00842393
0.00926458
0.00833491
0.00841744
0.00922966
0.00851063
0.01134817
0.00888604
0.00953318
0.00820646
0.00851889
0.01133679
0.01014172
0.00974174
0.00862018
0.00847523
0.00922525
0.00879271
0.00844832
0.00963658
0.00835150
0.00973496
0.00944239
0.00851485
0.00909782
0.00906578
0.00886993
0.00901259
0.00884689
0.00956282
0.00849879
0.00872456
0.00853236
0.00950134
0.00907598
0.00893468
0.00905673
0.00964832
0.00863450
0.00885863
0.00920789
0.00887047
0.00906939
0.00963769
0.00893019
0.00935371
0.00861152
0.01020168
0.00867126
0.00867912
0.00837900
0.00865686
0.00957662
0.00841782
0.00860168
0.00987193
0.00805942
0.00818174
0.00804978
0.00865214
0.00935991
0.00924260
0.00868994
0.00926410
0.00841331
0.01293097
0.00824156
0.00862310
0.00791256
0.00751031
0.00911503
0.00864161
0.00845939
0.00873147
0.00925032
0.00970920
0.00851697
0.00940809
0.00850486
0.00843831
0.00816736
0.00892211
0.00870194
0.00907149
0.00820247
0.00882927
0.00895809
0.00882619
0.00816800
0.01146290
0.00844916
0.00910426
0.00943273
0.00834109
0.00905863
0.00816742
0.00896567
0.00841791
0.00843141
0.00825316
0.00862987
0.00869646
0.00848604
0.00891984
0.00843815
0.00905027
0.00856829
0.00852158
0.00871123
0.00965108
0.00894771
0.00861934
0.01104211
0.00846198
0.00849719
0.00843699
0.00796961
0.00762749
0.00847099
0.00879095
0.00812920
0.00897319
0.00848891
0.00828666
0.00832327
0.00862268
0.00894328
0.00883245
0.00877398
0.00911761
0.00921603
0.00888621
0.00949395
0.00823257
0.00951500
0.00866941
0.00841251
0.00882363
0.00908523
0.00886417
0.00963106
0.00936668
0.00839144
0.00881245
0.00855463
0.00868236
0.00904070
0.00845030
0.00968203
0.00832487
0.00893301
0.00892651
0.00821194
0.00811062
0.00873444
0.00887298
0.00870552
0.00872512
0.00883024
0.00927375
0.00826098
0.00841675
0.00849533
0.00867089
0.00820095
0.00899762
0.00891906
0.01005871
0.00854131
0.00836542
0.00891731
0.00928084
0.01018976
0.00880528
0.00884098
0.00860367
0.00949836
0.00953228
0.00843255
0.00849459
0.00921403
0.00872879
0.00977558
0.00797900
0.00890329
0.00891286
0.00943888
0.01026716
0.00883195
0.00810955
0.00842119
0.00844450
0.00865472
0.01046855
0.00792762
0.00872907
0.00875383
0.00868309
0.01014807
0.00972541
0.00872689
0.00847176
0.00820639
0.00852844
0.00884505
0.00830503
0.00834468
0.00891001
0.00909802
0.00986583
0.00856528
0.00874119
0.00955328
0.00846814
0.00860713
0.00822020
0.00897800
0.00922456
0.00811052
0.00814712
0.00834164
0.00925968
0.00919881
0.00852969
0.00929981
0.00852768
0.00918061
0.00807656
0.00813488
0.00844558
0.00848508
0.00876168
0.00845211
0.00943771
0.00875369
0.00832391
0.00848684
0.00892534