0.05381124
0.05829626
0.05547108
0.07504778
0.04958386
0.06405980
0.05116289
0.05380159
0.13334516
0.05714013
0.04946675
0.05069791
0.06829222
0.05210421
0.08323265
0.07932814
0.10125630
0.05170608
0.05922426
0.04990993
0.12674128
0.05951106
0.05414185
0.04791908
0.06398775
0.06691445
0.05399508
0.06285523
0.17494747
0.04846089
0.05250143
0.13145936
0.05108873
0.05889807
0.06461738
0.06057399
0.05614999
0.12332569
0.05238223
0.07869943
0.08451572
0.11600505
0.12670377
0.04807552
0.05852330
0.06965422
0.05857844
0.05169107
0.03877312
0.13794612
0.08594946
0.07545402
0.05612115
0.04896619
0.12353514
0.07420966
0.04638452
0.04381042
0.05922678
0.05256186
0.07498871
0.09258706
0.06435888
0.06053728
0.06854974
0.08708399
0.04899315
0.05645095
0.07875585
0.06945446
0.06000798
0.06189098
0.06285278
0.04724211
0.06497121
0.05800161
0.06250285
0.04120627
0.05857327
0.06636593
0.06981000
0.04889832
0.05913463
0.05246395
0.04835007
0.05165603
0.04794540
0.06478970
0.07554876
0.06105153
0.05067225
0.18472185
0.06010633
0.05369274
0.07289679
0.06539887
0.05885618
0.11082318
0.06148461
0.06671648
0.05213333
0.06533560
0.06341152
0.07279715
0.05683896
0.09768603
0.07909001
0.04914683
0.06495045
0.07002924
0.07590329
0.21310559
0.07480175
0.07206618
0.10831465
0.09299470
0.04770281
0.07461941
0.05284677
0.06138209
0.07480184
0.04868132
0.07763328
0.05364830
0.05041147
0.11064164
0.13539010
0.04546901
0.09957950
0.04440344
0.06419110
0.04565215
0.04709005
0.08077392
0.05580792
0.04809845
0.08366764
0.08014503
0.06094285
0.05780194
0.05599366
0.06533184
0.06097000
0.08259321
0.05862844
0.04582705
0.05035587
0.08332473
0.06528034
0.05479526
0.07444971
0.06451299
0.05771407
0.05423585
0.08253841
0.05148479
0.25066041
0.05230851
0.06272119
0.05453848
0.07587345
0.05279276
0.07624310
0.06883918
0.05966658
0.06605317
0.08375656
0.05164969
0.06091684
0.06397468
0.09406913
0.08238405
0.04996102
0.05511809
0.07171834
0.05103763
0.06173483
0.04937895
0.05155805
0.14319654
0.05954251
0.05948265
0.05035632
0.06684740
0.04403298
0.06434890
0.07014925
0.05789571
0.10731356
0.06848660
0.06692249
0.08269514
0.06251756
0.05853519
0.05700432
0.04748145
0.04735786
0.05753163
0.05684735
0.06071125
0.04491347
0.04338795
0.04929787
0.06330635
0.05418736
0.06105161
0.05895990
0.04323737
0.08459193
0.08909300
0.12991246
0.09306441
0.04548979
0.04182393
0.05520472
0.04756303
0.06278592
0.04858428
0.05755420
0.06775532
0.06707289
0.06732349
0.06619374
0.05414787
0.07761650
0.07167663
0.06864283
0.06112609
0.04643105
0.05767510
0.10490503
0.08195641
0.08909731
0.05190651
0.04492578
0.05942598
0.06895762
0.06453935
0.07923936
0.04411501
0.06171703
0.04202407
0.05303556
0.06349095
0.04880547
0.06072971
0.06869985
0.09577576
0.05909282
0.10238699
0.10444165
0.05709754
0.04967800
0.06337094
0.05932781
0.07358201
0.05105123
0.05636386
0.06829977
0.06847678
0.05122215
0.06231564
0.06043931
0.04748741
0.10332407
0.05272697
0.08495503
0.05745709
0.06359891
0.05366221
0.13239797
0.04665981
0.05923817
0.08379726
0.05149370
0.05173851
0.14786768
0.05051386
0.07494505
0.04415403
0.05843255
0.08140311
0.05920339
0.07798763
0.05125612
0.05392582
0.07506587
0.14772693
0.05709547
0.04677430
0.06397356
0.04921210
0.07296857
0.07111793
0.05899091
0.05412604
0.05440005
0.06437507
0.05093844
0.06267840
0.06115706
0.06577086
0.07818096
0.04954294
0.04486085
0.05186226
0.04780392
0.05286185
0.04490358
0.06540010
0.05018383
0.05336776
0.07245467
0.07137848
0.05459479
0.07445159
0.05446554
0.06499681
0.07052326
0.04721627
0.06468619
0.09271978
0.09757373
0.07172954
0.06052842
0.05072247
0.05291020
0.05944926
0.11501239
0.06590122
0.05067972
0.07223464
0.05377021
0.08051692
0.07894009
0.05037146
0.10045306
0.05837441
0.06524675
0.05014783
0.09240687
0.06246505
0.07642689
0.06525579
0.06936617
0.04640559
0.06667977
0.12389206
0.05793325
0.08872563
0.06782399
0.04620507
0.04806705
0.05545478
0.06387993
0.06200027
0.07145108
0.07126725
0.06736771
0.05452155
0.07728541
0.04910561
0.05915536
0.09777480
0.06049725
0.06307225
0.05502271
0.14235753
0.07585613
0.05156301
0.06505892
0.06329825
0.07026109
0.04651297
0.04939843
0.05904771
0.05532890
0.05703485
0.06040939
0.04637794
0.08513677
0.07903769
0.07086745
0.07220194
0.05289310
0.06679061
0.05646103
0.08035565
0.07821102
0.07358770
0.06410925
0.06347601
0.06600620
0.07739793
0.07216327
0.08308731
0.05231188
0.06129036
0.08556815
0.05293715
0.05986200
0.08807389
0.05433164
0.07658548
0.14631285
0.05285489
0.07196648
0.06611610
0.07657991
0.15774477
0.05049721
0.05539367
0.05313328
0.06090329
0.06029438
0.06032787
0.06201386
0.04914081
0.04900677
0.11251081
0.07259671
0.05641630
0.04998809
0.05953888
0.06872719
0.05576823
0.05260329
0.08455189
0.09990921
0.07197752
0.05547063
0.12314525
0.06551572
0.07109249
0.06368179
0.08379059
0.10884347
0.05235268
0.06533779
0.04798367
0.07424322
0.05703652
0.05269486
0.09478250
0.06216283
0.05453327
0.06291485
0.04906539
0.07224466
0.06698271
0.05192672
0.25852082
0.04959890
0.05954369
0.05521922
0.08966806
0.05761843
0.07841628
0.05021374
0.05039366
0.05505833
0.12303285
0.13048059
0.06067917
0.07854007
0.05364363
0.05244042
0.05049220
0.10427207
0.05604044
0.05593423
0.05590724
0.05435924
0.07090544
0.08652489
0.07201244
0.07325299
0.05134898
0.04859634
0.05045242
0.07095236
0.05409252
0.05174183
0.05002493
0.06746007
0.06295989
0.12754230
0.13346710
0.06461399
0.05947331
0.06572382
0.08179484
0.04830563
0.07241096
0.08767863
0.05139474
0.06014662
0.05513662
0.06417423
0.07147892