0.03213238
0.03160455
0.03559382
0.03034584
0.02980243
0.03257020
0.02890377
0.03532959
0.03469400
0.03137627
0.03038289
0.03012038
0.03174111
0.03062050
0.02926743
0.04392653
0.03041505
0.02972008
0.03286274
0.03108367
0.03287865
0.03128697
0.03137575
0.03168281
0.03520006
0.02898985
0.03080046
0.02946582
0.03353559
0.03191911
0.03512315
0.03559952
0.03546312
0.04366680
0.03356199
0.02867390
0.02748838
0.03127217
0.02925459
0.03132443
0.03217600
0.03077263
0.03164347
0.03016379
0.03037374
0.02841969
0.04033961
0.03028216
0.03374227
0.03188463
0.03353107
0.03022909
0.03241433
0.03070400
0.02998206
0.03289835
0.03195946
0.03341930
0.03027684
0.03022168
0.04022359
0.03261245
0.02919028
0.03250480
0.03011285
0.03256515
0.03177666
0.02983217
0.03309571
0.04226906
0.03680136
0.03133281
0.03007931
0.03153627
0.03025119
0.03410519
0.03868782
0.03003106
0.03025892
0.02924929
0.03029285
0.03445491
0.03314647
0.03193809
0.03449875
0.03040284
0.03314581
0.03413486
0.02990825
0.03497970
0.02981128
0.03299398
0.03197611
0.03270035
0.03305282
0.03480642
0.03121935
0.02975647
0.03584460
0.03101967
0.02821567
0.03012824
0.02954749
0.02845541
0.03194862
0.03105410
0.03214807
0.02978123
0.03446621
0.03326251
0.03247328
0.03128479
0.03092749
0.03125622
0.02756524
0.02837613
0.03020324
0.02898568
0.03065157
0.02908487
0.03099489
0.03245877
0.03945121
0.04382739
0.03434168
0.04221184
0.02956908
0.03309237
0.03034462
0.02810536
0.02956255
0.03592908
0.03099839
0.02849011
0.03098602
0.02968360
0.02990022
0.03315892
0.04132347
0.02850682
0.03097141
0.03115808
0.03191795
0.02957389
0.03291666
0.03101692
0.03069411
0.03338112
0.03378118
0.02889024
0.03021820
0.03276536
0.03119195
0.02980751
0.03298512
0.02971740
0.03710216
0.04231049
0.02996146
0.02966175
0.03236458
0.03460471
0.02854887
0.03319056
0.03362467
0.04757822
0.03062927
0.02763868
0.03576148
0.03177775
0.03001926
0.02784506
0.02809266
0.03119460
0.02874803
0.03534395
0.03298884
0.03518255
0.02916363
0.03265067
0.03134288
0.02789138
0.02969644
0.03397861
0.03455152
0.03080807
0.03347750
0.03370849
0.03030791
0.03159093
0.02902550
0.03322693
0.03153171
0.02908841
0.02973465
0.03117238
0.03415515
0.02789940
0.03267713
0.03303662
0.03428330
0.03444276
0.02685201
0.02917550
0.03485704
0.02810640
0.03595492
0.03025745
0.03094135
0.03204093
0.03085728
0.03786666
0.03257123
0.03305417
0.03378992
0.03411233
0.02906342
0.02918201
0.03147221
0.02958067
0.03219505
0.03116538
0.03046320
0.02995331
0.03515250
0.03260456
0.03507044
0.03126114
0.03045250
0.03382598
0.03183351
0.04124583
0.03825380
0.02954020
0.03198179
0.03120355
0.03217325
0.02957214
0.03058390
0.03240640
0.02861386
0.03315218
0.03301704
0.03715812
0.03255115
0.03248301
0.03482142
0.02871031
0.02972586
0.04058797
0.03996589
0.02984048
0.03500160
0.03085249
0.03103079
0.03017431
0.03436795
0.02831500
0.02764042
0.03029788
0.03201938
0.03084253
0.03104289
0.02934404
0.03029781
0.03148263
0.02894785
0.03350866
0.03584383
0.03258468
0.03140713
0.08524289
0.04117445
0.04061086
0.03203432
0.03219146
0.02885933
0.03057402
0.03326304
0.03038589
0.02738332
0.02781476
0.02966574
0.03156328
0.02859142
0.03349569
0.03403769
0.03117733
0.03122190
0.03251566
0.03244153
0.03874416
0.03210866
0.02750876
0.03324618
0.03046117
0.03289070
0.03219500
0.03180893
0.03184935
0.03367284
0.03220422
0.03229086
0.03231648
0.02951829
0.03095017
0.03166152
0.02980267
0.03309270
0.04217890
0.03026522
0.03222773
0.02850599
0.03114695
0.03085183
0.03004032
0.04436044
0.02987623
0.02917966
0.03143493
0.02795570
0.03441081
0.03223212
0.02936453
0.04627282
0.03171415
0.03002030
0.03326760
0.02795636
0.02997990
0.03551496
0.03185966
0.03029956
0.02982944
0.03120847
0.03177210
0.03136534
0.03210550
0.03107827
0.02865700
0.03117338
0.03399457
0.02858563
0.03222603
0.02958799
0.02952330
0.03318637
0.02963688
0.03134779
0.03657418
0.02893832
0.02913314
0.02924677
0.02996494
0.03185961
0.02996116
0.02897485
0.03334589
0.02890445
0.02995475
0.03022911
0.03299066
0.03171020
0.03165220
0.03353888
0.02738300
0.03276995
0.03227500
0.03171306
0.03545726
0.03207409
0.03295824
0.03076076
0.02988488
0.02957509
0.02784416
0.02989618
0.03177872
0.03483518
0.03807517
0.03014245
0.02984187
0.02944017
0.03138352
0.03048226
0.03533404
0.03848918
0.02842989
0.02998664
0.03353792
0.03141331
0.03485056
0.03053559
0.03584001
0.02943218
0.03363067
0.02935783
0.03729165
0.04171643
0.03208920
0.03074105
0.02937491
0.03692827
0.02963068
0.03118998
0.03019265
0.03322262
0.02982300
0.02771731
0.02786919
0.03372818
0.03142919
0.03529156
0.03105822
0.03062359
0.03262034
0.03471611
0.02720902
0.03296769
0.03032823
0.03080050
0.03685923
0.02908785
0.02953135
0.03058314
0.03616841
0.03010425
0.03174839
0.03294234
0.03000490
0.03311842
0.02938111
0.03196140
0.03233630
0.03272068
0.03352009
0.02863804
0.03043354
0.03292514
0.03424086
0.03281094
0.02774254
0.03068562
0.03210878
0.03278658
0.04140245
0.02850875
0.03014770
0.02794681
0.03091653
0.03060739
0.03149266
0.02999711
0.03079344
0.02995035
0.03194847
0.02967072
0.02960277
0.03440011
0.03555870
0.02995708
0.03276991
0.03134890
0.03352309
0.02945235
0.02902111
0.03212954
0.02934510
0.03057844
0.03468869
0.03062971
0.03296980
0.02954573
0.03030842
0.03855860
0.03576831
0.04153334
0.03368920
0.03245892
0.03336878
0.02890352
0.02951704
0.02948915
0.03186939
0.03166962
0.03181167
0.03734970
0.02956778
0.03291391
0.03512933
0.03446351
0.02911698
0.03220544
0.03270429
0.04665955
0.02887779
0.03183755
0.02967431
0.03169774
0.03208352