0.00626772
0.00654717
0.00654463
0.00704261
0.00650268
0.00700528
0.00682079
0.00767864
0.00731077
0.00695115
0.00654130
0.00700781
0.00726014
0.00653454
0.00643634
0.00719404
0.00713410
0.00774540
0.00619254
0.00764477
0.00670609
0.00653067
0.00872586
0.00715656
0.00674594
0.00826741
0.00754251
0.00643718
0.00767429
0.00632395
0.00755396
0.00643981
0.00789746
0.00914824
0.00646496
0.00803123
0.00676805
0.00724588
0.00692112
0.00739445
0.00666329
0.00649074
0.00784757
0.00680530
0.00624603
0.00599918
0.00766428
0.00778549
0.00610609
0.00757417
0.00629390
0.00636331
0.00651362
0.00804091
0.00648506
0.00628316
0.00855771
0.00667545
0.00694231
0.00676185
0.00587539
0.00635460
0.00641794
0.00678647
0.00648053
0.00762184
0.00624631
0.00694937
0.00763805
0.00715980
0.00671727
0.00629432
0.00645972
0.00623998
0.00702325
0.00719696
0.00615938
0.00647907
0.00780363
0.00677808
0.00632835
0.00699870
0.00653536
0.00665254
0.00696596
0.00641314
0.00689880
0.00624834
0.00660885
0.00765634
0.00630792
0.00615567
0.00681521
0.00625770
0.00654386
0.00703562
0.00777886
0.00686914
0.00829412
0.00731390
0.00726241
0.00649151
0.00646577
0.00722588
0.00813029
0.00713499
0.00608535
0.00687336
0.00650324
0.00674939
0.00641738
0.00713144
0.00601347
0.00716469
0.00845639
0.00615885
0.00669736
0.00743502
0.00769610
0.00683295
0.00825665
0.00620092
0.00648847
0.00727182
0.00601106
0.00686885
0.00650897
0.00810179
0.00642905
0.00665577
0.00647773
0.00724397
0.00664426
0.00661269
0.00655798
0.00663698
0.00739254
0.00682430
0.00610435
0.00704828
0.00672090
0.00647458
0.00733324
0.00653072
0.00692294
0.00614407
0.00638888
0.00710498
0.00706663
0.00644752
0.00831331
0.00631041
0.00605085
0.00626487
0.00648081
0.00732562
0.00747699
0.00666659
0.00631432
0.00633824
0.00852647
0.00666872
0.00701907
0.00698110
0.00628296
0.00601249
0.00752891
0.00724487
0.00729272
0.00685374
0.00643187
0.00692962
0.00757122
0.00676802
0.00597342
0.00733772
0.00681616
0.00633693
0.00698713
0.00620807
0.00599669
0.00776074
0.00754972
0.00684308
0.00750156
0.00750650
0.00673389
0.00683979
0.00698685
0.00883458
0.00659510
0.00695730
0.00749712
0.00666099
0.00638563
0.00648726
0.00751877
0.00649804
0.00634517
0.00609917
0.00590189
0.00780653
0.00740026
0.00681205
0.00686567
0.00649047
0.00665179
0.00648097
0.00604282
0.00629176
0.00620580
0.00628715
0.00658270
0.00895125
0.00749063
0.00611169
0.00627681
0.00639088
0.00788678
0.00805857
0.00626843
0.00807165
0.00664831
0.00641734
0.00678973
0.00660985
0.00670903
0.00659405
0.00672285
0.00668166
0.00700209
0.00651658
0.00886205
0.00647527
0.00620360
0.00614360
0.00620655
0.00694695
0.00675873
0.00642949
0.00656601
0.00669461
0.00764573
0.00760899
0.00738200
0.00770436
0.00596342
0.00774264
0.00645702
0.00763956
0.00635294
0.00644985
0.00763288
0.00624591
0.00633891
0.00611329
0.00635153
0.00864497
0.00711468
0.00670334
0.00707865
0.00648184
0.00743669
0.00800933
0.00805700
0.00650550
0.00657318
0.00614530
0.00668104
0.00659704
0.00680452
0.00854169
0.00616418
0.00659618
0.00674121
0.00605779
0.00720520
0.00825189
0.00644814
0.00708576
0.00668116
0.00812388
0.00678635
0.00630465
0.00615006
0.00842515
0.00623996
0.00703287
0.00648603
0.00768737
0.00609589
0.00641641
0.00605165
0.00648389
0.00738629
0.00694147
0.00652930
0.00691422
0.00632463
0.00863184
0.00626510
0.00704405
0.00732365
0.00748664
0.00677498
0.00661726
0.00681958
0.00753835
0.00671164
0.00657074
0.00629326
0.00673259
0.00611529
0.00648399
0.00636626
0.00672617
0.00742401
0.00650295
0.00693034
0.00630875
0.00651034
0.00761583
0.00716117
0.00776016
0.00683991
0.00626685
0.00578232
0.00662857
0.00639686
0.00698166
0.00752211
0.00668569
0.00724041
0.00633548
0.00672706
0.00736899
0.00643778
0.00784296
0.00648188
0.00683436
0.00712967
0.00727256
0.00656021
0.00635987
0.00607945
0.00592203
0.00632350
0.00601675
0.00753165
0.00651868
0.00733483
0.00661713
0.00762910
0.00649201
0.00689109
0.00678372
0.00746075
0.00648647
0.00693995
0.00757071
0.00724753
0.00763720
0.00709745
0.00715832
0.00746454
0.00677709
0.00707759
0.00794984
0.00718165
0.00674932
0.00649086
0.00681011
0.00599110
0.00653731
0.00644789
0.00800793
0.00633778
0.00888903
0.00704211
0.00636032
0.00648749
0.00686412
0.00698605
0.00659462
0.00649522
0.00656412
0.00656800
0.00679792
0.00739657
0.00576639
0.00796315
0.00753669
0.00699805
0.00664199
0.00754315
0.00705359
0.00881025
0.00765941
0.00690363
0.00763382
0.00627556
0.00731086
0.00656424
0.00633590
0.00694733
0.00580530
0.00895294
0.00594161
0.00674851
0.00701897
0.00668140
0.00727963
0.00678969
0.00775933
0.00644737
0.00664650
0.00727891
0.00591086
0.00763827
0.00632272
0.00660894
0.00698727
0.00693374
0.00826168
0.00699115
0.00704821
0.00792596
0.00644823
0.00719559
0.00600350
0.00721450
0.00686137
0.00708666
0.00638262
0.00658753
0.00670047
0.00647371
0.00695406
0.00639306
0.00680094
0.00626715
0.00656895
0.00644952
0.00825327
0.00661656
0.00636445
0.00658672
0.00689708
0.00716881
0.00640634
0.00656044
0.00643134
0.00669226
0.00663748
0.00610787
0.00734974
0.00732478
0.00663763
0.00702677
0.00664240
0.00599650
0.00718366
0.00673615
0.00706723
0.00772323
0.00711440
0.00721245
0.00672069
0.00625898
0.00672310
0.00719597
0.00659852
0.00690856
0.00784814
0.00758449
0.00662527
0.00703407
0.00749319
0.00640091
0.00689501
0.00697256
0.00772645
0.00643173
0.00698929
0.00720021
0.00703499
0.00621446
0.00643729
0.00785536
0.00639050
0.00633580
0.00757390
0.00678298
0.00611944
0.00648607
0.00660115
0.00660283
0.00750210
0.00662026
0.00681656