0.00570682
0.00566917
0.00586077
0.00580019
0.00730279
0.00538941
0.00539442
0.00602815
0.00573572
0.00533398
0.00605331
0.00555233
0.00518101
0.00609583
0.00543133
0.00537183
0.00635654
0.00587125
0.00678024
0.00555146
0.00687973
0.00756738
0.00556294
0.00598113
0.00560634
0.00556569
0.00542616
0.00560106
0.00641280
0.00569236
0.00555767
0.00548502
0.00563486
0.00552294
0.00574811
0.00629704
0.00651092
0.00589650
0.00542770
0.00550328
0.00598404
0.00553417
0.00593925
0.00524278
0.00527464
0.00601085
0.00574351
0.00644396
0.00557360
0.00615247
0.00602847
0.00590765
0.00562656
0.00721984
0.00535198
0.00594040
0.00530866
0.00555658
0.00635575
0.00601512
0.00640428
0.00605040
0.00511647
0.00593504
0.00555655
0.00584973
0.00574401
0.00655647
0.00743088
0.00651347
0.00544693
0.00554774
0.00562316
0.00635060
0.00532382
0.00535131
0.00629422
0.00549788
0.00585785
0.00540411
0.00655681
0.00673139
0.00556187
0.00584314
0.00547982
0.00633654
0.00640519
0.00590415
0.00591744
0.00613934
0.00535665
0.00568907
0.00585833
0.00608955
0.00590172
0.00533295
0.00548007
0.00610966
0.00628592
0.00553382
0.00585035
0.00567871
0.00545033
0.00570293
0.00635955
0.00539484
0.00560077
0.00575453
0.00565859
0.00759073
0.00558165
0.00597779
0.00568972
0.00609682
0.00563696
0.00586685
0.00563974
0.00562209
0.00565856
0.00552557
0.00663517
0.00569493
0.00651423
0.00501362
0.00595837
0.00565001
0.00608445
0.00530889
0.00744808
0.00540233
0.00587596
0.00553594
0.00552237
0.00587499
0.00542119
0.00652529
0.00640269
0.00631066
0.00723255
0.00601853
0.00588991
0.00646596
0.00548428
0.00595486
0.00539812
0.00581431
0.00534905
0.00669720
0.00576961
0.00616668
0.00609780
0.00540537
0.00586918
0.00576568
0.00565806
0.00649252
0.00547177
0.00673723
0.00526336
0.00747105
0.00700038
0.00561887
0.00553012
0.00605335
0.00563514
0.00538445
0.00610404
0.00608106
0.00530449
0.00594056
0.00564019
0.00578834
0.00571825
0.00575227
0.00713388
0.00561730
0.00615108
0.00672450
0.00548963
0.00521414
0.00629961
0.00509395
0.00628625
0.00591352
0.00566454
0.00564679
0.00663106
0.00670828
0.00537837
0.00594966
0.00572601
0.00599505
0.00536374
0.00612853
0.00574570
0.00584193
0.00674552
0.00561030
0.00565389
0.00578364
0.00556525
0.00606569
0.00572124
0.00585736
0.00607714
0.00599601
0.00549181
0.00569620
0.00567829
0.00579014
0.00572811
0.00544471
0.00585741
0.00623423
0.00588614
0.00586937
0.00595627
0.00529684
0.00559071
0.00576746
0.00568311
0.00628345
0.00559102
0.00638404
0.00549710
0.00548960
0.00552995
0.00569271
0.00544948
0.00553846
0.00580808
0.00528299
0.00569077
0.00562766
0.00650451
0.00623243
0.00559793
0.00575670
0.00554827
0.00567531
0.00682491
0.00625642
0.00527689
0.00576088
0.00599231
0.00541603
0.00770587
0.00576746
0.00574608
0.00564719
0.00535762
0.00575032
0.00588852
0.00602520
0.00595062
0.00544933
0.00631073
0.00535002
0.00546327
0.00539443
0.00641498
0.00549157
0.00705879
0.00574505
0.00560209
0.00522431
0.00658090
0.00532145
0.00559783
0.00592488
0.00545204
0.00601961
0.00621004
0.00613693
0.00567273
0.00535444
0.00607807
0.00548619
0.00617740
0.00629558
0.00544373
0.00556061
0.00620347
0.00525979
0.00676359
0.00554157
0.00598178
0.00628180
0.00588435
0.00531696
0.00590496
0.00539651
0.00581478
0.00595048
0.00537797
0.00604921
0.00581059
0.00534134
0.00563864
0.00598447
0.00678827
0.00543469
0.00567239
0.00563746
0.00528949
0.00588117
0.00536590
0.00597806
0.00714902
0.00509900
0.00598559
0.00568827
0.00538541
0.00535211
0.00603888
0.00674335
0.00735009
0.00592451
0.00568185
0.00582544
0.00518547
0.00557764
0.00539230
0.00585296
0.00586217
0.00582500
0.00609725
0.00612204
0.00579294
0.00618248
0.00589889
0.00541649
0.00594722
0.00554233
0.00558664
0.00598323
0.00550142
0.00582889
0.00574400
0.00564650
0.00560825
0.00587839
0.00600942
0.00577233
0.00554153
0.00607041
0.00533824
0.00575229
0.00577101
0.00587158
0.00561566
0.00530433
0.00567145
0.00558907
0.00530362
0.00612923
0.00663374
0.00534288
0.00590680
0.00576679
0.00603519
0.00531064
0.00576156
0.00634010
0.00602138
0.00539459
0.00599088
0.00552082
0.00581730
0.00596377
0.00561838
0.00575467
0.00594618
0.00535021
0.00577673
0.00519821
0.00552892
0.00576360
0.00587652
0.00559937
0.00531719
0.00575256
0.00806836
0.00529583
0.00549463
0.00644095
0.00553720
0.00535030
0.00582719
0.00584378
0.00602741
0.00554211
0.00556781
0.00535914
0.00583614
0.00546708
0.00652309
0.00563563
0.00541850
0.00565158
0.00597443
0.00586538
0.00568007
0.00557380
0.00568081
0.00545844
0.00668468
0.00543334
0.00713783
0.00604197
0.00516626
0.00545770
0.00628174
0.00532817
0.00685881
0.00575468
0.00525630
0.00636253
0.00569931
0.00586562
0.00619657
0.00598338
0.00557034
0.00531454
0.00541586
0.00552373
0.00625973
0.00692902
0.00565208
0.00634526
0.00538243
0.00535484
0.00526946
0.00656006
0.00569004
0.00528612
0.00622486
0.00602756
0.00613435
0.00716214
0.00553297
0.00556911
0.00580087
0.00578839
0.00592964
0.00525541
0.00544178
0.00577228
0.00568391
0.00593197
0.00598956
0.00559492
0.00679209
0.00612192
0.00598078
0.00563960
0.00567243
0.00599653
0.00563369
0.00545192
0.00595137
0.00595185
0.00590255
0.00552664
0.00630602
0.00548663
0.00589868
0.00583747
0.00550789
0.00539627
0.00580668
0.00613095
0.00560485
0.00594510
0.00740260
0.00563585
0.00554252
0.00589197
0.00552770
0.00688313
0.00670705
0.00555158
0.00590653
0.00686879
0.00611909
0.00595303
0.00556811
0.00536534
0.00548110
0.00607261
0.00569028
0.00563501
0.00683247
0.00521489
0.00555056
0.00526068
0.00621784
0.00561794
0.00580879
0.00561663