0.00407364
0.00456518
0.00427384
0.00379680
0.00378434
0.00399313
0.00384415
0.00399017
0.00453524
0.00385404
0.00441117
0.00424121
0.00449167
0.00412839
0.00425513
0.00358179
0.00421655
0.00406900
0.00414896
0.00385582
0.00446178
0.00432372
0.00341907
0.00417619
0.00387418
0.00392995
0.00407070
0.00386429
0.00372364
0.00392722
0.00395960
0.00403748
0.00366100
0.00429083
0.00373906
0.00431829
0.00381517
0.00434923
0.00404731
0.00481291
0.00403004
0.00413324
0.00470607
0.00426778
0.00400062
0.00411948
0.00389452
0.00378503
0.00419478
0.00385825
0.00391127
0.00429091
0.00385902
0.00402452
0.00417487
0.00433228
0.00426763
0.00415714
0.00391296
0.00418956
0.00353593
0.00375433
0.00451032
0.00407563
0.00392545
0.00384779
0.00434214
0.00376932
0.00410283
0.00370698
0.00376840
0.00402554
0.00366822
0.00434705
0.00412769
0.00417000
0.00433466
0.00392934
0.00369150
0.00418185
0.00421024
0.00435986
0.00389185
0.00419485
0.00361016
0.00403385
0.00417225
0.00433438
0.00378631
0.00382372
0.00440763
0.00391630
0.00405212
0.00412824
0.00457939
0.00412093
0.00395416
0.00427475
0.00416270
0.00409486
0.00428998
0.00385831
0.00430454
0.00449613
0.00434196
0.00383693
0.00448253
0.00545634
0.00401546
0.00402549
0.00422623
0.00366140
0.00444805
0.00367360
0.00371733
0.00428923
0.00391346
0.00378373
0.00458116
0.00394943
0.00429169
0.00411440
0.00416333
0.00432617
0.00398496
0.00372665
0.00436242
0.00424669
0.00441206
0.00384422
0.00462531
0.00379260
0.00405938
0.00407146
0.00401992
0.00420004
0.00451662
0.00431304
0.00426539
0.00390352
0.00389352
0.00398981
0.00378086
0.00392163
0.00377282
0.00376531
0.00405315
0.00371625
0.00351802
0.00398042
0.00428274
0.00381061
0.00420828
0.00376229
0.00389989
0.00435690
0.00374163
0.00371289
0.00418886
0.00436450
0.00404377
0.00397866
0.00422655
0.00388097
0.00412625
0.00441776
0.00382500
0.00417602
0.00402835
0.00487074
0.00378904
0.00368125
0.00435279
0.00347137
0.00377638
0.00372926
0.00461969
0.00431143
0.00370534
0.00493801
0.00418282
0.00427330
0.00546261
0.00368819
0.00374563
0.00475763
0.00373284
0.00404262
0.00441374
0.00394072
0.00438602
0.00438419
0.00426912
0.00386122
0.00415146
0.00405867
0.00391800
0.00539452
0.00395482
0.00442654
0.00449926
0.00421583
0.00410812
0.00371644
0.00355724
0.00474468
0.00362722
0.00387755
0.00385777
0.00451712
0.00417752
0.00440332
0.00409132
0.00399769
0.00424971
0.00400455
0.00404607
0.00396258
0.00394948
0.00427908
0.00422825
0.00394595
0.00388680
0.00391752
0.00420187
0.00420082
0.00395339
0.00382988
0.00394168
0.00395382
0.00386599
0.00388828
0.00423662
0.00405085
0.00376557
0.00361366
0.00386261
0.00369681
0.00464145
0.00428697
0.00370847
0.00400020
0.00383978
0.00407863
0.00378548
0.00432467
0.00411875
0.00400274
0.00408764
0.00404458
0.00435155
0.00380405
0.00415362
0.00438326
0.00372618
0.00400844
0.00364578
0.00424112
0.00410590
0.00361320
0.00417703
0.00486275
0.00506439
0.00439885
0.00371735
0.00406762
0.00434254
0.00361906
0.00398682
0.00440836
0.00425573
0.00429302
0.00408903
0.00412768
0.00369503
0.00439252
0.00380534
0.00375784
0.00441193
0.00387672
0.00386139
0.00424863
0.00422856
0.00427649
0.00403582
0.00364602
0.00368052
0.00383054
0.00396054
0.00412277
0.00424753
0.00427050
0.00391912
0.00357517
0.00370810
0.00478699
0.00352451
0.00381023
0.00390917
0.00413763
0.00388179
0.00393352
0.00429002
0.00418112
0.00431093
0.00389389
0.00352564
0.00399864
0.00388652
0.00442222
0.00376297
0.00416325
0.00405214
0.00408874
0.00397071
0.00448858
0.00394063
0.00450205
0.00400867
0.00409596
0.00405487
0.00383041
0.00392731
0.00433791
0.00376162
0.00372570
0.00388264
0.00405398
0.00414262
0.00462201
0.00507407
0.00413180
0.00374962
0.00447666
0.00365110
0.00391566
0.00365587
0.00416001
0.00393035
0.00354084
0.00393632
0.00381518
0.00390656
0.00432150
0.00411979
0.00399424
0.00403124
0.00345473
0.00382027
0.00490285
0.00361715
0.00362043
0.00404597
0.00437357
0.00417790
0.00376471
0.00358835
0.00378271
0.00378917
0.00428776
0.00388632
0.00398503
0.00432331
0.00382257
0.00390731
0.00395628
0.00427439
0.00385756
0.00410455
0.00453975
0.00372439
0.00382910
0.00360956
0.00383268
0.00424666
0.00364118
0.00425432
0.00451524
0.00500643
0.00361991
0.00375889
0.00424457
0.00389037
0.00376869
0.00435383
0.00398123
0.00518235
0.00414267
0.00404638
0.00413731
0.00401550
0.00417565
0.00392714
0.00364113
0.00400056
0.00423204
0.00382938
0.00475804
0.00417999
0.00382921
0.00390470
0.00455145
0.00403563
0.00441296
0.00511748
0.00386627
0.00351490
0.00446854
0.00354196
0.00454427
0.00401096
0.00411842
0.00421004
0.00386571
0.00385592
0.00430879
0.00409275
0.00409352
0.00402765
0.00438539
0.00403708
0.00366792
0.00388885
0.00411950
0.00411802
0.00374963
0.00377603
0.00377091
0.00366641
0.00387664
0.00394417
0.00384229
0.00458549
0.00451873
0.00367385
0.00399401
0.00385955
0.00415997
0.00356151
0.00421744
0.00394373
0.00375007
0.00413772
0.00422062
0.00432274
0.00393398
0.00407632
0.00366913
0.00393533
0.00361393
0.00398274
0.00409261
0.00401202
0.00412111
0.00402840
0.00427101
0.00422488
0.00418844
0.00384230
0.00477703
0.00437653
0.00428161
0.00370869
0.00444674
0.00376994
0.00411231
0.00398608
0.00437133
0.00385450
0.00466758
0.00404173
0.00410488
0.00380088
0.00375702
0.00427589
0.00387469
0.00389108
0.00408340
0.00381386
0.00363927
0.00409558
0.00435082
0.00402841
0.00436797
0.00412772
0.00398392
0.00400020
0.00442275
0.00422835
0.00460460
0.00344260
0.00394467
0.00537351
0.00404246
0.00386948
0.00414532
0.00403188
0.00412602
0.00437376
0.00405095