0.00433072
0.00462566
0.00397976
0.00448247
0.00420864
0.00435786
0.00459041
0.00425410
0.00540185
0.00431479
0.00472832
0.00427677
0.00443186
0.00423119
0.00447965
0.00486200
0.00442794
0.00525374
0.00487163
0.00460072
0.00486475
0.00451531
0.00480172
0.00406987
0.00512887
0.00449054
0.00415150
0.00456115
0.00437193
0.00520489
0.00396210
0.00505919
0.00727954
0.00531098
0.00475420
0.00513263
0.00486609
0.00436902
0.00549251
0.00494240
0.00442437
0.00417171
0.00483627
0.00475511
0.00445484
0.00426613
0.00436351
0.00507885
0.00497425
0.00431620
0.00406812
0.00441288
0.00459517
0.00483966
0.00565547
0.00425416
0.00393200
0.00555725
0.00433724
0.00456995
0.00461714
0.00433959
0.00442752
0.00418016
0.00477587
0.00458762
0.00551378
0.00437473
0.00508168
0.00447269
0.00454838
0.00448840
0.00452331
0.00416496
0.00537080
0.00458571
0.00490316
0.00426186
0.00416620
0.00516391
0.00517398
0.00620404
0.00482870
0.00487165
0.00451084
0.00465203
0.00418776
0.00446813
0.00392299
0.00447335
0.00418800
0.00424009
0.00507324
0.00522539
0.00446545
0.00492575
0.00473616
0.00473126
0.00492937
0.00444384
0.00418222
0.00452472
0.00480840
0.00410537
0.00407295
0.00430855
0.00513732
0.00468299
0.00539301
0.00548314
0.00411842
0.00500138
0.00559631
0.00446720
0.00502103
0.00492695
0.00503127
0.00408528
0.00458178
0.00464276
0.00519185
0.00467178
0.00491806
0.00421539
0.00441689
0.00480294
0.00483848
0.00418685
0.00547667
0.00453662
0.00640315
0.00529967
0.00443094
0.00460832
0.00506597
0.00552316
0.00463045
0.00502076
0.00480655
0.00424829
0.00532275
0.00422242
0.00457414
0.00587765
0.00480266
0.00549879
0.00550066
0.00435539
0.00632408
0.00508230
0.00424713
0.00471917
0.00470055
0.00435810
0.00447418
0.00438949
0.00412701
0.00450594
0.00417273
0.00495214
0.00468822
0.00436687
0.00430565
0.00401349
0.00511900
0.00443150
0.00442005
0.00464722
0.00455373
0.00446897
0.00476747
0.00466116
0.00480232
0.00437168
0.00557775
0.00519137
0.00464016
0.00515036
0.00527237
0.00465052
0.00451844
0.00419913
0.00448047
0.00463460
0.00471202
0.00482163
0.00459364
0.00458646
0.00488294
0.00404993
0.00436458
0.00491858
0.00468853
0.00466252
0.00480600
0.00449369
0.00482760
0.00423494
0.00476674
0.00557864
0.00486892
0.00464543
0.00487679
0.00474515
0.00430024
0.00449310
0.00456742
0.00439397
0.00396038
0.00416725
0.00437556
0.00490777
0.00497606
0.00416247
0.00419612
0.00459144
0.00602748
0.00463602
0.00393530
0.00442589
0.00449093
0.00463961
0.00507772
0.00519274
0.00527078
0.00407953
0.00443606
0.00446572
0.00446940
0.00471755
0.00465398
0.00471311
0.00425026
0.00480693
0.00458295
0.00465259
0.00482023
0.00466889
0.00444034
0.00535244
0.00505347
0.00493043
0.00520249
0.00491929
0.00440186
0.00553263
0.00446048
0.00522066
0.00523682
0.00445917
0.00462207
0.00423139
0.00455370
0.00457411
0.00426657
0.00427185
0.00504178
0.00479216
0.00461548
0.00503051
0.00491851
0.00511388
0.00488645
0.00417440
0.00454838
0.00522646
0.00496689
0.00459156
0.00426569
0.00508611
0.00410706
0.00478264
0.00416461
0.00450936
0.00510232
0.00468143
0.00463735
0.00422992
0.00493905
0.00518471
0.00468438
0.00488412
0.00442686
0.00483087
0.00485605
0.00521074
0.00508809
0.00428984
0.00454217
0.00467889
0.00401999
0.00413892
0.00448744
0.00474070
0.00427073
0.00510427
0.00407775
0.00475361
0.00398181
0.00422078
0.00412493
0.00442851
0.00426280
0.00466564
0.00514874
0.00516030
0.00471287
0.00457427
0.00482278
0.00463884
0.00487109
0.00446656
0.00450442
0.00486777
0.00466159
0.00453081
0.00460219
0.00561863
0.00463238
0.00461068
0.00507260
0.00449629
0.00402842
0.00461723
0.00474190
0.00568375
0.00510781
0.00411921
0.00491682
0.00456082
0.00456326
0.00470073
0.00439446
0.00395354
0.00448007
0.00401022
0.00526916
0.00481570
0.00466527
0.00454931
0.00456027
0.00512845
0.00421779
0.00466130
0.00462830
0.00446627
0.00444614
0.00407951
0.00460893
0.00440086
0.00528591
0.00447197
0.00481748
0.00423933
0.00451403
0.00524139
0.00440914
0.00531478
0.00443763
0.00479906
0.00450413
0.00502426
0.00536867
0.00465782
0.00412737
0.00454555
0.00515901
0.00440471
0.00456240
0.00443726
0.00645973
0.00522294
0.00426376
0.00463661
0.00504118
0.00545294
0.00493237
0.00451174
0.00520354
0.00496178
0.00428721
0.00428011
0.00577719
0.00432017
0.00440618
0.00448957
0.00482140
0.00485499
0.00443422
0.00461193
0.00501860
0.00443911
0.00485455
0.00516880
0.00466065
0.00429907
0.00470241
0.00441581
0.00449838
0.00484303
0.00436105
0.00494619
0.00473705
0.00475831
0.00488808
0.00482060
0.00506582
0.00436181
0.00460664
0.00508512
0.00469389
0.00442393
0.00414266
0.00457210
0.00469080
0.00456369
0.00477256
0.00460406
0.00453934
0.00421509
0.00502810
0.00399202
0.00462964
0.00473011
0.00571055
0.00502765
0.00499558
0.00490372
0.00494938
0.00475680
0.00458993
0.00503595
0.00409041
0.00441161
0.00458696
0.00466311
0.00475687
0.00459523
0.00512915
0.00496152
0.00419424
0.00429009
0.00424363
0.00478349
0.00453069
0.00454258
0.00432177
0.00447947
0.00470474
0.00446969
0.00449167
0.00420104
0.00518713
0.00462011
0.00491223
0.00545101
0.00517331
0.00492489
0.00429338
0.00495685
0.00412213
0.00488984
0.00476049
0.00478305
0.00454697
0.00474807
0.00465227
0.00500734
0.00435695
0.00419400
0.00423431
0.00450777
0.00470038
0.00459362
0.00491326
0.00484033
0.00456193
0.00467991
0.00412122
0.00463907
0.00477078
0.00430482
0.00410180
0.00437031
0.00467380
0.00471104
0.00429728
0.00446986
0.00468498
0.00469006
0.00477227
0.00454841
0.00460356
0.00481565
0.00442076
0.00693455
0.00484630
0.00501299
0.00511683
0.00451547