0.02829861
0.02765896
0.02724474
0.02819301
0.02753105
0.03035072
0.03212029
0.02791710
0.02862142
0.02930898
0.02854334
0.03223083
0.02708428
0.03071751
0.02963031
0.02669765
0.02699487
0.02926821
0.02939821
0.02860958
0.02885070
0.02641069
0.02849759
0.02860323
0.02684438
0.03044640
0.03060631
0.03182894
0.02991579
0.02819206
0.02896159
0.02788049
0.02866174
0.02939078
0.02756256
0.02879405
0.02646985
0.02909489
0.02797314
0.02889369
0.02887275
0.02731565
0.02668116
0.03078309
0.02703228
0.03009503
0.03177769
0.02932588
0.02867038
0.02738723
0.03240877
0.02700345
0.02657615
0.02778399
0.03142466
0.02662466
0.02782858
0.02684381
0.02766519
0.03084456
0.02711263
0.02700025
0.03396482
0.02824366
0.02882003
0.03106908
0.02816731
0.02836416
0.02843588
0.02852078
0.02681570
0.02969411
0.02740953
0.02788720
0.02727686
0.02932757
0.03038402
0.02812720
0.02723833
0.03132216
0.03190109
0.02838198
0.02628877
0.03002735
0.02869460
0.02813061
0.02847650
0.02827194
0.03260894
0.02709408
0.03015063
0.03019534
0.03198567
0.02996295
0.03003842
0.02604195
0.02656625
0.03327985
0.02986866
0.02872192
0.02806288
0.02889887
0.02877491
0.03028117
0.02792459
0.02669039
0.02827515
0.03879219
0.03037706
0.02977334
0.02857128
0.02722361
0.02711259
0.03499428
0.02776119
0.02854764
0.02740930
0.02781470
0.02828914
0.03171547
0.02751649
0.02726425
0.03187674
0.03203133
0.02832368
0.02978204
0.03409730
0.03403478
0.02723404
0.02849501
0.02980494
0.02894781
0.02811821
0.02860440
0.02818615
0.03030331
0.02762448
0.02757708
0.02903930
0.03061786
0.02828674
0.02707426
0.02924371
0.03059535
0.03076313
0.02764729
0.02923881
0.02761030
0.02826983
0.02913850
0.02762662
0.02698045
0.03146479
0.02694857
0.03063893
0.03243504
0.02850241
0.02740001
0.03133909
0.02782500
0.02733782
0.02819308
0.02735080
0.02941300
0.02934407
0.02693696
0.02785771
0.02943524
0.02788301
0.02690432
0.02920218
0.02680194
0.02918138
0.03162164
0.03056639
0.02714298
0.03491689
0.03350752
0.02633954
0.02829648
0.03102642
0.03005527
0.02849653
0.02776172
0.02883610
0.03316351
0.02615242
0.03132972
0.02892608
0.03024743
0.03118401
0.02714386
0.02636869
0.02857555
0.02643901
0.03238717
0.02939195
0.03119059
0.02658369
0.02758144
0.03038691
0.02695727
0.03456247
0.02637732
0.02769513
0.02951484
0.02707461
0.02935818
0.03129533
0.02809095
0.02753379
0.02794853
0.02726433
0.02937787
0.02769814
0.03111036
0.02850813
0.02917563
0.02826749
0.02860313
0.02766177
0.02718767
0.02794004
0.02736707
0.02950582
0.02887858
0.03024908
0.02965970
0.02724472
0.02887052
0.02924420
0.03072258
0.03022211
0.02965719
0.03046916
0.02728527
0.02832809
0.02752637
0.02902517
0.02845746
0.02878208
0.03011985
0.02712704
0.02642314
0.02762237
0.02943355
0.02954920
0.03055150
0.02938996
0.03030833
0.02716345
0.02862508
0.02709732
0.03040116
0.03236653
0.02707749
0.02920123
0.02833831
0.03895852
0.02983126
0.04072389
0.03058140
0.02725944
0.02696367
0.02847764
0.02656144
0.02714656
0.02793911
0.02901981
0.03344591
0.02925620
0.03392336
0.02841740
0.03300856
0.02705258
0.02767908
0.02781709
0.02781246
0.02764681
0.03046608
0.02959783
0.02603773
0.02983691
0.02915939
0.03085982
0.02702681
0.02958167
0.03025051
0.02732188
0.03062311
0.03155967
0.02698918
0.02671070
0.02607677
0.03151084
0.02678408
0.03588595
0.02931889
0.02860907
0.02608607
0.02996407
0.03004429
0.02756609
0.02655660
0.02770626
0.03100779
0.03009821
0.03165082
0.02733265
0.02757730
0.02739497
0.03033850
0.02603228
0.03329277
0.02760323
0.02681133
0.02877990
0.03202151
0.03253045
0.02699666
0.02792839
0.02603356
0.02865282
0.02844341
0.03008915
0.02764021
0.02794054
0.02878438
0.03023601
0.02621179
0.03077113
0.02747512
0.02643581
0.02812010
0.03010715
0.03190823
0.02668527
0.02759648
0.02915870
0.02744522
0.02743545
0.02859837
0.02742471
0.02696582
0.02835036
0.02773376
0.03117113
0.03080081
0.02756981
0.02715612
0.02625521
0.03073047
0.03059001
0.03315025
0.02752349
0.03022515
0.02886182
0.02619078
0.03053251
0.02747734
0.02833595
0.02864311
0.02885508
0.02624293
0.03083045
0.03078694
0.03084178
0.02913362
0.02942026
0.02769229
0.02890660
0.02828522
0.02736823
0.02811160
0.02787989
0.02810824
0.02755333
0.02763845
0.02959461
0.02862190
0.03179189
0.02728731
0.02777195
0.02934145
0.03196120
0.02893494
0.02901398
0.02807733
0.02820487
0.02797501
0.02714810
0.03193264
0.02816687
0.02742160
0.02655917
0.02975258
0.02908630
0.03003799
0.02736110
0.03016519
0.02701906
0.02777331
0.03148942
0.02730109
0.02937976
0.02910440
0.02669830
0.02724784
0.02956115
0.02822955
0.02663206
0.03125919
0.03239235
0.02895596
0.02869721
0.03233813
0.02848742
0.02865958
0.02969851
0.03360448
0.03225459
0.02777677
0.02842527
0.02968236
0.03180037
0.03034548
0.02832754
0.02964652
0.02787397
0.02759611
0.02933791
0.02831619
0.02962871
0.02799334
0.02948913
0.02793129
0.02819596
0.02720006
0.03012355
0.02935645
0.02830965
0.02933162
0.02738847
0.02795547
0.02785388
0.02680314
0.02704329
0.02782636
0.02687783
0.02848664
0.02839631
0.02912506
0.02681130
0.03055836
0.02996118
0.02706887
0.02951210
0.02847441
0.02773469
0.02913524
0.02964912
0.02928829
0.02821915
0.02771230
0.02972535
0.02941986
0.03040812
0.02985415
0.02656411
0.03148686
0.02736155
0.02984449
0.02815603
0.02879195
0.02791250
0.02751799
0.03206371
0.03012278
0.02859032
0.02896464
0.02969522
0.02900520
0.02781124
0.03180878
0.02612304
0.02961739
0.02803096
0.02737037
0.02805204
0.02951009
0.02597277
0.02821837
0.03470811
0.03035065
0.03029417
0.02776953
0.02736557
0.02939195
0.02866026
0.03261978