0.00926419
0.01098498
0.00876472
0.00936719
0.00812350
0.00883775
0.00937573
0.00894343
0.00904931
0.00906743
0.00853038
0.00952101
0.00951603
0.00902951
0.00964301
0.00960117
0.00979081
0.00907181
0.00961130
0.00913163
0.00834970
0.00869278
0.00918610
0.00973518
0.00877688
0.00904019
0.01124757
0.00966797
0.00892206
0.00947312
0.00921614
0.00852849
0.00901763
0.00929508
0.00891864
0.00844156
0.00911664
0.00984331
0.00942307
0.00862154
0.00997856
0.01007456
0.00857284
0.00894612
0.01020463
0.00950293
0.00864682
0.00838792
0.00891816
0.01004129
0.00880864
0.01289676
0.00829841
0.00997799
0.00964222
0.00914106
0.00991319
0.00888103
0.00916079
0.00918083
0.00907423
0.00994155
0.01033326
0.00943552
0.00899035
0.00892230
0.00850137
0.00860216
0.00891544
0.00936096
0.00964908
0.00909188
0.00940745
0.00906058
0.00909535
0.00830764
0.00945139
0.01062493
0.00910594
0.00918540
0.00950309
0.00892388
0.00950252
0.00882833
0.00853465
0.00883499
0.00932462
0.00904755
0.00936578
0.00970534
0.00869610
0.00960993
0.00935924
0.00854890
0.00883574
0.00842779
0.00892440
0.00914895
0.00854625
0.00896267
0.00848729
0.00849694
0.00924375
0.00886129
0.00868966
0.00859086
0.00853577
0.00932766
0.00850404
0.00943015
0.00894698
0.01017602
0.00939930
0.00904423
0.00930829
0.00941236
0.00870390
0.00980341
0.00908340
0.00822486
0.00964094
0.01144034
0.00996235
0.00923375
0.00955632
0.00892876
0.01035398
0.00864000
0.00933999
0.00862587
0.01015143
0.00871417
0.01015002
0.00870971
0.00920176
0.00961558
0.00926058
0.00964565
0.00980036
0.00983190
0.00880488
0.00886172
0.00834112
0.01012221
0.00948942
0.00958348
0.00889161
0.00881001
0.00894918
0.01013433
0.00966479
0.00981512
0.00898125
0.00891733
0.00871860
0.00922816
0.00894799
0.00967755
0.00926454
0.00970785
0.00903429
0.00965077
0.01025813
0.00914731
0.01070396
0.00807841
0.00871224
0.00929083
0.01071798
0.00924856
0.01001942
0.00870224
0.00909572
0.00970428
0.00911912
0.00851752
0.00899869
0.00928329
0.00878195
0.00967544
0.00980796
0.00913394
0.00917217
0.01036362
0.00909310
0.00928461
0.00921398
0.00856961
0.00935754
0.00966554
0.00841865
0.00907975
0.00930791
0.00905570
0.00916200
0.00975096
0.01021994
0.00883497
0.00954478
0.00893777
0.00875193
0.00887572
0.00842826
0.01004368
0.00864401
0.00831141
0.00880754
0.00990726
0.00903301
0.00889697
0.00936304
0.00899103
0.00915549
0.00933301
0.00908718
0.01049097
0.00937994
0.00875979
0.00982392
0.00982627
0.00886553
0.00945768
0.00980812
0.00946396
0.00964270
0.00927292
0.00936180
0.00879062
0.00894673
0.00911958
0.00992506
0.00887592
0.00929240
0.00944616
0.00899502
0.00968493
0.00947975
0.00906723
0.00874033
0.00975980
0.00946104
0.00912059
0.00877301
0.00928893
0.00977351
0.00915431
0.00886295
0.00972590
0.00965472
0.00965457
0.00882754
0.00931853
0.00879076
0.00849712
0.00923774
0.01002179
0.00874711
0.00939193
0.00995810
0.00902505
0.01008565
0.00888456
0.00928105
0.00946493
0.00844407
0.00875071
0.00951530
0.00920541
0.00939294
0.01002577
0.00895829
0.00989232
0.00939147
0.00955177
0.00937801
0.00933805
0.00898943
0.00881905
0.00906464
0.00888239
0.00863742
0.01000135
0.00926196
0.00893214
0.00855582
0.00904518
0.00849524
0.00822918
0.00929905
0.00920981
0.00941586
0.00999567
0.00990602
0.00948077
0.00937522
0.01070029
0.00973528
0.00877707
0.01018206
0.00927888
0.00887289
0.00985713
0.01042155
0.00850190
0.00972897
0.00885881
0.00879945
0.00970868
0.00848802
0.00838638
0.00936254
0.00880762
0.01014710
0.00892753
0.00846209
0.00854633
0.00966716
0.00834872
0.01033002
0.00911107
0.00897616
0.00974068
0.00909115
0.01003642
0.00993783
0.01017774
0.00934379
0.00891757
0.00933109
0.00887874
0.00940258
0.00963383
0.00917917
0.00996898
0.00892444
0.00912387
0.00915040
0.00877798
0.00868042
0.00911131
0.00960164
0.00962269
0.00858473
0.00851332
0.00989392
0.01183442
0.00913079
0.00849527
0.01055700
0.00968365
0.00915158
0.00850116
0.00979128
0.00991067
0.00864075
0.00979704
0.00977642
0.00859689
0.00912235
0.00984227
0.00882326
0.00944584
0.00956969
0.00900624
0.00907361
0.00980895
0.01090301
0.00844423
0.00885924
0.00866779
0.00897347
0.01025529
0.00951797
0.00833893
0.01168706
0.01031109
0.00925479
0.00901988
0.00967028
0.01015128
0.00871583
0.00972654
0.00916389
0.00979266
0.01035472
0.00999851
0.00902983
0.00850149
0.00992303
0.00933093
0.00935945
0.00969593
0.00918607
0.00971531
0.00901928
0.00888271
0.00860244
0.00935517
0.00891529
0.00927689
0.00957662
0.00927482
0.01251902
0.00944648
0.01010045
0.00944823
0.01075979
0.00905260
0.00948314
0.00872691
0.00844573
0.01131048
0.00854593
0.00894096
0.00903515
0.00859645
0.00862947
0.00865681
0.00915885
0.00887037
0.00931720
0.00916665
0.00967605
0.00906770
0.00953924
0.00899242
0.00907425
0.00987460
0.00886659
0.00975133
0.00950736
0.00988052
0.00861847
0.00993528
0.01012261
0.01055392
0.00893570
0.00917192
0.00851999
0.00876662
0.00884309
0.00986797
0.00886787
0.00842636
0.00922810
0.00902040
0.01077988
0.00904689
0.00862592
0.00931173
0.00983556
0.00917464
0.00921794
0.01038189
0.00920228
0.00904171
0.01062189
0.00913009
0.00905626
0.01555626
0.00952410
0.00998655
0.00856928
0.00925048
0.00934983
0.00906102
0.00892564
0.00962374
0.00936096
0.01024856
0.00853533
0.00908201
0.00887475
0.00905413
0.00884481
0.00845192
0.00861163
0.00883829
0.00986862
0.01240341
0.01280504
0.00917760
0.00913959
0.00937757
0.01000709
0.00837808
0.00852708
0.00994803
0.00871539
0.00859169
0.00886822
0.00900225
0.00929351
0.00929203
0.00896535
0.00839967
0.00969023
0.00942605
0.00937648
0.00932425