0.04415987
0.03368988
0.03172711
0.03185363
0.03318342
0.03804891
0.03764834
0.02988425
0.03423081
0.03740438
0.03274072
0.03601868
0.03370562
0.03476491
0.03187131
0.03276867
0.03594642
0.03108808
0.03317564
0.03399769
0.03093109
0.03580656
0.03182365
0.03484301
0.03310300
0.03277984
0.03516146
0.04031971
0.03565785
0.03234290
0.03568255
0.03253729
0.03069926
0.04755203
0.03194413
0.03257431
0.03454126
0.03944876
0.03600349
0.03137878
0.03774669
0.03094148
0.03927725
0.02965673
0.02959122
0.03258044
0.03608699
0.03285076
0.03911555
0.03187503
0.03294308
0.03756251
0.03254600
0.03585750
0.03700240
0.03688446
0.03657787
0.03750297
0.03562354
0.03472841
0.03567218
0.03371541
0.03297676
0.03365161
0.03052132
0.04520922
0.03542985
0.03837045
0.03701725
0.03270350
0.03445058
0.03507540
0.03385996
0.03253623
0.03483301
0.03227781
0.03254121
0.03355480
0.03069619
0.03146522
0.03641855
0.03258865
0.03876444
0.03063234
0.03031340
0.04149303
0.03182913
0.03132502
0.04221619
0.04411050
0.04125931
0.03524193
0.03306011
0.04422703
0.03518932
0.03020657
0.03211600
0.03507691
0.03115567
0.03434346
0.03696972
0.03469111
0.03301444
0.03055413
0.02975528
0.03466564
0.04436664
0.03819641
0.03377597
0.03343432
0.03640901
0.03969064
0.03183745
0.03049338
0.03199386
0.03423316
0.03115038
0.03739974
0.03738863
0.03929982
0.03374227
0.03245848
0.03238110
0.03264712
0.03708011
0.03474700
0.03509717
0.03261520
0.02959969
0.03811953
0.03506791
0.03187585
0.03123491
0.04238781
0.03113250
0.03006680
0.03727649
0.03085268
0.02819172
0.03335853
0.03175839
0.03303240
0.03242103
0.03021068
0.03178958
0.03889668
0.05680913
0.04002561
0.04488579
0.03648140
0.03124370
0.03541277
0.03191023
0.03899893
0.03135193
0.02935086
0.03517672
0.04292228
0.03535129
0.03081998
0.03185561
0.03532405
0.03254594
0.03878736
0.03199239
0.03240185
0.03688097
0.03539370
0.03501394
0.02943900
0.03132081
0.03349433
0.03402603
0.03549418
0.03551818
0.03605793
0.03385217
0.03060273
0.03587605
0.02872915
0.02987584
0.03449136
0.03672240
0.04732410
0.02931053
0.04087016
0.03170982
0.02906629
0.03439067
0.02947898
0.03832815
0.03511270
0.03495830
0.03491483
0.03564741
0.03243894
0.03152579
0.03331674
0.03269067
0.03443628
0.03314905
0.03204650
0.03936372
0.03298731
0.02996003
0.02957464
0.03244992
0.03459783
0.03071656
0.03306381
0.03805907
0.02841217
0.03469983
0.03409158
0.03275162
0.03477592
0.03594430
0.03228721
0.03597930
0.03472080
0.03661911
0.03281317
0.03876238
0.03053523
0.03623698
0.03506528
0.04922190
0.04093045
0.03142297
0.02983574
0.03257571
0.03379847
0.03269970
0.04415551
0.03050730
0.03427006
0.03218474
0.03623666
0.03576185
0.04375328
0.03543771
0.03435029
0.03378607
0.03073875
0.03199803
0.03044326
0.03474888
0.03684038
0.03397942
0.03654377
0.03079970
0.03268234
0.04202669
0.03584223
0.03397039
0.03146107
0.03129433
0.03221782
0.05107080
0.03746786
0.03151474
0.03321069
0.03400128
0.03387112
0.03841358
0.03961603
0.03212567
0.03340228
0.03365786
0.03021533
0.03454726
0.05233093
0.03733410
0.03265214
0.03310318
0.03648959
0.03059703
0.04067854
0.03240141
0.03168638
0.03175719
0.03455919
0.03165090
0.03600152
0.03528051
0.03385632
0.03285448
0.03238368
0.02942159
0.03425424
0.02907622
0.03137473
0.03901157
0.03055034
0.03128070
0.03347416
0.04019047
0.03169025
0.03466040
0.03429106
0.03507328
0.04535722
0.04033149
0.02943761
0.03564933
0.03762557
0.03509048
0.02932697
0.03126637
0.03231683
0.04254277
0.03788207
0.03127285
0.03391429
0.03024445
0.03018496
0.03433459
0.03795378
0.03218987
0.03550690
0.03194251
0.03350159
0.03506353
0.03231469
0.03077125
0.03432537
0.02968327
0.03281073
0.03625937
0.03422197
0.03602204
0.04000346
0.03022071
0.03224126
0.03518711
0.03271192
0.03001374
0.03049419
0.04361966
0.03317399
0.03021928
0.03342138
0.03356852
0.03350137
0.03530612
0.03035508
0.03066482
0.02947760
0.03169052
0.03082069
0.03961087
0.03544718
0.03067198
0.03085107
0.03014178
0.02998192
0.03272690
0.03820506
0.03350648
0.03607282
0.03316154
0.03333540
0.03062071
0.03299112
0.02874638
0.03067810
0.02955144
0.03369324
0.03490127
0.03643774
0.03201797
0.03047866
0.03328106
0.03382118
0.03024524
0.03412612
0.03187642
0.03253944
0.03110027
0.03658277
0.03120092
0.03078800
0.03318704
0.03006258
0.03474198
0.03248118
0.03487282
0.03188482
0.03246213
0.04189030
0.03096220
0.03441147
0.03931487
0.02985128
0.03047413
0.03359028
0.04491957
0.04141089
0.02978993
0.03641814
0.03306076
0.03330957
0.03183478
0.03166697
0.03062656
0.03034990
0.02913270
0.03435139
0.03911197
0.03252099
0.04805928
0.04224540
0.04034505
0.03780140
0.03548177
0.03432387
0.03450651
0.03099425
0.03118193
0.03096855
0.03406993
0.03530690
0.03061266
0.03180290
0.03490081
0.03583252
0.03168080
0.02940805
0.03436329
0.03165740
0.03001284
0.03145170
0.03238563
0.03666939
0.03095071
0.03111952
0.04376063
0.04288797
0.03277202
0.03439734
0.04850977
0.03165806
0.03299880
0.03466972
0.02965758
0.04078865
0.02971736
0.03276673
0.03704866
0.03283869
0.03053161
0.03372168
0.03249623
0.03352951
0.03419905
0.04331290
0.03299080
0.03520483
0.03199689
0.03476775
0.03613621
0.04568145
0.03528003
0.04823703
0.03918207
0.03300658
0.03657046
0.03013720
0.03216702
0.03026213
0.03547013
0.03309914
0.03170294
0.03216684
0.03177653
0.03050167
0.03739192
0.02968946
0.03548207
0.03646188
0.03826305
0.03104896
0.03277845
0.03401762
0.03400197
0.03136730
0.03319430
0.04080196
0.04618267
0.03215229
0.03498274
0.03559151
0.02948027
0.03322961
0.03519678
0.03546366
0.03606471
0.03353166
0.03514830
0.03592255