0.03753259
0.03651419
0.03348613
0.04706429
0.03262609
0.03970271
0.03833540
0.03359344
0.03675805
0.03555538
0.04028827
0.03933486
0.03653446
0.03767728
0.02972106
0.03452229
0.04216680
0.05471436
0.04008146
0.03411110
0.04067215
0.03372676
0.03555468
0.03705422
0.03550551
0.02849861
0.03445258
0.03407667
0.03037979
0.03458396
0.03534108
0.04043937
0.03299164
0.03747514
0.03324567
0.03999247
0.03847320
0.03607117
0.03842815
0.03540934
0.03568874
0.03697812
0.04968145
0.03930482
0.04409560
0.03639306
0.04206091
0.03171169
0.03678606
0.03401350
0.03638779
0.03701906
0.03293412
0.03961323
0.03470685
0.03331079
0.03780715
0.03728405
0.03815170
0.03412200
0.04624358
0.03723254
0.03554494
0.04685673
0.05633213
0.03600079
0.03817489
0.03965301
0.03882879
0.04510996
0.03500501
0.03369377
0.03897222
0.03603860
0.03717596
0.03201561
0.03624216
0.03117262
0.03513772
0.04513049
0.03142432
0.04670531
0.03592515
0.03260185
0.04417093
0.03290633
0.03992057
0.04728737
0.04054548
0.03836472
0.03109576
0.03859724
0.03509883
0.03876784
0.03204636
0.03936167
0.03275689
0.04389708
0.03670754
0.03779933
0.03597439
0.04254373
0.03850413
0.03233448
0.03771576
0.03307574
0.03209653
0.04809882
0.03576142
0.03776461
0.04174271
0.03359327
0.03665365
0.04517439
0.04182985
0.03589914
0.03645834
0.04442699
0.03342495
0.03840502
0.04073911
0.03647258
0.03535297
0.03306022
0.03410943
0.03586365
0.03783916
0.03556416
0.02981835
0.03602586
0.03735757
0.03636479
0.03756602
0.03352830
0.03633515
0.03842091
0.03567300
0.04144291
0.03816415
0.04208967
0.03996021
0.03678226
0.04261325
0.03182240
0.03437186
0.05005860
0.03943326
0.03577679
0.03746684
0.03838460
0.04236541
0.03706695
0.03125742
0.03836848
0.03495347
0.04948986
0.03583012
0.03282381
0.03484768
0.03578297
0.04297102
0.03508219
0.03941049
0.04176154
0.04127512
0.03604297
0.04183494
0.04785553
0.03270229
0.04058581
0.03203801
0.03326647
0.03910723
0.03517372
0.03317163
0.03540783
0.03386980
0.03579559
0.03280121
0.04880327
0.04543987
0.03750470
0.03723670
0.03534982
0.02975327
0.04139253
0.03417209
0.03184649
0.03569674
0.03461666
0.03592729
0.03579498
0.04248679
0.03702835
0.03611193
0.03727161
0.04075672
0.03741266
0.03618106
0.03457399
0.03111519
0.03401150
0.03923376
0.03314281
0.03438176
0.04015464
0.03571055
0.04233585
0.04037564
0.03530626
0.05009194
0.03135256
0.03814605
0.03453445
0.03471800
0.03451680
0.03471017
0.04579419
0.03464454
0.04145957
0.03137255
0.03450232
0.03602150
0.03379011
0.03855270
0.03172946
0.03912992
0.03292000
0.03637838
0.03341031
0.03088734
0.03862688
0.03509181
0.03809426
0.03512292
0.03811599
0.03430082
0.03376505
0.03602422
0.03553708
0.03492466
0.03398956
0.03971163
0.04017816
0.03555973
0.03552186
0.03397635
0.04307010
0.04293556
0.04724088
0.03586041
0.03999670
0.03841509
0.03402062
0.03406863
0.03603475
0.03536769
0.03745968
0.03296480
0.03132286
0.03627533
0.04320213
0.04259240
0.03814020
0.03817204
0.03192124
0.03829376
0.04729923
0.03952017
0.03403021
0.04048940
0.04281326
0.03421851
0.03903307
0.03579300
0.03881407
0.03209351
0.03236019
0.03316255
0.04109983
0.04693937
0.03735895
0.03590713
0.03439193
0.03377181
0.03712370
0.03555047
0.03631504
0.04413824
0.03523902
0.04010296
0.03496354
0.03479678
0.04953639
0.03381976
0.03338572
0.03350417
0.04147233
0.03589905
0.03955598
0.03730209
0.03150247
0.03578484
0.03723202
0.03444462
0.03758965
0.03703619
0.03634664
0.03306405
0.03387221
0.04694398
0.03508277
0.03839569
0.04490811
0.05015277
0.04943367
0.04074871
0.03622571
0.03035038
0.03055558
0.03516702
0.03302478
0.03834893
0.03358219
0.03613009
0.03623932
0.03949735
0.03855689
0.03542760
0.04211045
0.03244488
0.04205217
0.04018244
0.03289722
0.03976351
0.03339725
0.03670002
0.03824688
0.03498844
0.03332050
0.03272976
0.03160998
0.03111737
0.04574547
0.03400053
0.03238811
0.03314725
0.03427725
0.03266494
0.03376589
0.03495995
0.04032479
0.03387835
0.03932522
0.03346063
0.03673683
0.04088076
0.03564276
0.04335833
0.03397835
0.04653265
0.03249271
0.03956108
0.03289259
0.03399247
0.03462177
0.03545545
0.03634267
0.03654124
0.04097905
0.03329687
0.03688840
0.03480509
0.03437514
0.03384403
0.03290081
0.03807662
0.05012697
0.03953179
0.03557870
0.03621876
0.03384590
0.03434717
0.03295567
0.03721792
0.04143506
0.03872215
0.04258623
0.04245587
0.04877111
0.03457909
0.03269299
0.03772797
0.04119675
0.04012943
0.03559012
0.05467173
0.04482153
0.03775297
0.03769570
0.03739560
0.03568781
0.03412319
0.03227633
0.03956865
0.04028441
0.03725974
0.03463154
0.03577907
0.03948436
0.03884597
0.03725342
0.03527972
0.03359475
0.03196122
0.03196477
0.04393549
0.03979922
0.03565761
0.03421601
0.04422232
0.04783150
0.03800185
0.03472643
0.03597517
0.03994325
0.04173848
0.03755705
0.03511875
0.02981630
0.04409744
0.03411042
0.03714302
0.03372680
0.04147051
0.03337961
0.03926162
0.05529437
0.04087176
0.04455132
0.03755652
0.03497766
0.03559397
0.04450695
0.03344000
0.04166948
0.03781928
0.04852541
0.03356892
0.03916661
0.03772758
0.03774347
0.03308437
0.03179207
0.03878477
0.03691054
0.03648903
0.03367182
0.03218849
0.03045613
0.03887084
0.03615688
0.03656734
0.03409790
0.03464130
0.03229022
0.03310010
0.03758418
0.03695703
0.03510327
0.04075845
0.03091015
0.03693450
0.03672156
0.03959993
0.04260504
0.03598559
0.04556965
0.04133524
0.03232404
0.03909006
0.03897899
0.03357209
0.04466239
0.03845058
0.03734594
0.02817448
0.03545001
0.03173414
0.03588475
0.03484394
0.03891943
0.03364308
0.04117076
0.03317085
0.03754685
0.03848426
0.03509621
0.03321503
0.04222546