0.01499502
0.01441771
0.01659956
0.01588693
0.01824264
0.01547145
0.01580740
0.01696696
0.01378074
0.01390460
0.01610008
0.01506675
0.01613148
0.01465791
0.01632897
0.01483112
0.01474190
0.01418313
0.01465033
0.01549377
0.01696170
0.01495577
0.01460188
0.01540950
0.01567057
0.01484613
0.01752040
0.01483148
0.01600984
0.01642874
0.01668304
0.01423864
0.01490776
0.01504626
0.01559450
0.01507553
0.01386713
0.01546246
0.01537432
0.01475532
0.01503352
0.01478893
0.01440413
0.01462169
0.01521458
0.01507817
0.01705928
0.01613677
0.01666056
0.01424401
0.01578318
0.01461369
0.01428506
0.01456733
0.01725137
0.01477371
0.01597932
0.01632011
0.01484538
0.01513449
0.01727252
0.01480274
0.01576928
0.01491207
0.01451188
0.01481760
0.01481894
0.01672952
0.01466345
0.01481477
0.01386807
0.01412009
0.01455047
0.01407370
0.01389151
0.01455984
0.01522195
0.01548417
0.01541872
0.01472062
0.01458424
0.01549107
0.01503470
0.01520316
0.01494974
0.01564545
0.01438771
0.01489776
0.01440564
0.01491012
0.01444659
0.01555040
0.01459947
0.01490222
0.01450545
0.01482554
0.01546782
0.01466995
0.01678103
0.01615333
0.01868820
0.01462407
0.01522356
0.01466893
0.01393365
0.01535582
0.01561846
0.01540385
0.01602485
0.01490057
0.01456369
0.01479934
0.01449286
0.01485751
0.01504847
0.01502747
0.01683456
0.01579387
0.01577750
0.01460914
0.01563857
0.01617738
0.01473010
0.01485690
0.01490540
0.01546484
0.01556376
0.01556334
0.01467497
0.01510543
0.01428726
0.01469257
0.01485647
0.01518449
0.01489360
0.01461164
0.01475035
0.01529862
0.01446503
0.01450267
0.01431762
0.01403073
0.01557927
0.01460612
0.01533518
0.01481125
0.01707188
0.01519596
0.01475090
0.01383241
0.01365402
0.01466095
0.01450130
0.01425927
0.01560800
0.01553578
0.01508529
0.01559373
0.01646056
0.01482677
0.01526144
0.01506179
0.01404445
0.01659411
0.01382080
0.01392004
0.01472676
0.01496839
0.01489263
0.01513116
0.01540710
0.01483044
0.01543164
0.01544777
0.01492855
0.01533794
0.01477330
0.01458303
0.01393150
0.01471587
0.01474147
0.01494785
0.01544442
0.01525365
0.01479117
0.01455946
0.01549831
0.01452356
0.01510912
0.01702635
0.01560411
0.01566977
0.01569877
0.01394896
0.01558293
0.02101562
0.01479824
0.01538315
0.01422304
0.01607253
0.01418377
0.01505345
0.01472586
0.01445146
0.02138876
0.01465328
0.01434003
0.01434674
0.01462343
0.02342566
0.01476276
0.01540924
0.01542343
0.01375912
0.01399127
0.01539619
0.01486473
0.01363030
0.01722631
0.01509800
0.01592377
0.01487231
0.01455425
0.01444988
0.01604758
0.01523568
0.01542110
0.01610906
0.01431683
0.01541850
0.01458896
0.01441300
0.01497066
0.01569607
0.01498353
0.01449232
0.01469137
0.01456791
0.01841808
0.01409750
0.01526667
0.01454193
0.01466758
0.01574692
0.01432122
0.01421553
0.01663411
0.01583052
0.01503737
0.01682623
0.01519722
0.01442912
0.01542197
0.01579943
0.01467131
0.01436051
0.01456686
0.01579460
0.01466676
0.01458696
0.01559041
0.01712546
0.01548534
0.02169304
0.01516246
0.01575874
0.01506699
0.01491531
0.01454960
0.01631569
0.01457439
0.01760684
0.01537821
0.01545869
0.01476633
0.01467416
0.02448023
0.01554700
0.01623278
0.01531979
0.01487794
0.01767777
0.01398502
0.01427824
0.01486295
0.01462258
0.01466009
0.01463868
0.01501091
0.01507070
0.01447416
0.01472263
0.01474143
0.01712201
0.01434862
0.01509220
0.01512944
0.01424856
0.01544534
0.01393319
0.01406762
0.01497092
0.01483760
0.01456747
0.01361609
0.01435060
0.01495100
0.01421133
0.01772802
0.01423191
0.01506845
0.01536500
0.01423819
0.01442947
0.01529497
0.01547216
0.01544683
0.01397797
0.01442383
0.01622870
0.01468363
0.01449900
0.01462253
0.01561096
0.01439509
0.01388483
0.01385367
0.01533332
0.01611742
0.01541224
0.01374036
0.01409304
0.01519700
0.01611782
0.01534398
0.01662710
0.01491969
0.01469890
0.01461479
0.01522265
0.01368049
0.01451873
0.01507390
0.01513233
0.01525843
0.01472822
0.01574503
0.01540545
0.01407014
0.01426023
0.01560647
0.01414735
0.01540087
0.01370494
0.01455601
0.01407886
0.01506399
0.01573939
0.01372600
0.01525308
0.01459993
0.01547935
0.01630309
0.01531524
0.01552995
0.01429549
0.01443401
0.01374016
0.01507126
0.01632505
0.01640740
0.01478394
0.01561764
0.01436349
0.01452561
0.01507677
0.01583785
0.01505175
0.01416003
0.01449107
0.01480569
0.01744659
0.01400378
0.01505831
0.01446967
0.01443022
0.01585715
0.01379599
0.01570048
0.01610709
0.01489503
0.01513313
0.01521513
0.01506402
0.01396643
0.01528482
0.01509223
0.01471723
0.01447627
0.01760304
0.01739756
0.01412190
0.01488987
0.01570106
0.01635090
0.01570672
0.01663988
0.01467190
0.01454803
0.01474765
0.01466122
0.01441026
0.01437805
0.01439766
0.01428221
0.01416389
0.01547299
0.01685173
0.01531982
0.01477515
0.01511520
0.01682393
0.01470711
0.01863752
0.01611111
0.01536249
0.01430560
0.01441165
0.01604618
0.01489141
0.01434528
0.01596097
0.01457948
0.01524858
0.01386634
0.01529019
0.01517685
0.01588661
0.01415678
0.01506738
0.01468283
0.01443607
0.01476051
0.01626697
0.01434258
0.01375876
0.01372955
0.01376402
0.01479343
0.01469762
0.01398221
0.01494647
0.01429272
0.01506324
0.01534045
0.01495757
0.01592042
0.01481102
0.01434130
0.01477598
0.01629988
0.01469414
0.01460752
0.01538053
0.01469942
0.01447224
0.01432156
0.01578946
0.01430212
0.01343102
0.01528018
0.01485716
0.01525711
0.01826875
0.01567981
0.01600097
0.01654424
0.01487518
0.01456904
0.01482684
0.01498899
0.01538166
0.01441549
0.01393708
0.01421082
0.01539691
0.01575690
0.01508003
0.01524198
0.01412816
0.01541321
0.01474479
0.01436421
0.01459777
0.01458578
0.01554931
0.01463002
0.01484551
0.01456212
0.01467894