0.00844487
0.00806251
0.00792391
0.00776086
0.00735731
0.00817512
0.00691820
0.00931297
0.00836638
0.00820064
0.00927251
0.00699859
0.00809873
0.01057429
0.01195354
0.00699416
0.00795936
0.00750941
0.00823421
0.00684044
0.00837035
0.00678013
0.00798981
0.00851682
0.00759545
0.00856808
0.00880737
0.00703977
0.00728803
0.00843014
0.01038645
0.00819265
0.00804774
0.00722516
0.00705539
0.00774990
0.00769807
0.00739557
0.00861072
0.00671619
0.00848029
0.00846036
0.00894667
0.00668819
0.00770433
0.00730666
0.00743505
0.01066291
0.00841389
0.00775936
0.00760621
0.00709078
0.00735537
0.00715182
0.00659638
0.00774661
0.00864320
0.00747814
0.00739174
0.00807439
0.00865317
0.00733111
0.00817480
0.00858328
0.01090522
0.00949307
0.00680365
0.01061147
0.00785936
0.00858881
0.00717114
0.00742231
0.00691953
0.00875329
0.00747543
0.00696947
0.00784220
0.00790771
0.00726674
0.00778566
0.00787590
0.00927371
0.00730710
0.00772776
0.00736569
0.00787833
0.00803161
0.00655604
0.00655201
0.00801443
0.00677032
0.00793690
0.00689380
0.00766612
0.00912915
0.00736431
0.00920080
0.00777780
0.00775755
0.01029609
0.00918208
0.00833132
0.00706042
0.00801078
0.00663972
0.00885482
0.00813826
0.00894839
0.00970003
0.00904480
0.00734400
0.00995601
0.00730206
0.00804375
0.00760609
0.00704728
0.00809267
0.00707637
0.00772123
0.00825423
0.00870946
0.00886187
0.00653403
0.00658404
0.00698340
0.00752958
0.00778336
0.00696085
0.00612586
0.00972856
0.00919404
0.00847427
0.00876640
0.00851945
0.00791451
0.00904432
0.00822088
0.00930977
0.00870749
0.00854537
0.00906859
0.00749729
0.00828174
0.00844260
0.00701090
0.00848211
0.00708350
0.00734851
0.00915598
0.00665433
0.00761329
0.00667897
0.00834891
0.00710202
0.00800380
0.00884822
0.00813788
0.00774494
0.00775742
0.01010563
0.00728256
0.00847300
0.00819370
0.00789755
0.00700255
0.00977734
0.00817001
0.00765481
0.00784676
0.00822015
0.00748160
0.00783928
0.00710442
0.00794180
0.00953000
0.00774876
0.00691010
0.00709537
0.00693874
0.00738499
0.00787657
0.00743543
0.00821756
0.00731747
0.00761157
0.00773539
0.00778397
0.00690214
0.00911481
0.00759977
0.01000375
0.00927650
0.00786200
0.00917909
0.00852674
0.01035394
0.00664350
0.00730383
0.00671730
0.00791438
0.00704780
0.00794384
0.00865098
0.00628548
0.00687627
0.00835299
0.00717215
0.00757966
0.00681867
0.00666443
0.00787645
0.00727404
0.00727357
0.00742760
0.00771447
0.00731603
0.00825842
0.00770386
0.00765721
0.00666036
0.00882531
0.00887963
0.00782001
0.00658504
0.00736331
0.00812270
0.00874119
0.00665362
0.00736875
0.00915761
0.00845822
0.00966465
0.00869000
0.00877247
0.00828570
0.00835253
0.00630007
0.00865567
0.00770231
0.00756506
0.00707406
0.01089533
0.00715480
0.00706533
0.00764626
0.00755871
0.00752600
0.00755577
0.00975337
0.00840466
0.00839939
0.00717868
0.00814109
0.00912082
0.00721888
0.01067639
0.00712722
0.00728710
0.00669502
0.00699035
0.00757868
0.00878037
0.00973006
0.01048123
0.00859154
0.00706786
0.00763405
0.00863863
0.00773159
0.00829155
0.00803450
0.01055820
0.00745791
0.00724217
0.00846237
0.00772536
0.00756570
0.00838613
0.00836934
0.00766154
0.00894018
0.00849250
0.00799287
0.00902073
0.00924154
0.00864999
0.00775890
0.00770603
0.00837958
0.00805220
0.01028561
0.00726412
0.00917629
0.00681727
0.00739586
0.00810928
0.00986827
0.00753370
0.00870049
0.00806792
0.00775212
0.00766140
0.00740525
0.00798692
0.00771652
0.00834460
0.00768578
0.00743901
0.00712494
0.00779734
0.00995428
0.00874547
0.01124949
0.00800350
0.00867779
0.00672244
0.00808130
0.00786112
0.00762132
0.00772401
0.00822105
0.00686527
0.00777786
0.00707524
0.00770273
0.00937927
0.00691457
0.00843613
0.00772333
0.00796745
0.00819505
0.00725557
0.00847541
0.00777568
0.00859320
0.00860915
0.00821062
0.00709419
0.00792067
0.00856857
0.00927151
0.00844527
0.00824890
0.00812937
0.00725436
0.00756333
0.00718741
0.00749908
0.00665440
0.00721133
0.00764370
0.00895237
0.00853204
0.00901429
0.01000837
0.01059054
0.00721802
0.00889765
0.00752400
0.00708150
0.00721337
0.00756067
0.00827970
0.00727455
0.00689095
0.00734749
0.00923443
0.00823973
0.01029493
0.00798567
0.00725358
0.00659996
0.00746317
0.00655421
0.00795187
0.00917623
0.00897259
0.00709620
0.00827191
0.00743234
0.00707221
0.00851472
0.00829396
0.00740042
0.00794256
0.00738668
0.00888703
0.00721588
0.00927036
0.00978414
0.00831782
0.00763336
0.00676556
0.00828717
0.00719895
0.00758858
0.00754756
0.00869909
0.00978603
0.00926426
0.00735279
0.00745840
0.00647642
0.00730376
0.01002588
0.00761540
0.00734882
0.00656938
0.00755965
0.00763855
0.00697951
0.00801409
0.00751574
0.00723274
0.00818205
0.00785970
0.00742211
0.00761441
0.00946461
0.00763628
0.00747311
0.00919962
0.00735524
0.00738141
0.00893408
0.00763608
0.00936160
0.00801034
0.00915438
0.00795845
0.00793586
0.00825123
0.00787291
0.00737161
0.00770315
0.00740155
0.00873641
0.00969207
0.00749514
0.00728882
0.00753119
0.00900418
0.00720131
0.00996070
0.00735891
0.00720789
0.00816851
0.00705573
0.00831102
0.00707342
0.00874800
0.00782947
0.00853374
0.00873476
0.01068787
0.00750022
0.00704774
0.00725342
0.00969978
0.00751953
0.00732340
0.00792359
0.00763714
0.00640659
0.00823344
0.00726752
0.00706433
0.00756140
0.00714957
0.00763660
0.00833590
0.00834357
0.00697071
0.00724249
0.00668122
0.00855134
0.00812373
0.00960940
0.00855645
0.00724258
0.00789304
0.00736789
0.00705106
0.00711583
0.00848285
0.00871364
0.00829784
0.00806762
0.00709459
0.00855377
0.00723195
0.00779213
0.00718665
0.00862402
0.00756852
0.00678852
0.00870646
0.00784392
0.00786920
0.00705018