0.00487153
0.00527987
0.00407854
0.00420341
0.00404326
0.00460419
0.00456465
0.00417449
0.00479085
0.00454368
0.00430549
0.00504488
0.00480639
0.00451537
0.00462709
0.00456745
0.00478924
0.00472781
0.00399337
0.00405888
0.00393660
0.00456611
0.00411969
0.00407464
0.00415374
0.00492624
0.00446224
0.00423411
0.00390187
0.00420593
0.00421585
0.00469053
0.00435498
0.00461264
0.00516122
0.00448766
0.00469738
0.00416187
0.00495810
0.00445259
0.00379450
0.00453258
0.00525878
0.00454242
0.00434751
0.00496663
0.00409538
0.00414298
0.00432691
0.00417026
0.00462683
0.00440766
0.00403136
0.00381084
0.00453979
0.00441582
0.00431652
0.00352101
0.00463181
0.00473211
0.00403660
0.00442170
0.00458519
0.00446235
0.00447073
0.00436152
0.00386878
0.00423796
0.00479001
0.00416407
0.00476886
0.00469789
0.00419475
0.00502916
0.00440989
0.00425886
0.00473215
0.00433897
0.00471283
0.00542149
0.00393176
0.00399667
0.00429438
0.00478213
0.00424262
0.00430192
0.00492527
0.00415662
0.00455312
0.00427458
0.00482218
0.00430347
0.00398131
0.00406223
0.00403025
0.00423878
0.00457336
0.00461308
0.00458421
0.00483366
0.00522533
0.00424948
0.00460011
0.00410199
0.00408235
0.00423869
0.00432228
0.00437033
0.00418540
0.00423451
0.00414283
0.00384066
0.00421804
0.00537890
0.00534222
0.00454549
0.00446470
0.00422851
0.00465304
0.00405879
0.00652612
0.00399112
0.00407606
0.00466959
0.00532115
0.00458689
0.00410530
0.00473622
0.00417683
0.00519913
0.00397523
0.00477504
0.00418628
0.00448197
0.00382697
0.00442476
0.00454985
0.00449978
0.00442969
0.00454328
0.00484945
0.00386989
0.00459921
0.00468383
0.00447123
0.00469818
0.00484636
0.00418909
0.00470819
0.00492295
0.00511174
0.00415424
0.00415041
0.00444517
0.00469994
0.00450120
0.00569929
0.00422140
0.00534662
0.00411202
0.00448990
0.00466604
0.00387812
0.00440827
0.00470122
0.00455130
0.00430669
0.00474773
0.00515274
0.00466008
0.00386444
0.00486677
0.00468805
0.00404315
0.00433826
0.00579331
0.00410900
0.00425125
0.00411007
0.00381985
0.00418780
0.00408111
0.00416339
0.00403056
0.00441386
0.00435078
0.00433875
0.00481812
0.00434073
0.00389898
0.00403829
0.00498541
0.00405563
0.00418549
0.00426493
0.00463178
0.00477337
0.00490987
0.00390937
0.00541920
0.00447768
0.00440473
0.00414087
0.00449609
0.00510004
0.00430851
0.00425615
0.00426526
0.00401080
0.00412038
0.00421971
0.00440749
0.00388467
0.00400120
0.00396943
0.00448039
0.00402791
0.00389478
0.00458253
0.00481958
0.00430603
0.00452234
0.00496972
0.00391485
0.00416641
0.00424758
0.00531857
0.00523861
0.00492342
0.00437014
0.00441094
0.00437456
0.00450521
0.00396330
0.00388668
0.00447346
0.00380481
0.00466107
0.00386570
0.00447177
0.00460173
0.00496717
0.00435063
0.00483159
0.00456398
0.00515437
0.00428714
0.00466163
0.00438137
0.00423067
0.00461495
0.00453567
0.00428138
0.00471768
0.00470011
0.00441771
0.00485673
0.00448782
0.00466876
0.00505913
0.00440508
0.00452339
0.00466995
0.00445432
0.00384946
0.00462702
0.00394080
0.00418361
0.00426915
0.00401243
0.00437993
0.00413572
0.00419784
0.00412122
0.00437039
0.00463726
0.00441789
0.00419991
0.00466187
0.00422133
0.00418022
0.00431446
0.00458309
0.00437246
0.00452823
0.00402256
0.00498075
0.00453344
0.00475933
0.00521518
0.00416300
0.00477277
0.00416680
0.00449850
0.00564672
0.00400982
0.00393943
0.00418055
0.00451450
0.00415582
0.00409435
0.00471752
0.00557008
0.00452264
0.00419845
0.00391067
0.00423687
0.00466205
0.00564478
0.00464072
0.00444933
0.00421484
0.00426849
0.00453331
0.00433419
0.00500992
0.00423501
0.00407020
0.00485990
0.00432268
0.00449800
0.00460593
0.00399354
0.00455083
0.00456805
0.00491138
0.00424354
0.00445446
0.00407863
0.00494729
0.00451322
0.00412824
0.00420770
0.00497049
0.00454390
0.00483135
0.00430520
0.00433043
0.00437152
0.00410442
0.00481611
0.00526182
0.00356605
0.00439461
0.00424590
0.00438635
0.00429228
0.00402489
0.00432182
0.00444454
0.00449309
0.00413869
0.00504351
0.00484726
0.00434086
0.00428933
0.00462290
0.00417406
0.00437434
0.00467657
0.00409122
0.00425988
0.00530659
0.00428624
0.00372766
0.00427021
0.00458134
0.00436166
0.00412510
0.00421296
0.00433989
0.00555354
0.00482118
0.00449244
0.00474061
0.00457575
0.00447056
0.00397117
0.00474812
0.00402875
0.00408001
0.00565567
0.00374898
0.00471246
0.00433572
0.00446388
0.00527654
0.00425042
0.00432416
0.00543669
0.00428873
0.00401884
0.00440057
0.00436998
0.00395261
0.00445623
0.00445065
0.00443175
0.00462059
0.00449275
0.00465159
0.00440543
0.00395302
0.00424577
0.00457035
0.00458605
0.00436975
0.00446607
0.00475033
0.00419198
0.00424774
0.00402966
0.00441701
0.00421331
0.00522778
0.00436766
0.00436882
0.00487106
0.00461974
0.00453256
0.00459320
0.00571121
0.00433603
0.00432380
0.00404212
0.00471771
0.00433011
0.00532126
0.00421636
0.00454084
0.00411487
0.00481968
0.00407645
0.00433360
0.00396653
0.00410465
0.00439609
0.00404268
0.00526609
0.00586656
0.00397202
0.00439179
0.00468572
0.00447312
0.00425018
0.00456304
0.00443249
0.00435241
0.00450677
0.00442767
0.00469088
0.00484053
0.00418066
0.00433410
0.00413841
0.00518208
0.00439345
0.00420171
0.00476842
0.00478257
0.00413275
0.00428778
0.00435096
0.00480544
0.00436444
0.00438463
0.00428610
0.00442639
0.00426558
0.00483823
0.00478831
0.00484384
0.00498866
0.00416575
0.00454120
0.00427754
0.00441878
0.00409437
0.00436415
0.00446611
0.00488161
0.00432109
0.00394114
0.00495777
0.00405216
0.00455803
0.00471816
0.00443681
0.00460728
0.00422114
0.00481178
0.00403445
0.00475559
0.00387785
0.00462962
0.00443318
0.00428507
0.00486520
0.00437630
0.00380817