0.00537833
0.00532204
0.00585252
0.00503808
0.00635464
0.00574279
0.00548433
0.00519192
0.00529206
0.00580226
0.00583277
0.00530508
0.00486230
0.00589601
0.00610697
0.00551591
0.00528315
0.00523273
0.00614909
0.00622861
0.00636147
0.00534818
0.00542295
0.00542754
0.00604683
0.00601064
0.00525484
0.00569973
0.00544511
0.00621411
0.00631913
0.00679715
0.00597774
0.00524460
0.00560644
0.00514532
0.00525398
0.00546408
0.00510548
0.00545375
0.00572259
0.00547677
0.00693490
0.00532288
0.00537721
0.00512185
0.00563153
0.00522470
0.00496593
0.00564378
0.00539982
0.00517794
0.00497441
0.00548715
0.00613354
0.00509451
0.00569661
0.00571004
0.00556475
0.00581734
0.00583748
0.00514896
0.00562321
0.00572802
0.00567703
0.00515348
0.00495881
0.00561105
0.00540513
0.00514205
0.00540135
0.00503754
0.00560071
0.00576438
0.00583423
0.00597946
0.00522642
0.00570991
0.00529091
0.00535924
0.00623698
0.00744925
0.00558283
0.00513332
0.00507579
0.00545486
0.00542147
0.00533520
0.00516644
0.00580422
0.00581953
0.00597774
0.00572551
0.00648843
0.00494516
0.00561874
0.00540104
0.00558106
0.00551921
0.00502279
0.00613973
0.00544242
0.00608113
0.00506957
0.00577660
0.00555961
0.00556127
0.00533722
0.00550743
0.00572040
0.00504048
0.00571197
0.00503110
0.00737106
0.00569663
0.00513102
0.00568304
0.00555355
0.00568311
0.00609209
0.00577875
0.00554223
0.00568700
0.00553821
0.00523572
0.00512237
0.00593997
0.00679215
0.00552477
0.00565244
0.00614590
0.00668229
0.00598483
0.00614039
0.00562771
0.00508302
0.00571349
0.00534442
0.00566846
0.00593050
0.00566595
0.00644370
0.00518315
0.00573066
0.00628876
0.00630583
0.00542939
0.00558310
0.00588293
0.00508844
0.00563779
0.00533181
0.00605940
0.00555419
0.00583962
0.00605382
0.00549866
0.00549638
0.00533719
0.00566776
0.00536011
0.00514499
0.00533904
0.00534116
0.00536168
0.00539880
0.00558446
0.00554177
0.00632953
0.00487357
0.00602661
0.00528492
0.00610965
0.00557516
0.00541514
0.00488298
0.00598006
0.00520099
0.00528083
0.00540209
0.00512061
0.00517356
0.00510680
0.00523024
0.00508327
0.00535945
0.00543900
0.00570871
0.00584211
0.00534300
0.00590618
0.00507931
0.00509728
0.00534017
0.00619735
0.00524525
0.00510157
0.00592622
0.00539964
0.00537604
0.00550664
0.00564444
0.00599870
0.00605923
0.00558698
0.00544743
0.00542879
0.00570263
0.00517960
0.00546600
0.00603693
0.00607518
0.00521507
0.00558080
0.00582775
0.00606770
0.00543742
0.00588041
0.00550880
0.00530022
0.00538394
0.00516564
0.00541414
0.00556518
0.00568458
0.00500993
0.00568160
0.00529779
0.00559628
0.00550396
0.00567221
0.00519853
0.00538739
0.00590206
0.00545817
0.00659560
0.00557934
0.00586585
0.00568631
0.00537350
0.00523782
0.00504079
0.00536497
0.00515649
0.00577986
0.00524563
0.00557630
0.00542408
0.00594399
0.00545542
0.00560356
0.00579446
0.00526553
0.00564820
0.00520159
0.00518964
0.00556489
0.00618350
0.00498803
0.00535755
0.00531940
0.00540107
0.00503376
0.00549323
0.00529105
0.00583896
0.00505800
0.00568165
0.00564612
0.00498359
0.00578033
0.00568121
0.00569712
0.00540945
0.00575250
0.00534394
0.00574972
0.00619378
0.00526874
0.00560942
0.00547960
0.00552847
0.00533813
0.00535066
0.00575946
0.00607999
0.00558125
0.00534557
0.00557813
0.00548862
0.00577909
0.00507486
0.00564117
0.00583986
0.00613005
0.00594446
0.00598248
0.00530539
0.00521291
0.00611691
0.00579054
0.00515703
0.00549020
0.00721447
0.00574238
0.00546543
0.00574208
0.00579085
0.00531932
0.00554743
0.00646665
0.00542711
0.00521550
0.00577283
0.00571956
0.00573551
0.00554486
0.00551145
0.00568180
0.00532451
0.00551507
0.00499172
0.00593999
0.00545074
0.00520652
0.00584859
0.00540702
0.00551861
0.00527327
0.00595668
0.00557610
0.00561916
0.00515423
0.00517751
0.00494583
0.00522051
0.00590840
0.00526957
0.00603870
0.00574149
0.00561606
0.00534590
0.00550628
0.00492107
0.00537026
0.00561855
0.00548570
0.00535950
0.00587869
0.00508940
0.00605553
0.00564741
0.00535598
0.00580498
0.00511935
0.00540948
0.00524717
0.00558030
0.00533820
0.00509865
0.00532182
0.00542567
0.00545410
0.00569130
0.00569013
0.00512737
0.00606143
0.00492612
0.00522842
0.00513514
0.00619055
0.00529502
0.00554677
0.00527628
0.00595669
0.00587775
0.00740436
0.00592712
0.00516914
0.00586766
0.00529886
0.00536446
0.00593629
0.00556370
0.00533423
0.00625454
0.00595622
0.00591611
0.00521359
0.00599727
0.00524642
0.00512847
0.00512054
0.00598275
0.00609395
0.00544608
0.00513505
0.00554857
0.00510111
0.00553029
0.00621279
0.00558710
0.00557261
0.00546504
0.00625061
0.00570135
0.00522832
0.00519054
0.00578409
0.00548135
0.00577075
0.00580709
0.00510006
0.00501255
0.00607920
0.00596721
0.00547158
0.00588892
0.00599006
0.00544884
0.00622507
0.00547715
0.00588938
0.00584574
0.00600167
0.00566429
0.00539346
0.00538195
0.00579696
0.00567122
0.00616422
0.00530020
0.00550478
0.00550040
0.00645223
0.00547714
0.00588751
0.00545450
0.00552683
0.00504273
0.00616408
0.00551148
0.00518546
0.00682719
0.00512382
0.00568018
0.00755990
0.00590229
0.00622897
0.00576096
0.00540255
0.00585882
0.00552121
0.00551801
0.00545646
0.00539856
0.00563003
0.00493785
0.00548046
0.00525008
0.00509169
0.00526148
0.00531660
0.00532872
0.00584718
0.00535500
0.00524855
0.00558246
0.00569255
0.00528030
0.00631275
0.00570524
0.00502885
0.00513701
0.00537531
0.00591605
0.00571507
0.00530864
0.00613198
0.00541570
0.00519374
0.00580418
0.00534018
0.00529186
0.00596823
0.00531876
0.00557348
0.00481995
0.00530979
0.00630696
0.00538603
0.00527683
0.00637463
0.00574314
0.00525812
0.00519785
0.00559568
0.00507453
0.00541575
0.00601787