0.00618063
0.00644320
0.00570854
0.00689237
0.00576797
0.00547325
0.00645121
0.00656123
0.00571051
0.00566087
0.00574117
0.00567712
0.00615491
0.00519868
0.00554329
0.00647302
0.00580189
0.00662282
0.00577978
0.00858777
0.00603338
0.00619451
0.00639279
0.00597188
0.00565379
0.00671580
0.00764349
0.00585373
0.00606395
0.00706408
0.00624913
0.00600892
0.00676982
0.00621278
0.00582490
0.00575218
0.00686757
0.00633323
0.00614413
0.00572048
0.00632577
0.00644229
0.00710176
0.00553161
0.00593706
0.00558002
0.00663814
0.00617711
0.00581050
0.00612555
0.00574244
0.00684727
0.00535612
0.00581263
0.00568836
0.00593115
0.00559271
0.00603739
0.00732981
0.00746446
0.00623346
0.00702582
0.00670852
0.00594786
0.00661992
0.00648465
0.00556407
0.00582483
0.00567135
0.00554088
0.00608019
0.00554061
0.00671864
0.00594824
0.00550142
0.00633907
0.00583612
0.00645896
0.00556309
0.00541963
0.00592274
0.00586027
0.00679939
0.00580226
0.00609548
0.00668298
0.00656982
0.00529810
0.00572852
0.00750023
0.00617597
0.00744653
0.00637405
0.00628427
0.00642872
0.00612724
0.00577348
0.00598284
0.00630855
0.00594276
0.00586446
0.00618423
0.00633021
0.00571027
0.00669709
0.00642181
0.00556078
0.00543682
0.00720885
0.00614302
0.00609107
0.00663516
0.00595034
0.00572021
0.00543339
0.00557961
0.00584986
0.00540797
0.00681906
0.00597293
0.00646062
0.00584121
0.00598004
0.00563227
0.00607583
0.00615666
0.00609787
0.00545562
0.00570668
0.00607972
0.00572311
0.00602707
0.00694454
0.00555539
0.00708965
0.00560222
0.00589908
0.00540043
0.00565212
0.00549203
0.00650066
0.00570312
0.00570480
0.00566600
0.00568706
0.00598283
0.00604051
0.00560114
0.00604995
0.00574771
0.00740705
0.00584432
0.00640452
0.00567547
0.00629253
0.00574981
0.00633364
0.00583549
0.00601336
0.00586711
0.00626342
0.00706855
0.00609698
0.00529698
0.00662685
0.00533882
0.00612207
0.00608269
0.00583698
0.00633097
0.00574265
0.00663373
0.00617046
0.00523540
0.00592918
0.00641920
0.00643765
0.00602025
0.00562398
0.00553015
0.00825402
0.00520843
0.00639795
0.00603260
0.00595357
0.00789488
0.00585189
0.00590814
0.00589475
0.00618463
0.00598108
0.00586752
0.00554664
0.00551997
0.00685361
0.00776198
0.00650976
0.00589510
0.00560615
0.00586866
0.00707228
0.01098390
0.00575424
0.00636299
0.00547449
0.00611364
0.00715842
0.00579112
0.00525727
0.00575733
0.00614122
0.00593265
0.00622705
0.00658497
0.00566398
0.00639804
0.00631679
0.00560411
0.00667215
0.00589152
0.00541092
0.00650204
0.00610467
0.00584585
0.00598044
0.00630507
0.00575317
0.00602109
0.00580412
0.00664920
0.00607438
0.00579296
0.00533048
0.00617993
0.00590124
0.00560749
0.00688099
0.00601132
0.00589391
0.00581993
0.00604243
0.00578652
0.00544765
0.00536806
0.00609893
0.00550985
0.00581916
0.00618816
0.00580106
0.00584889
0.00598657
0.00593080
0.00651135
0.00584050
0.00637622
0.00625087
0.00622161
0.00597782
0.00607029
0.00612374
0.00664010
0.00571670
0.00620349
0.00589945
0.00533912
0.00598524
0.00601362
0.00685196
0.00632388
0.00721452
0.00575449
0.00574489
0.00651524
0.00603501
0.00631072
0.00570110
0.00583087
0.00591700
0.00621863
0.00569536
0.00608143
0.00689775
0.00633028
0.00603736
0.00590801
0.00602250
0.00573297
0.00593426
0.00611364
0.00604198
0.00604699
0.00635104
0.00623417
0.00696892
0.00585982
0.00529469
0.00571808
0.00587435
0.00637582
0.00597220
0.00578746
0.00832541
0.00542613
0.00646112
0.00681503
0.00654339
0.00658079
0.00672027
0.00586517
0.00598436
0.00686847
0.00564632
0.00583930
0.00555187
0.00738561
0.00690240
0.00609980
0.00576511
0.00612101
0.00615322
0.00613253
0.00599633
0.00584322
0.00706719
0.00600138
0.00608677
0.00542192
0.00595933
0.00513216
0.00578626
0.00586128
0.00557743
0.00588159
0.00641283
0.00726675
0.00772527
0.00604279
0.00593287
0.00596543
0.00572322
0.00559964
0.00644289
0.00667892
0.00600274
0.00673957
0.00651516
0.00620218
0.00589906
0.00623182
0.00583437
0.00558802
0.00593153
0.00618039
0.00637066
0.00605874
0.00579581
0.00666205
0.00703569
0.00576084
0.00712425
0.00527814
0.00561576
0.00575326
0.00615663
0.00607513
0.00612290
0.00685066
0.00607424
0.00552462
0.00564828
0.00570978
0.00611479
0.00620458
0.00572203
0.00602273
0.00700201
0.00590257
0.00601246
0.00630693
0.00596867
0.00524798
0.00604207
0.00609198
0.00580990
0.00601373
0.00567537
0.00571321
0.00631332
0.00552217
0.00613658
0.00562304
0.00575721
0.00555850
0.00618751
0.00545450
0.00599280
0.00573547
0.00628329
0.00629421
0.00617118
0.00615265
0.00636017
0.00554042
0.00642206
0.00650501
0.00664693
0.00639707
0.00622250
0.00590750
0.00525807
0.00548623
0.00623249
0.00625503
0.00601778
0.00599502
0.00724527
0.00628359
0.00603781
0.00611881
0.00613962
0.00630076
0.00666950
0.00602518
0.00636626
0.00622753
0.00656669
0.00576706
0.00621539
0.00614482
0.00563043
0.00625705
0.00603807
0.00539508
0.00603567
0.00794031
0.00543795
0.00664712
0.00553726
0.00572179
0.00526219
0.00594041
0.00663507
0.00595499
0.00630344
0.00578881
0.00672162
0.00653161
0.00659878
0.00618186
0.00641291
0.00630138
0.00587300
0.00585678
0.00599451
0.00567704
0.00582290
0.00575002
0.00597719
0.00601732
0.00540944
0.00585605
0.00653587
0.00520821
0.00529331
0.00670002
0.00521024
0.00556170
0.00644668
0.00600200
0.00568244
0.00591749
0.00628289
0.00544276
0.00565155
0.00555011
0.00590710
0.00600786
0.00622478
0.00787293
0.00534031
0.00686036
0.00702921
0.00599354
0.00571644
0.00580393
0.00522554
0.00641381
0.00590561
0.00597519
0.00586342
0.00743998
0.00740618
0.00584096
0.00537687
0.00573036
0.00600090
0.00588009
0.00595628
0.00617982
0.00639517