0.00538855
0.00498966
0.00519425
0.00513584
0.00543564
0.00541101
0.00528823
0.00568170
0.00475820
0.00586755
0.00527241
0.00484493
0.00489634
0.00502453
0.00553325
0.00509944
0.00566608
0.00585678
0.00517856
0.00510892
0.00510496
0.00493448
0.00518420
0.00657089
0.00480622
0.00523298
0.00572471
0.00623496
0.00516977
0.00506880
0.00499376
0.00509823
0.00552350
0.00529508
0.00600384
0.00542353
0.00513519
0.00505545
0.00552926
0.00498944
0.00542605
0.00490438
0.00540437
0.00557798
0.00504109
0.00596547
0.00551112
0.00611622
0.00550676
0.00536365
0.00524708
0.00567930
0.00612489
0.00531276
0.00538297
0.00533730
0.00496846
0.00550528
0.00606319
0.00527978
0.00552625
0.00572190
0.00573384
0.00531090
0.00513326
0.00541859
0.00585768
0.00549810
0.00517624
0.00546296
0.00546309
0.00519720
0.00585124
0.00576389
0.00549399
0.00546923
0.00496568
0.00549391
0.00577880
0.00525453
0.00492921
0.00549996
0.00497436
0.00550926
0.00498783
0.00606151
0.00531545
0.00550332
0.00559944
0.00558851
0.00539574
0.00546981
0.00516880
0.00548196
0.00530092
0.00500982
0.00598787
0.00531111
0.00611838
0.00676070
0.00524504
0.00516128
0.00513913
0.00574430
0.00552700
0.00554040
0.00534533
0.00579005
0.00538563
0.00603847
0.00481081
0.00602557
0.00544542
0.00538066
0.00508818
0.00533714
0.00525779
0.00554085
0.00511488
0.00502037
0.00556534
0.00548448
0.00556500
0.00542364
0.00541760
0.00522484
0.00584226
0.00507880
0.00561593
0.00557401
0.00538346
0.00577307
0.00569983
0.00554438
0.00505705
0.00496600
0.00501516
0.00496269
0.00520383
0.00565964
0.00527728
0.00567071
0.00605270
0.00583966
0.00496027
0.00529471
0.00488884
0.00582644
0.00553298
0.00528753
0.00559968
0.00523395
0.00581723
0.00538380
0.00571881
0.00540938
0.00489209
0.00482709
0.00569324
0.00556035
0.00558942
0.00520803
0.00556467
0.00571083
0.00564396
0.00524815
0.00540997
0.00522276
0.00531438
0.00502167
0.00649259
0.00523137
0.00513038
0.00523404
0.00567535
0.00509009
0.00553502
0.00584035
0.00505850
0.00620667
0.00526852
0.00576133
0.00534084
0.00486593
0.00577325
0.00554144
0.00542258
0.00628040
0.00509823
0.00557166
0.00508838
0.00506870
0.00471355
0.00491574
0.00515329
0.00522938
0.00508244
0.00495210
0.00596530
0.00497394
0.00569333
0.00522337
0.00512048
0.00506239
0.00498558
0.00528286
0.00518247
0.00487564
0.00521048
0.00536414
0.00539427
0.00538957
0.00552317
0.00526345
0.00576903
0.00625884
0.00610243
0.00516477
0.00539929
0.00550597
0.00567369
0.00567335
0.00569961
0.00533843
0.00581347
0.00529048
0.00525257
0.00531999
0.00558408
0.00568415
0.00507080
0.00554070
0.00591884
0.00492212
0.00529797
0.00496783
0.00514715
0.00584045
0.00544354
0.00520610
0.00578822
0.00515024
0.00573409
0.00537354
0.00510012
0.00548928
0.00622371
0.00490515
0.00528252
0.00520155
0.00553613
0.00536397
0.00535979
0.00547955
0.00534291
0.00601706
0.00518262
0.00538385
0.00515395
0.00572239
0.00528466
0.00532224
0.00497250
0.00546728
0.00530444
0.00513290
0.00512651
0.00525204
0.00561648
0.00543181
0.00552773
0.00574308
0.00505201
0.00517920
0.00559998
0.00539888
0.00551556
0.00533164
0.00508793
0.00623597
0.00506321
0.00504681
0.00562127
0.00547627
0.00552341
0.00570738
0.00530039
0.00548155
0.00550755
0.00516265
0.00548216
0.00536357
0.00589661
0.00497419
0.00541063
0.00552973
0.00551876
0.00535791
0.00539342
0.00488619
0.00526985
0.00529270
0.00489934
0.00586992
0.00538104
0.00567838
0.00505728
0.00519795
0.00524376
0.00579310
0.00583799
0.00530973
0.00510503
0.00503009
0.00533358
0.00647049
0.00505929
0.00565807
0.00525396
0.00514086
0.00636892
0.00595055
0.00518994
0.00534680
0.00489032
0.00534303
0.00554858
0.00536247
0.00559249
0.00513290
0.00564755
0.00504325
0.00559524
0.00533354
0.00591834
0.00562322
0.00516977
0.00515509
0.00601674
0.00588594
0.00522370
0.00507505
0.00532083
0.00597832
0.00541307
0.00493936
0.00522604
0.00592152
0.00568523
0.00552069
0.00514439
0.00609521
0.00597035
0.00540757
0.00529403
0.00521375
0.00526609
0.00538492
0.00573099
0.00522529
0.00560820
0.00512056
0.00575752
0.00575778
0.00506709
0.00509930
0.00565808
0.00540805
0.00530281
0.00525377
0.00506488
0.00519650
0.00581535
0.00556410
0.00622032
0.00512437
0.00502374
0.00656257
0.00577322
0.00562068
0.00576662
0.00542288
0.00643582
0.00558454
0.00575118
0.00585862
0.00521669
0.00527356
0.00531650
0.00515297
0.00542573
0.00516349
0.00545037
0.00551859
0.00551468
0.00561874
0.00581082
0.00518013
0.00511279
0.00520749
0.00531722
0.00558456
0.00582807
0.00539353
0.00497737
0.00566351
0.00606175
0.00537682
0.00557076
0.00523862
0.00546865
0.00590346
0.00542629
0.00528218
0.00572473
0.00528199
0.00529485
0.00512808
0.00517477
0.00547771
0.00592642
0.00509850
0.00497689
0.00571644
0.00542636
0.00517740
0.00565574
0.00511305
0.00489515
0.00554101
0.00551715
0.00547472
0.00546650
0.00578671
0.00512581
0.00496025
0.00551269
0.00518882
0.00510954
0.00579817
0.00487937
0.00530240
0.00507920
0.00553050
0.00501442
0.00514689
0.00491322
0.00587456
0.00582790
0.00496205
0.00528625
0.00534463
0.00519780
0.00562803
0.00606985
0.00572138
0.00517564
0.00536488
0.00538067
0.00508771
0.00531045
0.00510196
0.00497263
0.00509980
0.00550013
0.00502023
0.00616853
0.00534735
0.00544991
0.00547895
0.00513615
0.00511649
0.00512677
0.00561662
0.00528867
0.00533111
0.00499306
0.00517187
0.00505987
0.00517521
0.00546703
0.00490511
0.00529080
0.00543606
0.00495946
0.00551511
0.00566268
0.00492944
0.00510335
0.00525407
0.00555698
0.00652889
0.00524316
0.00584079
0.00493576
0.00580164
0.00521368
0.00607291
0.00527478
0.00581326