0.00295991
0.00249325
0.00225655
0.00299430
0.00312447
0.00239739
0.00417425
0.00258992
0.00300884
0.00277533
0.00317521
0.00267370
0.00332893
0.00227620
0.00347744
0.00246472
0.00318691
0.00284728
0.00320806
0.00240650
0.00387756
0.00240205
0.00240339
0.00266748
0.00372065
0.00261029
0.00240832
0.00310027
0.00390204
0.00308360
0.00400903
0.00238463
0.00351939
0.00254932
0.00304599
0.00236113
0.00480058
0.00267978
0.00249294
0.00266013
0.00355994
0.00374080
0.00187422
0.00206423
0.00227675
0.00264533
0.00248449
0.00237100
0.00331978
0.00245051
0.00250414
0.00398961
0.00276461
0.00311011
0.00269160
0.00227558
0.00352599
0.00298816
0.00241602
0.00250518
0.00208429
0.00269241
0.00306429
0.00302050
0.00311295
0.00375164
0.00296796
0.00276456
0.00381831
0.00246904
0.00287284
0.00461566
0.00225132
0.00407060
0.00260652
0.00469477
0.00232430
0.00319026
0.00289506
0.00199354
0.00525257
0.00225184
0.00236485
0.00281029
0.00290446
0.00237577
0.00275694
0.00217874
0.00245476
0.00235339
0.00210861
0.00229780
0.00202298
0.00211474
0.00225197
0.00310761
0.00261542
0.00226284
0.00297155
0.00264316
0.00238985
0.00270523
0.00278534
0.00243089
0.00332989
0.00396635
0.00249071
0.00241223
0.00279088
0.00245696
0.00332350
0.00289324
0.00245453
0.00362931
0.00267399
0.00258169
0.00442110
0.00234136
0.00236472
0.00202118
0.00231673
0.00299379
0.00270620
0.00306701
0.00381253
0.00203760
0.00242678
0.00320733
0.00210193
0.00225442
0.00258429
0.00253947
0.00235520
0.00294412
0.00288178
0.00386546
0.00259363
0.00240457
0.00274639
0.00293079
0.00320137
0.00384849
0.00221356
0.00229341
0.00265339
0.00250905
0.00234591
0.00362421
0.00285678
0.00231597
0.00261852
0.00293799
0.00307905
0.00209049
0.00269377
0.00449155
0.00310471
0.00291273
0.00265371
0.00213723
0.00232589
0.00205755
0.00262933
0.00299890
0.00353920
0.00296025
0.00285738
0.00271820
0.00379531
0.00221650
0.00213939
0.00280787
0.00227005
0.00252465
0.00280684
0.00336529
0.00267344
0.00272675
0.00255581
0.00366148
0.00236424
0.00270757
0.00238306
0.00236405
0.00241266
0.00309798
0.00333813
0.00273661
0.00275500
0.00336308
0.00313703
0.00234204
0.00281079
0.00336151
0.00323189
0.00370843
0.00324305
0.00328020
0.00461169
0.00256352
0.00299239
0.00247454
0.00389628
0.00252042
0.00253421
0.00481746
0.00237091
0.00270314
0.00300030
0.00268249
0.00313398
0.00383909
0.00302271
0.00233767
0.00321662
0.00227522
0.00339088
0.00254626
0.00243936
0.00437118
0.00309184
0.00211291
0.00372010
0.00334810
0.00310449
0.00255817
0.00413463
0.00245273
0.00266579
0.00234660
0.00251220
0.00280555
0.00202851
0.00312809
0.00265606
0.00403132
0.00263027
0.00293116
0.00225773
0.00268238
0.00282883
0.00352382
0.00207017
0.00262195
0.00270938
0.00219242
0.00290469
0.00197757
0.00314839
0.00206123
0.00248600
0.00195794
0.00218315
0.00216322
0.00286779
0.00230160
0.00242811
0.00314370
0.00315504
0.00223308
0.00264039
0.00307155
0.00245255
0.00222636
0.00237751
0.00270546
0.00309856
0.00264722
0.00226377
0.00347830
0.00336594
0.00274819
0.00250795
0.00218826
0.00279104
0.00259810
0.00193368
0.00282331
0.00314571
0.00234234
0.00259682
0.00231197
0.00235109
0.00404074
0.00299205
0.00217030
0.00228304
0.00371264
0.00271966
0.00317072
0.00265010
0.00278489
0.00317658
0.00693722
0.00355260
0.00351876
0.00360275
0.00333684
0.00277508
0.00429533
0.00454749
0.00262620
0.00254684
0.00235052
0.00217863
0.00254400
0.00200995
0.00269071
0.00265375
0.00263805
0.00561721
0.00354522
0.00291671
0.00222016
0.00302497
0.00371582
0.00267727
0.00271810
0.00228931
0.00303520
0.00209783
0.00314578
0.00297614
0.00250934
0.00224580
0.00270836
0.00241650
0.00357565
0.00235764
0.00243339
0.00246996
0.00235459
0.00275414
0.00218088
0.00414461
0.00392842
0.00393666
0.00239376
0.00315345
0.00233000
0.00384243
0.00197602
0.00367617
0.00245232
0.00224143
0.00272333
0.00314078
0.00269907
0.00248466
0.00212030
0.00431023
0.00266572
0.00299986
0.00366156
0.00281239
0.00269161
0.00227866
0.00335186
0.00303421
0.00322481
0.00232409
0.00238477
0.00298358
0.00275466
0.00295467
0.00223455
0.00322958
0.00236838
0.00376127
0.00208766
0.00266110
0.00328895
0.00339374
0.00370356
0.00246375
0.00222854
0.00184078
0.00331147
0.00256185
0.00281302
0.00194845
0.00276883
0.00209268
0.00279912
0.00195344
0.00252398
0.00280239
0.00405330
0.00325154
0.00282357
0.00248613
0.00243013
0.00297623
0.00252700
0.00316770
0.00238375
0.00221874
0.00335732
0.00320602
0.00292683
0.00274630
0.00242834
0.00224510
0.00246311
0.00377947
0.00276361
0.00209336
0.00255590
0.00290720
0.00234298
0.00390854
0.00215903
0.00259680
0.00214089
0.00223609
0.00228778
0.00237975
0.00248334
0.00256943
0.00265172
0.00206998
0.00307158
0.00241137
0.00333008
0.00253062
0.00232363
0.00494347
0.00251796
0.00275757
0.00230145
0.00210343
0.00245608
0.00241783
0.00311102
0.00249749
0.00329813
0.00237372
0.00381991
0.00295444
0.00261292
0.00295178
0.00272153
0.00298501
0.00411847
0.00235946
0.00500918
0.00200285
0.00225604
0.00254411
0.00329039
0.00262508
0.00279015
0.00317946
0.00263282
0.00256009
0.00230593
0.00235368
0.00454059
0.00322381
0.00218495
0.00195568
0.00269660
0.00216460
0.00407409
0.00457986
0.00333560
0.00294603
0.00541305
0.00208415
0.00288810
0.00309557
0.00299687
0.00344154
0.00251275
0.00362471
0.00237186
0.00237071
0.00269804
0.00206406
0.00441071
0.00196743
0.00357040
0.00250645
0.00368873
0.00224847
0.00334576
0.00204095
0.00364502
0.00216140
0.00200381
0.00235639
0.00276236
0.00219538
0.00293812
0.00258207
0.00279098
0.00251371
0.00230224
0.00249214
0.00257427