0.00059177
0.00054661
0.00059073
0.00061888
0.00057650
0.00059351
0.00059135
0.00058340
0.00058480
0.00056692
0.00060217
0.00053270
0.00054603
0.00060021
0.00057277
0.00058599
0.00058703
0.00056345
0.00053974
0.00062360
0.00060249
0.00056548
0.00068195
0.00053682
0.00057305
0.00058197
0.00064608
0.00053949
0.00059559
0.00054031
0.00054462
0.00058097
0.00055788
0.00053811
0.00064481
0.00057701
0.00059872
0.00054057
0.00054501
0.00065549
0.00057535
0.00059600
0.00056289
0.00059941
0.00059583
0.00058270
0.00055732
0.00052880
0.00054165
0.00059069
0.00060544
0.00056428
0.00057115
0.00058829
0.00056392
0.00059158
0.00063102
0.00062069
0.00060301
0.00054813
0.00060453
0.00054976
0.00052903
0.00059557
0.00055058
0.00059894
0.00057096
0.00059851
0.00052863
0.00059870
0.00058629
0.00059115
0.00056443
0.00054145
0.00058650
0.00062089
0.00056795
0.00053452
0.00056216
0.00082330
0.00057221
0.00052156
0.00055795
0.00066922
0.00054466
0.00057320
0.00057252
0.00057005
0.00057420
0.00055364
0.00068451
0.00051988
0.00057959
0.00064856
0.00055659
0.00057400
0.00055881
0.00054187
0.00058608
0.00058352
0.00054389
0.00053508
0.00062912
0.00054590
0.00055107
0.00057930
0.00062509
0.00057880
0.00057273
0.00058185
0.00058897
0.00059393
0.00054126
0.00055128
0.00052653
0.00054057
0.00057948
0.00055856
0.00053325
0.00054481
0.00055459
0.00054672
0.00054088
0.00057460
0.00056861
0.00056908
0.00056670
0.00061722
0.00058421
0.00058542
0.00054957
0.00058142
0.00062972
0.00053571
0.00055084
0.00054488
0.00057641
0.00052442
0.00064611
0.00056495
0.00054914
0.00055645
0.00058745
0.00058159
0.00065177
0.00055794
0.00059174
0.00058956
0.00056699
0.00061640
0.00054440
0.00060938
0.00055918
0.00055745
0.00058435
0.00055760
0.00060280
0.00054198
0.00052049
0.00058919
0.00057290
0.00056214
0.00061030
0.00054796
0.00057147
0.00053333
0.00055286
0.00066205
0.00054045
0.00060902
0.00055227
0.00056330
0.00056733
0.00057681
0.00058923
0.00060322
0.00054681
0.00054755
0.00052966
0.00061809
0.00057000
0.00053974
0.00055598
0.00054462
0.00054804
0.00053623
0.00055141
0.00053420
0.00058037
0.00054079
0.00063733
0.00062579
0.00058964
0.00057972
0.00055183
0.00061398
0.00060858
0.00051593
0.00056892
0.00059974
0.00058193
0.00057055
0.00056894
0.00059286
0.00052926
0.00054840
0.00059861
0.00061844
0.00054937
0.00056853
0.00054197
0.00056594
0.00057625
0.00056743
0.00057508
0.00054180
0.00057999
0.00054747
0.00059906
0.00058310
0.00056847
0.00054276
0.00056771
0.00058257
0.00076259
0.00054757
0.00055724
0.00054013
0.00054231
0.00052866
0.00053874
0.00056290
0.00056152
0.00056275
0.00054857
0.00057108
0.00055484
0.00053332
0.00053064
0.00053720
0.00060863
0.00054182
0.00054333
0.00054236
0.00059150
0.00054697
0.00056025
0.00056849
0.00059595
0.00057825
0.00060108
0.00058291
0.00058893
0.00056724
0.00058120
0.00054358
0.00053841
0.00058759
0.00056458
0.00054975
0.00056222
0.00055467
0.00055054
0.00060288
0.00063632
0.00056466
0.00057086
0.00053113
0.00059038
0.00056927
0.00066209
0.00053133
0.00054300
0.00066504
0.00054677
0.00055360
0.00053410
0.00055446
0.00055590
0.00057983
0.00058971
0.00056679
0.00055148
0.00056069
0.00063573
0.00055420
0.00055275
0.00056781
0.00062616
0.00057305
0.00062519
0.00058345
0.00062453
0.00051743
0.00053812
0.00056003
0.00056992
0.00062070
0.00063190
0.00065725
0.00056744
0.00059735
0.00052454
0.00058804
0.00058758
0.00061206
0.00054096
0.00064993
0.00056414
0.00055718
0.00056872
0.00062017
0.00056715
0.00055357
0.00058390
0.00057590
0.00051899
0.00057115
0.00059447
0.00056990
0.00054902
0.00055445
0.00060300
0.00055631
0.00056414
0.00055675
0.00060656
0.00058343
0.00056440
0.00054834
0.00057094
0.00058713
0.00056594
0.00058389
0.00057309
0.00053750
0.00055505
0.00068611
0.00055475
0.00054324
0.00058087
0.00056030
0.00056755
0.00056436
0.00053333
0.00062732
0.00058137
0.00064237
0.00052150
0.00061981
0.00057987
0.00056369
0.00056542
0.00057030
0.00059043
0.00065186
0.00061368
0.00059829
0.00057135
0.00058160
0.00064691
0.00059548
0.00060222
0.00054993
0.00057989
0.00053108
0.00062565
0.00056297
0.00056601
0.00055704
0.00054730
0.00055845
0.00058776
0.00059644
0.00057032
0.00055489
0.00055351
0.00056900
0.00057227
0.00061290
0.00056440
0.00056911
0.00057201
0.00060478
0.00060422
0.00054600
0.00061107
0.00055368
0.00056505
0.00061427
0.00058528
0.00057132
0.00058543
0.00058677
0.00053098
0.00058089
0.00057334
0.00055556
0.00062002
0.00064505
0.00058711
0.00059125
0.00055699
0.00056424
0.00058166
0.00055916
0.00053794
0.00058521
0.00055499
0.00062174
0.00056260
0.00054564
0.00054292
0.00056807
0.00060202
0.00061548
0.00064179
0.00057666
0.00053385
0.00055978
0.00057576
0.00056095
0.00056903
0.00057126
0.00059299
0.00070472
0.00055435
0.00057263
0.00059115
0.00059983
0.00055890
0.00057634
0.00052593
0.00058174
0.00058671
0.00056040
0.00057378
0.00059955
0.00059676
0.00055558
0.00063759
0.00061307
0.00057929
0.00055730
0.00058099
0.00059214
0.00053005
0.00058005
0.00055669
0.00058347
0.00055502
0.00054288
0.00054104
0.00058596
0.00053567
0.00069598
0.00054369
0.00053722
0.00054791
0.00057117
0.00060818
0.00056541
0.00072072
0.00060139
0.00054896
0.00073950
0.00055440
0.00057720
0.00054077
0.00059430
0.00058566
0.00060965
0.00055458
0.00054769
0.00054946
0.00055197
0.00061979
0.00056115
0.00056873
0.00061649
0.00056244
0.00055552
0.00059830
0.00053937
0.00055398
0.00056998
0.00061182
0.00055891
0.00068666
0.00058496
0.00058574
0.00058856
0.00059473
0.00055432
0.00057081
0.00052726
0.00056601
0.00057589
0.00055882
0.00056671