0.00065681
0.00067830
0.00066603
0.00068417
0.00065758
0.00065679
0.00065054
0.00067762
0.00067284
0.00066488
0.00068868
0.00068872
0.00066607
0.00065997
0.00067528
0.00067796
0.00067549
0.00067941
0.00066482
0.00065990
0.00067450
0.00066622
0.00066138
0.00066902
0.00068874
0.00071239
0.00067295
0.00068785
0.00065503
0.00067050
0.00067653
0.00066565
0.00065068
0.00069259
0.00063988
0.00067908
0.00065963
0.00067424
0.00068032
0.00066487
0.00067141
0.00067745
0.00066791
0.00068912
0.00068737
0.00065765
0.00067452
0.00068547
0.00070457
0.00066930
0.00067162
0.00067687
0.00067395
0.00066797
0.00065701
0.00066456
0.00066861
0.00064771
0.00067931
0.00065264
0.00067192
0.00068637
0.00066207
0.00066758
0.00069509
0.00068919
0.00067592
0.00067791
0.00071419
0.00066506
0.00068241
0.00068549
0.00067055
0.00066254
0.00067449
0.00067252
0.00069024
0.00065570
0.00065771
0.00067210
0.00065414
0.00066576
0.00067218
0.00066378
0.00066463
0.00065485
0.00068213
0.00065547
0.00067736
0.00066596
0.00066275
0.00067921
0.00066794
0.00067012
0.00064948
0.00067340
0.00067279
0.00067446
0.00066283
0.00068238
0.00068084
0.00066421
0.00064932
0.00066520
0.00067241
0.00064788
0.00067023
0.00066500
0.00066218
0.00064945
0.00067292
0.00066475
0.00068750
0.00067746
0.00070377
0.00066141
0.00065006
0.00067421
0.00068453
0.00066347
0.00067345
0.00066597
0.00066043
0.00067316
0.00066395
0.00070346
0.00067651
0.00066186
0.00067507
0.00065862
0.00069873
0.00067482
0.00067703
0.00066277
0.00067759
0.00067203
0.00067845
0.00064337
0.00067501
0.00065990
0.00067854
0.00065337
0.00066570
0.00067857
0.00068170
0.00068870
0.00069547
0.00065117
0.00066362
0.00066246
0.00067507
0.00067234
0.00066001
0.00066440
0.00066789
0.00066597
0.00068629
0.00066760
0.00066893
0.00070180
0.00066451
0.00067704
0.00068937
0.00067890
0.00068700
0.00066634
0.00067767
0.00066531
0.00066038
0.00067434
0.00065205
0.00066867
0.00068088
0.00066372
0.00067678
0.00065819
0.00065756
0.00066213
0.00067384
0.00067088
0.00064780
0.00065754
0.00069421
0.00068706
0.00069092
0.00069063
0.00066834
0.00065102
0.00067354
0.00064895
0.00066291
0.00068003
0.00065455
0.00066304
0.00070139
0.00067266
0.00067281
0.00067265
0.00067641
0.00068653
0.00068194
0.00066848
0.00067848
0.00068571
0.00065772
0.00066045
0.00064607
0.00064294
0.00066686
0.00068169
0.00068235
0.00066922
0.00065746
0.00068349
0.00067665
0.00067487
0.00068382
0.00065594
0.00065992
0.00068976
0.00067243
0.00066405
0.00066976
0.00067176
0.00066105
0.00067757
0.00067759
0.00067090
0.00066339
0.00069554
0.00066683
0.00067304
0.00067039
0.00067948
0.00067405
0.00065947
0.00067075
0.00068318
0.00068526
0.00065851
0.00067707
0.00065134
0.00068207
0.00066031
0.00066614
0.00066734
0.00068016
0.00064925
0.00068167
0.00067711
0.00068774
0.00069328
0.00066263
0.00067017
0.00067125
0.00065794
0.00066991
0.00068158
0.00074260
0.00069601
0.00066449
0.00066565
0.00070248
0.00068842
0.00067347
0.00066316
0.00064926
0.00069673
0.00067953
0.00067047
0.00067218
0.00066539
0.00067611
0.00068471
0.00066703
0.00065885
0.00067711
0.00067118
0.00064361
0.00065497
0.00064943
0.00066856
0.00068731
0.00065529
0.00068387
0.00065266
0.00067219
0.00067046
0.00068878
0.00067985
0.00068679
0.00068467
0.00071133
0.00068070
0.00067073
0.00066873
0.00065794
0.00066779
0.00065899
0.00066923
0.00064630
0.00067086
0.00066256
0.00065367
0.00067668
0.00064931
0.00064318
0.00065249
0.00068077
0.00069214
0.00066322
0.00067170
0.00069027
0.00066146
0.00066439
0.00065845
0.00066810
0.00066829
0.00066704
0.00068787
0.00068840
0.00067364
0.00065833
0.00068366
0.00065155
0.00068918
0.00065963
0.00065844
0.00067745
0.00066159
0.00066376
0.00075054
0.00067068
0.00068110
0.00066884
0.00068413
0.00068924
0.00067507
0.00066326
0.00064100
0.00069021
0.00071046
0.00067252
0.00068474
0.00069051
0.00067964
0.00067302
0.00069209
0.00066723
0.00067200
0.00066543
0.00068848
0.00067822
0.00066027
0.00065813
0.00067310
0.00066563
0.00065823
0.00066721
0.00066927
0.00067051
0.00069112
0.00065853
0.00068487
0.00067514
0.00067890
0.00066391
0.00067676
0.00066783
0.00068932
0.00066456
0.00068036
0.00067836
0.00068772
0.00065377
0.00066882
0.00065758
0.00066744
0.00066914
0.00067199
0.00066867
0.00067986
0.00067642
0.00065287
0.00066834
0.00067870
0.00066573
0.00064611
0.00069283
0.00069426
0.00066886
0.00064954
0.00066416
0.00064540
0.00067566
0.00066585
0.00066097
0.00069137
0.00065919
0.00068481
0.00071116
0.00068200
0.00066776
0.00067382
0.00068084
0.00065518
0.00064969
0.00066210
0.00068206
0.00067168
0.00067101
0.00066323
0.00070116
0.00066044
0.00065688
0.00065731
0.00067585
0.00065235
0.00066963
0.00066949
0.00066810
0.00065234
0.00065495
0.00065407
0.00067604
0.00066419
0.00065621
0.00066798
0.00065289
0.00067522
0.00066136
0.00066256
0.00069056
0.00068499
0.00067036
0.00068577
0.00071012
0.00067181
0.00065410
0.00066895
0.00065764
0.00069277
0.00065710
0.00068252
0.00067476
0.00067255
0.00068385
0.00070140
0.00065892
0.00065421
0.00066142
0.00067027
0.00066453
0.00067937
0.00066300
0.00066478
0.00066912
0.00065658
0.00063579
0.00066028
0.00067499
0.00065217
0.00066256
0.00066796
0.00067911
0.00066151
0.00066892
0.00067152
0.00069307
0.00067355
0.00068678
0.00066885
0.00065971
0.00068520
0.00069613
0.00065124
0.00067000
0.00066381
0.00067471
0.00067648
0.00065823
0.00066796
0.00066195
0.00066986
0.00066999
0.00067809
0.00069708
0.00067975
0.00065293
0.00066226
0.00068936
0.00065179
0.00068313
0.00068611
0.00066508
0.00065732
0.00069634
0.00066256
0.00066970
0.00067940