0.00277864
0.00293598
0.00298742
0.00294230
0.00329263
0.00283284
0.00308856
0.00310834
0.00303203
0.00289509
0.00295232
0.00287749
0.00314142
0.00341966
0.00372357
0.00279074
0.00371231
0.00304886
0.00308172
0.00346043
0.00309559
0.00310773
0.00301217
0.00278328
0.00336761
0.00286006
0.00268856
0.00333305
0.00363202
0.00648574
0.00315650
0.00293954
0.00296037
0.00314128
0.00279646
0.00319649
0.00303159
0.00338151
0.00309597
0.00281199
0.00292853
0.00299721
0.00284916
0.00286611
0.00314693
0.00293627
0.00303570
0.00316191
0.00332327
0.00299900
0.00332996
0.00309892
0.00294581
0.00358046
0.00278555
0.00283956
0.00292378
0.00271472
0.00316042
0.00268960
0.00271200
0.00502475
0.00287225
0.00279147
0.00349222
0.00263793
0.00297365
0.00308496
0.00301040
0.00304588
0.00307450
0.00334458
0.00288220
0.00329040
0.00319052
0.00303528
0.00316263
0.00337409
0.00277623
0.00273072
0.00300005
0.00317277
0.00302227
0.00555346
0.00333269
0.00334128
0.00301478
0.00288359
0.00324276
0.00311481
0.00285470
0.00327917
0.00290723
0.00351500
0.00305438
0.00286786
0.00309573
0.00307615
0.00300003
0.00301463
0.00310362
0.00293121
0.00287558
0.00261778
0.00292276
0.00274694
0.00302279
0.00316434
0.00287000
0.00270047
0.00294688
0.00268731
0.00307886
0.00315305
0.00386671
0.00376798
0.00327303
0.00441939
0.00318169
0.00307035
0.00301649
0.00268912
0.00334508
0.00583188
0.00346217
0.00288567
0.00290801
0.00277195
0.00309487
0.00336216
0.00347477
0.00303717
0.00291046
0.00283011
0.00322223
0.00252356
0.00307550
0.00314310
0.00344722
0.00635098
0.00255905
0.00382575
0.00257297
0.00292789
0.00292114
0.00299899
0.00298085
0.00298292
0.00320597
0.00322165
0.00287587
0.00359519
0.00286638
0.00290754
0.00276738
0.00325151
0.00335684
0.00316201
0.00285953
0.00277028
0.00311762
0.00312950
0.00290274
0.00345107
0.00288363
0.00274134
0.00322585
0.00353113
0.00299605
0.00292336
0.00278702
0.00368789
0.00300110
0.00402974
0.00290528
0.00288432
0.00311892
0.00289491
0.00296825
0.00290392
0.00340299
0.00258071
0.00300694
0.00283289
0.00303881
0.00294804
0.00303854
0.00345230
0.00418699
0.00341320
0.00304588
0.00296976
0.00276756
0.00307776
0.00315177
0.00361328
0.00299589
0.00257611
0.00407136
0.00306238
0.00319305
0.00298591
0.00283570
0.00362898
0.00328136
0.00294288
0.00295616
0.00363988
0.00323076
0.00322422
0.00310143
0.00291497
0.00310474
0.00331294
0.00324190
0.00358952
0.00315070
0.00286194
0.00317674
0.00345233
0.00305342
0.00289128
0.00324551
0.00377354
0.00262401
0.00272720
0.00359097
0.00279932
0.00330621
0.00431403
0.00341963
0.00300833
0.00422429
0.00314367
0.00309953
0.00271544
0.00311209
0.00301514
0.00308653
0.00293491
0.00290081
0.00324007
0.00373422
0.00268089
0.00306422
0.00308596
0.00284824
0.00282872
0.00358281
0.00326423
0.00279050
0.00310745
0.00373395
0.00302834
0.00474852
0.00284858
0.00301954
0.00310165
0.00288121
0.00273356
0.00277558
0.00319307
0.00314171
0.00335706
0.00300927
0.00368538
0.00309756
0.00298533
0.00340435
0.00280276
0.00307600
0.00312165
0.00322634
0.00265835
0.00287681
0.00301234
0.00278069
0.00262213
0.00300995
0.00286531
0.00306760
0.00276194
0.00312346
0.00333295
0.00322631
0.00260006
0.00316000
0.00321773
0.00277632
0.00310788
0.00301674
0.00292206
0.00316154
0.00289502
0.00276227
0.00316505
0.00295854
0.00279187
0.00329530
0.00285447
0.00277234
0.00260066
0.00331475
0.00293732
0.00289694
0.00312789
0.00354062
0.00285052
0.00313310
0.00331185
0.00291567
0.00264537
0.00372791
0.00298460
0.00313017
0.00307874
0.00630549
0.00293537
0.00317846
0.00293952
0.00524465
0.00293487
0.00309068
0.00317794
0.00273327
0.00277599
0.00297121
0.00332314
0.00350724
0.00296108
0.00292372
0.00276478
0.00329116
0.00282270
0.00352805
0.00304133
0.00311918
0.00297289
0.00275335
0.00342312
0.00320977
0.00305222
0.00273735
0.00342194
0.00301315
0.00308971
0.00328815
0.00293285
0.00285664
0.00339920
0.00272727
0.00330976
0.00309998
0.00278897
0.00337126
0.00307987
0.00297562
0.00296098
0.00263414
0.00312141
0.00275656
0.00315217
0.00365332
0.00266789
0.00318541
0.00291956
0.00341826
0.00282544
0.00281686
0.00290331
0.00351088
0.00290521
0.00319511
0.00313594
0.00309239
0.00296128
0.00291487
0.00317058
0.00300159
0.00281105
0.00298476
0.00328229
0.00319969
0.00278844
0.00336206
0.00293524
0.00316637
0.00380194
0.00380692
0.00310264
0.00274513
0.00339667
0.00319752
0.00285379
0.00328847
0.00283367
0.00282479
0.00330930
0.00276799
0.00304237
0.00356523
0.00301111
0.00323961
0.00287880
0.00284556
0.00326240
0.00303458
0.00359915
0.00318548
0.00288688
0.00355816
0.00296748
0.00310066
0.00385346
0.00290583
0.00307093
0.00299395
0.00299421
0.00292155
0.00302070
0.00316544
0.00300451
0.00376225
0.00297873
0.00277333
0.00288605
0.00293587
0.00282249
0.00271661
0.00334855
0.00337606
0.00296640
0.00378171
0.00391706
0.00300293
0.00309312
0.00286696
0.00303428
0.00269998
0.00284458
0.00264759
0.00297858
0.00270642
0.00295690
0.00390334
0.00287613
0.00282557
0.00313836
0.00270805
0.00305480
0.00296991
0.00398682
0.00285029
0.00274624
0.00310871
0.00287105
0.00303746
0.00348977
0.00277510
0.00320333
0.00289171
0.00328075
0.00282688
0.00278334
0.00320575
0.00311587
0.00319383
0.00326770
0.00305749
0.00479458
0.00276298
0.00278675
0.00350543
0.00361357
0.00283339
0.00329400
0.00341429
0.00322511
0.00312885
0.00366705
0.00297710
0.00292032
0.00416453
0.00319437
0.00305456
0.00277145
0.00312224
0.00351019
0.00309996
0.00332219
0.00299244
0.00285746
0.00267442
0.00302963
0.00343965
0.00320895
0.00327979
0.00343296
0.00275483
0.00288930