0.01229268
0.00945636
0.00913610
0.01223740
0.00919440
0.00875656
0.00932096
0.01890671
0.00942215
0.00918909
0.01056699
0.00903727
0.01239372
0.01096929
0.01158856
0.00981251
0.01141460
0.01179747
0.01009283
0.00954733
0.00971740
0.01007142
0.01070677
0.01150669
0.01081509
0.00981532
0.01076816
0.00910381
0.00870834
0.00972569
0.00931560
0.00966367
0.01011608
0.00981999
0.01088218
0.01008955
0.00984919
0.01301887
0.01166905
0.00938524
0.01077358
0.01097794
0.01096182
0.01103668
0.01003161
0.01072788
0.00825986
0.01017781
0.00961295
0.01038123
0.00919713
0.01053641
0.01240939
0.01003023
0.01040172
0.01009906
0.01024957
0.01021358
0.00904757
0.00948209
0.00903874
0.01004802
0.01037970
0.00989801
0.01178140
0.00940230
0.01245614
0.00917259
0.00902468
0.00908116
0.01003694
0.01106115
0.00895720
0.01019236
0.00940608
0.00914438
0.00942552
0.00944289
0.01097342
0.00941156
0.01005513
0.00902569
0.01016571
0.01105092
0.00833976
0.00954924
0.00996086
0.01165317
0.01034192
0.01057723
0.01169032
0.01034059
0.01150432
0.01170051
0.00958076
0.01090096
0.00916569
0.01083948
0.01050927
0.00894909
0.01011777
0.01097638
0.00957152
0.00861516
0.01127908
0.00961545
0.01002855
0.01162562
0.01118424
0.00861147
0.01114496
0.00971247
0.00956786
0.00931729
0.01311732
0.01041943
0.01035817
0.01061273
0.01595532
0.01063564
0.00950412
0.01484393
0.00962676
0.00923524
0.00971922
0.01075679
0.01067416
0.00981269
0.01096441
0.00966540
0.01223094
0.00924105
0.00866464
0.01240473
0.01335253
0.00930539
0.01109472
0.00971029
0.00947687
0.00928245
0.01005791
0.00876806
0.01069007
0.00994333
0.00912603
0.00939962
0.00896488
0.00937851
0.01091679
0.00966836
0.01035905
0.01050236
0.00976665
0.00942804
0.00945752
0.00937863
0.00917544
0.01140149
0.01188792
0.00964953
0.00898465
0.00891838
0.01427729
0.01129058
0.00944040
0.00932482
0.01323862
0.01030848
0.01059817
0.00960419
0.00909087
0.00981140
0.00942983
0.01390723
0.00926053
0.00981389
0.01064422
0.00940708
0.01078289
0.01053867
0.01014585
0.00995407
0.00890960
0.00988674
0.01110518
0.00921629
0.00965360
0.01157407
0.00986441
0.00981521
0.00861343
0.00929702
0.00912049
0.00920513
0.00979433
0.00992447
0.00952776
0.00925832
0.00985000
0.00959239
0.00841646
0.01160717
0.01020472
0.00959106
0.01057410
0.00993869
0.01314073
0.00968441
0.01064116
0.01091476
0.01008247
0.00916261
0.00912418
0.00943411
0.00901496
0.00922711
0.00918927
0.01072313
0.01163702
0.00952560
0.01173824
0.01114946
0.01109043
0.01093403
0.01047803
0.01062486
0.01026083
0.01233567
0.00951630
0.00886098
0.01019008
0.00932176
0.01087622
0.01109196
0.00936258
0.01148851
0.01059494
0.00968554
0.01187511
0.00987313
0.00895123
0.01017020
0.00919668
0.00928234
0.00885355
0.00930065
0.01155403
0.00906807
0.00932489
0.00857221
0.01336272
0.00887580
0.00981315
0.01032864
0.00967462
0.01546817
0.01053859
0.00966400
0.01308829
0.00971063
0.01073543
0.00965054
0.00848585
0.01110817
0.00992779
0.00952555
0.01104863
0.00897465
0.00908412
0.01434804
0.00912667
0.00898742
0.01011153
0.00919526
0.00956313
0.01061071
0.01179145
0.00872861
0.01082493
0.00958767
0.01008606
0.01290675
0.01158472
0.01247417
0.01071221
0.01210104
0.00947734
0.01001128
0.00973396
0.00926453
0.01080948
0.01140142
0.01100181
0.01030231
0.00919370
0.01044373
0.01165491
0.01118929
0.00943483
0.00960090
0.00910707
0.00929585
0.00930697
0.00855553
0.00916083
0.00996939
0.01317758
0.01004952
0.00982386
0.00981582
0.01427612
0.01035083
0.00959140
0.00976516
0.00911989
0.01051345
0.00917404
0.01100143
0.00936378
0.01106014
0.00958820
0.00882360
0.00901385
0.00873370
0.01097338
0.00873424
0.01085703
0.01089817
0.01020808
0.00964077
0.00905014
0.01020285
0.00891469
0.01010171
0.01394934
0.00941966
0.00989565
0.00936901
0.01073337
0.00933623
0.00985483
0.01141091
0.00955013
0.01322146
0.01069012
0.00937450
0.00931171
0.00895519
0.01306197
0.01022317
0.01065930
0.01000765
0.00953721
0.00990982
0.00873496
0.01006376
0.01144360
0.01009120
0.00825660
0.00959242
0.01166037
0.01410064
0.01235948
0.00916645
0.00914285
0.00942255
0.01021919
0.00866254
0.00905798
0.00853664
0.00889526
0.00875332
0.01037613
0.00913022
0.00886509
0.00867339
0.01109112
0.01095885
0.00960964
0.01516715
0.00893721
0.01016303
0.01021334
0.00878729
0.00931413
0.00953303
0.00980303
0.01037310
0.00958104
0.01067991
0.01020557
0.00947813
0.01011722
0.00922857
0.00957510
0.01004972
0.00980395
0.00945771
0.00942081
0.01050088
0.01023316
0.01316042
0.00883633
0.01023527
0.00895860
0.01114806
0.01088459
0.00898607
0.01179449
0.00975300
0.00925205
0.00918180
0.00940176
0.01131477
0.00962826
0.01038207
0.01024904
0.01161912
0.01008862
0.00940320
0.01281378
0.01044562
0.00993992
0.01016168
0.01151486
0.00995692
0.00956624
0.01047834
0.00990125
0.01066862
0.00965850
0.00972693
0.00918100
0.01022353
0.01128458
0.01214728
0.01035706
0.00969517
0.00999187
0.01035284
0.00860588
0.00972788
0.00962664
0.00911878
0.01104367
0.00977169
0.01047574
0.01035465
0.01151848
0.00899820
0.00952908
0.00891485
0.01152007
0.00966638
0.00921024
0.00976332
0.00928490
0.00995408
0.01280135
0.01173009
0.01032666
0.00943306
0.01154146
0.00943231
0.00932759
0.00853580
0.00912970
0.01191251
0.01117900
0.00908812
0.01145709
0.01380707
0.01229143
0.01101055
0.00996959
0.01013900
0.01072108
0.00964399
0.00900213
0.01125520
0.00914164
0.01148520
0.00984013
0.01008037
0.01205441
0.01359197
0.00885289
0.01027542
0.01035630
0.01114596
0.00971126
0.00974050
0.01035327
0.00910278
0.01265277
0.01113295
0.00855030
0.00977203
0.01024127
0.01470858