0.00334392
0.00326668
0.00299938
0.00301408
0.00261510
0.00355776
0.00315531
0.00367755
0.00262309
0.00304222
0.00380753
0.00311045
0.00293826
0.00296069
0.00395398
0.00386962
0.00267664
0.00293306
0.00452670
0.00257996
0.00289963
0.00306232
0.00334708
0.00303678
0.00385225
0.00304725
0.00270166
0.00255209
0.00343973
0.00334206
0.00309015
0.00309116
0.00295473
0.00371114
0.00274434
0.00250924
0.00322904
0.00251680
0.00316435
0.00328027
0.00284616
0.00257926
0.00325664
0.00534512
0.00331196
0.00330305
0.00271227
0.00307190
0.00328209
0.00326214
0.00326872
0.00317900
0.00303684
0.00306481
0.00324264
0.00334616
0.00308903
0.00311501
0.00279581
0.00315092
0.00253613
0.00306213
0.00332212
0.00318338
0.00267344
0.00316925
0.00316076
0.00310163
0.00277152
0.00310536
0.00414410
0.00332922
0.00294261
0.00346046
0.00283242
0.00347772
0.00279050
0.00289121
0.00340064
0.00256804
0.00821989
0.00463236
0.00294791
0.00295962
0.00354358
0.00309578
0.00321689
0.00314158
0.00314014
0.00312602
0.00289091
0.00283418
0.00265806
0.00309699
0.00271216
0.00309616
0.00327906
0.00314780
0.00315211
0.00327652
0.00271477
0.00309524
0.00298886
0.00295888
0.00278903
0.00324205
0.00257940
0.00249793
0.00334229
0.01337056
0.00304041
0.00290848
0.00304803
0.00363995
0.00292382
0.00255093
0.00361636
0.00291882
0.00332911
0.00363651
0.00273518
0.00283046
0.00291724
0.00301845
0.00330792
0.00333554
0.00302083
0.00469385
0.00389791
0.00253351
0.00388702
0.00363279
0.00259965
0.00365069
0.00382935
0.00337255
0.00322189
0.00279328
0.00384064
0.00327575
0.00334003
0.00381405
0.00283998
0.00379649
0.00330311
0.00260934
0.00281213
0.00274176
0.00335600
0.00313209
0.00301703
0.00343305
0.00257143
0.00291875
0.00272279
0.00332865
0.00327991
0.00333232
0.00318637
0.00323295
0.00268756
0.00284649
0.00284937
0.00509798
0.00334729
0.00348340
0.00315183
0.00279348
0.00280289
0.00337378
0.00299841
0.00348790
0.00320673
0.00270834
0.00277845
0.00271821
0.00335514
0.00308988
0.00292025
0.00425605
0.00302614
0.00312768
0.00300212
0.00304775
0.00332346
0.00262403
0.00298087
0.00333329
0.00273654
0.00297523
0.00467631
0.00355848
0.00308954
0.00306274
0.00277416
0.00351757
0.00410628
0.00295195
0.00321106
0.00322477
0.00305505
0.00296151
0.00281852
0.00306619
0.00277644
0.00305792
0.00298960
0.00393203
0.00355043
0.00278454
0.00411002
0.00284615
0.00295778
0.00548444
0.00252153
0.00319952
0.00331533
0.00503222
0.00315084
0.00288210
0.00278633
0.00278755
0.00350495
0.00347710
0.00375918
0.00337003
0.00347122
0.00346240
0.00316395
0.00272185
0.00251497
0.00256685
0.00306188
0.00300481
0.00348048
0.00321927
0.00270255
0.00294281
0.00348202
0.00366053
0.00344076
0.00293518
0.00471881
0.00325383
0.00330866
0.00288787
0.00272732
0.00288267
0.00275428
0.00266715
0.00345848
0.00290515
0.00322987
0.00384102
0.00335771
0.00250103
0.00290628
0.00478528
0.00328061
0.00257762
0.00294884
0.00273469
0.00284638
0.00284965
0.00317560
0.00260745
0.00304213
0.00344808
0.00319076
0.00265647
0.00309020
0.00338878
0.00282905
0.00316486
0.00271838
0.00277056
0.00382592
0.00377681
0.00554018
0.00290716
0.00284466
0.00287973
0.00287562
0.00276596
0.00371194
0.00269066
0.00332820
0.00314224
0.00293850
0.00335087
0.00330876
0.00268090
0.00314669
0.00348392
0.00275576
0.00396090
0.00287173
0.00305753
0.00260610
0.00324315
0.00321101
0.00312060
0.00246239
0.00283608
0.00384110
0.00395772
0.00303810
0.00304556
0.00279812
0.00301320
0.00270436
0.00277331
0.00287448
0.00381692
0.00291332
0.00282608
0.00286132
0.00323746
0.00643180
0.00281831
0.00301488
0.00284324
0.00457417
0.00290208
0.00301415
0.00361678
0.00314470
0.00409753
0.00315482
0.00262950
0.00285674
0.00319092
0.00255186
0.00323885
0.00292905
0.00266421
0.00278843
0.00280118
0.00282694
0.00342267
0.00349693
0.00330038
0.00293645
0.00423886
0.00262304
0.00335378
0.00412160
0.00349163
0.00289786
0.00267772
0.00288564
0.00409172
0.00345186
0.00293153
0.00301054
0.00337450
0.00342252
0.00302943
0.00288402
0.00466008
0.00395731
0.00337495
0.00339673
0.00292399
0.00295960
0.00317112
0.00296816
0.00293723
0.00311724
0.00245601
0.00307851
0.00365190
0.00295530
0.00292916
0.00351366
0.00272801
0.00302640
0.00415994
0.00274613
0.00388081
0.00513643
0.00324660
0.00282218
0.00297377
0.00368547
0.00328194
0.00336930
0.00269660
0.00347429
0.00340547
0.00294345
0.00256988
0.00297276
0.00265694
0.00274663
0.00353479
0.00304435
0.00412698
0.00313805
0.00297549
0.00296034
0.00456506
0.00318149
0.00345605
0.00318082
0.00291987
0.00278407
0.00271125
0.00304067
0.00311986
0.00280804
0.00266415
0.00305515
0.00272723
0.00355700
0.00447243
0.00291433
0.00261375
0.00293369
0.00258667
0.00312557
0.00284818
0.00330910
0.00308404
0.00256008
0.00380595
0.00339597
0.00292481
0.00668507
0.00295199
0.00297400
0.00343982
0.00265045
0.00283386
0.00379851
0.00266304
0.00332888
0.00271970
0.00275239
0.00276333
0.00279385
0.00297530
0.00321728
0.00262590
0.00343514
0.00258504
0.00263470
0.00307118
0.00254498
0.00505689
0.00262012
0.00434604
0.00286977
0.00511872
0.00502020
0.00357035
0.00320094
0.00307710
0.00340773
0.00326969
0.00354792
0.00282934
0.00347879
0.00282282
0.00318355
0.00376198
0.00267321
0.00284225
0.00606532
0.00353880
0.00360518
0.00334873
0.00291311
0.00403046
0.00408868
0.00475461
0.00261853
0.00345858
0.00282804
0.00289772
0.00294574
0.00288412
0.00317773
0.00328389
0.00395779
0.00315566
0.00338107
0.00325713
0.00390321
0.00366208
0.00302498
0.00341106
0.00299199
0.00274507
0.00268278
0.00317408
0.00276740
0.00416518
0.00269004
0.00257812