0.00097083
0.00093651
0.00099876
0.00097063
0.00095323
0.00093632
0.00094328
0.00094446
0.00096077
0.00095324
0.00096532
0.00093247
0.00096005
0.00096363
0.00094953
0.00095477
0.00098155
0.00092563
0.00092421
0.00093967
0.00094702
0.00096554
0.00100260
0.00095957
0.00097105
0.00095191
0.00095327
0.00095703
0.00094333
0.00095242
0.00098005
0.00093987
0.00094258
0.00096517
0.00093087
0.00096211
0.00096618
0.00093069
0.00099762
0.00097829
0.00095650
0.00098698
0.00091863
0.00094013
0.00097606
0.00097695
0.00095915
0.00095942
0.00097907
0.00095314
0.00092393
0.00096188
0.00092692
0.00093762
0.00094945
0.00098309
0.00096721
0.00096492
0.00098282
0.00101223
0.00096315
0.00092779
0.00091851
0.00098940
0.00098657
0.00097070
0.00098954
0.00100243
0.00096707
0.00093867
0.00092378
0.00093910
0.00092814
0.00093955
0.00101761
0.00093561
0.00095718
0.00095591
0.00095712
0.00092786
0.00092298
0.00094551
0.00096867
0.00095612
0.00095102
0.00096822
0.00098736
0.00095014
0.00097383
0.00097797
0.00097041
0.00095623
0.00094879
0.00094763
0.00101370
0.00096769
0.00099649
0.00094317
0.00095044
0.00094610
0.00089681
0.00097084
0.00096479
0.00096826
0.00094824
0.00094800
0.00098914
0.00094582
0.00093954
0.00096129
0.00093027
0.00093920
0.00099098
0.00093713
0.00097392
0.00094741
0.00099442
0.00097909
0.00093980
0.00094469
0.00096046
0.00098259
0.00101733
0.00095718
0.00095330
0.00091884
0.00097942
0.00091628
0.00096303
0.00092698
0.00100846
0.00092821
0.00097206
0.00098393
0.00098742
0.00096346
0.00097354
0.00093578
0.00100017
0.00100234
0.00095317
0.00100230
0.00096070
0.00097112
0.00095231
0.00100101
0.00092148
0.00095766
0.00097544
0.00097414
0.00098235
0.00093322
0.00091344
0.00096532
0.00092774
0.00093559
0.00094209
0.00094382
0.00096179
0.00098717
0.00098473
0.00098731
0.00096244
0.00097861
0.00095809
0.00094037
0.00093056
0.00097704
0.00097209
0.00095451
0.00095361
0.00094209
0.00094724
0.00096370
0.00096744
0.00098620
0.00096794
0.00099485
0.00097115
0.00094468
0.00100520
0.00095957
0.00093250
0.00095440
0.00094403
0.00096541
0.00094738
0.00094032
0.00097095
0.00090506
0.00093159
0.00093387
0.00095828
0.00096189
0.00096092
0.00101274
0.00093980
0.00097274
0.00096070
0.00098276
0.00096007
0.00094023
0.00097006
0.00094133
0.00097091
0.00096046
0.00096008
0.00094458
0.00097590
0.00097413
0.00098111
0.00096908
0.00095936
0.00097024
0.00096971
0.00097334
0.00094304
0.00099063
0.00095257
0.00101674
0.00094235
0.00098075
0.00093861
0.00090145
0.00093405
0.00092062
0.00097217
0.00093510
0.00097795
0.00096537
0.00093953
0.00097651
0.00094565
0.00098736
0.00097271
0.00099480
0.00093743
0.00098699
0.00094436
0.00095455
0.00092998
0.00095559
0.00098930
0.00099072
0.00094499
0.00092753
0.00098779
0.00101054
0.00094117
0.00095939
0.00101100
0.00098395
0.00098710
0.00094266
0.00096582
0.00095674
0.00095399
0.00096991
0.00092955
0.00098357
0.00094852
0.00098620
0.00100506
0.00099378
0.00101599
0.00094489
0.00094841
0.00100319
0.00096353
0.00095901
0.00098767
0.00091709
0.00096669
0.00093920
0.00097394
0.00096492
0.00095431
0.00095923
0.00096430
0.00100534
0.00099760
0.00095952
0.00095781
0.00093619
0.00096253
0.00100822
0.00095652
0.00097756
0.00097653
0.00092857
0.00108088
0.00095991
0.00092477
0.00100758
0.00092603
0.00097883
0.00098362
0.00097391
0.00094433
0.00099523
0.00098395
0.00094279
0.00099914
0.00098463
0.00095562
0.00098719
0.00094612
0.00098422
0.00095945
0.00094494
0.00096711
0.00094984
0.00094036
0.00094269
0.00095715
0.00092035
0.00096924
0.00093941
0.00095257
0.00098034
0.00095458
0.00093522
0.00100544
0.00093041
0.00095341
0.00097493
0.00097603
0.00095763
0.00100435
0.00095270
0.00098718
0.00096030
0.00099110
0.00096713
0.00097226
0.00094413
0.00095822
0.00095706
0.00096309
0.00097716
0.00098909
0.00092394
0.00094530
0.00093811
0.00094806
0.00094869
0.00097924
0.00095088
0.00096675
0.00095461
0.00098206
0.00097036
0.00093462
0.00093433
0.00091425
0.00093811
0.00097346
0.00094266
0.00099486
0.00094001
0.00095959
0.00096093
0.00095424
0.00097317
0.00094435
0.00094723
0.00092243
0.00095202
0.00093532
0.00099269
0.00094714
0.00101719
0.00091436
0.00095813
0.00097135
0.00093475
0.00096788
0.00097047
0.00100410
0.00093145
0.00094617
0.00095597
0.00095344
0.00099665
0.00096905
0.00095453
0.00094022
0.00098046
0.00093983
0.00093954
0.00095243
0.00091134
0.00095156
0.00098909
0.00101714
0.00096639
0.00095491
0.00099143
0.00092684
0.00098278
0.00098303
0.00097023
0.00095976
0.00092415
0.00098897
0.00093749
0.00098927
0.00097111
0.00096236
0.00093885
0.00094015
0.00097068
0.00099114
0.00093902
0.00094425
0.00095851
0.00096042
0.00094362
0.00095862
0.00099428
0.00095256
0.00099252
0.00097863
0.00096251
0.00097516
0.00098960
0.00098554
0.00100841
0.00092420
0.00094369
0.00096186
0.00092504
0.00098006
0.00095870
0.00097815
0.00091290
0.00093003
0.00096189
0.00096106
0.00095608
0.00095543
0.00098746
0.00093371
0.00097057
0.00095722
0.00099667
0.00092666
0.00096521
0.00101120
0.00100002
0.00092724
0.00093485
0.00092298
0.00097716
0.00099393
0.00093172
0.00096923
0.00098724
0.00097402
0.00093831
0.00095686
0.00091505
0.00093872
0.00098551
0.00097886
0.00095460
0.00093501
0.00099001
0.00093817
0.00095050
0.00097813
0.00092706
0.00094167
0.00097003
0.00094237
0.00095296
0.00091998
0.00099035
0.00096731
0.00093579
0.00098523
0.00095594
0.00097093
0.00096423
0.00097158
0.00093610
0.00094386
0.00098988
0.00094573
0.00097190
0.00094301
0.00095235
0.00092623
0.00099107
0.00098765
0.00105331
0.00096041
0.00096839
0.00095452
0.00098444