0.00164962
0.00204928
0.00165637
0.00219384
0.00160347
0.00138471
0.00155848
0.00178085
0.00144367
0.00154725
0.00180187
0.00138134
0.00164569
0.00160403
0.00137459
0.00168006
0.00148878
0.00174825
0.00203606
0.00162062
0.00154690
0.00173400
0.00138986
0.00141217
0.00180754
0.00157406
0.00159192
0.00252821
0.00211847
0.00139983
0.00159102
0.00149367
0.00150837
0.00151810
0.00142108
0.00144474
0.00156536
0.00160098
0.00148330
0.00178533
0.00178860
0.00155242
0.00148380
0.00156902
0.00174699
0.00180698
0.00191479
0.00152922
0.00166536
0.00161345
0.00152011
0.00173148
0.00159021
0.00145483
0.00168112
0.00168404
0.00191975
0.00141440
0.00170104
0.00154190
0.00167392
0.00161803
0.00186211
0.00165691
0.00169555
0.00176427
0.00154604
0.00157549
0.00155589
0.00173828
0.00179454
0.00145211
0.00167640
0.00147702
0.00135538
0.00158713
0.00163225
0.00145034
0.00149626
0.00150448
0.00158648
0.00143249
0.00203480
0.00143531
0.00133245
0.00165822
0.00142061
0.00186942
0.00142276
0.00169885
0.00198717
0.00141918
0.00135765
0.00155838
0.00159339
0.00143801
0.00164690
0.00148635
0.00174843
0.00160527
0.00168041
0.00194305
0.00157177
0.00163510
0.00168450
0.00164266
0.00179745
0.00133764
0.00194642
0.00145678
0.00160183
0.00172466
0.00142762
0.00164053
0.00173062
0.00164605
0.00167984
0.00138007
0.00146492
0.00166652
0.00159478
0.00153878
0.00151359
0.00166008
0.00143431
0.00149474
0.00135235
0.00142473
0.00202465
0.00196901
0.00159440
0.00142959
0.00143891
0.00147310
0.00190186
0.00152224
0.00141916
0.00138934
0.00167194
0.00155283
0.00159942
0.00148367
0.00164212
0.00138528
0.00153257
0.00164004
0.00146488
0.00177982
0.00153411
0.00165602
0.00147661
0.00175104
0.00157709
0.00184862
0.00152270
0.00155687
0.00150760
0.00161367
0.00140218
0.00200759
0.00217599
0.00262071
0.00134967
0.00151320
0.00164324
0.00146967
0.00180554
0.00152911
0.00143741
0.00152385
0.00141397
0.00194778
0.00145978
0.00152010
0.00139108
0.00151787
0.00165755
0.00141240
0.00155477
0.00146334
0.00158753
0.00153979
0.00137160
0.00136936
0.00148923
0.00188251
0.00138444
0.00145501
0.00199537
0.00150665
0.00155082
0.00164523
0.00146386
0.00152633
0.00164159
0.00168512
0.00167299
0.00240272
0.00142055
0.00146322
0.00199417
0.00163393
0.00173032
0.00158946
0.00169611
0.00147502
0.00140448
0.00157549
0.00173828
0.00163242
0.00152823
0.00305325
0.00144267
0.00142283
0.00153532
0.00151509
0.00158870
0.00162872
0.00140519
0.00152885
0.00147946
0.00173754
0.00189484
0.00157239
0.00152712
0.00147430
0.00144468
0.00204049
0.00151598
0.00146976
0.00159854
0.00160327
0.00166246
0.00166437
0.00146718
0.00158985
0.00140600
0.00179175
0.00151923
0.00189521
0.00153526
0.00146279
0.00147299
0.00134856
0.00142897
0.00241431
0.00181410
0.00161208
0.00153058
0.00157672
0.00167683
0.00184205
0.00147429
0.00152516
0.00133643
0.00157610
0.00172761
0.00143729
0.00170265
0.00187674
0.00152766
0.00153309
0.00154255
0.00148365
0.00166965
0.00133761
0.00192896
0.00155439
0.00160348
0.00153047
0.00149586
0.00159326
0.00138925
0.00170747
0.00149959
0.00159685
0.00149651
0.00177861
0.00157647
0.00152223
0.00160683
0.00148799
0.00142829
0.00158247
0.00151849
0.00146564
0.00144392
0.00163894
0.00207556
0.00168051
0.00149447
0.00166069
0.00199061
0.00148219
0.00165795
0.00160426
0.00168436
0.00164335
0.00143092
0.00140537
0.00141758
0.00179684
0.00160585
0.00147761
0.00155541
0.00161257
0.00148931
0.00149401
0.00138937
0.00151732
0.00165523
0.00180840
0.00160923
0.00190403
0.00185447
0.00159036
0.00154583
0.00146259
0.00142439
0.00157031
0.00171537
0.00166754
0.00160466
0.00144550
0.00165712
0.00171022
0.00160494
0.00149559
0.00154320
0.00160881
0.00151272
0.00140695
0.00163212
0.00157501
0.00161703
0.00152650
0.00159961
0.00131691
0.00149013
0.00173619
0.00146300
0.00151164
0.00243651
0.00136344
0.00155466
0.00156848
0.00143934
0.00142005
0.00176581
0.00158377
0.00144582
0.00168306
0.00168032
0.00137304
0.00149118
0.00145731
0.00155115
0.00137483
0.00158714
0.00174576
0.00184724
0.00156142
0.00143539
0.00168752
0.00142306
0.00153613
0.00160504
0.00167439
0.00138059
0.00141444
0.00155239
0.00137243
0.00138527
0.00199114
0.00165965
0.00148392
0.00148100
0.00163690
0.00215961
0.00166228
0.00168543
0.00146880
0.00158217
0.00166967
0.00157075
0.00171811
0.00150590
0.00157255
0.00159685
0.00154464
0.00154290
0.00152918
0.00218222
0.00160238
0.00144222
0.00170258
0.00176261
0.00189672
0.00152290
0.00139746
0.00143938
0.00162794
0.00185231
0.00155055
0.00167461
0.00143069
0.00147761
0.00156883
0.00145560
0.00164250
0.00158010
0.00173500
0.00186149
0.00157501
0.00171848
0.00153961
0.00156388
0.00145234
0.00150756
0.00161122
0.00149724
0.00152165
0.00165047
0.00146773
0.00146570
0.00149606
0.00163031
0.00178687
0.00157579
0.00139935
0.00152243
0.00184167
0.00143886
0.00149431
0.00163776
0.00165069
0.00145087
0.00163630
0.00148945
0.00155568
0.00166926
0.00172904
0.00159365
0.00185856
0.00158284
0.00165091
0.00148886
0.00148376
0.00156786
0.00154042
0.00165826
0.00163593
0.00157255
0.00145740
0.00159769
0.00159827
0.00150133
0.00162421
0.00162515
0.00159504
0.00148518
0.00146831
0.00188648
0.00217407
0.00145247
0.00172658
0.00173798
0.00191877
0.00164722
0.00159788
0.00174907
0.00160251
0.00154688
0.00160565
0.00147125
0.00144883
0.00150035
0.00195018
0.00154689
0.00181238
0.00140772
0.00229925
0.00145540
0.00137398
0.00149149
0.00157790
0.00156048
0.00166517
0.00156024
0.00146771
0.00140231
0.00199652
0.00154769
0.00149723
0.00152232
0.00158340
0.00156749
0.00145328
0.00176211
0.00143624