0.00503550
0.00462269
0.00497746
0.00440400
0.00487886
0.00450178
0.00475029
0.00451305
0.00465114
0.00448342
0.00534388
0.00442037
0.00463581
0.00492072
0.00486165
0.00457547
0.00483211
0.00449047
0.00483884
0.00430772
0.00489345
0.00463712
0.00497332
0.00462699
0.00463589
0.00422032
0.00465182
0.00512323
0.00440331
0.00473879
0.00453282
0.00440655
0.00460539
0.00460992
0.00457856
0.00535414
0.00468375
0.00459134
0.00438799
0.00481796
0.00460030
0.00474626
0.00436942
0.00602152
0.00462081
0.00528607
0.00490972
0.00500004
0.00471131
0.00454611
0.00482062
0.00473607
0.00442663
0.00465875
0.00464713
0.00437845
0.00459858
0.00441599
0.00443228
0.00521387
0.00475087
0.00470635
0.00455211
0.00454925
0.00497526
0.00458195
0.00459591
0.00476404
0.00501409
0.00449869
0.00447718
0.00502828
0.00480086
0.00425171
0.00463037
0.00472597
0.00495795
0.00458034
0.00439251
0.00461410
0.00479017
0.00440758
0.00459047
0.00431923
0.00450749
0.00452048
0.00449391
0.00432862
0.00481266
0.00439709
0.00499193
0.00465301
0.00547485
0.00485160
0.00464633
0.00469773
0.00482829
0.00457464
0.00421710
0.00467964
0.00454794
0.00477340
0.00493987
0.00451335
0.00462028
0.00445587
0.00464639
0.00455659
0.00426725
0.00485338
0.00494402
0.00423517
0.00430499
0.00503425
0.00429816
0.00483819
0.00439736
0.00475708
0.00478151
0.00471418
0.00416738
0.00469291
0.00490726
0.00481997
0.00446201
0.00546031
0.00533980
0.00483664
0.00459991
0.00433210
0.00476257
0.00444291
0.00462763
0.00459332
0.00448555
0.00463799
0.00451310
0.00434783
0.00459581
0.00450747
0.00463630
0.00473597
0.00503073
0.00480771
0.00451480
0.00442960
0.00489678
0.00472955
0.00515702
0.00457745
0.00483402
0.00457524
0.00463845
0.00531442
0.00519460
0.00469069
0.00479512
0.00531922
0.00478649
0.00472519
0.00454672
0.00455375
0.00465519
0.00444547
0.00558558
0.00455470
0.00456471
0.00583692
0.00436208
0.00455622
0.00436799
0.00471627
0.00496396
0.00470605
0.00460239
0.00471500
0.00492892
0.00512657
0.00450150
0.00442299
0.00472980
0.00454290
0.00446734
0.00419321
0.00452526
0.00483283
0.00456440
0.00456849
0.00438779
0.00525613
0.00535189
0.00455726
0.00444150
0.00446684
0.00463906
0.00439112
0.00496522
0.00468922
0.00450356
0.00518560
0.00494183
0.00466189
0.00474467
0.00451282
0.00461326
0.00446425
0.00430221
0.00461886
0.00544813
0.00514787
0.00482108
0.00480083
0.00541332
0.00504385
0.00452900
0.00435015
0.00467686
0.00523471
0.00475461
0.00490844
0.00494848
0.00478136
0.00431880
0.00460964
0.00479314
0.00439634
0.00462809
0.00495546
0.00488328
0.00530199
0.00457496
0.00438782
0.00449184
0.00412304
0.00519042
0.00462964
0.00464763
0.00495966
0.00550007
0.00446243
0.00450618
0.00460559
0.00412392
0.00496686
0.00444545
0.00469756
0.00490228
0.00441746
0.00446984
0.00478347
0.00439285
0.00484110
0.00434521
0.00551617
0.00523806
0.00445524
0.00487293
0.00444130
0.00470193
0.00457095
0.00466330
0.00496107
0.00475775
0.00441540
0.00466929
0.00463687
0.00459777
0.00452231
0.00506583
0.00478762
0.00467401
0.00496809
0.00456189
0.00532049
0.00448354
0.00443183
0.00473937
0.00431424
0.00505776
0.00515818
0.00491591
0.00463520
0.00474351
0.00447718
0.00495741
0.00454048
0.00427185
0.00470177
0.00469608
0.00435042
0.00454411
0.00455205
0.00457417
0.00462476
0.00519075
0.00447426
0.00665373
0.00512043
0.00440652
0.00480149
0.00475765
0.00506982
0.00448483
0.00437246
0.00476207
0.00469846
0.00473096
0.00513585
0.00430217
0.00458725
0.00456900
0.00525579
0.00484669
0.00496163
0.00458869
0.00436101
0.00477526
0.00471534
0.00509660
0.00438136
0.00458496
0.00465832
0.00459733
0.00459122
0.00501603
0.00464272
0.00477825
0.00492563
0.00439507
0.00424216
0.00460431
0.00461856
0.00467033
0.00453897
0.00498299
0.00454232
0.00441367
0.00475197
0.00451252
0.00489404
0.00479857
0.00465114
0.00487734
0.00448772
0.00498729
0.00460364
0.00478895
0.00496907
0.00446942
0.00475091
0.00456610
0.00460026
0.00449999
0.00556116
0.00430973
0.00481309
0.00480526
0.00458574
0.00475468
0.00470592
0.00474689
0.00467139
0.00510002
0.00471686
0.00444408
0.00530332
0.00486438
0.00445487
0.00566012
0.00469747
0.00534063
0.00482117
0.00435604
0.00448992
0.00439559
0.00458003
0.00486205
0.00464791
0.00461380
0.00501579
0.00512298
0.00486132
0.00455049
0.00436748
0.00458958
0.00484915
0.00484051
0.00459743
0.00459358
0.00568877
0.00509217
0.00494541
0.00474429
0.00462902
0.00445474
0.00506088
0.00453440
0.00496432
0.00500886
0.00517266
0.00457226
0.00484653
0.00460830
0.00453816
0.00474186
0.00452741
0.00447532
0.00452340
0.00458041
0.00458421
0.00460997
0.00497715
0.00437149
0.00450987
0.00415820
0.00478956
0.00492969
0.00468394
0.00508367
0.00530807
0.00497170
0.00465568
0.00462083
0.00429341
0.00508457
0.00464562
0.00516216
0.00524843
0.00484815
0.00463951
0.00428971
0.00457783
0.00454818
0.00523667
0.00473516
0.00431077
0.00445120
0.00420953
0.00508237
0.00484556
0.00517304
0.00431488
0.00503733
0.00454172
0.00491633
0.00451993
0.00473412
0.00483102
0.00457999
0.00454446
0.00433666
0.00508254
0.00489560
0.00472585
0.00439512
0.00474504
0.00521527
0.00439847
0.00467480
0.00436975
0.00487397
0.00465930
0.00442825
0.00440372
0.00494102
0.00468325
0.00485354
0.00458766
0.00460142
0.00452112
0.00454551
0.00485388
0.00470412
0.00546493
0.00459037
0.00460835
0.00458284
0.00523135
0.00482274
0.00495144
0.00470356
0.00510086
0.00533015
0.00449641
0.00480177
0.00498283
0.00483014
0.00450682
0.00468911
0.00460713
0.00443952
0.00445056
0.00474108
0.00489967
0.00469471
0.00433571
0.00475270
0.00511710
0.00450760
0.00493146