0.00041591
0.00040079
0.00039787
0.00039877
0.00040065
0.00040738
0.00040855
0.00040596
0.00041058
0.00040328
0.00042099
0.00041746
0.00041625
0.00040148
0.00040215
0.00041261
0.00040746
0.00041278
0.00041663
0.00040425
0.00041085
0.00041495
0.00040114
0.00040585
0.00041477
0.00040326
0.00039816
0.00040179
0.00041871
0.00041272
0.00040134
0.00040861
0.00041109
0.00040404
0.00041638
0.00040805
0.00039804
0.00039734
0.00039589
0.00040350
0.00039900
0.00040922
0.00041275
0.00041828
0.00041042
0.00041137
0.00040483
0.00041078
0.00040743
0.00041036
0.00040927
0.00040514
0.00040366
0.00039979
0.00040990
0.00040644
0.00041693
0.00041732
0.00040104
0.00039795
0.00039599
0.00039548
0.00041159
0.00041029
0.00040414
0.00040713
0.00041474
0.00040510
0.00040610
0.00040969
0.00040427
0.00041941
0.00040617
0.00039442
0.00040521
0.00041145
0.00040357
0.00040633
0.00041203
0.00039684
0.00040937
0.00040721
0.00039614
0.00041033
0.00040862
0.00040515
0.00040957
0.00040572
0.00040153
0.00041096
0.00041245
0.00040006
0.00041481
0.00039873
0.00041778
0.00041156
0.00041712
0.00040800
0.00040426
0.00039987
0.00041282
0.00040019
0.00041209
0.00041684
0.00040027
0.00041568
0.00040435
0.00040227
0.00041551
0.00040374
0.00040121
0.00041062
0.00040308
0.00040542
0.00039983
0.00041477
0.00039335
0.00041035
0.00041994
0.00040265
0.00040070
0.00040293
0.00041658
0.00042589
0.00040416
0.00041714
0.00039516
0.00039952
0.00040333
0.00039174
0.00040274
0.00039993
0.00039593
0.00040657
0.00040440
0.00040269
0.00042442
0.00041114
0.00040172
0.00042198
0.00040925
0.00040711
0.00041952
0.00041233
0.00040310
0.00040024
0.00041063
0.00039968
0.00040865
0.00039579
0.00040644
0.00040139
0.00045562
0.00040899
0.00041681
0.00040905
0.00040968
0.00041221
0.00040393
0.00041159
0.00041239
0.00039610
0.00040779
0.00040428
0.00040213
0.00040717
0.00040356
0.00040806
0.00040873
0.00041107
0.00041881
0.00040202
0.00041218
0.00040727
0.00040192
0.00041503
0.00041369
0.00040557
0.00040664
0.00040663
0.00040400
0.00039939
0.00040523
0.00041318
0.00041575
0.00040154
0.00040272
0.00040820
0.00039659
0.00040477
0.00041080
0.00040614
0.00040557
0.00041255
0.00040371
0.00041051
0.00040982
0.00042253
0.00040761
0.00040850
0.00042522
0.00041373
0.00040087
0.00040606
0.00040767
0.00041757
0.00041039
0.00039681
0.00041146
0.00040683
0.00041038
0.00041115
0.00039472
0.00040138
0.00041235
0.00040470
0.00040968
0.00039625
0.00040917
0.00041701
0.00039222
0.00041167
0.00041684
0.00041010
0.00040606
0.00041675
0.00040833
0.00039859
0.00040505
0.00039904
0.00041126
0.00039774
0.00041610
0.00040629
0.00041369
0.00040323
0.00040432
0.00039349
0.00040343
0.00040539
0.00040679
0.00041486
0.00040625
0.00041073
0.00041022
0.00040621
0.00042238
0.00040816
0.00044078
0.00040644
0.00041579
0.00041373
0.00039208
0.00040884
0.00041236
0.00039918
0.00041369
0.00041111
0.00042665
0.00040776
0.00039974
0.00040664
0.00040284
0.00040602
0.00040029
0.00040228
0.00040657
0.00041159
0.00042042
0.00039695
0.00041083
0.00040321
0.00040125
0.00039681
0.00040881
0.00040401
0.00041026
0.00041760
0.00040050
0.00039537
0.00040289
0.00040699
0.00041793
0.00041700
0.00042900
0.00040875
0.00040040
0.00040801
0.00040664
0.00041447
0.00039041
0.00040232
0.00041054
0.00040293
0.00040805
0.00040561
0.00040337
0.00039743
0.00040902
0.00040711
0.00040708
0.00040170
0.00041235
0.00041564
0.00040576
0.00040402
0.00040720
0.00040637
0.00040373
0.00040521
0.00042986
0.00040484
0.00040586
0.00041151
0.00040673
0.00041528
0.00040517
0.00041184
0.00040044
0.00040657
0.00040911
0.00041001
0.00040004
0.00040783
0.00040162
0.00041095
0.00040363
0.00040618
0.00041665
0.00039569
0.00040187
0.00040588
0.00039443
0.00041315
0.00039680
0.00040832
0.00041073
0.00040332
0.00040731
0.00041581
0.00040238
0.00040544
0.00042198
0.00039766
0.00040833
0.00039738
0.00039534
0.00041382
0.00041291
0.00041325
0.00041318
0.00040103
0.00040414
0.00039970
0.00042099
0.00040039
0.00039635
0.00040580
0.00041118
0.00041025
0.00040633
0.00041477
0.00041030
0.00040913
0.00041316
0.00040976
0.00040519
0.00039969
0.00040369
0.00041378
0.00040097
0.00041004
0.00041681
0.00040926
0.00042072
0.00041112
0.00041928
0.00039757
0.00041028
0.00040279
0.00041387
0.00041249
0.00040431
0.00040616
0.00041298
0.00039720
0.00040963
0.00041208
0.00040618
0.00040816
0.00040612
0.00040047
0.00040025
0.00039894
0.00040385
0.00038975
0.00041016
0.00041468
0.00039412
0.00042083
0.00040921
0.00040672
0.00040030
0.00040093
0.00040290
0.00040981
0.00040099
0.00041720
0.00040121
0.00040935
0.00041729
0.00040487
0.00040268
0.00040634
0.00040528
0.00040658
0.00041082
0.00039346
0.00040417
0.00040384
0.00040483
0.00040150
0.00039404
0.00040605
0.00040712
0.00041726
0.00040200
0.00039525
0.00040397
0.00041226
0.00039637
0.00039723
0.00040489
0.00041447
0.00040265
0.00040955
0.00040709
0.00041400
0.00040042
0.00040865
0.00039867
0.00041609
0.00040811
0.00040571
0.00040195
0.00040890
0.00040477
0.00039896
0.00043036
0.00040745
0.00040055
0.00041156
0.00041545
0.00041087
0.00040535
0.00040155
0.00040336
0.00042324
0.00040685
0.00040773
0.00040139
0.00040221
0.00039522
0.00040059
0.00040593
0.00041003
0.00040054
0.00040255
0.00041318
0.00039849
0.00041572
0.00040732
0.00042113
0.00040028
0.00041897
0.00041741
0.00041851
0.00041169
0.00039490
0.00040798
0.00040280
0.00042084
0.00041621
0.00041725
0.00040711
0.00040790
0.00040244
0.00040113
0.00041615
0.00040953
0.00040076
0.00041434
0.00040477
0.00041013
0.00041320
0.00041857
0.00040623
0.00040065
0.00040891
0.00041575