0.00081361
0.00078727
0.00088968
0.00095952
0.00092488
0.00083555
0.00073216
0.00092377
0.00115211
0.00083091
0.00090147
0.00088011
0.00075107
0.00098713
0.00084550
0.00079300
0.00092057
0.00082897
0.00086522
0.00099991
0.00080907
0.00111835
0.00089543
0.00094940
0.00101645
0.00099282
0.00084862
0.00086587
0.00093675
0.00076888
0.00083495
0.00080460
0.00085594
0.00083442
0.00082978
0.00093027
0.00083764
0.00073834
0.00076802
0.00102978
0.00082788
0.00074381
0.00095075
0.00084005
0.00080539
0.00077330
0.00089029
0.00095997
0.00084481
0.00084307
0.00097610
0.00083495
0.00079012
0.00092710
0.00088994
0.00086102
0.00102236
0.00081677
0.00076561
0.00099581
0.00097519
0.00081412
0.00084780
0.00088945
0.00101428
0.00087012
0.00092337
0.00084444
0.00096871
0.00113108
0.00074758
0.00082929
0.00076549
0.00082655
0.00082758
0.00091807
0.00080665
0.00094461
0.00081736
0.00082321
0.00076920
0.00077097
0.00083313
0.00083778
0.00095800
0.00109593
0.00085458
0.00085656
0.00077815
0.00092465
0.00108439
0.00076918
0.00100023
0.00090079
0.00093688
0.00082800
0.00077526
0.00082762
0.00086417
0.00085962
0.00099069
0.00082941
0.00078139
0.00090110
0.00088168
0.00081216
0.00078911
0.00072406
0.00087613
0.00102538
0.00080033
0.00085562
0.00083024
0.00095923
0.00086273
0.00086736
0.00089658
0.00096981
0.00078753
0.00084590
0.00075007
0.00086263
0.00081136
0.00086059
0.00085148
0.00091702
0.00098938
0.00101673
0.00106700
0.00106555
0.00094665
0.00090795
0.00078871
0.00079577
0.00095915
0.00101808
0.00083531
0.00078109
0.00091798
0.00102065
0.00095082
0.00083693
0.00107779
0.00102710
0.00076634
0.00081748
0.00087263
0.00079575
0.00092587
0.00102932
0.00108704
0.00084025
0.00087936
0.00086827
0.00095478
0.00095246
0.00091439
0.00092336
0.00099963
0.00099624
0.00084222
0.00080368
0.00081768
0.00096514
0.00088765
0.00094429
0.00086854
0.00096486
0.00093551
0.00091151
0.00099414
0.00085805
0.00096856
0.00097615
0.00084345
0.00098408
0.00077275
0.00085727
0.00080867
0.00090514
0.00082636
0.00093821
0.00085991
0.00109366
0.00095877
0.00084635
0.00081665
0.00093058
0.00086781
0.00095249
0.00090739
0.00074445
0.00089349
0.00098320
0.00083481
0.00074436
0.00083814
0.00080632
0.00083479
0.00098266
0.00092133
0.00077949
0.00078593
0.00087707
0.00090905
0.00093174
0.00082744
0.00117542
0.00096097
0.00125187
0.00097754
0.00086884
0.00088265
0.00089654
0.00091622
0.00079322
0.00084457
0.00090216
0.00077562
0.00091230
0.00086781
0.00092066
0.00086792
0.00089610
0.00083673
0.00080931
0.00088594
0.00086708
0.00083067
0.00086403
0.00129016
0.00096785
0.00091784
0.00081817
0.00089568
0.00081562
0.00096292
0.00075162
0.00093046
0.00098305
0.00085034
0.00099345
0.00085250
0.00080689
0.00084852
0.00122743
0.00088264
0.00086004
0.00079434
0.00077042
0.00085618
0.00082092
0.00099510
0.00094176
0.00083751
0.00098010
0.00089617
0.00086759
0.00109211
0.00089952
0.00082503
0.00079108
0.00078621
0.00075994
0.00085787
0.00108087
0.00077423
0.00094831
0.00077967
0.00081660
0.00094540
0.00081566
0.00083488
0.00096552
0.00090169
0.00094134
0.00091384
0.00086033
0.00082322
0.00078895
0.00107849
0.00087116
0.00082203
0.00101480
0.00088037
0.00113398
0.00078872
0.00099356
0.00080537
0.00091515
0.00086753
0.00096740
0.00084537
0.00087561
0.00093720
0.00082611
0.00094952
0.00085593
0.00093389
0.00080215
0.00092825
0.00089767
0.00119055
0.00080379
0.00112852
0.00082706
0.00093856
0.00130526
0.00080076
0.00071571
0.00094185
0.00079292
0.00097189
0.00083670
0.00085877
0.00099490
0.00090901
0.00090009
0.00096161
0.00089388
0.00091857
0.00100863
0.00079098
0.00092816
0.00076705
0.00079985
0.00089015
0.00091609
0.00087259
0.00069156
0.00097894
0.00087348
0.00096344
0.00080377
0.00096260
0.00097909
0.00083718
0.00097624
0.00101760
0.00084163
0.00078034
0.00094714
0.00076395
0.00113218
0.00079441
0.00094710
0.00094469
0.00090620
0.00102067
0.00082476
0.00088548
0.00090854
0.00084585
0.00087466
0.00114288
0.00081969
0.00100917
0.00099489
0.00088366
0.00087682
0.00098737
0.00088406
0.00092194
0.00088153
0.00089084
0.00070906
0.00085919
0.00085305
0.00084784
0.00092406
0.00079644
0.00080659
0.00097784
0.00088035
0.00097241
0.00085742
0.00085721
0.00079558
0.00097004
0.00087148
0.00096839
0.00079225
0.00095961
0.00082858
0.00092728
0.00074830
0.00080533
0.00093006
0.00075805
0.00088570
0.00080970
0.00092651
0.00078461
0.00095492
0.00094676
0.00078127
0.00097416
0.00090161
0.00087428
0.00088397
0.00090011
0.00097230
0.00117631
0.00082239
0.00089627
0.00090240
0.00082245
0.00088035
0.00091782
0.00085263
0.00099778
0.00081984
0.00094062
0.00103810
0.00094393
0.00092006
0.00081584
0.00093362
0.00112132
0.00085476
0.00075021
0.00077255
0.00082787
0.00084462
0.00088300
0.00099749
0.00073199
0.00105899
0.00082620
0.00122604
0.00081034
0.00078372
0.00104340
0.00085056
0.00091310
0.00081165
0.00080126
0.00098482
0.00103946
0.00086491
0.00098363
0.00084555
0.00080099
0.00092725
0.00097929
0.00083160
0.00112888
0.00095560
0.00084272
0.00085848
0.00084858
0.00091050
0.00086516
0.00083974
0.00079009
0.00100962
0.00093518
0.00087863
0.00093400
0.00074923
0.00087240
0.00083457
0.00086374
0.00104361
0.00077013
0.00091060
0.00081195
0.00086476
0.00090014
0.00079086
0.00119870
0.00077472
0.00077273
0.00107559
0.00075652
0.00093498
0.00093627
0.00094873
0.00116721
0.00081784
0.00089674
0.00085165
0.00085351
0.00091686
0.00087565
0.00100706
0.00090655
0.00122333
0.00088657
0.00087602
0.00086117
0.00088968
0.00082184
0.00095675
0.00099692
0.00083148
0.00092825
0.00127365
0.00075903
0.00079660