0.00526266
0.00463594
0.00480885
0.00519356
0.00654351
0.00498706
0.00510662
0.00462123
0.00500618
0.00553460
0.00513369
0.00507537
0.00471260
0.00461861
0.00496748
0.00547153
0.00512532
0.00480009
0.00478753
0.00539561
0.00511941
0.00482961
0.00483014
0.00499300
0.00472831
0.00569768
0.00518995
0.00559784
0.00548024
0.00534455
0.00526894
0.00465368
0.00480366
0.00457947
0.00525330
0.00501612
0.00526623
0.00566152
0.00522362
0.00590513
0.00484714
0.00653011
0.00458030
0.00527442
0.00533014
0.00475659
0.00552905
0.00557826
0.00513031
0.00475203
0.00474904
0.00551545
0.00674557
0.00570222
0.00484099
0.00523846
0.00481794
0.00471677
0.00560824
0.00468817
0.00475095
0.00500291
0.00532506
0.00552397
0.00514885
0.00504168
0.00518726
0.00480243
0.00678976
0.00618104
0.00490899
0.00541529
0.00590529
0.00494898
0.00467700
0.00453897
0.00528695
0.00489312
0.00487778
0.00729083
0.00478929
0.00466110
0.00519787
0.00596633
0.00475345
0.00479483
0.00482874
0.00489674
0.00475755
0.00494762
0.00525636
0.00468490
0.00464176
0.00498371
0.00498482
0.00495905
0.00575651
0.00564301
0.00510306
0.00579776
0.00459571
0.00520592
0.00486799
0.00546050
0.00551108
0.00478938
0.00495690
0.00521103
0.00483753
0.00545937
0.00537907
0.00490680
0.00507325
0.00502594
0.00490125
0.00462335
0.00469016
0.00583215
0.00509409
0.00514258
0.00512970
0.00517305
0.00476738
0.00539983
0.00498679
0.00619838
0.00527153
0.00526306
0.00522318
0.00458922
0.00465847
0.00486461
0.00773824
0.00556447
0.00449941
0.00503122
0.00507330
0.00546931
0.00469976
0.00514074
0.00498329
0.00540329
0.00438859
0.00526514
0.00537344
0.00494647
0.00505452
0.00525611
0.00481096
0.00507995
0.00550088
0.00480335
0.00518658
0.00472261
0.00475960
0.00484011
0.00494355
0.00531297
0.00497797
0.00516273
0.00595768
0.00481257
0.00538828
0.00480449
0.00483576
0.00544253
0.00534473
0.00521832
0.00459137
0.00519988
0.00536788
0.00500283
0.00547863
0.00641562
0.00519584
0.00488101
0.00513069
0.00534618
0.00512174
0.00487613
0.00508469
0.00461247
0.00478367
0.00527262
0.00534726
0.00521359
0.00449725
0.00476675
0.00474729
0.00511707
0.00475596
0.00508558
0.00494210
0.00572332
0.00538803
0.00509166
0.00584245
0.00514972
0.00504301
0.00472182
0.00472258
0.00657257
0.00464747
0.00499303
0.00607543
0.00552837
0.00590472
0.00560677
0.00519504
0.00525103
0.00458143
0.00507877
0.00553363
0.00478515
0.00454242
0.00510343
0.00487425
0.00481324
0.00567951
0.00561884
0.00544790
0.00594527
0.00456356
0.00633656
0.00474147
0.00516685
0.00591831
0.00480860
0.00547516
0.00488900
0.00498751
0.00508119
0.00482899
0.00513060
0.00469541
0.00515299
0.00478718
0.00524421
0.00504843
0.00501876
0.00514473
0.00571287
0.00468063
0.00549487
0.00510937
0.00590028
0.00478935
0.00500275
0.00461403
0.00579819
0.00513456
0.00456184
0.00528483
0.00508834
0.00532927
0.00505676
0.00488287
0.00485455
0.00488840
0.00548115
0.00486975
0.00496383
0.00528271
0.00569600
0.00527050
0.00481544
0.00496199
0.00576905
0.00460736
0.00505556
0.00677220
0.00471511
0.00526512
0.00642808
0.00557840
0.00564109
0.00499455
0.00520138
0.00489370
0.00466730
0.00633807
0.00493362
0.00495114
0.00498269
0.00485500
0.00559292
0.00547927
0.00462227
0.00492440
0.00544651
0.00530752
0.00473586
0.00473765
0.00479082
0.00505051
0.00482917
0.00490779
0.00501335
0.00476793
0.00567981
0.00498891
0.00487385
0.00500730
0.00486559
0.00494279
0.00466139
0.00574473
0.00544597
0.00518072
0.00560167
0.00525602
0.00779747
0.00520978
0.00459887
0.00543027
0.00484403
0.00490462
0.00514232
0.00488515
0.00540507
0.00469058
0.00513962
0.00531102
0.00478146
0.00532264
0.00590893
0.00502942
0.00551099
0.00560641
0.00633969
0.00478913
0.00528250
0.00447556
0.01434972
0.00571872
0.00522102
0.00546212
0.00689482
0.00508020
0.00505557
0.00541727
0.00504186
0.00497097
0.00489054
0.00579764
0.00529297
0.00494932
0.00531149
0.00458756
0.00544847
0.00508786
0.00464650
0.00458401
0.00470161
0.00485304
0.00500486
0.00508356
0.00527328
0.00549660
0.00524721
0.00527129
0.00533680
0.00553550
0.00565340
0.00492312
0.00525704
0.00572834
0.00457162
0.00577278
0.00477641
0.00541858
0.00528595
0.00506311
0.00514593
0.00537885
0.00490927
0.00474599
0.00496765
0.00501441
0.00574883
0.00480606
0.00492711
0.00541629
0.00473391
0.00536085
0.00492305
0.00489685
0.00485174
0.00504189
0.00544584
0.00542644
0.00692688
0.00530799
0.00485019
0.00489479
0.00534306
0.00503514
0.00477729
0.00489179
0.00509687
0.00484025
0.00521827
0.00505210
0.00500745
0.00463082
0.00517196
0.00529124
0.00500605
0.00510046
0.00500749
0.00519809
0.00541403
0.00456487
0.00517450
0.00560961
0.00483093
0.00515627
0.00472543
0.00488752
0.00590012
0.00457152
0.00500489
0.00551138
0.00569152
0.00500310
0.00464174
0.00627219
0.00492104
0.00484224
0.00473200
0.00475692
0.00547835
0.00481161
0.00571718
0.00498893
0.00491661
0.00530391
0.00528528
0.00508828
0.00565630
0.00512668
0.00629500
0.00472812
0.00506199
0.00564503
0.00535510
0.00513855
0.00458480
0.00486052
0.00511695
0.00482330
0.00506575
0.00559944
0.00598257
0.00528202
0.00524086
0.00485514
0.00515241
0.00472691
0.00473965
0.00475618
0.00488388
0.00550490
0.00518899
0.00540171
0.00449119
0.00493710
0.00552213
0.00589812
0.00458637
0.00496501
0.00688915
0.00482194
0.00539211
0.00485318
0.00524104
0.00512364
0.00546189
0.00596206
0.00481515
0.00515434
0.00488068
0.00493398
0.00461528
0.00461539
0.00485262
0.00471473
0.00478521
0.00539771
0.00508064
0.00717303
0.00486704
0.00478476
0.00468624
0.00542817
0.00519079
0.00513103
0.00469956
0.00474355
0.00516306