0.00149753
0.00183816
0.00150770
0.00157169
0.00143772
0.00151903
0.00233801
0.00163067
0.00143680
0.00140136
0.00153654
0.00150039
0.00154193
0.00164477
0.00167673
0.00159313
0.00171643
0.00157037
0.00162269
0.00156624
0.00147086
0.00172572
0.00151149
0.00153540
0.00158731
0.00175219
0.00155594
0.00157969
0.00196828
0.00171722
0.00152956
0.00152871
0.00166275
0.00159463
0.00155149
0.00149509
0.00157466
0.00156446
0.00156458
0.00160794
0.00154867
0.00147729
0.00140251
0.00164401
0.00160654
0.00159282
0.00146573
0.00159544
0.00157849
0.00145843
0.00153370
0.00180731
0.00156552
0.00140460
0.00156223
0.00148993
0.00159162
0.00172373
0.00166863
0.00156898
0.00151377
0.00171014
0.00156819
0.00161620
0.00155317
0.00151989
0.00168929
0.00176551
0.00152866
0.00163564
0.00162361
0.00150820
0.00161123
0.00232602
0.00149361
0.00194680
0.00147989
0.00149955
0.00148439
0.00159445
0.00156008
0.00189994
0.00153491
0.00155376
0.00172357
0.00178903
0.00159527
0.00153288
0.00151984
0.00153805
0.00156086
0.00145312
0.00143486
0.00150249
0.00150770
0.00155620
0.00153300
0.00142286
0.00158392
0.00212224
0.00157164
0.00150624
0.00145628
0.00158455
0.00156765
0.00155073
0.00156578
0.00158328
0.00161100
0.00168019
0.00153786
0.00161713
0.00156181
0.00172709
0.00174090
0.00155561
0.00159771
0.00152802
0.00159784
0.00154200
0.00153403
0.00139324
0.00162059
0.00172689
0.00149893
0.00153625
0.00141841
0.00141086
0.00156708
0.00149590
0.00144559
0.00151955
0.00169623
0.00156050
0.00166822
0.00173101
0.00168286
0.00162739
0.00152068
0.00169933
0.00173246
0.00145436
0.00153920
0.00157186
0.00161000
0.00146338
0.00155796
0.00154048
0.00157947
0.00159355
0.00166876
0.00157669
0.00146223
0.00156758
0.00169485
0.00153153
0.00162303
0.00154969
0.00160638
0.00152705
0.00157401
0.00155623
0.00154363
0.00157694
0.00167996
0.00164543
0.00162383
0.00164749
0.00177262
0.00147939
0.00159705
0.00165470
0.00158298
0.00153973
0.00174162
0.00153549
0.00180088
0.00169063
0.00162838
0.00161176
0.00152109
0.00162029
0.00143060
0.00146974
0.00159350
0.00180212
0.00183832
0.00146308
0.00176722
0.00162159
0.00134433
0.00152554
0.00151871
0.00149826
0.00169383
0.00155463
0.00149703
0.00167333
0.00172108
0.00174322
0.00155466
0.00158840
0.00150383
0.00165717
0.00163470
0.00148451
0.00153863
0.00155783
0.00152624
0.00150970
0.00163012
0.00158823
0.00148793
0.00150511
0.00165112
0.00162146
0.00162201
0.00161729
0.00161027
0.00142186
0.00148694
0.00147761
0.00158709
0.00142049
0.00151294
0.00150962
0.00157200
0.00153304
0.00176045
0.00164195
0.00161968
0.00157035
0.00154086
0.00148537
0.00165181
0.00154008
0.00161053
0.00175828
0.00143108
0.00151762
0.00161078
0.00156845
0.00177631
0.00160833
0.00151547
0.00155315
0.00152754
0.00239287
0.00163693
0.00157125
0.00155487
0.00157894
0.00156858
0.00154578
0.00161748
0.00145031
0.00146630
0.00149551
0.00166554
0.00156880
0.00151487
0.00160751
0.00161013
0.00148727
0.00168421
0.00152509
0.00155015
0.00147770
0.00143144
0.00160889
0.00166922
0.00152604
0.00164316
0.00161200
0.00148628
0.00158999
0.00151505
0.00152515
0.00167705
0.00169709
0.00147061
0.00136857
0.00156521
0.00227517
0.00144978
0.00153029
0.00150697
0.00160544
0.00169028
0.00151139
0.00158899
0.00173617
0.00155819
0.00162060
0.00157288
0.00149333
0.00154193
0.00161717
0.00144581
0.00142207
0.00183167
0.00165491
0.00156862
0.00155400
0.00162302
0.00156741
0.00156338
0.00155218
0.00159542
0.00151542
0.00163578
0.00165355
0.00155193
0.00157657
0.00187452
0.00150439
0.00151395
0.00143729
0.00170210
0.00150010
0.00147052
0.00152407
0.00152672
0.00162751
0.00175042
0.00153971
0.00145911
0.00154642
0.00154610
0.00179813
0.00148172
0.00143601
0.00155565
0.00155008
0.00164117
0.00190775
0.00143893
0.00146081
0.00148933
0.00153404
0.00163563
0.00150468
0.00164887
0.00161389
0.00157700
0.00144843
0.00146938
0.00145221
0.00170125
0.00146106
0.00149779
0.00168355
0.00153348
0.00145797
0.00156810
0.00153692
0.00150527
0.00150663
0.00152620
0.00174237
0.00148856
0.00162714
0.00149384
0.00154722
0.00154357
0.00145909
0.00158928
0.00169464
0.00149443
0.00145288
0.00155170
0.00151788
0.00156285
0.00167612
0.00158111
0.00162407
0.00155247
0.00184635
0.00136841
0.00162164
0.00159922
0.00159176
0.00141072
0.00145479
0.00153336
0.00164806
0.00147219
0.00150956
0.00165588
0.00153487
0.00174104
0.00157061
0.00150050
0.00157565
0.00155048
0.00165668
0.00156164
0.00158861
0.00153217
0.00149421
0.00152154
0.00157240
0.00149332
0.00163452
0.00153085
0.00172335
0.00157341
0.00145462
0.00148996
0.00155483
0.00153945
0.00153084
0.00149765
0.00151750
0.00156565
0.00146076
0.00233087
0.00165997
0.00157915
0.00151099
0.00156495
0.00141121
0.00163939
0.00165716
0.00231781
0.00162081
0.00172245
0.00153387
0.00158413
0.00167812
0.00153513
0.00149630
0.00156348
0.00145794
0.00158408
0.00149430
0.00140382
0.00198062
0.00150003
0.00151979
0.00150505
0.00182357
0.00165086
0.00164321
0.00169407
0.00144140
0.00157169
0.00148808
0.00155191
0.00152789
0.00158429
0.00168762
0.00153545
0.00150402
0.00136484
0.00154175
0.00163991
0.00159798
0.00154911
0.00184831
0.00153634
0.00148488
0.00152797
0.00145835
0.00163722
0.00156626
0.00152538
0.00148205
0.00152046
0.00156506
0.00155679
0.00171002
0.00155592
0.00158674
0.00157068
0.00154405
0.00162782
0.00161846
0.00177557
0.00147737
0.00157966
0.00144420
0.00157086
0.00152787
0.00153898
0.00146848
0.00148993
0.00153505
0.00162442
0.00154054
0.00166294
0.00147244
0.00170974
0.00164836
0.00151038
0.00157001
0.00141056
0.00251571
0.00154810
0.00173288