0.00300505
0.00254938
0.00258262
0.00254598
0.00250431
0.00284240
0.00273218
0.00285132
0.00257882
0.00280312
0.00253980
0.00252553
0.00248778
0.00256717
0.00244509
0.00277162
0.00247734
0.00266954
0.00245797
0.00265461
0.00257746
0.00240248
0.00243692
0.00260674
0.00248538
0.00251898
0.00308342
0.00268581
0.00283965
0.00262260
0.00281170
0.00269051
0.00245993
0.00249702
0.00283024
0.00245603
0.00248610
0.00239182
0.00243310
0.00286933
0.00256493
0.00306688
0.00287492
0.00263827
0.00286605
0.00483864
0.00260969
0.00266233
0.00257630
0.00249438
0.00244844
0.00272836
0.00276228
0.00250843
0.00250664
0.00251396
0.00231866
0.00250023
0.00264796
0.00239842
0.00256837
0.00271784
0.00282991
0.00271144
0.00239379
0.00263513
0.00268113
0.00248983
0.00269397
0.00258712
0.00236564
0.00267732
0.00265385
0.00257419
0.00251352
0.00284350
0.00248701
0.00248580
0.00282240
0.00280929
0.00251363
0.00250925
0.00339798
0.00247113
0.00248956
0.00241707
0.00246395
0.00239996
0.00241413
0.00263514
0.00238973
0.00248296
0.00258890
0.00245558
0.00269074
0.00278399
0.00281090
0.00252260
0.00254464
0.00255077
0.00257260
0.00258515
0.00246673
0.00266075
0.00249531
0.00252241
0.00254533
0.00267071
0.00254218
0.00282488
0.00268040
0.00245236
0.00292719
0.00256831
0.00263243
0.00265582
0.00266112
0.00259147
0.00283889
0.00249295
0.00271177
0.00269304
0.00255077
0.00254723
0.00267035
0.00253694
0.00261553
0.00251265
0.00259705
0.00259740
0.00262480
0.00281519
0.00256602
0.00243385
0.00284860
0.00259977
0.00259453
0.00249767
0.00231892
0.00260890
0.00255908
0.00242760
0.00272194
0.00253056
0.00263591
0.00267365
0.00259421
0.00246943
0.00256252
0.00265289
0.00237008
0.00254875
0.00240657
0.00271807
0.00268443
0.00278189
0.00296227
0.00251344
0.00250511
0.00260053
0.00253843
0.00253378
0.00284402
0.00269806
0.00300770
0.00251561
0.00260667
0.00268981
0.00286093
0.00254194
0.00269628
0.00264283
0.00268555
0.00264092
0.00258510
0.00271743
0.00264859
0.00263837
0.00255528
0.00276870
0.00276094
0.00251240
0.00299048
0.00280146
0.00271842
0.00246696
0.00260003
0.00248603
0.00270242
0.00255588
0.00271520
0.00259474
0.00261054
0.00246467
0.00258075
0.00249854
0.00242760
0.00256362
0.00264575
0.00271927
0.00241627
0.00262149
0.00260204
0.00256494
0.00286793
0.00282100
0.00280565
0.00257468
0.00255126
0.00238592
0.00254885
0.00316002
0.00273193
0.00240042
0.00270233
0.00242035
0.00258637
0.00249957
0.00266813
0.00275724
0.00263709
0.00277339
0.00240113
0.00242074
0.00259410
0.00236373
0.00259715
0.00246786
0.00265164
0.00250305
0.00260495
0.00304304
0.00282057
0.00292418
0.00271150
0.00250119
0.00251547
0.00265173
0.00255554
0.00280693
0.00251682
0.00278571
0.00244549
0.00266405
0.00275033
0.00255413
0.00252474
0.00246750
0.00259268
0.00274419
0.00259512
0.00259462
0.00247974
0.00254068
0.00267256
0.00271612
0.00248292
0.00251725
0.00237951
0.00260134
0.00248789
0.00271250
0.00270068
0.00258127
0.00266583
0.00260018
0.00261164
0.00236942
0.00259616
0.00270263
0.00261518
0.00257144
0.00266682
0.00244611
0.00237748
0.00254897
0.00260436
0.00249112
0.00264046
0.00254030
0.00296130
0.00269880
0.00255657
0.00284670
0.00277480
0.00279417
0.00254457
0.00236423
0.00266712
0.00256010
0.00239757
0.00282803
0.00251196
0.00293249
0.00257577
0.00260538
0.00253738
0.00239402
0.00271448
0.00249343
0.00262943
0.00252784
0.00267305
0.00250149
0.00243644
0.00258650
0.00243217
0.00262606
0.00244338
0.00265086
0.00270006
0.00252644
0.00273485
0.00238695
0.00252317
0.00294065
0.00244888
0.00303703
0.00273904
0.00259941
0.00255906
0.00243406
0.00232089
0.00237973
0.00244803
0.00279737
0.00266229
0.00275133
0.00251199
0.00254988
0.00258679
0.00265882
0.00266414
0.00268311
0.00273985
0.00287801
0.00244400
0.00267449
0.00240610
0.00247187
0.00302553
0.00265029
0.00251276
0.00252170
0.00248690
0.00262098
0.00256943
0.00284413
0.00264206
0.00273871
0.00262545
0.00243014
0.00268772
0.00278461
0.00244032
0.00247115
0.00261006
0.00271789
0.00287130
0.00235097
0.00248774
0.00260089
0.00248909
0.00250589
0.00286495
0.00273585
0.00282842
0.00258003
0.00285789
0.00260212
0.00303163
0.00264162
0.00258717
0.00273142
0.00250908
0.00331700
0.00261190
0.00275252
0.00253975
0.00253312
0.00242978
0.00242461
0.00259586
0.00245854
0.00234389
0.00262421
0.00272665
0.00254536
0.00242665
0.00254030
0.00271112
0.00276656
0.00239614
0.00239615
0.00299375
0.00300961
0.00263082
0.00252192
0.00254608
0.00265294
0.00262828
0.00338955
0.00269350
0.00296706
0.00257378
0.00351761
0.00293352
0.00255811
0.00258121
0.00275408
0.00245282
0.00255283
0.00272213
0.00274490
0.00263688
0.00276252
0.00266531
0.00265161
0.00245532
0.00273385
0.00281221
0.00262670
0.00248353
0.00273175
0.00291143
0.00242413
0.00304308
0.00260514
0.00281233
0.00278114
0.00252570
0.00267615
0.00259721
0.00275818
0.00280287
0.00268491
0.00252922
0.00256595
0.00256520
0.00292945
0.00241607
0.00248241
0.00253864
0.00282937
0.00279432
0.00244355
0.00252681
0.00268884
0.00269053
0.00256819
0.00261523
0.00260948
0.00256711
0.00259279
0.00263183
0.00316710
0.00287617
0.00251017
0.00256014
0.00255501
0.00239778
0.00248391
0.00252222
0.00254415
0.00280284
0.00250509
0.00241631
0.00257523
0.00256382
0.00270181
0.00271266
0.00262039
0.00251113
0.00248791
0.00238918
0.00243598
0.00252470
0.00291247
0.00262230
0.00260681
0.00265000
0.00270643
0.00295671
0.00267205
0.00239896
0.00249421
0.00260787
0.00250269
0.00252659
0.00239671
0.00266618
0.00247364
0.00246418
0.00269410
0.00265210
0.00257594
0.00245612
0.00331667
0.00270873
0.00278774