0.00272012
0.00240900
0.00250867
0.00234383
0.00222680
0.00239694
0.00204694
0.00211450
0.00226481
0.00219917
0.00244715
0.00225565
0.00223161
0.00249436
0.00220564
0.00219562
0.00237845
0.00212091
0.00220201
0.00229555
0.00220349
0.00238019
0.00237694
0.00222877
0.00238434
0.00277152
0.00216599
0.00211068
0.00253322
0.00237198
0.00217162
0.00221608
0.00224675
0.00213376
0.00357647
0.00233586
0.00233799
0.00213809
0.00217086
0.00214872
0.00224397
0.00227962
0.00224989
0.00248940
0.00239397
0.00232471
0.00196342
0.00210585
0.00247866
0.00216546
0.00244874
0.00424921
0.00227163
0.00245544
0.00233309
0.00229726
0.00223119
0.00209702
0.00206615
0.00327965
0.00211891
0.00212094
0.00256830
0.00295438
0.00247884
0.00213895
0.00223202
0.00220273
0.00228684
0.00226330
0.00223576
0.00239144
0.00225297
0.00241990
0.00223534
0.00216195
0.00210529
0.00229768
0.00258461
0.00221685
0.00235580
0.00217818
0.00218184
0.00225276
0.00234909
0.00217339
0.00224771
0.00220895
0.00217680
0.00225145
0.00281113
0.00225270
0.00211257
0.00224910
0.00243183
0.00248734
0.00202752
0.00237172
0.00232844
0.00230155
0.00216256
0.00229930
0.00233775
0.00249604
0.00244901
0.00217028
0.00243055
0.00222790
0.00225549
0.00244083
0.00230455
0.00241187
0.00230616
0.00226314
0.00298216
0.00228139
0.00225817
0.00244119
0.00243724
0.00239472
0.00216932
0.00234461
0.00264700
0.00236114
0.00235779
0.00224406
0.00219950
0.00222059
0.00216044
0.00246767
0.00236811
0.00217307
0.00223627
0.00230782
0.00233988
0.00220480
0.00221570
0.00368528
0.00231213
0.00232009
0.00228460
0.00242125
0.00215383
0.00205564
0.00220599
0.00237184
0.00221944
0.00268526
0.00219926
0.00236598
0.00209936
0.00227537
0.00230680
0.00240935
0.00254172
0.00238199
0.00222460
0.00225768
0.00225516
0.00228684
0.00223086
0.00244199
0.00251307
0.00371688
0.00234533
0.00216459
0.00231397
0.00222420
0.00234329
0.00222158
0.00238475
0.00235057
0.00219360
0.00330842
0.00224968
0.00214871
0.00222865
0.00246039
0.00244997
0.00210201
0.00232891
0.00222563
0.00213038
0.00257643
0.00256990
0.00235815
0.00225842
0.00248616
0.00233490
0.00224948
0.00239805
0.00215197
0.00217450
0.00232585
0.00260524
0.00207192
0.00269868
0.00236950
0.00235653
0.00235835
0.00235624
0.00246563
0.00235325
0.00213966
0.00217998
0.00240127
0.00212328
0.00237467
0.00215284
0.00218500
0.00269293
0.00221848
0.00218964
0.00230825
0.00247402
0.00272408
0.00226505
0.00216097
0.00252539
0.00214822
0.00252266
0.00288928
0.00285790
0.00222209
0.00208362
0.00398610
0.00241380
0.00221294
0.00233713
0.00255484
0.00225148
0.00222127
0.00263206
0.00206708
0.00268004
0.00221736
0.00231990
0.00242679
0.00250408
0.00231915
0.00242242
0.00252555
0.00205809
0.00222764
0.00217147
0.00219138
0.00217827
0.00214947
0.00223809
0.00249805
0.00243100
0.00222222
0.00236181
0.00285471
0.00246767
0.00192593
0.00226404
0.00220726
0.00249673
0.00253051
0.00242437
0.00247648
0.00236921
0.00235779
0.00250907
0.00223037
0.00462216
0.00221811
0.00240592
0.00228117
0.00245347
0.00244102
0.00218227
0.00225857
0.00244355
0.00240883
0.00223923
0.00256257
0.00242513
0.00228224
0.00209943
0.00209833
0.00245280
0.00245213
0.00245471
0.00225378
0.00225275
0.00209762
0.00258782
0.00243466
0.00231002
0.00258877
0.00217489
0.00219155
0.00219648
0.00261996
0.00286361
0.00219286
0.00209710
0.00233416
0.00230356
0.00214734
0.00214676
0.00221441
0.00248522
0.00235132
0.00232452
0.00210860
0.00256750
0.00260337
0.00243555
0.00209619
0.00210327
0.00241829
0.00214766
0.00258051
0.00249194
0.00226609
0.00266625
0.00211137
0.00273386
0.00241675
0.00226630
0.00216253
0.00243743
0.00249390
0.00258267
0.00227600
0.00223397
0.00286917
0.00256439
0.00249378
0.00220113
0.00215145
0.00276991
0.00226040
0.00208513
0.00223425
0.00207316
0.00232068
0.00212962
0.00231361
0.00224891
0.00204829
0.00223322
0.00242644
0.00208935
0.00285396
0.00232436
0.00227847
0.00232073
0.00252162
0.00232594
0.00211001
0.00220528
0.00231811
0.00219368
0.00224953
0.00231045
0.00235277
0.00227507
0.00243681
0.00233935
0.00224227
0.00223021
0.00226873
0.00246613
0.00240820
0.00244065
0.00238978
0.00247231
0.00225311
0.00253704
0.00292408
0.00221207
0.00241970
0.00240147
0.00247759
0.00237836
0.00221430
0.00406418
0.00213004
0.00232981
0.00237036
0.00223111
0.00221012
0.00225919
0.00238731
0.00239167
0.00224427
0.00235799
0.00235896
0.00216702
0.00224152
0.00211228
0.00215465
0.00236756
0.00224102
0.00231599
0.00235476
0.00241002
0.00259413
0.00247436
0.00215496
0.00212020
0.00234736
0.00243412
0.00217829
0.00212325
0.00229894
0.00279843
0.00239498
0.00229624
0.00217868
0.00214657
0.00238372
0.00216067
0.00247444
0.00216073
0.00239645
0.00248330
0.00219294
0.00230745
0.00213264
0.00216371
0.00230455
0.00205153
0.00215792
0.00228272
0.00243890
0.00269350
0.00217416
0.00222408
0.00225218
0.00222138
0.00200759
0.00225023
0.00233041
0.00230843
0.00215501
0.00212500
0.00249915
0.00221829
0.00269202
0.00226127
0.00219530
0.00270565
0.00222572
0.00216243
0.00244975
0.00220486
0.00216113
0.00268116
0.00236751
0.00266725
0.00224406
0.00211010
0.00265457
0.00232196
0.00235304
0.00285121
0.00254411
0.00214212
0.00247376
0.00237846
0.00206714
0.00216271
0.00228690
0.00232473
0.00242301
0.00230334
0.00226202
0.00208049
0.00229785
0.00214235
0.00230835
0.00206986
0.00258842
0.00226999
0.00216421
0.00265205
0.00214131
0.00224919
0.00226519
0.00237086
0.00214348
0.00239001
0.00214084
0.00225486
0.00229388
0.00251868
0.00207600
0.00229112
0.00191788
0.00217821
0.00216071
0.00262829
0.00209158
0.00219151
0.00222442