0.00899611
0.00917605
0.00867786
0.00913658
0.00924178
0.01139013
0.00984612
0.00855839
0.00967715
0.00944030
0.01023796
0.00896906
0.00900395
0.00911250
0.01005494
0.00870231
0.00890271
0.00915987
0.00908414
0.00916127
0.01042530
0.00862586
0.00908644
0.00991684
0.00974833
0.00885545
0.00959023
0.00947830
0.00845173
0.00876485
0.01060457
0.00866881
0.00832999
0.01073258
0.00950627
0.01002097
0.00940275
0.00862595
0.00974552
0.00928569
0.00902855
0.00904800
0.00912083
0.00868414
0.00908862
0.01791695
0.01076026
0.00935066
0.01208617
0.01030811
0.00908638
0.00931176
0.00896153
0.00883009
0.00889950
0.01041485
0.00903265
0.00873654
0.00896093
0.00961799
0.00912799
0.00885941
0.00953690
0.00981503
0.00899847
0.00865214
0.00952667
0.00888039
0.00940941
0.00874986
0.00998349
0.00942980
0.00962675
0.01012526
0.00829718
0.00911660
0.00938202
0.00866903
0.00876868
0.01043724
0.00896194
0.00883370
0.00937623
0.00937912
0.00894099
0.00879980
0.00877409
0.00900756
0.01025077
0.00984885
0.01013017
0.00915655
0.00879025
0.00883900
0.00903068
0.00982175
0.00897725
0.00866146
0.00971364
0.00843473
0.01041737
0.00887512
0.00923204
0.00843687
0.01043710
0.01052302
0.00939521
0.00915440
0.00956937
0.00950362
0.00890692
0.00901633
0.00985046
0.00991536
0.01036960
0.01132579
0.00977218
0.00883486
0.00868446
0.00939040
0.00924213
0.00925896
0.00866728
0.00856469
0.00904376
0.00875685
0.01010250
0.00889609
0.00910862
0.00896438
0.00947591
0.00992879
0.01062397
0.01034336
0.00868671
0.00885051
0.01094320
0.00821277
0.00945877
0.00904819
0.00974518
0.00864800
0.00904342
0.00891665
0.01006361
0.00926726
0.00901103
0.00886602
0.00898629
0.00880972
0.00915869
0.00879258
0.01100892
0.00894643
0.00905600
0.00863304
0.00886092
0.00928223
0.01101067
0.00916406
0.00901217
0.00995023
0.00979067
0.00887763
0.00902839
0.01097595
0.01040119
0.00917314
0.00914815
0.01027475
0.00895862
0.00945854
0.00936259
0.00861021
0.01003259
0.00861708
0.00908877
0.00978248
0.00882680
0.00995400
0.00870778
0.00864572
0.00963132
0.01126655
0.01015036
0.00830179
0.01071607
0.00970405
0.00827552
0.00947831
0.00988558
0.01096424
0.00941219
0.00898684
0.01101300
0.00827662
0.00826528
0.00916955
0.00911499
0.00865317
0.00862514
0.01030851
0.00983437
0.00865792
0.00978763
0.00909253
0.00915565
0.01024253
0.00914933
0.00910147
0.00843472
0.00831028
0.01238680
0.00798929
0.00856962
0.00861118
0.00863266
0.00919899
0.00895507
0.01002162
0.00863986
0.00903101
0.00928235
0.00926908
0.00971789
0.01034302
0.00842482
0.00822827
0.00840772
0.00957222
0.00847648
0.00931813
0.00920461
0.01090752
0.01004655
0.00978342
0.00900486
0.01108734
0.01037562
0.00903591
0.00933153
0.00894015
0.00847625
0.00951594
0.01173230
0.00894581
0.00907274
0.00913718
0.01038361
0.00875125
0.00919817
0.01002331
0.00927765
0.01027964
0.00979790
0.01009684
0.00942988
0.00949367
0.00887884
0.00991496
0.00935791
0.00926083
0.00956136
0.00891972
0.00867697
0.01049544
0.01014639
0.00883753
0.00903070
0.00942265
0.01105857
0.00833147
0.00897157
0.00851544
0.01013984
0.00869008
0.00897519
0.00963781
0.00964590
0.00891210
0.00892975
0.00919196
0.00905789
0.00852720
0.00938312
0.00855239
0.00926166
0.00853362
0.01052433
0.00940365
0.00916473
0.00977846
0.00967651
0.00867957
0.00910955
0.00932376
0.00867327
0.01006585
0.00904990
0.00888977
0.00927274
0.00993623
0.00994068
0.00941873
0.00992416
0.00891825
0.00851352
0.00989615
0.00969010
0.00941872
0.00892597
0.00843609
0.00939092
0.00896068
0.01017150
0.00856308
0.00904596
0.01170662
0.00916491
0.01190447
0.00917754
0.00866737
0.00974105
0.00896923
0.00892262
0.01000185
0.01119452
0.01031950
0.00939721
0.00926717
0.00963929
0.00974721
0.00834419
0.00961593
0.00934139
0.00887510
0.00934993
0.00842737
0.00857298
0.00932723
0.00900594
0.00987805
0.00978627
0.00929022
0.00974510
0.00998055
0.00894304
0.00871232
0.00987936
0.01003085
0.00853926
0.00888327
0.00944850
0.01093074
0.00847037
0.00954039
0.00860715
0.00949429
0.00912685
0.00918401
0.00887503
0.01051288
0.01590439
0.00904980
0.00950285
0.01000832
0.00836322
0.00872895
0.00895046
0.00926048
0.00969413
0.00894533
0.00851533
0.00891269
0.00910985
0.00836200
0.01038294
0.01098450
0.00926412
0.00888508
0.00809963
0.00911508
0.00825523
0.00840133
0.00840050
0.00899278
0.01059145
0.00877504
0.00903844
0.00885049
0.00939984
0.00903404
0.00882515
0.00837312
0.00891063
0.00825639
0.00817665
0.00913261
0.00921502
0.00942667
0.00869000
0.00999935
0.00889894
0.00975000
0.01041241
0.01025018
0.00959371
0.00918636
0.00906545
0.00923070
0.00915495
0.00884777
0.00886523
0.01070918
0.01074065
0.00820357
0.00850566
0.00862538
0.00882624
0.01007169
0.00910967
0.00892726
0.00865360
0.00934024
0.00887007
0.01013530
0.01021751
0.00924649
0.00982145
0.01063633
0.00915323
0.00937696
0.00919499
0.00962124
0.00863446
0.01052274
0.00993630
0.00876431
0.00980833
0.00996246
0.01052524
0.00882194
0.01022592
0.00834722
0.00977476
0.00937050
0.01243447
0.01005718
0.00983478
0.00898751
0.00947297
0.00965141
0.01085323
0.01035294
0.00906943
0.00884776
0.00960545
0.00984653
0.00859591
0.00887993
0.00892050
0.00924901
0.00849203
0.00973151
0.00952834
0.00962726
0.00858426
0.00994722
0.00961737
0.01057336
0.00922718
0.01037671
0.00962772
0.01028565
0.00888122
0.00829579
0.00946273
0.01093383
0.00872312
0.00919879
0.00832824
0.00900471
0.01128539
0.01192641
0.00909336
0.00891548
0.00865947
0.00892056
0.00999310
0.00818200
0.00949415
0.00895691
0.01056177
0.01041038
0.01000775
0.00874405
0.01065422
0.00921079
0.00884824
0.00941746