0.00204765
0.00188105
0.00172791
0.00162170
0.00212040
0.00167140
0.00160145
0.00176446
0.00204318
0.00164187
0.00161656
0.00182057
0.00151437
0.00153885
0.00156653
0.00153072
0.00203001
0.00199460
0.00148703
0.00146558
0.00120533
0.00168475
0.00177975
0.00158226
0.00175865
0.00243461
0.00253924
0.00160664
0.00222237
0.00220344
0.00185697
0.00205906
0.00165613
0.00169927
0.00187160
0.00240923
0.00203646
0.00136785
0.00169455
0.00179779
0.00159786
0.00169852
0.00158315
0.00174775
0.00137785
0.00258375
0.00209537
0.00180672
0.00157040
0.00146844
0.00131057
0.00247606
0.00153894
0.00151994
0.00248133
0.00217907
0.00160408
0.00168767
0.00167328
0.00176204
0.00166484
0.00225516
0.00161890
0.00168909
0.00202243
0.00263076
0.00193199
0.00171004
0.00164118
0.00257936
0.00195040
0.00185511
0.00145852
0.00160742
0.00176853
0.00226290
0.00130789
0.00160411
0.00162160
0.00212370
0.00171940
0.00210238
0.00186193
0.00153956
0.00178404
0.00152571
0.00175482
0.00179881
0.00148059
0.00183876
0.00224909
0.00216849
0.00184492
0.00175567
0.00155820
0.00205019
0.00156498
0.00186616
0.00173187
0.00269487
0.00210107
0.00163809
0.00185646
0.00240658
0.00162460
0.00200468
0.00167862
0.00178084
0.00155969
0.00176337
0.00217183
0.00160112
0.00143583
0.00178435
0.00174725
0.00177819
0.00221275
0.00172609
0.00240835
0.00178427
0.00178355
0.00166697
0.00131688
0.00166125
0.00162247
0.00167929
0.00164766
0.00152897
0.00237300
0.00197168
0.00141163
0.00168111
0.00152715
0.00154059
0.00217108
0.00177846
0.00205860
0.00213413
0.00231318
0.00183362
0.00175148
0.00219959
0.00217973
0.00187019
0.00198856
0.00161634
0.00140930
0.00164962
0.00165640
0.00138416
0.00186389
0.00308232
0.00193268
0.00171644
0.00141642
0.00197144
0.00182472
0.00192417
0.00235528
0.00185814
0.00231968
0.00163868
0.00176815
0.00177376
0.00177012
0.00229945
0.00194170
0.00189684
0.00263256
0.00155522
0.00227239
0.00149770
0.00173599
0.00163002
0.00183987
0.00159356
0.00186012
0.00171965
0.00180311
0.00236075
0.00133296
0.00188172
0.00166752
0.00184994
0.00252478
0.00169944
0.00172847
0.00223480
0.00176855
0.00157966
0.00152604
0.00182379
0.00197121
0.00221560
0.00192384
0.00139609
0.00179156
0.00147631
0.00159058
0.00163133
0.00174983
0.00167353
0.00170471
0.00148160
0.00185829
0.00227502
0.00170342
0.00187286
0.00214979
0.00141100
0.00253945
0.00168534
0.00239024
0.00193926
0.00209506
0.00190091
0.00230071
0.00147917
0.00186399
0.00163525
0.00156345
0.00193022
0.00177947
0.00178153
0.00165375
0.00169048
0.00194505
0.00256493
0.00188738
0.00198640
0.00215787
0.00167912
0.00266548
0.00213099
0.00169358
0.00161246
0.00159861
0.00195110
0.00241582
0.00159979
0.00175155
0.00144146
0.00157806
0.00206082
0.00164831
0.00195685
0.00198487
0.00216137
0.00213061
0.00179174
0.00155267
0.00146683
0.00163576
0.00230803
0.00192008
0.00145281
0.00217441
0.00201225
0.00198973
0.00245031
0.00184315
0.00179896
0.00315332
0.00177190
0.00173450
0.00223954
0.00190458
0.00200573
0.00220823
0.00147145
0.00161209
0.00184690
0.00175120
0.00183436
0.00182923
0.00143140
0.00204605
0.00227604
0.00193514
0.00158739
0.00154060
0.00223208
0.00174633
0.00145875
0.00169786
0.00170323
0.00227737
0.00182039
0.00151428
0.00160680
0.00160668
0.00173442
0.00167083
0.00158892
0.00154840
0.00144485
0.00237474
0.00195422
0.00166798
0.00173076
0.00201466
0.00168253
0.00259506
0.00181340
0.00154997
0.00216398
0.00171591
0.00185093
0.00201583
0.00244028
0.00230949
0.00175122
0.00179216
0.00147064
0.00158911
0.00220235
0.00199313
0.00157446
0.00140432
0.00151796
0.00206422
0.00169275
0.00213266
0.00160227
0.00156910
0.00161258
0.00223093
0.00204506
0.00165141
0.00173269
0.00171797
0.00161957
0.00237027
0.00177796
0.00184113
0.00162923
0.00161946
0.00146951
0.00220396
0.00152127
0.00186523
0.00185932
0.00162234
0.00150857
0.00174445
0.00137269
0.00165280
0.00193555
0.00191089
0.00185378
0.00171591
0.00260882
0.00170944
0.00163543
0.00238808
0.00192137
0.00198704
0.00148732
0.00230382
0.00190807
0.00177789
0.00134638
0.00175005
0.00144642
0.00188519
0.00180646
0.00153886
0.00151046
0.00139534
0.00253665
0.00148776
0.00169555
0.00153145
0.00183411
0.00157046
0.00165593
0.00171230
0.00197019
0.00199108
0.00162876
0.00165749
0.00169800
0.00183064
0.00152355
0.00204496
0.00190933
0.00188963
0.00218738
0.00165593
0.00177243
0.00141069
0.00186440
0.00160776
0.00156749
0.00224153
0.00165072
0.00200697
0.00228773
0.00202573
0.00188202
0.00192508
0.00288708
0.00142686
0.00144038
0.00197054
0.00132803
0.00219327
0.00171583
0.00167019
0.00164874
0.00188634
0.00152227
0.00159799
0.00143139
0.00170135
0.00180646
0.00169990
0.00173798
0.00165976
0.00233344
0.00174489
0.00197843
0.00186146
0.00156051
0.00214193
0.00177077
0.00269885
0.00251167
0.00161361
0.00217255
0.00196637
0.00206825
0.00203289
0.00228974
0.00227073
0.00201671
0.00150027
0.00182075
0.00167203
0.00149778
0.00217558
0.00172298
0.00158148
0.00182609
0.00146236
0.00210686
0.00161862
0.00177271
0.00241383
0.00162038
0.00191017
0.00292141
0.00150255
0.00239434
0.00171835
0.00246821
0.00165188
0.00184115
0.00186468
0.00166619
0.00169454
0.00151896
0.00207658
0.00192657
0.00179705
0.00169909
0.00162664
0.00194629
0.00166929
0.00202001
0.00182874
0.00170143
0.00153105
0.00227735
0.00210626
0.00180532
0.00196525
0.00159501
0.00188634
0.00175338
0.00152641
0.00161999
0.00204627
0.00257283
0.00167977
0.00165935
0.00171480
0.00179187
0.00150593
0.00130798
0.00214488
0.00224093
0.00207159
0.00146649
0.00245242
0.00199409
0.00185897
0.00153235
0.00125013
0.00159979