0.00601788
0.00756410
0.01867352
0.00561980
0.00452958
0.01326202
0.00625094
0.00679660
0.00849786
0.00919787
0.00778298
0.00724056
0.00510962
0.01239090
0.00599052
0.00564380
0.00601751
0.00535250
0.01052040
0.00899174
0.00510814
0.00953066
0.01385695
0.00716665
0.00626200
0.00682200
0.00815638
0.00822462
0.00909376
0.00681131
0.00808483
0.00901781
0.01993230
0.00669886
0.00722589
0.00515137
0.00748571
0.00496918
0.00673855
0.00895662
0.00639518
0.00492975
0.00698204
0.01002734
0.00566508
0.00613712
0.00511505
0.00635450
0.00537683
0.00829606
0.00613647
0.00438304
0.00824474
0.00588563
0.01296065
0.01206412
0.00777559
0.00502401
0.00743879
0.00508969
0.00860644
0.01327143
0.00530572
0.00545891
0.00584687
0.00730941
0.00617215
0.01450082
0.00560825
0.00491821
0.00933113
0.00617708
0.01089559
0.00534238
0.00791198
0.00652607
0.00578553
0.00566288
0.00730116
0.00669144
0.00598195
0.00597958
0.01307886
0.00789014
0.00667910
0.00655557
0.00936944
0.00775779
0.00934818
0.00613028
0.00587640
0.00627563
0.00573405
0.00644113
0.01432545
0.00579417
0.00628565
0.01222229
0.00530865
0.00540282
0.00636842
0.00637688
0.00641694
0.00529880
0.00578110
0.00508306
0.00768223
0.00533914
0.00676004
0.01174153
0.00968981
0.00651127
0.00654155
0.00570358
0.00640438
0.00994277
0.00925984
0.01116260
0.02427276
0.00453136
0.00663399
0.00584610
0.00512532
0.00552640
0.01731978
0.01012266
0.01062698
0.00628739
0.00879295
0.00597985
0.00492630
0.00706306
0.00979836
0.00795238
0.00580802
0.00550997
0.00597921
0.00670837
0.00574954
0.00747502
0.00557473
0.00770898
0.00474865
0.00917620
0.00794587
0.00475941
0.00929652
0.00765777
0.00645875
0.01016767
0.00774491
0.00637551
0.00557646
0.00555371
0.00522015
0.00554655
0.00612403
0.00556637
0.00842151
0.00924289
0.00595473
0.00468125
0.01260616
0.01074023
0.00914422
0.00596578
0.00629022
0.00888374
0.00486983
0.01102157
0.00540306
0.00750103
0.00547422
0.00761545
0.00570010
0.00594089
0.01121160
0.00973785
0.00756459
0.01035747
0.00659858
0.01613147
0.00656280
0.01042481
0.00714575
0.00568275
0.01243011
0.00972774
0.00703155
0.00816956
0.00596777
0.00925723
0.00546081
0.00555328
0.00631643
0.00592727
0.01004286
0.00485381
0.00800413
0.00755685
0.01684171
0.00713419
0.01066716
0.00639740
0.00552489
0.00596836
0.00570622
0.00760391
0.00566972
0.00720607
0.00521018
0.01313676
0.01921925
0.00511598
0.00492823
0.00822513
0.00792661
0.00540906
0.00505762
0.00570097
0.00873967
0.00615708
0.00645609
0.00712260
0.00525622
0.00528317
0.00809112
0.00643432
0.01017313
0.00601283
0.00591689
0.00867832
0.00706820
0.00688056
0.00538824
0.00470381
0.00957184
0.00557281
0.01182741
0.00532218
0.00560823
0.01021840
0.00515427
0.00719516
0.00542125
0.00633632
0.01444283
0.00508170
0.00572931
0.00554915
0.00508569
0.00909809
0.00571004
0.00784250
0.00718117
0.00554111
0.00881915
0.00498127
0.00472881
0.00845129
0.00679791
0.00710917
0.00668576
0.00699908
0.01164269
0.00550736
0.00623744
0.00599866
0.00611396
0.00959198
0.00589701
0.00492965
0.00520080
0.00575244
0.00780526
0.01171240
0.00505524
0.01522596
0.01038222
0.00502045
0.01113311
0.00524573
0.00508097
0.00470885
0.00576939
0.00923488
0.00667033
0.00627601
0.00678539
0.01646722
0.01225121
0.01202511
0.00535314
0.00575168
0.00764389
0.00790953
0.00539156
0.00546658
0.01146907
0.01194667
0.00717637
0.00861110
0.00619944
0.00729712
0.01923916
0.01118662
0.00744949
0.00810226
0.01008091
0.01305689
0.00844330
0.00538614
0.00959662
0.00978817
0.00654626
0.00564797
0.00524507
0.00720752
0.01560457
0.00826271
0.00661805
0.00730982
0.01057553
0.00388119
0.00528247
0.00531093
0.00844915
0.00613001
0.00651768
0.00486760
0.01301633
0.01154414
0.00929454
0.00670107
0.00624563
0.00654544
0.00643128
0.01278979
0.01396446
0.00587880
0.00686013
0.00415906
0.00594667
0.01334140
0.00568670
0.00748366
0.00780400
0.00660568
0.02125565
0.00529892
0.01000406
0.00562023
0.00563346
0.01298682
0.00847657
0.00834482
0.00709637
0.00602063
0.00797328
0.00630681
0.00659246
0.00894501
0.00718855
0.00491828
0.00743038
0.00515048
0.00922077
0.00584021
0.00720865
0.00631992
0.00703125
0.00932004
0.01477056
0.01248168
0.00951578
0.00493510
0.00557244
0.00583588
0.01157337
0.00465185
0.00755110
0.00743667
0.01082014
0.00494503
0.00791415
0.00706738
0.00563857
0.00491936
0.00600106
0.00576442
0.00506773
0.01387698
0.00543412
0.00619590
0.00513132
0.00501888
0.00499722
0.00592091
0.00586919
0.00651237
0.01173631
0.01883772
0.00568307
0.00807682
0.00732124
0.00636497
0.00711198
0.01137668
0.00665727
0.00499304
0.00476770
0.00665209
0.01131179
0.01332838
0.00978161
0.00750154
0.00548601
0.00723404
0.00568987
0.00688083
0.00624318
0.01023758
0.00976581
0.00573428
0.00825077
0.00672844
0.00979846
0.00638098
0.00679934
0.00730093
0.00561484
0.00749925
0.00737534
0.00635207
0.00662689
0.00536683
0.00695176
0.00574830
0.00751440
0.00792292
0.01145612
0.01037992
0.00461097
0.00582423
0.00635562
0.00925956
0.00525792
0.00495891
0.00660555
0.01628396
0.00825655
0.00544476
0.01088796
0.00595001
0.01099695
0.01073813
0.00976371
0.00789072
0.00691282
0.00617199
0.00526966
0.00674511
0.00518476
0.00611557
0.01599073
0.00494601
0.01172987
0.00596574
0.00681167
0.00699149
0.00629499
0.01233943
0.01174628
0.00561706
0.00637604
0.01005163
0.00564036
0.00619654
0.00537808
0.01230011
0.00926125
0.00468121
0.00751045
0.00792446
0.01067491
0.00636378
0.00495910
0.00505675
0.00508758
0.00762902
0.00584731
0.01368537
0.00945328
0.00729995
0.00682269
0.00747907
0.00761847
0.02711475
0.00962242
0.00520852