0.00106678
0.00109951
0.00105041
0.00100153
0.00103150
0.00098072
0.00101329
0.00100469
0.00100496
0.00103984
0.00099854
0.00103691
0.00110572
0.00103452
0.00110143
0.00100587
0.00113711
0.00098142
0.00112837
0.00106484
0.00109692
0.00097283
0.00112745
0.00102370
0.00102010
0.00100392
0.00103475
0.00104526
0.00101914
0.00106513
0.00109439
0.00105131
0.00103196
0.00105864
0.00107982
0.00102996
0.00102655
0.00104994
0.00099481
0.00104066
0.00104642
0.00101669
0.00104381
0.00108054
0.00100441
0.00105628
0.00101133
0.00104698
0.00101835
0.00107755
0.00102830
0.00103796
0.00103499
0.00100848
0.00103400
0.00108344
0.00101823
0.00102425
0.00109038
0.00103879
0.00107034
0.00111665
0.00105474
0.00102834
0.00100793
0.00108476
0.00102960
0.00104132
0.00103263
0.00102246
0.00102939
0.00105785
0.00101176
0.00103902
0.00106315
0.00101292
0.00104154
0.00107929
0.00103600
0.00101122
0.00101340
0.00104681
0.00103117
0.00102836
0.00103383
0.00103996
0.00112739
0.00104781
0.00103622
0.00100118
0.00100845
0.00103822
0.00111876
0.00103639
0.00106328
0.00102220
0.00105153
0.00111109
0.00105769
0.00103183
0.00108845
0.00105429
0.00110401
0.00107668
0.00104488
0.00102006
0.00108630
0.00109139
0.00100969
0.00103497
0.00108055
0.00102535
0.00107147
0.00112471
0.00100781
0.00105328
0.00102490
0.00104966
0.00106400
0.00098799
0.00105952
0.00104373
0.00100322
0.00105626
0.00100850
0.00102914
0.00101624
0.00101418
0.00103771
0.00107500
0.00100019
0.00104054
0.00108201
0.00112041
0.00101139
0.00099698
0.00098282
0.00104385
0.00105050
0.00102156
0.00102740
0.00104383
0.00101114
0.00100309
0.00104601
0.00106654
0.00105136
0.00108206
0.00111061
0.00102088
0.00108606
0.00101758
0.00102899
0.00100536
0.00107026
0.00108230
0.00102651
0.00102051
0.00102741
0.00103765
0.00101490
0.00101861
0.00102028
0.00104278
0.00102961
0.00108349
0.00102205
0.00101676
0.00101094
0.00102311
0.00113960
0.00104751
0.00110812
0.00108385
0.00108578
0.00098955
0.00105215
0.00100796
0.00107400
0.00106252
0.00100567
0.00099021
0.00102238
0.00102662
0.00106084
0.00103930
0.00098726
0.00112685
0.00106455
0.00101941
0.00111416
0.00104357
0.00106224
0.00099107
0.00107597
0.00110159
0.00104040
0.00100378
0.00103539
0.00105382
0.00101457
0.00103378
0.00099751
0.00099122
0.00104238
0.00106742
0.00104366
0.00105529
0.00101994
0.00104059
0.00110359
0.00105334
0.00106343
0.00103187
0.00101211
0.00102211
0.00102348
0.00101129
0.00105667
0.00103572
0.00104515
0.00106376
0.00107504
0.00110147
0.00121258
0.00104959
0.00107202
0.00104278
0.00099048
0.00109124
0.00101527
0.00100420
0.00101507
0.00109259
0.00104119
0.00104680
0.00098795
0.00099961
0.00108464
0.00101395
0.00102781
0.00102457
0.00098783
0.00108081
0.00104825
0.00098237
0.00106282
0.00097994
0.00100253
0.00105443
0.00106333
0.00102562
0.00102220
0.00103638
0.00101077
0.00108777
0.00097050
0.00108314
0.00099631
0.00101304
0.00099740
0.00098970
0.00103865
0.00105301
0.00101175
0.00105825
0.00101617
0.00106943
0.00113301
0.00097826
0.00111407
0.00107955
0.00107043
0.00104720
0.00101802
0.00101017
0.00096391
0.00105648
0.00104104
0.00102127
0.00102641
0.00103175
0.00134681
0.00101415
0.00106908
0.00105305
0.00105747
0.00099384
0.00099236
0.00102638
0.00104369
0.00106468
0.00103163
0.00106192
0.00103614
0.00101646
0.00108324
0.00102712
0.00105138
0.00102701
0.00107556
0.00099409
0.00105986
0.00113238
0.00100041
0.00102186
0.00106518
0.00098152
0.00099285
0.00099972
0.00106566
0.00112199
0.00103978
0.00098809
0.00104125
0.00105551
0.00104754
0.00102766
0.00102677
0.00100064
0.00102216
0.00108231
0.00101459
0.00102048
0.00106254
0.00104258
0.00102689
0.00102374
0.00101293
0.00099028
0.00107039
0.00100064
0.00104018
0.00107170
0.00103670
0.00105782
0.00107848
0.00107286
0.00105776
0.00104956
0.00110343
0.00104042
0.00099824
0.00102226
0.00100386
0.00098243
0.00102357
0.00102580
0.00103702
0.00105478
0.00116084
0.00104507
0.00105183
0.00103022
0.00110993
0.00101436
0.00098568
0.00100675
0.00111470
0.00106046
0.00098623
0.00104190
0.00107862
0.00102770
0.00101748
0.00099032
0.00110134
0.00104607
0.00104067
0.00107224
0.00100773
0.00102602
0.00104478
0.00101625
0.00105321
0.00110644
0.00100096
0.00102346
0.00101519
0.00096117
0.00102653
0.00104340
0.00107066
0.00105554
0.00101911
0.00103953
0.00104398
0.00097828
0.00107838
0.00096681
0.00098128
0.00109081
0.00102433
0.00104522
0.00106532
0.00104112
0.00102674
0.00104018
0.00098562
0.00110994
0.00105236
0.00108565
0.00101589
0.00100745
0.00102923
0.00104555
0.00104674
0.00112858
0.00098031
0.00103162
0.00105107
0.00101225
0.00105417
0.00102750
0.00099374
0.00109465
0.00105196
0.00103487
0.00107257
0.00099050
0.00095464
0.00106249
0.00106729
0.00105427
0.00098291
0.00102118
0.00105883
0.00104599
0.00103024
0.00103071
0.00102462
0.00104698
0.00102522
0.00111523
0.00100940
0.00107532
0.00107683
0.00101491
0.00101820
0.00101649
0.00099147
0.00108187
0.00105384
0.00102893
0.00108235
0.00101941
0.00114913
0.00107724
0.00100131
0.00105764
0.00106526
0.00099219
0.00103048
0.00100881
0.00099887
0.00101740
0.00104550
0.00103638
0.00106098
0.00102863
0.00105872
0.00106797
0.00101369
0.00102865
0.00103279
0.00108758
0.00106620
0.00104229
0.00103242
0.00108258
0.00100861
0.00099084
0.00103584
0.00103875
0.00102515
0.00102201
0.00107791
0.00107201
0.00107740
0.00102304
0.00106327
0.00105455
0.00100343
0.00107381
0.00102197
0.00109108
0.00101258
0.00107470
0.00101692
0.00105296
0.00107423
0.00106810
0.00103622
0.00102435
0.00103918
0.00102260
0.00105765
0.00100610
0.00106300
0.00104717