0.00600409
0.00866222
0.00667721
0.00584293
0.00639179
0.00565005
0.00646537
0.00573716
0.00545363
0.00526871
0.00568236
0.00526263
0.00627977
0.00646533
0.00635933
0.00636246
0.00588246
0.00627802
0.00662583
0.00606041
0.00524827
0.00579141
0.00545003
0.00717009
0.00566876
0.00835553
0.00503045
0.00626521
0.00580707
0.00642140
0.00596378
0.00666410
0.00626375
0.00587894
0.00616197
0.00635505
0.00539558
0.00588533
0.00496536
0.00689411
0.00656600
0.00565687
0.00544587
0.00536449
0.00636796
0.00532034
0.00582246
0.00603168
0.00550899
0.00534470
0.00555817
0.00605920
0.00583121
0.00591428
0.00596301
0.00611262
0.00550491
0.00522369
0.00583538
0.00562631
0.00529816
0.00662317
0.00560575
0.00610932
0.00497149
0.00546568
0.00537592
0.00638138
0.00534568
0.00565589
0.00569832
0.00612225
0.00521977
0.00871025
0.00591052
0.00637719
0.00678365
0.00606463
0.00498639
0.00502483
0.00584389
0.00566398
0.00732879
0.00695631
0.00715249
0.00610608
0.00575465
0.00635570
0.00541935
0.00590632
0.00622622
0.00604549
0.00533722
0.00623387
0.00568437
0.00535842
0.00589486
0.00550340
0.00534737
0.00666838
0.00663521
0.00654806
0.00632973
0.00713553
0.00619388
0.00618132
0.00505365
0.00661325
0.00717869
0.00723863
0.00559236
0.00607262
0.00552659
0.00535387
0.00560188
0.00566566
0.00625372
0.00630126
0.00556089
0.00585693
0.00683180
0.00581361
0.00795559
0.00550173
0.00602680
0.00513200
0.00604909
0.00548840
0.00501586
0.00549116
0.00557349
0.00626479
0.00696966
0.00564300
0.00544222
0.00547781
0.00544447
0.00528742
0.00548115
0.00615369
0.00585924
0.00665613
0.00958877
0.00713174
0.00739593
0.00530754
0.00552990
0.00590813
0.00555204
0.00704466
0.00531928
0.00647417
0.00593132
0.00584561
0.00558165
0.00814585
0.00558360
0.00659575
0.00650020
0.00546596
0.00805353
0.00679423
0.00565271
0.00653984
0.00566616
0.00568563
0.00510365
0.00518795
0.00666509
0.00482474
0.00647111
0.00667732
0.00523599
0.00537578
0.00624591
0.00573710
0.00639646
0.00611811
0.00785267
0.00567617
0.00525514
0.00836902
0.00623021
0.00553996
0.00569709
0.00627168
0.00586549
0.00583179
0.00585909
0.00648076
0.00860331
0.00568585
0.00804628
0.00624567
0.00604561
0.00539901
0.00555206
0.00557627
0.00653740
0.00607228
0.00541909
0.00567765
0.00570288
0.00609518
0.00612499
0.00584364
0.00659843
0.00555169
0.00547562
0.00506490
0.00665039
0.00624874
0.00502093
0.00556098
0.00709185
0.00806460
0.00518088
0.00585295
0.00656704
0.00553936
0.00663505
0.00635172
0.00594773
0.00655657
0.00564697
0.00811034
0.00579456
0.00589376
0.00559237
0.00593760
0.00841645
0.00688265
0.00565870
0.00620970
0.00905965
0.00649094
0.00586848
0.00800414
0.00712717
0.00600068
0.00619836
0.00538011
0.00534696
0.00570237
0.00582408
0.00624705
0.00553176
0.00641639
0.00555487
0.00539178
0.00533759
0.00539141
0.00548442
0.00552105
0.00553018
0.00487655
0.00679005
0.00531417
0.00792398
0.00529951
0.00613148
0.00540095
0.00580060
0.00527717
0.00627530
0.00760622
0.00516742
0.00580212
0.00598770
0.00516371
0.00603132
0.00532876
0.00590627
0.00600041
0.00597048
0.00627701
0.00590724
0.00536679
0.00563788
0.00561433
0.00730683
0.00596784
0.00555079
0.00502703
0.00763410
0.00538503
0.00629308
0.00585038
0.00563124
0.00592373
0.00648523
0.00531524
0.00676925
0.00577326
0.00548939
0.01002576
0.00593161
0.00721209
0.00876974
0.00520017
0.00628303
0.00568844
0.00519733
0.00568207
0.00501301
0.00566572
0.00526237
0.00593752
0.00603581
0.00591862
0.00505786
0.00620092
0.00525374
0.00626969
0.00485546
0.00591450
0.00606199
0.00948286
0.00546385
0.00540370
0.00528349
0.00701020
0.00542323
0.00573363
0.00486688
0.00543692
0.00663848
0.00530410
0.00767095
0.00677286
0.00570189
0.00677482
0.00636949
0.00586306
0.00847271
0.00579611
0.00500483
0.00606347
0.00688612
0.00568828
0.00621945
0.00611488
0.00563139
0.00585293
0.00771505
0.00530891
0.00529858
0.00659471
0.00562597
0.00631869
0.00638080
0.00584930
0.00513363
0.00539772
0.00583335
0.00558177
0.00604162
0.00541799
0.00600219
0.01268800
0.00607859
0.00537025
0.00780893
0.00542363
0.00531610
0.00589873
0.00537901
0.00695249
0.00720175
0.00895737
0.00596464
0.00611946
0.00639767
0.00644000
0.00646089
0.00559979
0.00552695
0.00604911
0.00518753
0.00513833
0.00604782
0.00581911
0.00586676
0.00546152
0.00654843
0.00510264
0.00834724
0.00663680
0.00877696
0.00689127
0.00546064
0.00522094
0.00777067
0.00514587
0.00710719
0.00570034
0.00555041
0.00857389
0.00504813
0.00598700
0.00520674
0.00569980
0.00653877
0.00723770
0.00542108
0.00555069
0.00636841
0.00608708
0.00544925
0.00587854
0.00625685
0.00568538
0.00714908
0.00556656
0.00616873
0.00522869
0.00600648
0.00537088
0.00533903
0.00589946
0.00765666
0.00629338
0.00553666
0.00656608
0.00630340
0.00540583
0.00613026
0.00990069
0.00559640
0.00601609
0.00605083
0.00543152
0.00877274
0.00619931
0.00585039
0.00708365
0.00542927
0.00666017
0.00726644
0.00522899
0.00722165
0.00757570
0.00501835
0.00590462
0.00529416
0.00507227
0.00572662
0.00517193
0.00615849
0.00628643
0.00591436
0.00525709
0.00661669
0.00623244
0.00565317
0.00547142
0.00493834
0.00560884
0.00607625
0.00595163
0.00529761
0.00660328
0.00530992
0.00985298
0.00608576
0.00591497
0.00849575
0.00502647
0.00742280
0.00613244
0.00526389
0.00585329
0.00673570
0.00610478
0.00531016
0.00572223
0.00572827
0.00534961
0.00569623
0.00543311
0.00579040
0.00532534
0.00733516
0.00585217
0.00536124
0.00787523
0.00587194
0.00576118
0.00598939
0.00602422
0.00627001
0.00598119
0.00535589
0.00593697
0.00552108
0.00799090
0.00569501
0.00538344
0.00537023
0.00570854