0.00126421
0.00128155
0.00124300
0.00123278
0.00120647
0.00126921
0.00117865
0.00121683
0.00151945
0.00123478
0.00124772
0.00125783
0.00125035
0.00126043
0.00123333
0.00123609
0.00126073
0.00125910
0.00124488
0.00120794
0.00128211
0.00125030
0.00122830
0.00124239
0.00124915
0.00130068
0.00125924
0.00129740
0.00124762
0.00127736
0.00121244
0.00118759
0.00120196
0.00120916
0.00123205
0.00126068
0.00133640
0.00126088
0.00127033
0.00121729
0.00123375
0.00126837
0.00127225
0.00122591
0.00125640
0.00125799
0.00128944
0.00120232
0.00125007
0.00122966
0.00131575
0.00125475
0.00126315
0.00124930
0.00124210
0.00129009
0.00121413
0.00128205
0.00125192
0.00117389
0.00131707
0.00116846
0.00119713
0.00122267
0.00122091
0.00125298
0.00127893
0.00122031
0.00130964
0.00124514
0.00126888
0.00130421
0.00128052
0.00124644
0.00127283
0.00120277
0.00127509
0.00124535
0.00122727
0.00125357
0.00131300
0.00124895
0.00123694
0.00123605
0.00125002
0.00127363
0.00128461
0.00123619
0.00124662
0.00122880
0.00122131
0.00127722
0.00125933
0.00129393
0.00124767
0.00127319
0.00121602
0.00123701
0.00123895
0.00131661
0.00125073
0.00129453
0.00128321
0.00119956
0.00123193
0.00121451
0.00133852
0.00128450
0.00125773
0.00127418
0.00122094
0.00129785
0.00123102
0.00127316
0.00128172
0.00128272
0.00123425
0.00126275
0.00129942
0.00118211
0.00117788
0.00124734
0.00125706
0.00126743
0.00123393
0.00128358
0.00126686
0.00126032
0.00118983
0.00129747
0.00127887
0.00126950
0.00123445
0.00124794
0.00122585
0.00123528
0.00131650
0.00125141
0.00127175
0.00120629
0.00126096
0.00125563
0.00126028
0.00131633
0.00126603
0.00123018
0.00128765
0.00124598
0.00126250
0.00123122
0.00126339
0.00125209
0.00120206
0.00131592
0.00115269
0.00122504
0.00123119
0.00122626
0.00127007
0.00117670
0.00121959
0.00118793
0.00134705
0.00127565
0.00126147
0.00128416
0.00122284
0.00125075
0.00128589
0.00126628
0.00121902
0.00127571
0.00118738
0.00120475
0.00122103
0.00130488
0.00124789
0.00125015
0.00131055
0.00122357
0.00121888
0.00128071
0.00126054
0.00125773
0.00121894
0.00128456
0.00126849
0.00126885
0.00119198
0.00125503
0.00120260
0.00117192
0.00135091
0.00123197
0.00125299
0.00135532
0.00126000
0.00122410
0.00120994
0.00125244
0.00130411
0.00124427
0.00121105
0.00125576
0.00120382
0.00120851
0.00118983
0.00127006
0.00126058
0.00119033
0.00128867
0.00120556
0.00138155
0.00121055
0.00128112
0.00121420
0.00121889
0.00123949
0.00123920
0.00120537
0.00126031
0.00124833
0.00122160
0.00127002
0.00127322
0.00127406
0.00140422
0.00125005
0.00123241
0.00120111
0.00125709
0.00122089
0.00125550
0.00121963
0.00121180
0.00121841
0.00121809
0.00127768
0.00131834
0.00125356
0.00127552
0.00120339
0.00130901
0.00119186
0.00126842
0.00122842
0.00121323
0.00131867
0.00121623
0.00129412
0.00124663
0.00125927
0.00132157
0.00131496
0.00126496
0.00126916
0.00132600
0.00121878
0.00127307
0.00131557
0.00123339
0.00119514
0.00122172
0.00120098
0.00122480
0.00127092
0.00119122
0.00125333
0.00125879
0.00128512
0.00127810
0.00122990
0.00122777
0.00121043
0.00124522
0.00118731
0.00123381
0.00123394
0.00126106
0.00129683
0.00128222
0.00119828
0.00133723
0.00130052
0.00123410
0.00130255
0.00126715
0.00121138
0.00122552
0.00131866
0.00130454
0.00124203
0.00130759
0.00123132
0.00124566
0.00129351
0.00124854
0.00126598
0.00116520
0.00131607
0.00125981
0.00122916
0.00123550
0.00118757
0.00124177
0.00127026
0.00124979
0.00122885
0.00116866
0.00120006
0.00122766
0.00127366
0.00123759
0.00127029
0.00122631
0.00121374
0.00127552
0.00122269
0.00124934
0.00128295
0.00135238
0.00122718
0.00124899
0.00122673
0.00120525
0.00130451
0.00127375
0.00129504
0.00124292
0.00124050
0.00123632
0.00120381
0.00118455
0.00121382
0.00129891
0.00122293
0.00123965
0.00121351
0.00120376
0.00130650
0.00122958
0.00120889
0.00129384
0.00123391
0.00130705
0.00125192
0.00127871
0.00128433
0.00122055
0.00123968
0.00128518
0.00127375
0.00120908
0.00121559
0.00121927
0.00125491
0.00130417
0.00126698
0.00119182
0.00126016
0.00120696
0.00129702
0.00122364
0.00121404
0.00122109
0.00121514
0.00124234
0.00125936
0.00125010
0.00130622
0.00127069
0.00119742
0.00127892
0.00129120
0.00121312
0.00129357
0.00125889
0.00118385
0.00120587
0.00128208
0.00120789
0.00123711
0.00118762
0.00124203
0.00127488
0.00121435
0.00122159
0.00122441
0.00126544
0.00126427
0.00121646
0.00125067
0.00122717
0.00121522
0.00122814
0.00122842
0.00121434
0.00123656
0.00125786
0.00131125
0.00123390
0.00123214
0.00123818
0.00125298
0.00119434
0.00121357
0.00121878
0.00127626
0.00128678
0.00122339
0.00125490
0.00130368
0.00121537
0.00131418
0.00130047
0.00130751
0.00131107
0.00125227
0.00123646
0.00122823
0.00125664
0.00135597
0.00125844
0.00129936
0.00122841
0.00126964
0.00121303
0.00119134
0.00123488
0.00122806
0.00122507
0.00124591
0.00118572
0.00129249
0.00119082
0.00123324
0.00122269
0.00123012
0.00129690
0.00123629
0.00131129
0.00121710
0.00122448
0.00123259
0.00124668
0.00131679
0.00123085
0.00123432
0.00126890
0.00123919
0.00122137
0.00123471
0.00123919
0.00127500
0.00129319
0.00141228
0.00127663
0.00133222
0.00122631
0.00138667
0.00125870
0.00140315
0.00122988
0.00121841
0.00132496
0.00121081
0.00124144
0.00122202
0.00125065
0.00127537
0.00125581
0.00121584
0.00127166
0.00124219
0.00118769
0.00119509
0.00135061
0.00122296
0.00126525
0.00129989
0.00127401
0.00121070
0.00123743
0.00130113
0.00121482
0.00121334
0.00119076
0.00127418
0.00128776
0.00119439
0.00128895
0.00129836
0.00117584
0.00127055
0.00126073
0.00126056
0.00129506
0.00126923
0.00126537
0.00122696