0.00131924
0.00134371
0.00153985
0.00134279
0.00137235
0.00140692
0.00131512
0.00129387
0.00138536
0.00143016
0.00138884
0.00134310
0.00135893
0.00131304
0.00133703
0.00145527
0.00132197
0.00130473
0.00132214
0.00135083
0.00136865
0.00154760
0.00133084
0.00145804
0.00128569
0.00128685
0.00134106
0.00135487
0.00133683
0.00131001
0.00131422
0.00132912
0.00138025
0.00137344
0.00170529
0.00133182
0.00134204
0.00132451
0.00130346
0.00132012
0.00136605
0.00140823
0.00142650
0.00136788
0.00129486
0.00139520
0.00135270
0.00134798
0.00145794
0.00139900
0.00130349
0.00137336
0.00131843
0.00127809
0.00155264
0.00136572
0.00128216
0.00139702
0.00131543
0.00129462
0.00133017
0.00137373
0.00136179
0.00133549
0.00131327
0.00139458
0.00135751
0.00157604
0.00135249
0.00130226
0.00141369
0.00136762
0.00136165
0.00130310
0.00136757
0.00137504
0.00140075
0.00133687
0.00135152
0.00130521
0.00136157
0.00140190
0.00135657
0.00141871
0.00141960
0.00142367
0.00142529
0.00126997
0.00140498
0.00132637
0.00138942
0.00141589
0.00130996
0.00136161
0.00141033
0.00137739
0.00143113
0.00127315
0.00137279
0.00133244
0.00138293
0.00140027
0.00131053
0.00130639
0.00144245
0.00141160
0.00133610
0.00142214
0.00130829
0.00139857
0.00132967
0.00144613
0.00132348
0.00145953
0.00135103
0.00127322
0.00131145
0.00133367
0.00139212
0.00134333
0.00138226
0.00131970
0.00132372
0.00132495
0.00130118
0.00135390
0.00131530
0.00129216
0.00128910
0.00130188
0.00128408
0.00127877
0.00136737
0.00134510
0.00134184
0.00134042
0.00131771
0.00142782
0.00126678
0.00135777
0.00148927
0.00132490
0.00129406
0.00133944
0.00139060
0.00148243
0.00128874
0.00124135
0.00158247
0.00134320
0.00137180
0.00143773
0.00127855
0.00129321
0.00138961
0.00134306
0.00132454
0.00140608
0.00140083
0.00148487
0.00127645
0.00127525
0.00130939
0.00159198
0.00138917
0.00127057
0.00130123
0.00143819
0.00150398
0.00138828
0.00135315
0.00126661
0.00135790
0.00131168
0.00132044
0.00137937
0.00131885
0.00127049
0.00135276
0.00128277
0.00136404
0.00136513
0.00144030
0.00131506
0.00134893
0.00136775
0.00134065
0.00133232
0.00131537
0.00139545
0.00127084
0.00126209
0.00123731
0.00135171
0.00135746
0.00138777
0.00125729
0.00129894
0.00133837
0.00135509
0.00142878
0.00130195
0.00139138
0.00131373
0.00132865
0.00132328
0.00130901
0.00132002
0.00131716
0.00144731
0.00133128
0.00139577
0.00146460
0.00125875
0.00131131
0.00139487
0.00137087
0.00143898
0.00137279
0.00132591
0.00134744
0.00129198
0.00132448
0.00128521
0.00133079
0.00131965
0.00127309
0.00133669
0.00133738
0.00133418
0.00132664
0.00124599
0.00151472
0.00139631
0.00136942
0.00131918
0.00140262
0.00139178
0.00144925
0.00147299
0.00137518
0.00133925
0.00132434
0.00135426
0.00130850
0.00137501
0.00133361
0.00136789
0.00135058
0.00127016
0.00138081
0.00132590
0.00128882
0.00135875
0.00133941
0.00146084
0.00137930
0.00139545
0.00136793
0.00133122
0.00138140
0.00131133
0.00133257
0.00136549
0.00131270
0.00130086
0.00129683
0.00141913
0.00133267
0.00134081
0.00133360
0.00135300
0.00135582
0.00138055
0.00146710
0.00133700
0.00137512
0.00136621
0.00129898
0.00128940
0.00132447
0.00132177
0.00126535
0.00132442
0.00130276
0.00138063
0.00135209
0.00137387
0.00135405
0.00129468
0.00127837
0.00140072
0.00138430
0.00125968
0.00140051
0.00132092
0.00144648
0.00128346
0.00134160
0.00134876
0.00126319
0.00128266
0.00125951
0.00144396
0.00134651
0.00134156
0.00143736
0.00125561
0.00127712
0.00136216
0.00132658
0.00132212
0.00135071
0.00128979
0.00136177
0.00145561
0.00137940
0.00134243
0.00138523
0.00138455
0.00126471
0.00124298
0.00134425
0.00149852
0.00134182
0.00135485
0.00127885
0.00128393
0.00137988
0.00132222
0.00135265
0.00127888
0.00143619
0.00129701
0.00135744
0.00137325
0.00133304
0.00132421
0.00125712
0.00132786
0.00129732
0.00128901
0.00131568
0.00134482
0.00128016
0.00131774
0.00135277
0.00138971
0.00137087
0.00132056
0.00135662
0.00146179
0.00128146
0.00133224
0.00131253
0.00134602
0.00139440
0.00128001
0.00136096
0.00130759
0.00132982
0.00133453
0.00136904
0.00127664
0.00135059
0.00136171
0.00134411
0.00129313
0.00138270
0.00127148
0.00130440
0.00131082
0.00134601
0.00127490
0.00132771
0.00148351
0.00134811
0.00140641
0.00138933
0.00135806
0.00140285
0.00135892
0.00138852
0.00148465
0.00130959
0.00135050
0.00139699
0.00138501
0.00138606
0.00124395
0.00139079
0.00132676
0.00133316
0.00133409
0.00142742
0.00133471
0.00133588
0.00148405
0.00150101
0.00129231
0.00138074
0.00139822
0.00129422
0.00129329
0.00131927
0.00140641
0.00131670
0.00145433
0.00141350
0.00136401
0.00135192
0.00144294
0.00133802
0.00136490
0.00133005
0.00136977
0.00139950
0.00131463
0.00138183
0.00140798
0.00139421
0.00141457
0.00131765
0.00141888
0.00134613
0.00131574
0.00138761
0.00134790
0.00138042
0.00128360
0.00134968
0.00126879
0.00131115
0.00132617
0.00138280
0.00140028
0.00134102
0.00145820
0.00134081
0.00145663
0.00131605
0.00132356
0.00136230
0.00131212
0.00135923
0.00134487
0.00132550
0.00154275
0.00137515
0.00146443
0.00139859
0.00130533
0.00153007
0.00135465
0.00138076
0.00131835
0.00139177
0.00133453
0.00142028
0.00138109
0.00130087
0.00144687
0.00131258
0.00133113
0.00138168
0.00139396
0.00151686
0.00134110
0.00134284
0.00133825
0.00131162
0.00140877
0.00138599
0.00131513
0.00137068
0.00128864
0.00131474
0.00126027
0.00128274
0.00144572
0.00134746
0.00132975
0.00135136
0.00137070
0.00139634
0.00134558
0.00137594
0.00132626
0.00135305
0.00136059
0.00139199
0.00153464
0.00150889
0.00140487
0.00148209
0.00132316
0.00136486
0.00147162
0.00144492
0.00131624