0.00961373
0.00793119
0.00746264
0.00695438
0.00776002
0.01113849
0.00886141
0.00815339
0.00675483
0.00810203
0.00682810
0.00838546
0.00685827
0.00991839
0.00729615
0.01115072
0.00761751
0.00742321
0.01149614
0.00906937
0.00797186
0.00697015
0.01283758
0.00632235
0.00754240
0.00728640
0.00839439
0.00638569
0.00627639
0.00690749
0.01145744
0.00683675
0.00859892
0.00629129
0.00956940
0.00732540
0.01087992
0.00763005
0.00740552
0.00771384
0.00624419
0.00797378
0.00759453
0.00760595
0.00779602
0.01098622
0.00842903
0.01390846
0.00673838
0.00523795
0.00688449
0.01132584
0.00722638
0.00753648
0.00763307
0.00697839
0.00690337
0.00829925
0.00654415
0.01243139
0.00740028
0.00904788
0.00675678
0.00938315
0.00641199
0.00812592
0.00826836
0.00785767
0.01380410
0.00900991
0.00967666
0.00721940
0.00914226
0.00897565
0.00851474
0.00630739
0.01159298
0.00892390
0.00748084
0.01038346
0.00729062
0.00692581
0.00828546
0.00771253
0.00852986
0.00695850
0.00689838
0.00719990
0.00747108
0.00687933
0.00632100
0.00773279
0.01382621
0.00852620
0.00972765
0.00744100
0.00739649
0.00977943
0.00792633
0.00691684
0.01017397
0.01180088
0.01259534
0.00688217
0.00712610
0.01256911
0.00803280
0.00740613
0.00732454
0.00684897
0.01189308
0.00680245
0.00785859
0.00592568
0.00760818
0.00637029
0.01065110
0.00697136
0.00816885
0.00787700
0.00660015
0.00746286
0.00996300
0.00918236
0.01107083
0.00669410
0.00751135
0.00916380
0.00770849
0.00767063
0.01329445
0.00657296
0.00590752
0.00833538
0.00801589
0.01016178
0.00902870
0.00674595
0.01206221
0.00908313
0.00629425
0.00682545
0.00585912
0.00945959
0.00798985
0.00774778
0.00766573
0.00625710
0.00776006
0.00683528
0.00614535
0.00676478
0.00676783
0.00819438
0.00692096
0.00714213
0.00666255
0.01042685
0.00644223
0.01261193
0.00670670
0.00808578
0.00694192
0.00601705
0.00769804
0.00752143
0.00659546
0.00725875
0.00997592
0.01042445
0.00679238
0.00780311
0.00837338
0.02175061
0.00838726
0.00919013
0.01006305
0.00856605
0.00803957
0.01034295
0.00958814
0.00705758
0.01050256
0.01120007
0.00851533
0.00724661
0.00773154
0.00945549
0.01217729
0.00656129
0.00985535
0.00947430
0.00858751
0.00863333
0.00736540
0.01138416
0.00796529
0.00756278
0.00770499
0.00807274
0.00755292
0.00723740
0.00704911
0.00643622
0.00640100
0.00687944
0.00589363
0.00677257
0.00882183
0.01037275
0.01067103
0.00973127
0.00992627
0.01642187
0.00697936
0.00813062
0.00665250
0.00706581
0.00630778
0.00700202
0.00723965
0.01036552
0.00739588
0.00732999
0.00757343
0.00557918
0.00696071
0.00748308
0.01079837
0.00683380
0.00982653
0.01066035
0.00639764
0.00745023
0.00904274
0.01069928
0.00736546
0.00696060
0.00726963
0.00849782
0.01033392
0.00855994
0.00725969
0.00673000
0.00722728
0.01011346
0.01014352
0.00742169
0.00731614
0.03984321
0.00671749
0.00753960
0.00617381
0.00763297
0.00828909
0.00852298
0.00619594
0.00663463
0.00740631
0.01355184
0.00789708
0.01064908
0.00704781
0.00890690
0.00769086
0.01136489
0.00634036
0.00795634
0.00746216
0.00647808
0.00899425
0.00961925
0.00893476
0.00747396
0.00898578
0.00923627
0.00763401
0.01086382
0.00847255
0.01126712
0.00715860
0.01126190
0.00866189
0.00827637
0.00729210
0.00939259
0.00924953
0.00747511
0.01082552
0.00814410
0.01062529
0.00763772
0.00699983
0.00638184
0.01351430
0.00696315
0.00813708
0.00732119
0.00932707
0.00766222
0.00634274
0.00744407
0.00731961
0.00713466
0.00752610
0.00830148
0.00878285
0.00706847
0.00648920
0.00864354
0.00758326
0.03660596
0.00674618
0.00729541
0.00649356
0.00658790
0.00712055
0.00893400
0.00919496
0.00741934
0.00941876
0.00978330
0.00628149
0.00702422
0.00573835
0.00808618
0.01143312
0.01110042
0.00850874
0.01074515
0.00841886
0.00762181
0.00779012
0.00935791
0.01142478
0.00850725
0.00897751
0.00611473
0.00681598
0.00868240
0.01162400
0.01200337
0.01037477
0.00623718
0.01132154
0.00701167
0.00663029
0.00621036
0.00711095
0.01123517
0.00850496
0.00630013
0.00710453
0.00764957
0.00735223
0.01567235
0.00654446
0.00732920
0.01247387
0.00810457
0.00597213
0.00705682
0.00866133
0.00732643
0.00808614
0.00699667
0.01008034
0.00663285
0.00772592
0.00757289
0.01956002
0.01259672
0.00625431
0.00993404
0.00729253
0.00872958
0.00725615
0.00594204
0.00627042
0.00959692
0.00585268
0.01039110
0.00658358
0.00726600
0.00894666
0.00798403
0.00992324
0.00859887
0.00723524
0.00719291
0.00728706
0.00643484
0.01063191
0.00678470
0.00838813
0.01170859
0.00899229
0.00851787
0.00766569
0.00770991
0.00717795
0.00832350
0.00592526
0.00763505
0.00952365
0.00722035
0.00704086
0.00826694
0.00787887
0.00699975
0.00652317
0.00687909
0.00662261
0.00639368
0.00680003
0.00695970
0.00677665
0.00891256
0.00801748
0.00774189
0.00767174
0.00815394
0.01389610
0.00681199
0.00716200
0.00809979
0.00815661
0.00583923
0.00999359
0.00711944
0.00567854
0.00731123
0.00894133
0.00782835
0.00731130
0.00570924
0.00832633
0.00769515
0.00918047
0.01006373
0.00907606
0.01298449
0.00658664
0.01060006
0.00700538
0.00825387
0.00827268
0.00556952
0.00605822
0.00774127
0.00754451
0.00729980
0.00771635
0.00962988
0.00833299
0.00796403
0.00827820
0.00747549
0.00739142
0.00741655
0.00754537
0.00840092
0.00798232
0.00811562
0.00853339
0.00802913
0.00707008
0.00822328
0.00885749
0.00619188
0.00788349
0.00713153
0.00708702
0.00807071
0.00661297
0.00820954
0.00803324
0.00616426
0.00667502
0.01109313
0.00588034
0.01530884
0.00925378
0.00821200
0.01756633
0.00745914
0.00861003
0.01083954
0.00906780
0.00706785
0.00887387
0.00759237
0.00831221
0.00622172
0.00800501
0.00833365
0.01029970
0.00966281
0.00936780
0.00696706