0.00192817
0.00212178
0.00195875
0.00192906
0.00195999
0.00197625
0.00191542
0.00194061
0.00206056
0.00189290
0.00200219
0.00195942
0.00208518
0.00208956
0.00195718
0.00199891
0.00209094
0.00187377
0.00182163
0.00182866
0.00204465
0.00208543
0.00205855
0.00186217
0.00193214
0.00195222
0.00198504
0.00195971
0.00201868
0.00206218
0.00190008
0.00196305
0.00194385
0.00212079
0.00203430
0.00208953
0.00189693
0.00191209
0.00194096
0.00189710
0.00219909
0.00211076
0.00215498
0.00187966
0.00199196
0.00190515
0.00191026
0.00200860
0.00203777
0.00188089
0.00199811
0.00189042
0.00183808
0.00198789
0.00213773
0.00214401
0.00190260
0.00187339
0.00183375
0.00205272
0.00202701
0.00191073
0.00190445
0.00199988
0.00210829
0.00195686
0.00194780
0.00186194
0.00191619
0.00189661
0.00192950
0.00205851
0.00187746
0.00184383
0.00194397
0.00209799
0.00196714
0.00212201
0.00195962
0.00193336
0.00218167
0.00204471
0.00200676
0.00194332
0.00188213
0.00215710
0.00191252
0.00191637
0.00182627
0.00201539
0.00204901
0.00204294
0.00193349
0.00222443
0.00213723
0.00190818
0.00189308
0.00198641
0.00204991
0.00187853
0.00196145
0.00194618
0.00190961
0.00204959
0.00203316
0.00204737
0.00190241
0.00191803
0.00190248
0.00207740
0.00203129
0.00212178
0.00198431
0.00194179
0.00204325
0.00215041
0.00197861
0.00189268
0.00211955
0.00201115
0.00199363
0.00206260
0.00193847
0.00195083
0.00195201
0.00203607
0.00218158
0.00196343
0.00191067
0.00194066
0.00210065
0.00187229
0.00189286
0.00200790
0.00205670
0.00195452
0.00203141
0.00204488
0.00190648
0.00197602
0.00190338
0.00212864
0.00201952
0.00193749
0.00187724
0.00191206
0.00187399
0.00197166
0.00207993
0.00182169
0.00211007
0.00201458
0.00195836
0.00200271
0.00187055
0.00218672
0.00189137
0.00218753
0.00191952
0.00187865
0.00191021
0.00195910
0.00193383
0.00191101
0.00190185
0.00206022
0.00199910
0.00203722
0.00201430
0.00190512
0.00194066
0.00196931
0.00195700
0.00192291
0.00192899
0.00195187
0.00194127
0.00192937
0.00198790
0.00193269
0.00198916
0.00208496
0.00185290
0.00195086
0.00203484
0.00231939
0.00198228
0.00204086
0.00198657
0.00209848
0.00194272
0.00205380
0.00204003
0.00202098
0.00193466
0.00190675
0.00201041
0.00195089
0.00202813
0.00196385
0.00202976
0.00192181
0.00198331
0.00195832
0.00194944
0.00198407
0.00187558
0.00201874
0.00203172
0.00201916
0.00206749
0.00204109
0.00192249
0.00191777
0.00203918
0.00185436
0.00203532
0.00183389
0.00199674
0.00193260
0.00185486
0.00177186
0.00201254
0.00198660
0.00188671
0.00191620
0.00192208
0.00187175
0.00192195
0.00192130
0.00188138
0.00198216
0.00189045
0.00199414
0.00195700
0.00188945
0.00205193
0.00212999
0.00183940
0.00211220
0.00196955
0.00200745
0.00191280
0.00192300
0.00179432
0.00240250
0.00202605
0.00199996
0.00191459
0.00209800
0.00208707
0.00189355
0.00191361
0.00189799
0.00196741
0.00212512
0.00191148
0.00177674
0.00209019
0.00181799
0.00187584
0.00194637
0.00215359
0.00195027
0.00201536
0.00187780
0.00182146
0.00222902
0.00202021
0.00204100
0.00218377
0.00196103
0.00200579
0.00205245
0.00189772
0.00186602
0.00212985
0.00211766
0.00183561
0.00199415
0.00205327
0.00217800
0.00187042
0.00192315
0.00214885
0.00191225
0.00194067
0.00210700
0.00187306
0.00194700
0.00192923
0.00186002
0.00187642
0.00184323
0.00198830
0.00176550
0.00197327
0.00198776
0.00188390
0.00193574
0.00202301
0.00193631
0.00189941
0.00183822
0.00194038
0.00193035
0.00202327
0.00218611
0.00196537
0.00191254
0.00250386
0.00215344
0.00194239
0.00186926
0.00179305
0.00189889
0.00199556
0.00198226
0.00212509
0.00192667
0.00189672
0.00187966
0.00215723
0.00201351
0.00184887
0.00191435
0.00187710
0.00205756
0.00201322
0.00198781
0.00188620
0.00212927
0.00196783
0.00210001
0.00208485
0.00204873
0.00190831
0.00185724
0.00199602
0.00220624
0.00199923
0.00190805
0.00193939
0.00212823
0.00189646
0.00194305
0.00184962
0.00179559
0.00181823
0.00199907
0.00194861
0.00186153
0.00209322
0.00202284
0.00197231
0.00199516
0.00189573
0.00208344
0.00224649
0.00191699
0.00194568
0.00179994
0.00195762
0.00203506
0.00196583
0.00204067
0.00209625
0.00183251
0.00211019
0.00190536
0.00207605
0.00208875
0.00185186
0.00203209
0.00184268
0.00204830
0.00196922
0.00201913
0.00196839
0.00183185
0.00200953
0.00191353
0.00201657
0.00208340
0.00204254
0.00186382
0.00182268
0.00196966
0.00205009
0.00185889
0.00205433
0.00188273
0.00196142
0.00208136
0.00195274
0.00199466
0.00202880
0.00189929
0.00211373
0.00198284
0.00198037
0.00201586
0.00195084
0.00203110
0.00191002
0.00195243
0.00205676
0.00196664
0.00209585
0.00216161
0.00207161
0.00196224
0.00205965
0.00222422
0.00191081
0.00206677
0.00195015
0.00191682
0.00218012
0.00192710
0.00196687
0.00186656
0.00188514
0.00214014
0.00216515
0.00209237
0.00215793
0.00186788
0.00190609
0.00201202
0.00201443
0.00192233
0.00196363
0.00200131
0.00193286
0.00191712
0.00191831
0.00220059
0.00186478
0.00198271
0.00208945
0.00192840
0.00183771
0.00204179
0.00210245
0.00219432
0.00201403
0.00189983
0.00231663
0.00189555
0.00197578
0.00206887
0.00206204
0.00193945
0.00205678
0.00195758
0.00198746
0.00200516
0.00199237
0.00190041
0.00192213
0.00189572
0.00198190
0.00203016
0.00198135
0.00200313
0.00203639
0.00193711
0.00200388
0.00192053
0.00199721
0.00214515
0.00199935
0.00192084
0.00193762
0.00202488
0.00191049
0.00201564
0.00241533
0.00219038
0.00193293
0.00197221
0.00198702
0.00199212
0.00210766
0.00189025
0.00188231
0.00191939
0.00205494
0.00192775
0.00216515
0.00193951
0.00205442
0.00184256
0.00177887
0.00194472
0.00217661
0.00193034
0.00183518
0.00184536