0.00073937
0.00071248
0.00071290
0.00071284
0.00070309
0.00074104
0.00072081
0.00074413
0.00078098
0.00070934
0.00074101
0.00069917
0.00069607
0.00076161
0.00070788
0.00073590
0.00076533
0.00069425
0.00069452
0.00073933
0.00071412
0.00072776
0.00071808
0.00070919
0.00073753
0.00076556
0.00071794
0.00074636
0.00069446
0.00070894
0.00073056
0.00075054
0.00072381
0.00069454
0.00072856
0.00071234
0.00067617
0.00071273
0.00073093
0.00073079
0.00070796
0.00070623
0.00070276
0.00071441
0.00070704
0.00071341
0.00072941
0.00072101
0.00072567
0.00070681
0.00070370
0.00073682
0.00068496
0.00071755
0.00072688
0.00072746
0.00071844
0.00072397
0.00069863
0.00070906
0.00070425
0.00071907
0.00071766
0.00073216
0.00070858
0.00072221
0.00067637
0.00070005
0.00071617
0.00071374
0.00072686
0.00075841
0.00072067
0.00070356
0.00071416
0.00073640
0.00070459
0.00074226
0.00070953
0.00075519
0.00073077
0.00075483
0.00072822
0.00073841
0.00072830
0.00073436
0.00074215
0.00071474
0.00073378
0.00075062
0.00070643
0.00072347
0.00076343
0.00073278
0.00071232
0.00073742
0.00069819
0.00070904
0.00073485
0.00073357
0.00072694
0.00073377
0.00072213
0.00071192
0.00070835
0.00075021
0.00073222
0.00071112
0.00073171
0.00071327
0.00073009
0.00070944
0.00075031
0.00076340
0.00072150
0.00072646
0.00070300
0.00070565
0.00071303
0.00071762
0.00075613
0.00073599
0.00070466
0.00069254
0.00071323
0.00072180
0.00071384
0.00071278
0.00071145
0.00072481
0.00073989
0.00074472
0.00069381
0.00073435
0.00068850
0.00070174
0.00071783
0.00073154
0.00069012
0.00069689
0.00075269
0.00072474
0.00070372
0.00069101
0.00072182
0.00076286
0.00071146
0.00072592
0.00077684
0.00070730
0.00069626
0.00070315
0.00075473
0.00074503
0.00072368
0.00069491
0.00071946
0.00074732
0.00073338
0.00071502
0.00070382
0.00073501
0.00074850
0.00072783
0.00071166
0.00073256
0.00070544
0.00075707
0.00073047
0.00076459
0.00068640
0.00072505
0.00070389
0.00070742
0.00072512
0.00070001
0.00071095
0.00072612
0.00069981
0.00071891
0.00073406
0.00072605
0.00071797
0.00071218
0.00072810
0.00074755
0.00073495
0.00072497
0.00071501
0.00072151
0.00071884
0.00071871
0.00073809
0.00072435
0.00073046
0.00073551
0.00073489
0.00073744
0.00072358
0.00071231
0.00071875
0.00072063
0.00069035
0.00069534
0.00073338
0.00072133
0.00072315
0.00070364
0.00073694
0.00072176
0.00070758
0.00073272
0.00069582
0.00070119
0.00069369
0.00070275
0.00071053
0.00070946
0.00071109
0.00072286
0.00072789
0.00073178
0.00072476
0.00070937
0.00072623
0.00069899
0.00068973
0.00071572
0.00069850
0.00076483
0.00069415
0.00072092
0.00070900
0.00069636
0.00069465
0.00074387
0.00078140
0.00075106
0.00070593
0.00072564
0.00073240
0.00069578
0.00073100
0.00074179
0.00073206
0.00069823
0.00068774
0.00073754
0.00070730
0.00072474
0.00076634
0.00076650
0.00071254
0.00071638
0.00070834
0.00071121
0.00070366
0.00068947
0.00073111
0.00071049
0.00074209
0.00073639
0.00073382
0.00073453
0.00073617
0.00075904
0.00071740
0.00073214
0.00070115
0.00078712
0.00067941
0.00073083
0.00070022
0.00070557
0.00070819
0.00072908
0.00071032
0.00071525
0.00069082
0.00070803
0.00073741
0.00074362
0.00075146
0.00070838
0.00073135
0.00071074
0.00069431
0.00072515
0.00070333
0.00072056
0.00073582
0.00070767
0.00069856
0.00071201
0.00071861
0.00070202
0.00071294
0.00068507
0.00072603
0.00071854
0.00072812
0.00072679
0.00073146
0.00071112
0.00072574
0.00068835
0.00070980
0.00071656
0.00074987
0.00072419
0.00069761
0.00070965
0.00074454
0.00077836
0.00074338
0.00069816
0.00071342
0.00073336
0.00072677
0.00070552
0.00071271
0.00072860
0.00071776
0.00071264
0.00073117
0.00071023
0.00073542
0.00070002
0.00073392
0.00073610
0.00070182
0.00072700
0.00073472
0.00070579
0.00076159
0.00073096
0.00077622
0.00073135
0.00072660
0.00069842
0.00069172
0.00069961
0.00073605
0.00072103
0.00071263
0.00073103
0.00068664
0.00073241
0.00071365
0.00072994
0.00072131
0.00071054
0.00072311
0.00072898
0.00070078
0.00072032
0.00069995
0.00072809
0.00069588
0.00070914
0.00071643
0.00070142
0.00071500
0.00072290
0.00071077
0.00074672
0.00068845
0.00072530
0.00072904
0.00068321
0.00072070
0.00072189
0.00072246
0.00072775
0.00074660
0.00074096
0.00071297
0.00069457
0.00071309
0.00071433
0.00078290
0.00070848
0.00071782
0.00073352
0.00070158
0.00070684
0.00073285
0.00072749
0.00071644
0.00072968
0.00068541
0.00071871
0.00071475
0.00070438
0.00074469
0.00070333
0.00071552
0.00071500
0.00073967
0.00071326
0.00071464
0.00070234
0.00073029
0.00071148
0.00071657
0.00072603
0.00073049
0.00070458
0.00069257
0.00074628
0.00070429
0.00069600
0.00070940
0.00070595
0.00072890
0.00076459
0.00071058
0.00069761
0.00068003
0.00073153
0.00071670
0.00070550
0.00069974
0.00070304
0.00070112
0.00070016
0.00073637
0.00075642
0.00073586
0.00072649
0.00072692
0.00072725
0.00074190
0.00071714
0.00072229
0.00075492
0.00070523
0.00069971
0.00072869
0.00076116
0.00072001
0.00070881
0.00073388
0.00072636
0.00072518
0.00073037
0.00071429
0.00072751
0.00072817
0.00074824
0.00069793
0.00069184
0.00071800
0.00069475
0.00073581
0.00072464
0.00073278
0.00071413
0.00071067
0.00071407
0.00068873
0.00073876
0.00072656
0.00069045
0.00071862
0.00070441
0.00072287
0.00073171
0.00073194
0.00073440
0.00072417
0.00076799
0.00070136
0.00071373
0.00071442
0.00073820
0.00072459
0.00075103
0.00070477
0.00077583
0.00069748
0.00071572
0.00074770
0.00071819
0.00072598
0.00068080
0.00068508
0.00073371
0.00070113
0.00072893
0.00072898
0.00071335
0.00070092
0.00071683
0.00071343
0.00071212
0.00070195
0.00072397
0.00071594
0.00070157