0.00408122
0.00453093
0.00522221
0.00489484
0.00347888
0.00383596
0.00414491
0.00341151
0.00440008
0.00378723
0.00386301
0.00484173
0.00677268
0.00497774
0.00470722
0.00334584
0.00452142
0.00454423
0.00492266
0.00359487
0.00350601
0.00442796
0.00435380
0.00541028
0.00443031
0.00486346
0.00393480
0.00504275
0.00509946
0.00323745
0.00410350
0.00341008
0.00492531
0.00386487
0.00353934
0.00715609
0.00445030
0.00368643
0.00478165
0.00402275
0.00522437
0.00394284
0.00407383
0.00392696
0.00331989
0.00400806
0.00528746
0.00378277
0.00461437
0.00441544
0.00337410
0.00442102
0.00360356
0.00441432
0.00404227
0.00368257
0.00379731
0.00325154
0.00454175
0.00377180
0.00403898
0.00425606
0.00398806
0.00437419
0.00441465
0.00409888
0.00356710
0.00420374
0.00367160
0.00461442
0.00440178
0.00375794
0.00362722
0.00354821
0.00476542
0.00359304
0.00438044
0.00511229
0.00367177
0.00335285
0.00377271
0.00386888
0.00343531
0.00352495
0.00406655
0.00359593
0.00514449
0.00440042
0.00444184
0.00328430
0.00479714
0.00377753
0.00409665
0.00411615
0.00344715
0.00380871
0.00514451
0.00380199
0.00363874
0.00453222
0.00458470
0.00353962
0.00440396
0.00920501
0.00532035
0.00359773
0.00392275
0.00480297
0.00438084
0.00352509
0.00387840
0.00433516
0.00404580
0.00442986
0.00425536
0.00381369
0.00359533
0.00490968
0.00451886
0.00384999
0.00361908
0.00407204
0.00395253
0.00447585
0.00483175
0.00389684
0.00456546
0.00383549
0.00351995
0.00386591
0.00776771
0.00341626
0.00432770
0.00494973
0.00355960
0.00336512
0.00638277
0.00366010
0.00458319
0.00427211
0.00415830
0.00363361
0.00336939
0.00392790
0.00379686
0.00370484
0.00388246
0.00524455
0.00384329
0.00399227
0.00362810
0.00375592
0.00396521
0.00426913
0.00509415
0.00370337
0.00394778
0.00343147
0.00371435
0.00373360
0.00344799
0.00415139
0.00428188
0.00493011
0.00344158
0.00352391
0.00499734
0.00356272
0.00304936
0.00394529
0.00467530
0.00399019
0.00370716
0.00389055
0.00529812
0.00380965
0.00391488
0.00454089
0.00363081
0.00436319
0.00514208
0.00367773
0.00353061
0.00343765
0.00323583
0.00442518
0.00374365
0.00576240
0.00404786
0.00444064
0.00730493
0.00352060
0.00391837
0.00606227
0.00415867
0.00479364
0.00364063
0.01086678
0.00416521
0.00381330
0.00408582
0.00337935
0.00441871
0.00845693
0.00352137
0.00385291
0.00376248
0.00367733
0.00381604
0.00525159
0.00423012
0.00390867
0.00415340
0.00455254
0.00367445
0.00392022
0.00398244
0.00576472
0.00432756
0.00384309
0.00570814
0.00374879
0.00343611
0.00449208
0.00474560
0.00339792
0.00491912
0.00360598
0.00339501
0.00401914
0.00595310
0.00432990
0.00396418
0.00329227
0.00340749
0.00476183
0.00376242
0.00391026
0.00363112
0.00510655
0.00433171
0.00347904
0.00356282
0.00466983
0.00496203
0.00401074
0.00345741
0.00390556
0.00408934
0.00365778
0.00446042
0.00344805
0.00369986
0.00565321
0.00413380
0.00384400
0.00390031
0.00457437
0.00363580
0.00373911
0.00384661
0.00375374
0.00352671
0.00344258
0.00350687
0.00529193
0.00475330
0.00416261
0.00527150
0.00418918
0.00365244
0.00589694
0.00361938
0.00439728
0.00406491
0.00401878
0.00440622
0.00930222
0.00410548
0.00368827
0.00408038
0.00358603
0.00459787
0.00464318
0.00503172
0.00366254
0.00491869
0.00368806
0.00323477
0.00358468
0.00650336
0.00473042
0.00440460
0.00577808
0.00424132
0.00356419
0.00404835
0.00500443
0.00466734
0.00434202
0.00414675
0.00557871
0.00461121
0.00465541
0.00386423
0.00392267
0.00522929
0.00502315
0.00657210
0.00409968
0.00394896
0.00433364
0.00462638
0.00375184
0.00338512
0.00492496
0.00434095
0.00358175
0.00428490
0.00512267
0.00342330
0.00367708
0.00454720
0.00379801
0.00633408
0.00448023
0.00506154
0.00362295
0.00462639
0.00442092
0.00330003
0.00385053
0.00352994
0.00339737
0.00374170
0.00549634
0.00369862
0.00521075
0.00343496
0.00354806
0.00512647
0.00435717
0.00514655
0.00360854
0.00330135
0.00366824
0.00444869
0.00404649
0.00398511
0.00364307
0.00375796
0.00474672
0.00443852
0.00352951
0.00363487
0.00340694
0.00367599
0.00541024
0.00450351
0.00457704
0.00420326
0.00417266
0.00514509
0.00412569
0.00396375
0.00507232
0.00404182
0.00444851
0.00326624
0.00376344
0.00448378
0.00341321
0.00387736
0.00608262
0.00407962
0.00446877
0.00373457
0.00402941
0.00414948
0.00431371
0.00406303
0.00405605
0.00319642
0.00361895
0.00414724
0.00433353
0.00376132
0.00437013
0.00582919
0.00406659
0.00531147
0.00485521
0.00385500
0.00388843
0.00867130
0.00351575
0.00414250
0.00420304
0.00426674
0.00436205
0.00514513
0.00394903
0.00376622
0.00420713
0.00495461
0.00474788
0.00367328
0.00726829
0.00354746
0.00389820
0.00374442
0.00416277
0.00511003
0.00357620
0.00346120
0.00481865
0.00388479
0.00429395
0.00448669
0.00335890
0.00350409
0.00419627
0.00387292
0.00421170
0.00348350
0.00403626
0.00344014
0.00534619
0.00394989
0.00396548
0.00366207
0.00380429
0.00447898
0.00415159
0.00391717
0.00449518
0.00386614
0.00433160
0.00488045
0.00402737
0.00345545
0.00411126
0.00434514
0.00518148
0.00501607
0.00394526
0.00353490
0.00329460
0.00752060
0.00362991
0.00497577
0.00446355
0.00356380
0.00366811
0.00446958
0.00338427
0.00351311
0.00344796
0.00358525
0.00361167
0.00377183
0.00439953
0.00406574
0.00370816
0.00660770
0.00354974
0.00359935
0.00429286
0.00321543
0.00356835
0.00397021
0.00370085
0.00397481
0.00306563
0.00538167
0.00397403
0.00480529
0.00463337
0.00414288
0.00489883
0.00416570
0.00381949
0.00513005
0.00374743
0.00390105
0.00438242
0.00344740
0.00953901
0.00462216
0.00368289
0.00462532
0.00422013
0.00414305
0.00316497
0.00414853
0.00416004
0.00362943
0.00394953
0.00367742
0.00465646