0.00185447
0.00180088
0.00182240
0.00182223
0.00171930
0.00171952
0.00172667
0.00198964
0.00186978
0.00177688
0.00182903
0.00177212
0.00181075
0.00181305
0.00192501
0.00177426
0.00194553
0.00185062
0.00188310
0.00181501
0.00184078
0.00181740
0.00186265
0.00186829
0.00196564
0.00176905
0.00190475
0.00176267
0.00195478
0.00176056
0.00179479
0.00195103
0.00173344
0.00187876
0.00186573
0.00176757
0.00175089
0.00182268
0.00174845
0.00185619
0.00181757
0.00177269
0.00184747
0.00189628
0.00186443
0.00172955
0.00193483
0.00172573
0.00184369
0.00171806
0.00184151
0.00186398
0.00191391
0.00184759
0.00182324
0.00194627
0.00189032
0.00180898
0.00177762
0.00179354
0.00182806
0.00181991
0.00184190
0.00181112
0.00205107
0.00179298
0.00185142
0.00176835
0.00190484
0.00199667
0.00197282
0.00185704
0.00184926
0.00174566
0.00186444
0.00185969
0.00196675
0.00176864
0.00178104
0.00179259
0.00172529
0.00188001
0.00179748
0.00175841
0.00201584
0.00177086
0.00184534
0.00182044
0.00182082
0.00179720
0.00179614
0.00185555
0.00177635
0.00193301
0.00190659
0.00182767
0.00192361
0.00176868
0.00191500
0.00182996
0.00191527
0.00173381
0.00183180
0.00176895
0.00176215
0.00185266
0.00183649
0.00180529
0.00178219
0.00189057
0.00187671
0.00179320
0.00180636
0.00171988
0.00183449
0.00172240
0.00190117
0.00177349
0.00198026
0.00177994
0.00177144
0.00175991
0.00189041
0.00191658
0.00186148
0.00175450
0.00183141
0.00183049
0.00173238
0.00176116
0.00182389
0.00196705
0.00179229
0.00174123
0.00184072
0.00170399
0.00188299
0.00175921
0.00175577
0.00181798
0.00172399
0.00180614
0.00190774
0.00182127
0.00191810
0.00180761
0.00183262
0.00193883
0.00182842
0.00180402
0.00187762
0.00178331
0.00188659
0.00186949
0.00181288
0.00187466
0.00176628
0.00187320
0.00172950
0.00180152
0.00176241
0.00188084
0.00174070
0.00178923
0.00183540
0.00186999
0.00186695
0.00183285
0.00184551
0.00178794
0.00184822
0.00172588
0.00186261
0.00183520
0.00179894
0.00176547
0.00170871
0.00191410
0.00187062
0.00194222
0.00180421
0.00182753
0.00186734
0.00177765
0.00178721
0.00176917
0.00176461
0.00176899
0.00188615
0.00195152
0.00183957
0.00185995
0.00176967
0.00191428
0.00185304
0.00176155
0.00197535
0.00180926
0.00180284
0.00183005
0.00181303
0.00184383
0.00186978
0.00177234
0.00194556
0.00176959
0.00177827
0.00179595
0.00189447
0.00185372
0.00180119
0.00202769
0.00187681
0.00183408
0.00193896
0.00183486
0.00187536
0.00176179
0.00184866
0.00178354
0.00177197
0.00182177
0.00177989
0.00175642
0.00198505
0.00175384
0.00185740
0.00191745
0.00181760
0.00187212
0.00182165
0.00181745
0.00175121
0.00181900
0.00184907
0.00197177
0.00189642
0.00186146
0.00186976
0.00180073
0.00181642
0.00192720
0.00179883
0.00185025
0.00188741
0.00186081
0.00188809
0.00177743
0.00185326
0.00184095
0.00183055
0.00179592
0.00195267
0.00185156
0.00180298
0.00182314
0.00178763
0.00171198
0.00169924
0.00178999
0.00177543
0.00193564
0.00187759
0.00178585
0.00173816
0.00183440
0.00183636
0.00186262
0.00179765
0.00183468
0.00177771
0.00186394
0.00189109
0.00184529
0.00197078
0.00178639
0.00172179
0.00198207
0.00182199
0.00184598
0.00178873
0.00178920
0.00182755
0.00196071
0.00187445
0.00183009
0.00193846
0.00181441
0.00178941
0.00180493
0.00188475
0.00182565
0.00175642
0.00178578
0.00177272
0.00175349
0.00192023
0.00173161
0.00177542
0.00184290
0.00181017
0.00185054
0.00191001
0.00191026
0.00178510
0.00179733
0.00176065
0.00179865
0.00200670
0.00190959
0.00179404
0.00179956
0.00175790
0.00187829
0.00182585
0.00178109
0.00189242
0.00181987
0.00181541
0.00183674
0.00191702
0.00181668
0.00178865
0.00175808
0.00186617
0.00171865
0.00190204
0.00188782
0.00185416
0.00180739
0.00178060
0.00180717
0.00183956
0.00189735
0.00187653
0.00181588
0.00175984
0.00187283
0.00182996
0.00173282
0.00179615
0.00196457
0.00181154
0.00194093
0.00172713
0.00181677
0.00196872
0.00184501
0.00184556
0.00201605
0.00179592
0.00176776
0.00172644
0.00187076
0.00183472
0.00181079
0.00182805
0.00184814
0.00178672
0.00181529
0.00181574
0.00181752
0.00184328
0.00187602
0.00186949
0.00175925
0.00185403
0.00181664
0.00227675
0.00189020
0.00175928
0.00181345
0.00175560
0.00184331
0.00180944
0.00179349
0.00171508
0.00180025
0.00179036
0.00171119
0.00181879
0.00177904
0.00186532
0.00180605
0.00179089
0.00184538
0.00180641
0.00170669
0.00170488
0.00187365
0.00183294
0.00197618
0.00178745
0.00196786
0.00185431
0.00187587
0.00194676
0.00186644
0.00191264
0.00191651
0.00184300
0.00180080
0.00216111
0.00183619
0.00182872
0.00182809
0.00188405
0.00186630
0.00180645
0.00206282
0.00182184
0.00184220
0.00191484
0.00185493
0.00185615
0.00192656
0.00185677
0.00175080
0.00183723
0.00177577
0.00198548
0.00191990
0.00181771
0.00178838
0.00184332
0.00183114
0.00193780
0.00178216
0.00190048
0.00176152
0.00185880
0.00180286
0.00190784
0.00189281
0.00183497
0.00189589
0.00191098
0.00181858
0.00182149
0.00183891
0.00187337
0.00175831
0.00196449
0.00180589
0.00199849
0.00191349
0.00179021
0.00186467
0.00177113
0.00181425
0.00180955
0.00182412
0.00178013
0.00193047
0.00185148
0.00193960
0.00175684
0.00179060
0.00185248
0.00187654
0.00182706
0.00203577
0.00185926
0.00188015
0.00174135
0.00177659
0.00175021
0.00183840
0.00208405
0.00195984
0.00184910
0.00188974
0.00175315
0.00188177
0.00198388
0.00178629
0.00184094
0.00182137
0.00203447
0.00186877
0.00184495
0.00189642
0.00188179
0.00175865
0.00188106
0.00184634
0.00181830
0.00187723
0.00190097
0.00170326
0.00192913
0.00171932
0.00184556
0.00192317
0.00188941
0.00180475
0.00182203
0.00176056
0.00174614
0.00180087