0.00637632
0.00546005
0.00445210
0.00567305
0.00465987
0.00511181
0.00513899
0.00421074
0.00567151
0.00594742
0.00464180
0.00536084
0.00752448
0.00758208
0.00440482
0.00676951
0.00490264
0.00461965
0.00517982
0.00418434
0.00463287
0.00567292
0.00371590
0.00506777
0.00483741
0.00494765
0.00551311
0.00488220
0.00434942
0.00402653
0.00377598
0.00957118
0.00450042
0.00409121
0.00347544
0.00836087
0.00522956
0.00596797
0.00371615
0.00934592
0.00523653
0.00489527
0.00500475
0.00425012
0.00588444
0.00513245
0.00366218
0.00566980
0.00390648
0.01157220
0.00864092
0.00472481
0.00636246
0.00613341
0.00381055
0.00426525
0.00540886
0.00406675
0.00504094
0.00704582
0.00471300
0.00451062
0.00530782
0.00431183
0.00563126
0.00485687
0.00773249
0.00428564
0.00429892
0.00538660
0.00461910
0.00499528
0.00424277
0.00398658
0.00524440
0.00414460
0.00507244
0.00359995
0.00606040
0.00488575
0.00512213
0.00428678
0.00816860
0.00580062
0.00602008
0.00559199
0.00551734
0.00480237
0.00533941
0.00532846
0.00467887
0.00519941
0.00365643
0.00625442
0.00424126
0.00434286
0.00746406
0.01114063
0.00453715
0.01116446
0.00446946
0.00376199
0.00709215
0.00463788
0.00399010
0.00827475
0.00847019
0.00709807
0.00429279
0.00559417
0.00533271
0.00656032
0.00502981
0.00442652
0.00383274
0.00383800
0.00533323
0.00472817
0.00603110
0.00495299
0.00462758
0.00746003
0.00466790
0.00483186
0.00944180
0.00668732
0.00596999
0.00359057
0.00589285
0.00495049
0.00615321
0.00465581
0.00704284
0.00484645
0.00498011
0.00530838
0.01271615
0.00429420
0.00670524
0.00568770
0.00468866
0.00681019
0.00428082
0.00469249
0.00527866
0.00602624
0.00420074
0.00589473
0.00419154
0.00525361
0.00910452
0.00581987
0.00558429
0.00420370
0.00542373
0.00483152
0.00693620
0.00861604
0.00412737
0.00595449
0.00683869
0.00404221
0.00669479
0.00379227
0.00790887
0.00636114
0.00882568
0.00508218
0.00431372
0.00631181
0.00523893
0.00603142
0.00426253
0.00503244
0.00592142
0.00415005
0.00529168
0.00365440
0.00632244
0.00968517
0.00404512
0.00506879
0.00491359
0.00410938
0.00429778
0.00585950
0.00442689
0.00455451
0.00496859
0.00721991
0.00531827
0.00778050
0.00451449
0.00499163
0.00485082
0.00486746
0.00649156
0.00705540
0.00594919
0.00740407
0.00569139
0.00541462
0.00471155
0.00409991
0.00628206
0.00814339
0.00402618
0.00549591
0.01198301
0.01143493
0.00658083
0.00411500
0.00475780
0.00513147
0.00737857
0.00460167
0.00397715
0.00491705
0.00571205
0.00731968
0.00446317
0.00528708
0.00443139
0.00488462
0.00427728
0.00489378
0.00511848
0.00339052
0.00555808
0.00919409
0.00399108
0.00751218
0.00428429
0.00482653
0.00572488
0.00595238
0.00722477
0.00380350
0.00546654
0.00421547
0.00724165
0.00390284
0.00414203
0.00435442
0.00730578
0.00549077
0.00700611
0.00784867
0.00414504
0.00437363
0.00679796
0.00480948
0.00862390
0.00530631
0.00822263
0.00691771
0.00574101
0.00712669
0.00717507
0.00661414
0.00777975
0.00578276
0.00354694
0.00375525
0.00366093
0.00421353
0.00441620
0.00370716
0.00447749
0.00425397
0.00594304
0.00498190
0.00522823
0.00811265
0.00500074
0.00878202
0.00913308
0.00790119
0.00492342
0.00501841
0.00516543
0.00410658
0.00360283
0.00365474
0.00451797
0.00458849
0.00665252
0.00490314
0.00500597
0.00517745
0.00542517
0.00683915
0.00577499
0.00495902
0.00548960
0.00785031
0.00455165
0.00470617
0.00570637
0.00825812
0.00436717
0.00510437
0.00746010
0.00498261
0.00447214
0.00786331
0.00655206
0.00565175
0.00442341
0.00475498
0.01052169
0.00383378
0.00885778
0.00406092
0.00492798
0.00540832
0.00798621
0.00823370
0.00486323
0.00871125
0.00473364
0.00744324
0.00421223
0.00384115
0.01064172
0.00814641
0.00488936
0.00396556
0.00404557
0.00765227
0.00419999
0.00895313
0.00694608
0.00633610
0.00455535
0.00462222
0.00510785
0.00429666
0.00412943
0.00429844
0.00522940
0.00372376
0.00763918
0.00608178
0.00533846
0.00440603
0.00584711
0.00448458
0.01025336
0.00475621
0.00804385
0.00431146
0.00577636
0.01107946
0.00360592
0.00740167
0.00416327
0.00669040
0.00550116
0.00384825
0.00478791
0.00464444
0.00569288
0.00474703
0.02013010
0.00419716
0.00671492
0.00424747
0.00552590
0.00509575
0.00480195
0.00390399
0.00793369
0.00514897
0.00736405
0.00623790
0.00494268
0.00423913
0.00603780
0.00543387
0.00532176
0.00468326
0.00448358
0.00572184
0.00532493
0.00469001
0.00480946
0.00407873
0.00764056
0.00688513
0.00569046
0.00751373
0.00440460
0.00451873
0.00481487
0.00452204
0.00709836
0.00709268
0.00587157
0.01485047
0.00481525
0.00761500
0.00601422
0.00484281
0.00419879
0.00790345
0.00513215
0.00481693
0.00453177
0.00623717
0.00573278
0.00569503
0.00488102
0.00934235
0.00325018
0.00583217
0.00422654
0.00443257
0.00386075
0.00683626
0.00418694
0.00325663
0.00482775
0.00699736
0.00597405
0.00584834
0.00449911
0.00458369
0.00639428
0.00812568
0.00398844
0.00582285
0.00619745
0.00618183
0.00405014
0.00449068
0.00533080
0.00924639
0.00510176
0.00442762
0.00911747
0.00452420
0.00401197
0.00761659
0.00509912
0.00458394
0.00381246
0.00403596
0.00441272
0.00783931
0.00636512
0.00471753
0.00359950
0.00690601
0.00469763
0.00581635
0.00531962
0.01100784
0.00554280
0.00587835
0.00400417
0.00395314
0.00424030
0.00556632
0.00679276
0.00779437
0.00808281
0.00480085
0.00912885
0.00502940
0.00873162
0.00374376
0.00465165
0.00889270
0.00461118
0.00592935
0.00532766
0.00771181
0.00666401
0.00529402
0.00597729
0.00436404
0.00382381
0.00549280
0.00725898
0.00481756
0.00432668
0.00592587
0.00551831
0.00472248
0.00761196
0.00427935
0.00769062
0.00490529
0.00402238
0.00520105
0.00476823
0.00419459
0.00372126
0.00399693