0.00038183
0.00038709
0.00039789
0.00038542
0.00037930
0.00038551
0.00037672
0.00037834
0.00038581
0.00037853
0.00037973
0.00038574
0.00038178
0.00038595
0.00037320
0.00037905
0.00038803
0.00038098
0.00038113
0.00037968
0.00038220
0.00038005
0.00038134
0.00038894
0.00038539
0.00038105
0.00038274
0.00038068
0.00038747
0.00038793
0.00037979
0.00037289
0.00038098
0.00038744
0.00038653
0.00038253
0.00038569
0.00038691
0.00038053
0.00037795
0.00038466
0.00038692
0.00037986
0.00038281
0.00038271
0.00037810
0.00038054
0.00037470
0.00038527
0.00038197
0.00038033
0.00039756
0.00038398
0.00038317
0.00037993
0.00038522
0.00037861
0.00037861
0.00038711
0.00038326
0.00038178
0.00037886
0.00037715
0.00039057
0.00038384
0.00038929
0.00038719
0.00038472
0.00038312
0.00038571
0.00038248
0.00038465
0.00037606
0.00038277
0.00038074
0.00037503
0.00038754
0.00038147
0.00038462
0.00038848
0.00037942
0.00037874
0.00039226
0.00038663
0.00038406
0.00038308
0.00038253
0.00039146
0.00039033
0.00038001
0.00038190
0.00038923
0.00037726
0.00037871
0.00039143
0.00037822
0.00037869
0.00038584
0.00037618
0.00038568
0.00037876
0.00037399
0.00038893
0.00038306
0.00038060
0.00038003
0.00038735
0.00038055
0.00037786
0.00037913
0.00038150
0.00038326
0.00038006
0.00037979
0.00039610
0.00038153
0.00037474
0.00038555
0.00038127
0.00037596
0.00038082
0.00038603
0.00038542
0.00038238
0.00037919
0.00038167
0.00038866
0.00037771
0.00038302
0.00038520
0.00038132
0.00038532
0.00038428
0.00038003
0.00038011
0.00038155
0.00037613
0.00039307
0.00039521
0.00039665
0.00039130
0.00038717
0.00037389
0.00039282
0.00039032
0.00038172
0.00038198
0.00038242
0.00038638
0.00038829
0.00037537
0.00038536
0.00038452
0.00038898
0.00038383
0.00038161
0.00038144
0.00037886
0.00038311
0.00038599
0.00038503
0.00037803
0.00038218
0.00038400
0.00038714
0.00038200
0.00038863
0.00037309
0.00038538
0.00038582
0.00038705
0.00038489
0.00038166
0.00038114
0.00038543
0.00038369
0.00039941
0.00037332
0.00038367
0.00037425
0.00037763
0.00038975
0.00037868
0.00038257
0.00037382
0.00038470
0.00038341
0.00036991
0.00037553
0.00038515
0.00037988
0.00038851
0.00038330
0.00038543
0.00037127
0.00038310
0.00037483
0.00039243
0.00037697
0.00038303
0.00038327
0.00037428
0.00037742
0.00038701
0.00038077
0.00038491
0.00037671
0.00037947
0.00038769
0.00038570
0.00039650
0.00038341
0.00037894
0.00038235
0.00037556
0.00038239
0.00037834
0.00038407
0.00038307
0.00038878
0.00038472
0.00038291
0.00038581
0.00037937
0.00037939
0.00037485
0.00038429
0.00039083
0.00038721
0.00037894
0.00037496
0.00037608
0.00038776
0.00038033
0.00039121
0.00037324
0.00037795
0.00037545
0.00037749
0.00038506
0.00038622
0.00038430
0.00038211
0.00038345
0.00038382
0.00037981
0.00039016
0.00039529
0.00037469
0.00038310
0.00038129
0.00038392
0.00037573
0.00038039
0.00037852
0.00037815
0.00038632
0.00037642
0.00037578
0.00037308
0.00037834
0.00038258
0.00038013
0.00038111
0.00038001
0.00037591
0.00038339
0.00039306
0.00037987
0.00037781
0.00037815
0.00038238
0.00038310
0.00037667
0.00038429
0.00038373
0.00037548
0.00037540
0.00037759
0.00038329
0.00038335
0.00038776
0.00038721
0.00037736
0.00038380
0.00038111
0.00037573
0.00037750
0.00038298
0.00038827
0.00038072
0.00038157
0.00038718
0.00038564
0.00038489
0.00038629
0.00038014
0.00037675
0.00038484
0.00038210
0.00038257
0.00038257
0.00037610
0.00037788
0.00037722
0.00038945
0.00037310
0.00037392
0.00037638
0.00037551
0.00037932
0.00037711
0.00038885
0.00038213
0.00038638
0.00037885
0.00038973
0.00038271
0.00038457
0.00037698
0.00037731
0.00039089
0.00038473
0.00038373
0.00038361
0.00038499
0.00037987
0.00038188
0.00037953
0.00038458
0.00037992
0.00038169
0.00038604
0.00038376
0.00038670
0.00038921
0.00038441
0.00037208
0.00037673
0.00038105
0.00038056
0.00039227
0.00039431
0.00037527
0.00037689
0.00038282
0.00038725
0.00037469
0.00038201
0.00039719
0.00037818
0.00038324
0.00037981
0.00038385
0.00037918
0.00038164
0.00038789
0.00038218
0.00037614
0.00037595
0.00039022
0.00038651
0.00039573
0.00038145
0.00037803
0.00037734
0.00038441
0.00038720
0.00038542
0.00037952
0.00038313
0.00038727
0.00039425
0.00037427
0.00038380
0.00037830
0.00037884
0.00038049
0.00038242
0.00038463
0.00037837
0.00038298
0.00038015
0.00037841
0.00037893
0.00037719
0.00038637
0.00039156
0.00039449
0.00037948
0.00038080
0.00037997
0.00037967
0.00037413
0.00038488
0.00037771
0.00038092
0.00037464
0.00037728
0.00038493
0.00038092
0.00039231
0.00037949
0.00037362
0.00037567
0.00039866
0.00037626
0.00037920
0.00037665
0.00038682
0.00037894
0.00037866
0.00038114
0.00038223
0.00037604
0.00037943
0.00039058
0.00038139
0.00038222
0.00038653
0.00037595
0.00037912
0.00037950
0.00038030
0.00037571
0.00038793
0.00039025
0.00038914
0.00038262
0.00037941
0.00038766
0.00038111
0.00038519
0.00038078
0.00037967
0.00038027
0.00037665
0.00038102
0.00038567
0.00038152
0.00038351
0.00038290
0.00038733
0.00038092
0.00038898
0.00037824
0.00037629
0.00038062
0.00038390
0.00037864
0.00038774
0.00038570
0.00037751
0.00039326
0.00038193
0.00037709
0.00038710
0.00038258
0.00038159
0.00038501
0.00038262
0.00039050
0.00037981
0.00037641
0.00038655
0.00038022
0.00038070
0.00037895
0.00038410
0.00037581
0.00037795
0.00037832
0.00037661
0.00038851
0.00038626
0.00038974
0.00038124
0.00037367
0.00038322
0.00038481
0.00039095
0.00038904
0.00038212
0.00038073
0.00038185
0.00038449
0.00039262
0.00038370
0.00039568
0.00038381
0.00039182
0.00038773
0.00037808
0.00037966
0.00038221
0.00037889
0.00038462
0.00039190
0.00037906
0.00038211