0.00044763
0.00046140
0.00043816
0.00046436
0.00046841
0.00045484
0.00046856
0.00045886
0.00045426
0.00045961
0.00044853
0.00044660
0.00045821
0.00046830
0.00044191
0.00045024
0.00044639
0.00044387
0.00045841
0.00046573
0.00048113
0.00044397
0.00045621
0.00047350
0.00044529
0.00046511
0.00045817
0.00045961
0.00045967
0.00045962
0.00046213
0.00046030
0.00045592
0.00045595
0.00046919
0.00044219
0.00047114
0.00044731
0.00048083
0.00046971
0.00043358
0.00045664
0.00045283
0.00046369
0.00044213
0.00045992
0.00045900
0.00047390
0.00042902
0.00046289
0.00045239
0.00045949
0.00046398
0.00044805
0.00045636
0.00046807
0.00047565
0.00046248
0.00043382
0.00045308
0.00047913
0.00046533
0.00047470
0.00047685
0.00046308
0.00047196
0.00047426
0.00047168
0.00043987
0.00044666
0.00046722
0.00045151
0.00046482
0.00043789
0.00047698
0.00046516
0.00045575
0.00046207
0.00046867
0.00045823
0.00045536
0.00044896
0.00046573
0.00045917
0.00044541
0.00046672
0.00046152
0.00046877
0.00045092
0.00045095
0.00044738
0.00049014
0.00047543
0.00046041
0.00044208
0.00045753
0.00045673
0.00044260
0.00045202
0.00045327
0.00045192
0.00045924
0.00047618
0.00046017
0.00044387
0.00045098
0.00043335
0.00044527
0.00046588
0.00043307
0.00045576
0.00047336
0.00044435
0.00044092
0.00044208
0.00045829
0.00045321
0.00045552
0.00046527
0.00047218
0.00044844
0.00046374
0.00047541
0.00051291
0.00045356
0.00047021
0.00046353
0.00046300
0.00046362
0.00045122
0.00046552
0.00046321
0.00044888
0.00048491
0.00046105
0.00044743
0.00045911
0.00044417
0.00046485
0.00044957
0.00050472
0.00045418
0.00043139
0.00045761
0.00045699
0.00046421
0.00045214
0.00044817
0.00046691
0.00043883
0.00048424
0.00043962
0.00047329
0.00044071
0.00045427
0.00044646
0.00045462
0.00045245
0.00046895
0.00045425
0.00044647
0.00045017
0.00048339
0.00047099
0.00045776
0.00047625
0.00044484
0.00051247
0.00047484
0.00044555
0.00045735
0.00045633
0.00044352
0.00045134
0.00044545
0.00044957
0.00045195
0.00046742
0.00046044
0.00045190
0.00045473
0.00046952
0.00044303
0.00045945
0.00045660
0.00045468
0.00048045
0.00046443
0.00045445
0.00046475
0.00045822
0.00046682
0.00043987
0.00045171
0.00044515
0.00046450
0.00044877
0.00044829
0.00045891
0.00046034
0.00045952
0.00044807
0.00044925
0.00046861
0.00045741
0.00047579
0.00043552
0.00046122
0.00046494
0.00046040
0.00045444
0.00046781
0.00046571
0.00045956
0.00045522
0.00043283
0.00044624
0.00045527
0.00047574
0.00046021
0.00045271
0.00047659
0.00045901
0.00046510
0.00045500
0.00047646
0.00046019
0.00044320
0.00047007
0.00046145
0.00044266
0.00046720
0.00045806
0.00047671
0.00045851
0.00045354
0.00047229
0.00045902
0.00047412
0.00045759
0.00045705
0.00045694
0.00047028
0.00048723
0.00045774
0.00044089
0.00045144
0.00045429
0.00045500
0.00047140
0.00046094
0.00044509
0.00046578
0.00045169
0.00046117
0.00045265
0.00045379
0.00049251
0.00044507
0.00049244
0.00045901
0.00045752
0.00045936
0.00046002
0.00046624
0.00046259
0.00044786
0.00046817
0.00047519
0.00044164
0.00046095
0.00045273
0.00045492
0.00050472
0.00047486
0.00045126
0.00044752
0.00044909
0.00045058
0.00045912
0.00046813
0.00045539
0.00044470
0.00045551
0.00045632
0.00045193
0.00046725
0.00047062
0.00045085
0.00047532
0.00044476
0.00042609
0.00043979
0.00046137
0.00045732
0.00046251
0.00047285
0.00043778
0.00045604
0.00045616
0.00047284
0.00045646
0.00045641
0.00046568
0.00046604
0.00044937
0.00045005
0.00044044
0.00044872
0.00044507
0.00045840
0.00045026
0.00045852
0.00044379
0.00046598
0.00045167
0.00044789
0.00045922
0.00043577
0.00045384
0.00046643
0.00048010
0.00044762
0.00044568
0.00046037
0.00045671
0.00046552
0.00046235
0.00047266
0.00046008
0.00049126
0.00045674
0.00046926
0.00045215
0.00045069
0.00045958
0.00043860
0.00046062
0.00045183
0.00045075
0.00046313
0.00046003
0.00044382
0.00043249
0.00044351
0.00048168
0.00046091
0.00046034
0.00044679
0.00046515
0.00045271
0.00046837
0.00045577
0.00044555
0.00045697
0.00044861
0.00044737
0.00044909
0.00045008
0.00047534
0.00047211
0.00046276
0.00044469
0.00045339
0.00046044
0.00044019
0.00044176
0.00046281
0.00044203
0.00044590
0.00047263
0.00045983
0.00048650
0.00045283
0.00043816
0.00045672
0.00045236
0.00046499
0.00046308
0.00046957
0.00045293
0.00047666
0.00045003
0.00046071
0.00045391
0.00045264
0.00044787
0.00046880
0.00044755
0.00046699
0.00045847
0.00047033
0.00043827
0.00045085
0.00047313
0.00044730
0.00044923
0.00046652
0.00049320
0.00046068
0.00044526
0.00047736
0.00047158
0.00046972
0.00044095
0.00046263
0.00045714
0.00045817
0.00046499
0.00049137
0.00047181
0.00046163
0.00046626
0.00046155
0.00046771
0.00044591
0.00047056
0.00045536
0.00046634
0.00048006
0.00045744
0.00047847
0.00044906
0.00044996
0.00044788
0.00045119
0.00045818
0.00044759
0.00046056
0.00046551
0.00045607
0.00046331
0.00044804
0.00043911
0.00044535
0.00044872
0.00045593
0.00047220
0.00044632
0.00045322
0.00046122
0.00045285
0.00047172
0.00046190
0.00043643
0.00045274
0.00045427
0.00045805
0.00045928
0.00047024
0.00046607
0.00044733
0.00046992
0.00046565
0.00046201
0.00048443
0.00045479
0.00045402
0.00044575
0.00044809
0.00045524
0.00046054
0.00046911
0.00046464
0.00046123
0.00046741
0.00045862
0.00045223
0.00046825
0.00044758
0.00046122
0.00044423
0.00046011
0.00046437
0.00046043
0.00048078
0.00046198
0.00046941
0.00045038
0.00046151
0.00045367
0.00044531
0.00044594
0.00046858
0.00045955
0.00047611
0.00046617
0.00044558
0.00044473
0.00046205
0.00047191
0.00045312
0.00046470
0.00044468
0.00047714
0.00049734
0.00047628
0.00046655
0.00044289
0.00046366