8.652549446145673118e-01
8.737581748591162212e-01
8.745260119728348602e-01
8.964717354457601983e-01
8.837087979279125705e-01
8.758322758562632204e-01
8.821956565133891592e-01
8.875112035064293137e-01
8.956183079424765436e-01
8.955889660567015742e-01
8.870088496068700978e-01
8.973485020170015591e-01
8.949270297230461635e-01
8.847857260468329210e-01
8.861880888073042639e-01
8.975005405762205291e-01
8.851924263659322056e-01
8.850562683286601340e-01
8.953764697367054826e-01
8.955402741426601310e-01
8.923670293128825870e-01
8.957951442375936546e-01
8.977459041464246337e-01
9.048401472209591789e-01
9.008963021084902545e-01
9.004791207463589409e-01
9.086888707335402104e-01
8.995453826706091283e-01
9.025727550780360264e-01
9.083879051512719904e-01
9.075441850143899369e-01
9.067473505682640544e-01
9.083076411426570518e-01
8.978971571628545645e-01
9.007582250566789073e-01
9.063416352036332002e-01
9.086290377864324475e-01
9.091000616755725572e-01
9.056725640279731371e-01
9.104110533097249380e-01
9.033211814962252006e-01
9.085395285060546833e-01
9.149467584396842046e-01
9.116306172719234047e-01
9.091728546380116738e-01
8.938752957693235635e-01
9.107264509553555376e-01
9.056608378701516138e-01
9.143431719496110111e-01
9.080624128811800588e-01
9.098410424857711343e-01
9.107298102488721181e-01
9.128373444905983902e-01
9.101389161707358344e-01
9.139368533784635318e-01
9.157852419458269999e-01
9.150761666221860491e-01
9.248042293510054801e-01
9.172855692660302207e-01
9.136630653113618772e-01
9.278801960205401711e-01
9.210363265611072325e-01
9.182004502955669611e-01
9.208125598552254765e-01
9.237828829549272758e-01
9.246865388832274935e-01
9.237957156611222853e-01
9.207545081704671119e-01
9.158511221104326250e-01
9.184152314536443429e-01
9.186307395909474316e-01
9.233522367840008016e-01
9.275058212231630517e-01
9.270222945751187549e-01
9.206882085575933683e-01
9.171067944571307251e-01
9.227127655960807306e-01
9.266191650069695029e-01
9.210871820082181527e-01
9.260557816291802302e-01
9.252907707056077236e-01
9.286030137746883462e-01
9.252614865832178292e-01
9.289078560624532965e-01
9.234259308579454428e-01
9.240920269958482480e-01
9.186396142385129249e-01
9.234446417840609378e-01
9.327229905170615343e-01
9.250770231832800006e-01
9.262794353394449010e-01
9.322187927713959654e-01
9.329429241047317856e-01
9.265740946173786075e-01
9.242308700705015312e-01
9.277053599662826722e-01
9.285932828039022979e-01
9.271538699082381152e-01
9.300745708243141063e-01
9.295280879429292931e-01
9.270994666159164677e-01
9.262583017581670353e-01
9.312435888258153716e-01
9.367100483328039129e-01
9.180017474081748619e-01
9.254127626528998452e-01
9.229080981226576164e-01
9.256954163324722096e-01
9.336341977584718954e-01
9.271044079262670268e-01
9.318668652926005436e-01
9.310206668486635806e-01
9.277888877836757420e-01
9.247026577199330966e-01
9.258372687853803074e-01
9.267702871500028694e-01
9.265290397215641960e-01
9.283002148891773553e-01
9.244875239702754488e-01
9.312161219944121715e-01
9.257163941826513920e-01
9.303303541235266039e-01
9.299063499287452128e-01
9.313257908989585054e-01
9.239203840844603111e-01
9.298414170679272228e-01
9.177479390681573257e-01
9.321887746603069180e-01
9.327463641463379362e-01
9.260631986772571711e-01
9.297185586363457821e-01
9.291395600359005913e-01
9.286118953831067335e-01
9.274323004056376218e-01
9.274895764086692473e-01
9.317954081948061074e-01
9.325079052851868999e-01
9.313790675208888370e-01
9.318049800490787460e-01
9.247279384163973326e-01
9.261494944302534060e-01
9.278351208459928445e-01
9.308760757429914712e-01
9.350883370560337804e-01
9.283625436512100704e-01
9.244969174947024193e-01
9.283760176706976619e-01
9.269257690306880182e-01
9.260114804021815083e-01
9.293577018014900215e-01
9.314931547526137390e-01
9.281816017082555881e-01
9.326302460423627760e-01
9.347765150725123595e-01
9.299737336679869681e-01
9.401444472416298215e-01
9.312840731948236472e-01
9.300421607681176317e-01
9.271804756417910687e-01
9.278136418720565048e-01
9.293787625011898923e-01
9.316414115392332995e-01
9.274396146792781570e-01
9.320564534083802810e-01
9.303543209463736030e-01
9.373930427294199230e-01
9.277949008994532676e-01
9.231693374467755397e-01
9.278583918082616844e-01
9.317180905948007075e-01
9.301534775676957301e-01
9.271886126831263564e-01
9.267666492954736990e-01
9.282394176616149961e-01
9.277382451109226214e-01
9.237937888430927114e-01
9.302125078599082775e-01
9.307214314031129199e-01
9.351128379215711828e-01
9.320491624689470900e-01
9.333580080543751878e-01
9.262165014488644710e-01
9.329036227112256219e-01
9.265239596444643233e-01
9.278606687253402319e-01
9.327178162167397701e-01
9.307886401924539976e-01
9.312875812902641215e-01
9.252958400310040687e-01
9.246121795849022718e-01
9.317299023185009466e-01
9.363263150032397064e-01
9.300541626172291743e-01
9.240146074269146581e-01
9.261223263752453860e-01
9.347775211928874839e-01
9.269378746403941216e-01
9.267452896808359153e-01
9.328031220812209590e-01
9.357109444958783273e-01
9.291588683152489647e-01
9.291281176599113234e-01
9.380377012881072618e-01
9.342327189700454504e-01
9.318688579570452157e-01
9.294058609376779634e-01
9.354509529594399186e-01
9.226542943210753744e-01
9.282537237991280721e-01
9.347237462183612955e-01
9.360389089494252080e-01
9.289766548383397993e-01
9.325436090254703991e-01
9.357428267583464132e-01
9.287154106911440499e-01
9.326398355946311503e-01
9.355501559571082204e-01
9.306843818517894773e-01
9.270455531683050587e-01
9.314013386278686690e-01
9.326524637047368671e-01
9.260618910735435305e-01
9.434984040341531930e-01
9.344692917908453689e-01
9.398031491654602609e-01
9.283340694003721083e-01
9.210691125673542423e-01
9.309567969302855461e-01
9.334334951830902671e-01
9.413814531489151927e-01
9.379898030978947032e-01
9.372455500905593206e-01
9.338331708275312559e-01
9.301803990206322093e-01
9.336132184713293869e-01
9.266195293476248152e-01
9.322670282897470573e-01
9.268798894252284759e-01
9.293606393323869952e-01
9.299751775287918854e-01
9.309290348329436471e-01
9.329464866210817053e-01
9.305850500756323029e-01
9.281935471221008926e-01
9.250271335622811675e-01
9.240514383847117097e-01
9.343315554245922305e-01
9.325893965414053799e-01
9.290187331991839326e-01
9.342264527807024876e-01
9.270863648460465622e-01
9.301865333937194835e-01
9.346350209509948215e-01
9.293845993541843820e-01
9.341110937235641565e-01
9.269959431409898754e-01
9.250669906540348597e-01
9.357390709148245556e-01
9.243924160487584363e-01
9.274510204898198662e-01
9.321542689973466578e-01
9.390604473867065760e-01
9.344556259349647842e-01
9.344486519728909535e-01
9.310733348574623536e-01
9.311762371004174144e-01
9.295989489587864751e-01
9.272904367701301220e-01
9.351056010384353190e-01
9.272636542448724484e-01
9.318425715258566999e-01
9.348189121613779129e-01
9.279037573275469297e-01
9.347960601704552452e-01
9.256971182008504329e-01
9.338214597519062243e-01
9.365246154936973655e-01
9.340244003797748551e-01
9.297158740405732091e-01
9.312928802534898853e-01
9.345874025700844356e-01
9.289862221871115766e-01
9.383811768663385955e-01
9.302529926926937920e-01
9.323411855351794175e-01
9.243899501267571761e-01
9.290690530901666300e-01
9.384398457227435264e-01
9.381011207131878527e-01
9.276187064671020943e-01
9.401127858354650924e-01
9.275912977908344903e-01
9.349706787889718873e-01
9.283033161335052519e-01
9.352456692027496521e-01
9.291387223274919505e-01
9.223989699774766127e-01
9.260727095159024813e-01
9.348412729990074332e-01
9.255801236998968395e-01
9.323803066028846231e-01
9.245817028029534868e-01
9.315814119455474440e-01
9.200978622783825278e-01
9.262156340927285569e-01
9.282046997219588480e-01
9.323728869615858228e-01
9.261452315838840654e-01
9.291970424536080131e-01
9.306803145425212032e-01
9.298825808671482562e-01
9.253360206307422731e-01
9.382319343810323620e-01
9.322797488333499638e-01
9.273551138680405925e-01
9.281471947224000374e-01
9.348556887933154869e-01
9.313911352496885288e-01
9.269673175398749354e-01
9.319155905391184325e-01
9.338738428201622810e-01
9.320217066415226181e-01
9.325387924560547548e-01
9.319419732370621823e-01
9.286930019755524901e-01
9.268294890235143635e-01
9.404226505147438298e-01
9.306343479494191273e-01
9.268115786613465579e-01
9.316823615787729329e-01
9.349039110398379426e-01
9.344265951986789887e-01
9.236585327160695691e-01
9.263520879288236198e-01
9.266485350675307542e-01
9.274459942489770015e-01
9.268015730856450363e-01
9.325803745866250161e-01
9.384409498673085270e-01
9.306924129196663120e-01
9.343529080715166080e-01
9.316803466505603204e-01
9.290718217225770736e-01
9.288688209967337350e-01
9.215157432390234105e-01
9.251997830739696616e-01
9.358864898144031441e-01
9.186997562212617652e-01
9.252575389595850686e-01
9.309857588029173403e-01
9.277871524989468321e-01
9.266301656799441622e-01
9.263507313247462127e-01
9.351947291240912952e-01
9.317092437496188317e-01
9.243532165088432784e-01
9.312723400234486082e-01
9.282544220587654049e-01
9.244025377554094813e-01
9.338955680976122053e-01
9.320236925624557633e-01
9.338337169167243434e-01
9.262824914825684708e-01
9.334216382371742782e-01
9.235105376882901673e-01
9.376996871753542351e-01
9.293863353462725740e-01
9.312888577322097072e-01
9.278424893091501424e-01
9.344094100106126177e-01
9.288691737312214647e-01
9.337877648968752053e-01
9.276584058576200498e-01
9.270344810431069282e-01
9.208867186235524249e-01
9.314078657991319288e-01
9.282747509125287566e-01
9.334780564283177151e-01
9.228632714887353705e-01
9.341931630496831396e-01
9.332200703459889723e-01
9.336905695464876587e-01
9.294080515423778222e-01
9.317073185571252969e-01
9.299444010193496091e-01
9.311363515375657984e-01
9.367409342171137965e-01
9.306941101635237690e-01
9.306489614071434824e-01
9.222489210296954676e-01
9.327030699766015731e-01
9.321645759854929603e-01
9.361806279330386893e-01
9.329619473645487382e-01
9.339283671849151203e-01
9.290895686925345620e-01
9.287408993619920006e-01
9.315438572647223303e-01
9.269810850896500476e-01
9.270105886515561666e-01
9.375561116232637993e-01
9.346662569016155331e-01
9.347847808286843252e-01
9.284589790788584374e-01
9.333727739154683567e-01
9.306417637896718942e-01
9.262253462212329813e-01
9.292007792003347255e-01
9.333462515802927184e-01
9.304434738031283070e-01
9.352084536724279973e-01
9.368606067816296346e-01
9.347142668820006550e-01
9.325012950635285236e-01
9.322403236668376225e-01
9.276195976414979283e-01
9.238527965331373437e-01
9.363178830555370924e-01
9.306679866322908889e-01
9.301648614922338743e-01
9.273502752547095884e-01
9.323542259317789682e-01
9.360493702825452011e-01
9.343833679239104129e-01
9.195960916206612490e-01
9.250543859156507009e-01
9.280746820108509709e-01
9.311381310011480616e-01
9.262068864819101854e-01
9.326640806961192798e-01
9.321040281728518728e-01
9.236502307975466008e-01
9.262109525416548639e-01
9.257249026728290309e-01
9.220393122544119358e-01
9.335626725070502729e-01
9.298110113382940245e-01
9.352656695687064925e-01
9.330911780254969035e-01
9.322438694786805424e-01
9.324563709366402442e-01
9.308425388189652816e-01
9.275087992887701693e-01
9.299106754363841709e-01
9.308843852452767242e-01
9.238017533802411752e-01
9.340590629437821590e-01
9.296645870090813890e-01
9.246312566312604453e-01
9.313846746667624465e-01
9.316555235961569981e-01
9.277552546395928523e-01
9.345802876234846623e-01
9.376734722374985287e-01
9.262018610962651222e-01
9.295854236703905427e-01
9.350683657899334644e-01
9.279431016628655327e-01
9.366119493320976819e-01
9.293785165171410956e-01
9.349392642050531332e-01
9.292173578338706053e-01
9.304885252301902110e-01
9.316476806690506818e-01
9.289081312683620251e-01
9.262466568110409026e-01
9.274645234175897812e-01
9.344419966257223598e-01
9.312010480192867146e-01
9.284506707838238171e-01
9.318561178094614261e-01
9.280493139835486183e-01
9.341325520569040419e-01
9.329220354340220789e-01
9.337404786976957194e-01
9.301086996952596664e-01
9.347738297019927423e-01
9.250997676089545152e-01
9.285544101424053620e-01
9.357336720596416413e-01
9.227989097396809282e-01
9.317681833257858148e-01
9.256197028991551834e-01
9.306368057176400699e-01
9.304317808687084801e-01
9.256737858232243488e-01
9.283726611542830742e-01
9.324993539647732366e-01
9.354226588616327831e-01
9.319207181027369113e-01
9.325639727495247389e-01
9.370850637435821362e-01
9.341618691092286042e-01
9.284022835792764550e-01
9.312897959657163716e-01
9.317110704413593680e-01
9.341783150572688932e-01
9.284963940612932509e-01
9.313724842924466785e-01
9.315304033215273671e-01
9.308157481109347042e-01
9.325629306487887016e-01
9.317122172991030293e-01
9.308771572867493571e-01
9.253408660292887777e-01
9.333588788109868917e-01
9.287644432658492821e-01
9.312942869688412006e-01
9.230139471007052787e-01
9.319564115817671190e-01
9.360001897177376851e-01
9.239858741825491828e-01
9.313401672489586280e-01
9.263395335821077436e-01
9.381625154809936085e-01
9.260829045008844851e-01
9.261144104459352322e-01
9.355036801671898772e-01
9.288913683794247644e-01
9.378017435893205578e-01
9.239354994325928994e-01
9.324066604791151347e-01
9.292211076498042566e-01
9.313530990330327608e-01
9.336124015426305878e-01
9.233140092780759423e-01
9.353697961626340485e-01
9.293474871458626829e-01
9.302359182771815505e-01
9.372431822649486266e-01
9.300128064688008012e-01
9.289128788602366571e-01
9.211785342031116874e-01
9.369813819020019752e-01
9.241665925020404737e-01
9.316863808544346703e-01
9.369429213231110776e-01
9.391349879223279684e-01
9.338053191965381972e-01
9.222996262203336792e-01
9.337248922226742964e-01
9.342769350151831631e-01
9.290480608710472987e-01
9.299650396074824465e-01
9.306614547126558223e-01
9.303703504717287798e-01
9.273896689054503817e-01
9.334805218746512478e-01
9.223809650691201512e-01
9.287468005199716048e-01
9.334706557893136525e-01
9.291086444173420889e-01
9.398438570743974374e-01
9.339307859290413294e-01
9.262646213276697349e-01
9.322798814811024126e-01
9.295176154584396944e-01
9.250425483733686338e-01
9.360899176132747579e-01
9.256904861599093426e-01
9.325871716691871427e-01
9.317287902642235053e-01
9.365546096014674138e-01
9.249337096137615344e-01
9.300722053920921217e-01
9.390383959051840090e-01
9.316083661380533121e-01
9.351344017079911142e-01
9.344168672509971518e-01
9.355273546288184194e-01
9.332157767008963933e-01
9.336310038427078073e-01
9.356612147842298111e-01
9.340379142652822653e-01
9.342990160632830277e-01
9.342889867117284419e-01
9.357064452042842539e-01
9.333192717065655897e-01
9.375780985344487339e-01
9.237275379220913907e-01
9.318166732561692367e-01
9.380555117896669515e-01
9.304410477325711915e-01
9.366041621482869006e-01
9.366306338292254008e-01
9.285568747166864645e-01
9.314395783269894258e-01
9.328465588114838170e-01
9.290993900037808340e-01
9.419979680983388004e-01
9.285315213524704125e-01
9.355737945840669756e-01
9.392665374995421423e-01
9.358220782368773527e-01
9.296919625797162023e-01
9.381998390339799654e-01
9.328448138175864379e-01
9.267898019178960611e-01
9.293029370687289070e-01
9.215680601762562540e-01
9.376909282716043847e-01
9.373641323025317940e-01
9.334903483765403243e-01
9.329793497936239577e-01
9.334119987832097953e-01
9.368993043917477337e-01
9.352103385025469784e-01
9.326423213464311024e-01
9.288145493089864368e-01
9.292786282636050776e-01
9.395249065864459403e-01
9.372231212194614969e-01
9.334924561961581713e-01
9.322374399106821974e-01
9.329387501501821278e-01
9.308032782888822076e-01
9.352871537331042262e-01
9.318001742045182167e-01
9.370434662659528069e-01
9.281963628935397947e-01
9.325117031414705826e-01
9.367052997071564358e-01
9.292092636266546801e-01
9.272623278886606979e-01
9.352395330067763135e-01
9.368490343064020953e-01
9.366316697641369204e-01
9.323458712706796936e-01
9.317380115903052262e-01
9.330698670879917778e-01
9.328808381134423566e-01
9.343976650137978401e-01
9.338740819934018278e-01
9.339989704718673069e-01
9.295675125124792659e-01
9.316647978794054819e-01
9.340318694142376588e-01
9.308151140616561792e-01
9.266835382090183870e-01
9.285455626214728087e-01
9.363521373357224231e-01
9.345489565114568631e-01
9.391585180074011330e-01
9.305757170374191478e-01
9.330152551206976064e-01
9.292426600989898144e-01
9.353745094406330507e-01
9.350056144107168343e-01
9.405611545172533061e-01
9.307005353093544819e-01
9.323675277738361356e-01
9.343716680055017543e-01
9.335558973115256620e-01
9.404860150593098433e-01
9.349247954308032016e-01
9.302470747433385645e-01
9.346306358185895169e-01
9.340861653272410914e-01
9.344509127098590273e-01
9.357241839569980790e-01
9.326249009943157198e-01
9.322785430460122091e-01
9.307939199111734396e-01
9.304769950837475934e-01
9.354987955856195470e-01
9.265580570088455259e-01
9.302614215598826730e-01
9.357763346999762311e-01
9.330928342186343150e-01
9.292502797588295671e-01
9.326235305157430933e-01
9.363345955886474004e-01
9.344736506845392476e-01
9.328797051595506540e-01
9.342095046020015836e-01
9.347675235964610918e-01
9.274753696265528591e-01
9.292480742260669224e-01
9.333184343645452019e-01
9.312732457161239097e-01
9.383553683463177197e-01
9.360598075143385932e-01
9.323583485366809809e-01
9.361400719654434655e-01
9.213356673344286207e-01
9.324072596375099220e-01
9.307801999986119457e-01
9.360952462928018303e-01
9.315927676368181976e-01
9.309992416062579101e-01
9.313343811995384858e-01
9.377524509870792668e-01
9.250246809412021598e-01
9.327901625250452078e-01
9.365448176089412602e-01
9.362833613693686274e-01
9.252412419177276082e-01
9.328972605219917336e-01
9.376683678101739305e-01
9.377226533676243925e-01
9.350880446874272334e-01
9.338204352281657128e-01
9.241664574760626305e-01
9.276671219700936000e-01
9.390645897596975322e-01
9.384955597688589002e-01
9.349370542128886408e-01
9.353197646620846628e-01
9.234676229049907370e-01
9.246023392925393214e-01
9.344460324334182832e-01
9.398834556856604516e-01
9.341439343376408688e-01
9.281606689374644059e-01
9.337129420309484562e-01
9.357100088339226351e-01
9.365295120593968292e-01
9.304015590155725324e-01
9.316344282352243544e-01
9.290341169095893692e-01
9.319459628025866804e-01
9.366159549686671193e-01
9.304229852498349107e-01
9.373851982470365884e-01
9.365586612607027517e-01
9.315607843236545227e-01
9.355055669894990489e-01
9.291745508582291979e-01
9.348526810331277970e-01
9.398484021040021119e-01
9.386631169772514660e-01
9.351424128655360102e-01
9.362968006731148263e-01
9.275987038324561285e-01
9.336591733750665423e-01
9.382312580104870126e-01
9.354534777490196573e-01
9.267780451012215259e-01
9.311924506036091120e-01
9.346769131746046622e-01
9.321146134514155523e-01
9.377313725434222036e-01
9.340059396600417507e-01
9.308546532459235356e-01
9.348579407041132106e-01
9.319510848888671317e-01
9.314506484712147261e-01
9.284691922666854502e-01
9.363553549274657994e-01
9.344132963112723456e-01
9.332968831196546411e-01
9.302807233945016296e-01
9.318431631615143873e-01
9.266947084867521722e-01
9.292241595250486652e-01
9.321290602453180529e-01
9.324765056783367312e-01
9.351611503747119247e-01
9.312725852480315814e-01
9.342161654315381814e-01
9.305930903432474421e-01
9.236739083859322186e-01
9.316124341865154035e-01
9.312875851857959075e-01
9.346538788647307250e-01
9.290930183462922098e-01
9.335671025925575961e-01
9.281498648874665358e-01
9.352408940858734088e-01
9.240815873482571829e-01
9.283418927391906550e-01
9.276651863869986858e-01
9.374412789387842615e-01
9.270295053259922646e-01
9.313621284431108371e-01
9.312661052064176159e-01
9.302124164480677360e-01
9.287693874337505928e-01
9.323967759071218886e-01
9.291813554328364200e-01
9.292781536730010394e-01
9.336105645324149771e-01
9.305840830907325945e-01
9.315349415400686617e-01
9.326169501030769915e-01
9.373212754148461112e-01
9.340739384509139098e-01
9.279885120465948267e-01
9.344206313523260032e-01
9.340074711497189375e-01
9.392715877663759816e-01
9.333406276780287225e-01
9.316347671055918989e-01
9.282084861359378714e-01
9.283981671605745500e-01
9.326205125611984892e-01
9.323817697337011268e-01
9.345713300158141612e-01
9.335017901315580957e-01
9.391563715957496061e-01
9.353150015484059665e-01
9.367620368413149823e-01
9.231830801501546002e-01
9.300611691547401305e-01
9.325268834441875487e-01
9.338375317703067058e-01
9.351234314743682718e-01
9.313047412237598355e-01
9.335175626114697867e-01
9.339547574846601696e-01
9.306245537440430704e-01
9.337290508859011906e-01
9.343406522292196925e-01
9.338419721569048981e-01
9.351264838427383319e-01
9.341029897371785351e-01
9.345815782075546085e-01
9.352990310175286481e-01
9.373598169307559846e-01
9.352300393144720170e-01
9.339627350096748604e-01
9.306166737513567044e-01
9.325182118730950265e-01
9.332248468244417339e-01
9.310906811869515964e-01
9.353768280147771730e-01
9.305961445373388541e-01
9.278336844890580082e-01
9.277928729448075007e-01
9.361260019511545849e-01
9.293427970225438539e-01
9.296707714018483948e-01
9.303703065537383132e-01
9.307752950376193546e-01
9.350969266555818615e-01
9.357217890565137086e-01
9.368782762744385373e-01
9.372582352636369407e-01
9.324856095262548106e-01
9.353161397632006047e-01
9.281721512925138473e-01
9.347489692638029091e-01
9.249951469624569933e-01
9.326440639803307286e-01
9.380471857118763968e-01
9.348394179752058664e-01
9.359398376169519862e-01
9.339317531201564160e-01
9.406406156063376045e-01
9.358678615947003676e-01
9.348186198744603548e-01
9.305458084194018209e-01
9.322993199516418361e-01
9.252097167582593595e-01
9.333644573225418073e-01
9.316104188986235046e-01
9.367677287684831322e-01
9.313540537028822675e-01
9.392900654278938388e-01
9.347785826603716153e-01
9.354396688090075296e-01
9.333506072811457166e-01
9.346264995435880074e-01
9.329332608688427619e-01
9.350456158497728598e-01
9.300098976331523382e-01
9.329540577826981318e-01
9.290814657755922523e-01
9.334495708002351622e-01
9.326922830662113251e-01
9.332399860104432232e-01
9.346756813501275740e-01
9.361387038811256334e-01
9.346648955635249445e-01
9.325004467350650472e-01
9.284560963455124050e-01
9.345791746475399231e-01
9.282685989265769821e-01
9.377847198142592600e-01
9.322362874069931582e-01
9.374908284970036032e-01
9.349545347798593475e-01
9.346672652492035160e-01
9.362425616564756803e-01
9.387259121813664731e-01
9.292808904606078002e-01
9.327927990346830400e-01
9.320524974124498874e-01
9.297133634287494397e-01
9.371933545495493290e-01
9.324236332800753813e-01
9.302434126110586954e-01
9.304988385114901783e-01
9.260134610688361967e-01
9.262292369503840606e-01
9.386651055488148820e-01
9.290976678874466321e-01
9.323590135885595487e-01
9.310177491574873621e-01
9.300754548637487629e-01
9.273586779213701670e-01
9.314949842220160425e-01
9.330661841311250759e-01
9.293990134883920451e-01
9.354887698432630128e-01
9.360771742867121104e-01
9.283309058821133108e-01
9.418841890257799720e-01
9.318850834174751130e-01
9.391998288144732809e-01
9.358366899206072009e-01
9.290341396775763094e-01
9.283912371850872036e-01
9.327022204983572706e-01
9.315291261796254663e-01
9.382666326547544067e-01
9.288075269882668517e-01
9.382374143003632261e-01
9.282194523834887967e-01
9.295500915697714195e-01
9.374692098579984201e-01
9.302571563708975644e-01
9.357643605856336144e-01
9.405788049803410766e-01
9.337433464029704089e-01
9.325514761211290971e-01
9.275304893994139599e-01
9.325940600116769952e-01
9.318835365304231066e-01
9.246671184079302552e-01
9.305731196585820264e-01
9.359571498821432911e-01
9.309184376334534994e-01
9.297982852439283796e-01
9.329317421716910586e-01
9.289649443225701519e-01
9.288715784784352669e-01
9.331818609451597579e-01
9.340237559768768127e-01
9.290171668049522768e-01
9.276702620639420971e-01
9.298078236434339505e-01
9.290729039404440615e-01
9.327570495769189618e-01
9.325328713748253229e-01
9.373172956255825250e-01
9.271099802882371010e-01
9.317380539618617119e-01
9.351052316046047919e-01
9.347861477503753846e-01
9.288721139266141735e-01
9.281789073340407370e-01
9.361049250122082110e-01
9.323042038222353334e-01
9.271112379445587415e-01
9.347009121470765125e-01
9.303205753435145331e-01
9.322982437931117694e-01
9.328180732819588705e-01
9.325724206279130124e-01
9.323257458606311054e-01
9.410861302185082877e-01
9.265879348015712003e-01
9.303911649369179804e-01
9.317206567080318358e-01
9.340292345656837636e-01
9.318703054026395982e-01
9.283875849166766114e-01
9.401889261629881034e-01
9.248623352135180165e-01
9.312630097761885883e-01
9.335617823553495898e-01
9.309537227134265791e-01
9.353113581154278711e-01
9.254393744748986572e-01
9.308557597458190225e-01
9.302180533274517771e-01
9.348334016457776618e-01
9.253328216927836358e-01
9.380847406137924338e-01
9.244861222236439025e-01
9.282615343209101866e-01
9.313520414294035321e-01
9.294746300595733146e-01
9.365050857920006466e-01
9.372259940286624680e-01
9.302587930160549634e-01
9.428679653509302039e-01
9.303188116216181136e-01
9.370215365603390412e-01
9.386187319645447058e-01
9.310576910776546811e-01
9.348967942274249987e-01
9.356169301726030563e-01
9.345875717948710637e-01
9.335210203065645862e-01
9.373346604225275547e-01
9.296788459319251796e-01
9.333360986443324236e-01
9.359906604918480921e-01
