8.812511229196264839e-01
8.982153039301633557e-01
8.957684710956647089e-01
8.965452925129124839e-01
8.947796770335046945e-01
9.004606006442942290e-01
8.936752799912375256e-01
8.926418394413896396e-01
8.948809717612654646e-01
9.012257919561355024e-01
9.008910622429767701e-01
9.072355967808650723e-01
9.006491407813922434e-01
9.006158869682512336e-01
8.948865687159681670e-01
8.975489843339832241e-01
9.069893236671781045e-01
9.046328989939333987e-01
8.985963106652817833e-01
9.093579176039894296e-01
9.102846391291895545e-01
9.001486378482921324e-01
8.973430779200528562e-01
9.115832594070468753e-01
9.107496218947898070e-01
9.100060766926303391e-01
9.127757969084303591e-01
9.083094429601920039e-01
9.206778290097038520e-01
9.225576734279485880e-01
9.205744277881877657e-01
9.193807272327378932e-01
9.237226200142228949e-01
9.262660612881450373e-01
9.228113436785635448e-01
9.168141337790625123e-01
9.298516104378335978e-01
9.212105688988249108e-01
9.295608865663419484e-01
9.284060622451891787e-01
9.284588457519262761e-01
9.261319360901982822e-01
9.251725261326154692e-01
9.265503337249341165e-01
9.241631209683047743e-01
9.239892217251730600e-01
9.240286563846319412e-01
9.360877063313598478e-01
9.252665755405899972e-01
9.291706638605755630e-01
9.296672319129029027e-01
9.271858999449417160e-01
9.340071548486357234e-01
9.283240439295979973e-01
9.261715895081356065e-01
9.281671987518077538e-01
9.279399761532909352e-01
9.334323607631250797e-01
9.233674694803581939e-01
9.204532759128493113e-01
9.297334549235405365e-01
9.288565981138519057e-01
9.334725205392075953e-01
9.308932937630293170e-01
9.292290165597514306e-01
9.283121399018634534e-01
9.292641714794420693e-01
9.265853207439812556e-01
9.263509003467504943e-01
9.325193794598169994e-01
9.261441351612088591e-01
9.341519946299143839e-01
9.271141275823295835e-01
9.305307505917547184e-01
9.302206538714007378e-01
9.271817310576182525e-01
9.305926165559068597e-01
9.240401467901844246e-01
9.292398472868999004e-01
9.322890671828965026e-01
9.297196710553591315e-01
9.294349627418774240e-01
9.271518279113121208e-01
9.348221419673243826e-01
9.252161970891001896e-01
9.291048563924114712e-01
9.333622549738715968e-01
9.330165260752941725e-01
9.323058784663840193e-01
9.347133078252631844e-01
9.239533875870742374e-01
9.323652151424234313e-01
9.290585197953804553e-01
9.303487886885529745e-01
9.217470755555901007e-01
9.301779665019739296e-01
9.344541393006702279e-01
9.333389435905626863e-01
9.294368527167428118e-01
9.300108730789646838e-01
9.287925660200486710e-01
9.346930238049259154e-01
9.311703598066138898e-01
9.248224399387475758e-01
9.346690632820165989e-01
9.304277392654172196e-01
9.297424786636055982e-01
9.298343249542543321e-01
9.334190052042262709e-01
9.268606376491734800e-01
9.339269797077904833e-01
9.257062792891447289e-01
9.286526379713490043e-01
9.360713892249034052e-01
9.362634109946695871e-01
9.346028850008436528e-01
9.282837686410642108e-01
9.363364675115087854e-01
9.323544774114376210e-01
9.346605951184056016e-01
9.368008692079683453e-01
9.309530397629838250e-01
9.305552163074520822e-01
9.328363068931642132e-01
9.312590509479308221e-01
9.362299544434971033e-01
9.329550792088900923e-01
9.345151260878874488e-01
9.344366608691417886e-01
9.295233713804108566e-01
9.335452543703649519e-01
9.269239048890248744e-01
9.359331038428164717e-01
9.294463136002767412e-01
9.346928911983914956e-01
9.355823596169539069e-01
9.353441212112129088e-01
9.330716631771273084e-01
9.323138123216065942e-01
9.307968400937701725e-01
9.324338408979305770e-01
9.281739603252744386e-01
9.252139672897127243e-01
9.303311374793870048e-01
9.357169105940899012e-01
9.315832911423010954e-01
9.346058215597941032e-01
9.353118898415463400e-01
9.297892273938057617e-01
9.320779604067213064e-01
9.327346732302912446e-01
9.329234302282440883e-01
9.323742839522861647e-01
9.367771545864546079e-01
9.291577368055655706e-01
9.320059103014236568e-01
9.331023386346158910e-01
9.317619348578953797e-01
9.376512271985678604e-01
9.323956323174209526e-01
9.371505791853809164e-01
9.285695175944175261e-01
9.370618962497379023e-01
9.377831929484046203e-01
9.340555465854905037e-01
9.312658211191905400e-01
9.399197145176977353e-01
9.294891347110640911e-01
9.304656424471769993e-01
9.350475474781571039e-01
9.273032122329256666e-01
9.314466391224626163e-01
9.332202203275724584e-01
9.308324529125213687e-01
9.309337093011892383e-01
9.218366925884824425e-01
9.301176022649362274e-01
9.351406343057838688e-01
9.311833639864807166e-01
9.307699261190109929e-01
9.281265029249442522e-01
9.274014173096505331e-01
9.316957673174627308e-01
9.370560742910774010e-01
9.351629816494079206e-01
9.329917400835938679e-01
9.356137993201139036e-01
9.356478452148961900e-01
9.379084380583028180e-01
9.309249704920286028e-01
9.351870433699365215e-01
9.353754983139320744e-01
9.348722024736113578e-01
9.383375461548341123e-01
9.262889110816242555e-01
9.289316169518179178e-01
9.374861535420515590e-01
9.355438970717615543e-01
9.418874487274770946e-01
9.354183755554944524e-01
9.403047499121391928e-01
9.334019183124396823e-01
9.357283881015280302e-01
9.362388474531198046e-01
9.326046134517754771e-01
9.365274975684774184e-01
9.341853094088388154e-01
9.296187764217853644e-01
9.395947180419110811e-01
9.365106820675238586e-01
9.288230271526325410e-01
9.371996772776473028e-01
9.338051697364767589e-01
9.409596100080492853e-01
9.342627749666465586e-01
9.370635837911239774e-01
9.368869812812999909e-01
9.367398834161626553e-01
9.369713738554585891e-01
9.324415078599141982e-01
9.349431616636196818e-01
9.360643017534693300e-01
9.279170103404454917e-01
9.313229826473936601e-01
9.340622807128119431e-01
9.365535507368873969e-01
9.353434088139345182e-01
9.317377511123493550e-01
9.394319887370704558e-01
9.348262783692766753e-01
9.336746447679105110e-01
9.306581189947499277e-01
9.323591523866991970e-01
9.312255797362789522e-01
9.398408092825333293e-01
9.408528617284780404e-01
9.389536085779752739e-01
9.332014695752114397e-01
9.345268785449980520e-01
9.355064694783936652e-01
9.306108055754053199e-01
9.356738422430527224e-01
9.435636245295181412e-01
9.319261249406584069e-01
9.331868061940100656e-01
9.376683069803247728e-01
9.311501774412991317e-01
9.301305951005788275e-01
9.392922323732674217e-01
9.337203686937288749e-01
9.292648265520045969e-01
9.359462624156124066e-01
9.301867765790987619e-01
9.275190908919404009e-01
9.310246801931815197e-01
9.337343465034509959e-01
9.393727070955418812e-01
9.342631412631864363e-01
9.345350166092807331e-01
9.331475804085056502e-01
9.394775083211058808e-01
9.306578995225608386e-01
9.340743901366557189e-01
9.337262556054695128e-01
9.322760416729587440e-01
9.348025847435833535e-01
9.321144370002468760e-01
9.360280377811244223e-01
9.318341669944187888e-01
9.323733071954554141e-01
9.323638055827848659e-01
9.358873880793744382e-01
9.343740799849947765e-01
9.369931158460731435e-01
9.357031024947575215e-01
9.369416874193963185e-01
9.372836545103101491e-01
9.398460571666522601e-01
9.280069429951955939e-01
9.326482515939507056e-01
9.395205677968447855e-01
9.396776468034011565e-01
9.318258285810394614e-01
9.346318166779270520e-01
9.317618783376800939e-01
9.359035494708329850e-01
9.325862669522557713e-01
9.382687721452067642e-01
9.325698697628008738e-01
9.332631493809538936e-01
9.257765470161707366e-01
9.329126636867708378e-01
9.348205129446932604e-01
9.372445817813109814e-01
9.375202348123826690e-01
9.355182164684602286e-01
9.303807400540016204e-01
9.388487917157868345e-01
9.332522746634513977e-01
9.380053111907922236e-01
9.324155109847648282e-01
9.332883332944302834e-01
9.316714094709800387e-01
9.342856428138850422e-01
9.327566198230597960e-01
9.356113763864938315e-01
9.327324599622441870e-01
9.332865888074993732e-01
9.393003425011532403e-01
9.358783209851501139e-01
9.283810764834595775e-01
9.309583330821230573e-01
9.360479438828734899e-01
9.373390384141587761e-01
9.334942296936402650e-01
9.328079341800862290e-01
9.367475846484804025e-01
9.301727329682273337e-01
9.349529529677101936e-01
9.356447537186045604e-01
9.301163375293407531e-01
9.271992444123189347e-01
9.333992389510865628e-01
9.347284431052504949e-01
9.416685549722322301e-01
9.382722335245757828e-01
9.361042369672475383e-01
9.356391729009954084e-01
9.356987495407771416e-01
9.319681563126578361e-01
9.299191572021991981e-01
9.354220497171850113e-01
9.358785843991758169e-01
9.384541930541091537e-01
9.350703355980624076e-01
9.300579969057258811e-01
9.365971629087471717e-01
9.337118294444873845e-01
9.347503920368422925e-01
9.407016265186496362e-01
9.364176080445938410e-01
9.348462362085850907e-01
9.349736952536471524e-01
9.325671011803836619e-01
9.315647519142186139e-01
9.320434669233705893e-01
9.309106437118114252e-01
9.344946651573536878e-01
9.354281408199477399e-01
9.366757330065634823e-01
9.403979255054367714e-01
9.361528695701053504e-01
9.339075180483206173e-01
9.296859361401130784e-01
9.346797019218989755e-01
9.403041096519361153e-01
9.439655074557559145e-01
9.376860221847915788e-01
9.334025374808202491e-01
9.356516919915088826e-01
9.357750590006662650e-01
9.298321108719795891e-01
9.359777910881872387e-01
9.322073211894005285e-01
9.341345536065702726e-01
9.375098832265885695e-01
9.355983746554020763e-01
9.363379188990732516e-01
9.343786700257458167e-01
9.372647822423272324e-01
9.364634245592421413e-01
9.360039120943802748e-01
9.333384045215415981e-01
9.295563661015538992e-01
9.381754734381629879e-01
9.281792207731206501e-01
9.358107357438122387e-01
9.361421491836406927e-01
9.347576439108373769e-01
9.373399283017935790e-01
9.377362160984076267e-01
9.320480993439491657e-01
9.340831345094275928e-01
9.267845526254278044e-01
9.389927742743325867e-01
9.384866492145569339e-01
9.376726345234476234e-01
9.351862002937914031e-01
9.353060683883294146e-01
9.342085536308262217e-01
9.366238720015567232e-01
9.323949010025559536e-01
9.326352086311547884e-01
9.333275199249265741e-01
9.409344794193220674e-01
9.400840464748491110e-01
9.236448882773031777e-01
9.427017013967907699e-01
9.376444118057806199e-01
9.351291890830837339e-01
9.364655380828382780e-01
9.329835692034403882e-01
9.307981793782219571e-01
9.224947297529229040e-01
9.338077303347794844e-01
9.299164181955714703e-01
9.333999475920055078e-01
9.414010905637140159e-01
9.369048331396672147e-01
9.334887942813279160e-01
9.375795809491710431e-01
9.314653632166590702e-01
9.365886220476764557e-01
9.386909570244177381e-01
9.333429245218500814e-01
9.346635699475411840e-01
9.319331450795335092e-01
9.390318865187293751e-01
9.356153713410857442e-01
9.265521785720267633e-01
9.371494465502889781e-01
9.325177159449370423e-01
9.417804868522394734e-01
9.352568007175523501e-01
9.361834013955676603e-01
9.315079960592389519e-01
9.359301606306169585e-01
9.396125406505959621e-01
9.316477300269270234e-01
9.405537968192004827e-01
9.347255968714552887e-01
9.284619448680214715e-01
9.283356724450001485e-01
9.399865892751492202e-01
9.263370676639069989e-01
9.328173597685014418e-01
9.285725016400593335e-01
9.342055770545552029e-01
9.314560818864704439e-01
9.362284696062427303e-01
9.326815696430739155e-01
9.336488034886155640e-01
9.366205125741423609e-01
9.391329832655097576e-01
9.258277548978345317e-01
9.371547548508999403e-01
9.335280701152357530e-01
9.368187140384972578e-01
9.374591658168027752e-01
9.316314380006764928e-01
9.324857182473433870e-01
9.409800813286320897e-01
9.339860133097084294e-01
9.294037637554825038e-01
9.287093802245263152e-01
9.326042407377953536e-01
9.403983414612622216e-01
9.330890966319688173e-01
9.354901692543748926e-01
9.292885020743086866e-01
9.344050623876312134e-01
9.384703170734054467e-01
9.367811553882023912e-01
9.233527822640122951e-01
9.315355959171717215e-01
9.334642145997907869e-01
9.332951005712665227e-01
9.343501879780116148e-01
9.339409105515562581e-01
9.251200440796469859e-01
9.303961350266710673e-01
9.306804607613885505e-01
9.361353741454661037e-01
9.347892055188209426e-01
9.295932181157304797e-01
9.347809447132753302e-01
9.318149655083787231e-01
9.355537102089102053e-01
9.303710696292870619e-01
9.374777612963913764e-01
9.348671422933851893e-01
9.323932520144597724e-01
9.416284665882380667e-01
9.384351863591744447e-01
9.317965637184019156e-01
9.329731335958088012e-01
9.279215485032439314e-01
9.379929812261836863e-01
9.403833120767590703e-01
9.335065747864301766e-01
9.333650467602174761e-01
9.344664506827394801e-01
9.364063618146759582e-01
9.397618616273760717e-01
9.277930348898790758e-01
9.375630129335342788e-01
9.352184271163145324e-01
9.342958147364825994e-01
9.354205654222296218e-01
9.310204369529994084e-01
9.315839542631880743e-01
9.350206325695670229e-01
9.329936866956894947e-01
9.303393701880752209e-01
9.314394701478767580e-01
9.345312733201037725e-01
9.371017698082328984e-01
9.346118204561318921e-01
9.255351334599619673e-01
9.330023136755610791e-01
9.378521713434945228e-01
9.255616537534926413e-01
9.310008990080105296e-01
9.355307982918276144e-01
9.389018378134227349e-01
9.311291836465694916e-01
9.378664072577165278e-01
9.371021040226966692e-01
9.383306508468379770e-01
9.328563259723497980e-01
9.329218140157092831e-01
9.280244346850242687e-01
9.290324767280977447e-01
9.378630708789343906e-01
9.360294345361174218e-01
9.373543364880325690e-01
9.351735142655273059e-01
9.366820234514220411e-01
9.404532293075673621e-01
9.349485131654753367e-01
9.351275031215429134e-01
9.329041142900824646e-01
9.332983547435680372e-01
9.354031418697493772e-01
9.355365966484450180e-01
9.346786036986558521e-01
9.373705102768405961e-01
9.337200198173585264e-01
9.339430772926727853e-01
9.368816203074226134e-01
9.396285543126736695e-01
9.308271573412969513e-01
9.351632025039173790e-01
9.317958692160785983e-01
9.332671470272581038e-01
9.377342301727042972e-01
9.396897700976845069e-01
9.397646166999992223e-01
9.340791204232888889e-01
9.357116397460327750e-01
9.313752143187236099e-01
9.444820294932716465e-01
9.332625170412036653e-01
9.354532028648521180e-01
9.368280000724878986e-01
9.331794795604375636e-01
9.367971164119860417e-01
9.391764069927747149e-01
9.323908299810540479e-01
9.373697115055347195e-01
9.393996516831180088e-01
9.381696821959103483e-01
9.372679624177887581e-01
9.378658556480781172e-01
9.394727275967434954e-01
9.332792124631713593e-01
9.341825615696496277e-01
9.339367617219100914e-01
9.354277589340402876e-01
9.311152717011040858e-01
9.377513346758905577e-01
9.316927283670243254e-01
9.362485615917937043e-01
9.379529596189876139e-01
9.320938004512506758e-01
9.379211795752054881e-01
9.373908110114230752e-01
9.369736745794575716e-01
9.342644569929428044e-01
9.368926917174645874e-01
9.336243630632403701e-01
9.346211115686098303e-01
9.345692826061356984e-01
9.326391931007802505e-01
9.365512889266781604e-01
9.331379416499764323e-01
9.376472636870194499e-01
9.346698290572145185e-01
9.413063849540265204e-01
9.334896575153226461e-01
9.333022202173937298e-01
9.382795902497607088e-01
9.407708781940786746e-01
9.387486178210434629e-01
9.343732125689305779e-01
9.404213980440744303e-01
9.370338489344574029e-01
9.375509095690250927e-01
9.388858831749025136e-01
9.433389799054664460e-01
9.399282999569265051e-01
9.399301069770209516e-01
9.387481043076728593e-01
9.364368374421034869e-01
9.341959687646529398e-01
9.328346817465203999e-01
9.359385096345193000e-01
9.327934149792156404e-01
9.409943739142495600e-01
9.307789929991032718e-01
9.403560182006880375e-01
9.420425059016482860e-01
9.344880720456432144e-01
9.347443379705616673e-01
9.359460492467591708e-01
9.333320883202557150e-01
9.331502826356441460e-01
9.336761475257052689e-01
9.364737496038066933e-01
9.356684810832069932e-01
9.388189936851581985e-01
9.353498311740294779e-01
9.364515150651102626e-01
9.400071620054945010e-01
9.344315264942339994e-01
9.344049560171774349e-01
9.344509968906850039e-01
9.305987398750645845e-01
9.352567212102349536e-01
9.359529480024457726e-01
9.344688927050880389e-01
9.328157870809478114e-01
9.364801777779576675e-01
9.341363740930891391e-01
9.324044879191508706e-01
9.350669332240691967e-01
9.395992281689580228e-01
9.328969850235148131e-01
9.365536702207271080e-01
9.414532828176150892e-01
9.391265313777701351e-01
9.399027895884318751e-01
9.425750794614399242e-01
9.357328386660792585e-01
9.401758056064319913e-01
9.358869347365578184e-01
9.346947634656856962e-01
9.329530571005686390e-01
9.389221758085450897e-01
9.372121876633475734e-01
9.366544765431881192e-01
9.397882988373789104e-01
9.389192172490400390e-01
9.358373759548358484e-01
9.369642831013449413e-01
9.367039823717966396e-01
9.360323459014991965e-01
9.300594159928486926e-01
9.391726265095747817e-01
9.363126496500882023e-01
9.385298172851093135e-01
9.395731711936669006e-01
9.365014114080695284e-01
9.395036833458459968e-01
9.373512175610397845e-01
9.350074714797393938e-01
9.433521436528543580e-01
9.361022608186623239e-01
9.351343739766342367e-01
9.356407823037842242e-01
9.333459411166421527e-01
9.370342432233772501e-01
9.344585120324973015e-01
9.366681901413652644e-01
9.376708637325426032e-01
9.300541339273381558e-01
9.339130128077524073e-01
9.329556995004919528e-01
9.348493775600813516e-01
9.339686225090650940e-01
9.367234529012707922e-01
9.370892376886724717e-01
9.418224097558401953e-01
9.405449641055403376e-01
9.390775925411363190e-01
9.355257260877736236e-01
9.413321970949545259e-01
9.327337092423146903e-01
9.382429668428556857e-01
9.361160521369338294e-01
9.414726968214569558e-01
9.403173709597585361e-01
9.377485908074320031e-01
9.403502304907317422e-01
9.358983542923544618e-01
9.312045213202094773e-01
9.398027528951748977e-01
9.290623969632805235e-01
9.312379499449089382e-01
9.321685103753563073e-01
9.350250474703284409e-01
9.359934105018561379e-01
9.439520002657036946e-01
9.385220218635962341e-01
9.346682073018517389e-01
9.358144397888819022e-01
9.341079236939107133e-01
9.332090950329038348e-01
9.344419141963542508e-01
9.365866376877838295e-01
9.279489150140172171e-01
9.400609375823110181e-01
9.340336589397770783e-01
9.346280547954745055e-01
9.303861940067092995e-01
9.305741337173623062e-01
9.238457392801771029e-01
9.338787894173047333e-01
9.387962127081302954e-01
9.377949102938996084e-01
9.332444124975556310e-01
9.310582713441546421e-01
9.374872261626069347e-01
9.330478448727193008e-01
9.377295966138027294e-01
9.359502794943659332e-01
9.341178006750071594e-01
9.281351088593481347e-01
9.288888407426327820e-01
9.302552310430679539e-01
9.308199800636224319e-01
9.353048657823489487e-01
9.324053352100710734e-01
9.383800894076980148e-01
9.355090103333797424e-01
9.322776092362998757e-01
9.368812788376018608e-01
9.332042070912234255e-01
9.373943573811748253e-01
9.287410030721126031e-01
9.384772110421332192e-01
9.328486655570711328e-01
9.390603104003273360e-01
9.373548870239112318e-01
9.323155571149557286e-01
9.380907652283114739e-01
9.384299090490931805e-01
9.374323101587226370e-01
9.359292056611495658e-01
9.355066482582633514e-01
9.364952254819304267e-01
9.414463714945856543e-01
9.320184974782762533e-01
9.318706819460639279e-01
9.359478418026894175e-01
9.374775801262228425e-01
9.308911265159897086e-01
9.348212753390821028e-01
9.365217658503420806e-01
9.381906432551504471e-01
9.340229023030544031e-01
9.338098919730067893e-01
9.374527663228530150e-01
9.400669203576268451e-01
9.337832056976681505e-01
9.351557833529291486e-01
9.377738668253867704e-01
9.382161204697109236e-01
9.353081109259504533e-01
9.377616521576288555e-01
9.433867421509074536e-01
9.362209661372330460e-01
9.413364389610227034e-01
9.323137806521468729e-01
9.313721748349881313e-01
9.410439485977944996e-01
9.355646307958492836e-01
9.311625145772918222e-01
9.290720883582576084e-01
9.348690275311021258e-01
9.394069072639744666e-01
9.407267840669270020e-01
9.355301526371060383e-01
9.346619247920354701e-01
9.369930319079680103e-01
9.374590574444681135e-01
9.339737505847063304e-01
9.417877990461239746e-01
9.358774679173916811e-01
9.398562249044652983e-01
9.379378118440723222e-01
9.377760320376893333e-01
9.306329544488211036e-01
9.352517400828891381e-01
9.332059993197054926e-01
9.344848523256197304e-01
9.406264370219288296e-01
9.373891227171874396e-01
9.364078541783514842e-01
9.367177173271074020e-01
9.345384407135015614e-01
9.368662404543112165e-01
9.395615271551400749e-01
9.394248506896397677e-01
9.355871536986412051e-01
9.342647658339463534e-01
9.367074262701896581e-01
9.373126925311011659e-01
9.386944444382685493e-01
9.326976917943580192e-01
9.339446468726813055e-01
9.379267685125407539e-01
9.424038177913723890e-01
9.374889622779285503e-01
9.374603403391652545e-01
9.388422576441222134e-01
9.390424233136289711e-01
9.323133155307268272e-01
9.349777141414959969e-01
9.414848085387320653e-01
9.333884008552152389e-01
9.344957013849146676e-01
9.354178613362543748e-01
9.320691631563053914e-01
9.322943868698813086e-01
9.339822426356392260e-01
9.334946865412326877e-01
9.363744250286472059e-01
9.305393231238299201e-01
9.340806351006744057e-01
9.364848134005511193e-01
9.293426921068956847e-01
9.380901828280517885e-01
9.420104449417103787e-01
9.368744511167186317e-01
9.359120895018760988e-01
9.371883519912512783e-01
9.361863525052918078e-01
9.413517911758536583e-01
9.418865882446065818e-01
9.415648262269167290e-01
9.378245667987560319e-01
9.402341889123619900e-01
9.324437699620932163e-01
9.364215220184399779e-01
9.392291150096869767e-01
9.455505126899939050e-01
9.318417957631482951e-01
9.379570830142828219e-01
9.346904717551609565e-01
9.345880395165289123e-01
9.399139594130175857e-01
9.357877686956578289e-01
9.305240935391339008e-01
9.373908056312956205e-01
9.353113070086087610e-01
9.322698054158295999e-01
9.380838400903128704e-01
9.338248086211915489e-01
9.380492973154740399e-01
9.390405772645745719e-01
9.418195863345363295e-01
9.343415886941008885e-01
9.399625267831147601e-01
9.362718712150404077e-01
9.362444122544418823e-01
9.347859253344499297e-01
9.370505535333495395e-01
9.357213409527705972e-01
9.413946652863270925e-01
9.370683507009515134e-01
9.344751346304990269e-01
9.417763906903420246e-01
9.414627881772033025e-01
9.358245835752715402e-01
9.377589766514509151e-01
9.351145045540376621e-01
9.365965276319413446e-01
9.371663983717679614e-01
9.344944710370869378e-01
9.399000305120004395e-01
9.322818341683936083e-01
9.379271098053824085e-01
9.356062872081090109e-01
9.362509686982910528e-01
9.407296368550162047e-01
9.379972847711117723e-01
9.359712672385941401e-01
9.380819431429046062e-01
9.344100708610812989e-01
9.370682607198097536e-01
9.368122468541827397e-01
9.344893011945899497e-01
9.329146422207691414e-01
9.378271149461379075e-01
9.372549661848753599e-01
9.304251062861225163e-01
9.345234575934212584e-01
9.361098927190864005e-01
9.316386096847522058e-01
9.418850808164310751e-01
9.318733107891991052e-01
9.362815087670962599e-01
9.399333821976302294e-01
9.423658369136239665e-01
9.382821880131478887e-01
9.336778151783658997e-01
9.399769096392089907e-01
9.392542125283196430e-01
9.328668308973404599e-01
9.361141515777134936e-01
9.364680800575331254e-01
9.333078912330678989e-01
9.368239895535691586e-01
9.376151505447712919e-01
9.320404237981346762e-01
9.420681094363362318e-01
9.349343113350885304e-01
9.382788689617044264e-01
9.395734050000568160e-01
9.364967772263547152e-01
9.373335470954790027e-01
9.314190052838786649e-01
9.365585396086119063e-01
9.389977854840522165e-01
9.334890516148938167e-01
9.393969690827723706e-01
9.415372900140187573e-01
9.389808809327550021e-01
9.400661199755859787e-01
9.353780880665013564e-01
9.391756237062122148e-01
9.318743227201582435e-01
9.356000561160021656e-01
9.281955358825006996e-01
9.334834778966377700e-01
9.356893250099277415e-01
9.322608715175342287e-01
9.331729949154096149e-01
9.397487360755328867e-01
9.425748258409880620e-01
9.376465317257920429e-01
9.342660727589643388e-01
9.361615343270794920e-01
9.410451759763502899e-01
9.374925403501296328e-01
9.371854525327738550e-01
9.321953594207808003e-01
9.390126347926824879e-01
9.346121253470818235e-01
9.322523508244541235e-01
9.294967063181469591e-01
9.386481566807486354e-01
9.341358806981956420e-01
9.357427111983069867e-01
9.402009810116893629e-01
9.364377265008398954e-01
9.368243438117973554e-01
9.373109771769592147e-01
9.379398461281875932e-01
9.422035926477367873e-01
9.350234982671074002e-01
9.371452983940055104e-01
9.386942148449403112e-01
9.358527088223828061e-01
9.407563606876552242e-01
9.347832839862677545e-01
9.363848567470806072e-01
9.369025149410640241e-01
9.426709526705105979e-01
9.326627586146331028e-01
9.406042874248202734e-01
9.319039042599572831e-01
9.404008191775495851e-01
9.409491436203469839e-01
9.366631296703663567e-01
9.351603179757127515e-01
9.390549919179754790e-01
9.393633156765339720e-01
9.390754730835823016e-01
9.365656279066842949e-01
9.317827227603114881e-01
9.353802735501156596e-01
9.408202304930641802e-01
9.355856974101729451e-01
9.354364742566105839e-01
9.356632170668202075e-01
9.451606753998552657e-01
9.375398844854333502e-01
9.289791630118418020e-01
9.401418047521156174e-01
9.368485003099017439e-01
9.357800139809460127e-01
9.364924165066768058e-01
9.391356066498491861e-01
9.377513296701291967e-01
9.357738961700949876e-01
9.345889358382918344e-01
9.364584632442829459e-01
9.304631098617056617e-01
