8.755962997714266116e-01
9.080742049864661825e-01
8.991628301138425705e-01
9.097823555777401205e-01
9.111304234584032269e-01
8.957895968938348608e-01
8.990272184489250806e-01
9.061039345140657897e-01
8.996236879399378550e-01
9.103969969669044593e-01
9.050050183497991840e-01
9.100183410502969972e-01
8.960358787306952344e-01
9.019048247725350853e-01
8.977788202609043866e-01
8.976969375375675186e-01
9.277490921949967939e-01
9.059213271313255600e-01
9.018491721530483840e-01
9.057230874473060078e-01
9.025722403430394003e-01
9.181522872717063910e-01
9.169331948826630052e-01
9.174947055646096583e-01
9.060372825388469664e-01
9.038438038946895459e-01
9.089101091202717031e-01
9.129659043107110072e-01
9.024379226533770781e-01
9.067601095401985889e-01
9.047204803615830349e-01
9.182201246585037779e-01
9.096777751498090758e-01
9.196277224935149874e-01
9.221886774480598792e-01
9.182565890058704827e-01
9.109894101710905856e-01
9.152039012772629212e-01
9.156308335254011999e-01
9.165068619843738107e-01
9.115075942291441802e-01
9.097799728023389099e-01
9.177965744105154311e-01
9.166319185400361169e-01
9.105089531293358851e-01
9.167537718483884657e-01
9.193360268317681827e-01
9.154768425648520669e-01
9.106022183499488110e-01
9.150316695146879509e-01
9.120960326554697906e-01
9.237878404886097350e-01
9.201270460546314700e-01
9.098628348307141733e-01
9.226025329470064484e-01
9.127786105130861749e-01
9.221067829418819750e-01
9.199645867068336758e-01
9.226774563400542695e-01
9.202364717721606135e-01
9.203491097754169514e-01
9.188279248101004493e-01
9.009136391368427477e-01
9.190378030532539988e-01
9.258733537634260546e-01
9.077057730719793049e-01
9.202983864850519113e-01
9.129416498216427200e-01
9.144295502035951761e-01
9.175748140663247954e-01
9.255633379697202345e-01
9.162069650811119903e-01
9.233505740397727202e-01
9.168426363793578115e-01
9.297837801811738023e-01
9.149256845454775133e-01
9.184549658140768180e-01
9.166396244003507388e-01
9.236148565886580508e-01
9.167536631899642074e-01
9.185995329195284498e-01
9.238884920321926986e-01
9.242027466966165061e-01
9.269524284126382518e-01
9.217602610179987943e-01
9.082127854148557278e-01
9.311245602244710984e-01
9.203528160107167233e-01
9.259399877308625015e-01
9.255568994738571087e-01
9.142795298676225091e-01
9.210466906081048455e-01
9.225943108150496119e-01
9.362209111511239357e-01
9.350024152052804904e-01
9.225292797201312123e-01
9.294187340661876906e-01
9.238928904952125043e-01
9.342402566936524044e-01
9.195820289897030930e-01
9.296735995921223683e-01
9.185352955320880142e-01
9.329762868814954757e-01
9.263749290143775683e-01
9.333239751760937786e-01
9.335480813070680117e-01
9.276211673977323713e-01
9.285266653985384533e-01
9.374787826154269421e-01
9.303540338731574044e-01
9.321441901445517431e-01
9.432943692723104734e-01
9.336490601254829880e-01
9.223147739618425822e-01
9.294575511351490515e-01
9.289744049039661000e-01
9.249698724098446290e-01
9.421100278589291666e-01
9.343702794567976255e-01
9.353277483746619270e-01
9.326302227788635379e-01
9.325426001967926926e-01
9.295295999572052992e-01
9.341511430907655233e-01
9.392745546391050304e-01
9.231581141085483111e-01
9.317722459908505117e-01
9.307227372599057302e-01
9.268787781618678112e-01
9.354339637886738279e-01
9.354801822692472291e-01
9.322657508251097624e-01
9.258281580007320377e-01
9.218838985094542915e-01
9.301728472672435855e-01
9.289873437754181396e-01
9.236686319337360507e-01
9.267230422997038142e-01
9.311786878939330991e-01
9.329135690392136304e-01
9.346037795471370258e-01
9.382452627420696523e-01
9.366483478602662949e-01
9.285347182560451662e-01
9.436007498721139530e-01
9.363615593500290712e-01
9.489367888995455802e-01
9.337974202228969123e-01
9.353205097064063445e-01
9.250803310600659302e-01
9.293416346836790298e-01
9.302289747743534010e-01
9.293130282725223790e-01
9.292536759441670791e-01
9.233497562052828123e-01
9.342205828075278440e-01
9.342409954272077321e-01
9.415548265675426354e-01
9.365438523668317972e-01
9.311234982862146570e-01
9.352769934982443356e-01
9.342897683246917939e-01
9.350530996359338598e-01
9.327320527173658116e-01
9.247278954336664025e-01
9.309147236479519139e-01
9.326145028818821903e-01
9.427241638373441424e-01
9.327266451625949584e-01
9.381015014165288157e-01
9.245958939757551454e-01
9.422500371268905939e-01
9.265241889027658884e-01
9.330238244508665124e-01
9.359955899006763280e-01
9.338575618294125968e-01
9.228534049349798041e-01
9.406529501429783391e-01
9.410752807466071790e-01
9.334251390563023110e-01
9.324340294089391579e-01
9.327590771279132831e-01
9.216915829929167581e-01
9.287353298686142899e-01
9.286567097496096768e-01
9.349825282297327123e-01
9.365547683364298104e-01
9.299016409821774243e-01
9.368294244902068968e-01
9.360485040911928900e-01
9.338026121967968329e-01
9.356752257860091460e-01
9.331665658616016268e-01
9.341476803814119378e-01
9.302079397250407888e-01
9.361068968495971365e-01
9.355234881629983512e-01
9.282959318140239224e-01
9.292483198539847056e-01
9.239853315909616338e-01
9.352093940850448872e-01
9.292452316418394753e-01
9.318724713478691024e-01
9.306703179654693958e-01
9.242523137876957895e-01
9.369857822439041639e-01
9.361368739697735197e-01
9.345668437605090251e-01
9.370937132762484634e-01
9.420864048034327531e-01
9.350719320923599476e-01
9.357003525597556992e-01
9.304248392015947999e-01
9.333426594782303631e-01
9.379412279535368491e-01
9.446245252204006349e-01
9.362802653260685615e-01
9.382612485824983750e-01
9.339636168590149667e-01
9.386488634245639950e-01
9.365451183299603466e-01
9.319249746330980910e-01
9.344904839730808765e-01
9.282662132603364258e-01
9.281031622893631816e-01
9.404191908392093291e-01
9.327964901225485050e-01
9.253254848273120281e-01
9.394420926053851373e-01
9.375527756006735158e-01
9.314652025041043615e-01
9.404145678776535400e-01
9.342089180829938888e-01
9.445101879365855879e-01
9.314494092624058252e-01
9.364440662648572111e-01
9.347732692648480501e-01
9.315496691359976822e-01
9.259455393105766596e-01
9.282246061191224973e-01
9.330445424521769393e-01
9.356784140349412304e-01
9.370053535770110908e-01
9.363740264754073506e-01
9.339669743904096544e-01
9.379326155265335085e-01
9.330694307071141225e-01
9.299945512992577878e-01
9.382004184302604743e-01
9.330025692217870370e-01
9.279681450881218652e-01
9.259159583007695593e-01
9.341952946123852630e-01
9.324742168624234884e-01
9.328188087070846679e-01
9.339666071851300266e-01
9.284128004625534780e-01
9.296393776033766709e-01
9.363774228874072181e-01
9.303059211134315776e-01
9.324987331030547555e-01
9.410650544151551999e-01
9.385020401649145638e-01
9.301411465955866653e-01
9.361239683774071896e-01
9.362985234414800129e-01
9.421504395522933839e-01
9.407893328700871471e-01
9.442189279231409937e-01
9.409188948842220901e-01
9.394686044146350890e-01
9.377180605931123569e-01
9.362441467573857645e-01
9.293988603845703134e-01
9.335498938028102822e-01
9.411877107099584361e-01
9.384437060402001096e-01
9.344324045451609662e-01
9.432839263711919608e-01
9.360600871621848063e-01
9.316271072104558293e-01
9.358960016933839388e-01
9.350704416932784646e-01
9.387538712107269534e-01
9.468238374114693601e-01
9.358038760634057596e-01
9.463367920263858757e-01
9.354611669978568633e-01
9.407043187605583778e-01
9.314235950555754817e-01
9.335637474077498332e-01
9.389042238714818689e-01
9.410217148201909243e-01
9.316066794010424701e-01
9.431537238577598625e-01
9.289765373797223003e-01
9.283926586635847800e-01
9.340964611998294753e-01
9.379774421906398318e-01
9.302614378522834349e-01
9.299030842062612212e-01
9.482495566880895232e-01
9.303959838826884043e-01
9.318952513750641264e-01
9.314684625917324379e-01
9.348012385229254040e-01
9.299332798409531975e-01
9.307119896017360672e-01
9.361501505874103568e-01
9.307038919253513010e-01
9.316387564798440657e-01
9.425483485293766339e-01
9.467599116728959707e-01
9.405632849942664464e-01
9.346897022237473651e-01
9.359824712643893818e-01
9.417290208468167556e-01
9.447073153655592970e-01
9.275600476957026608e-01
9.328226242717954086e-01
9.405398877484312248e-01
9.345239737934813995e-01
9.348249332422010616e-01
9.445772385351619560e-01
9.409739658677502838e-01
9.451044115036403293e-01
9.422102684699011910e-01
9.391893813496997589e-01
9.419535078177153631e-01
9.302270062592229438e-01
9.375398349239506546e-01
9.468635319482775481e-01
9.393041554095838963e-01
9.351559784369827266e-01
9.337720979883989969e-01
9.446677829243216307e-01
9.365546147678837086e-01
9.407166686560739510e-01
9.461286211375568023e-01
9.373402168709543680e-01
9.286282786465496208e-01
9.426317097407842516e-01
9.457078027855669866e-01
9.371710167984432793e-01
9.327487203746686051e-01
9.330374107912356996e-01
9.413257026069048461e-01
9.393197827544065293e-01
9.399576366208151068e-01
9.429462400696188018e-01
9.390282708753227014e-01
9.400998724938897100e-01
9.406391265159040893e-01
9.315533184944222445e-01
9.406516900281561844e-01
9.401794308497971597e-01
9.396929755532872353e-01
9.307577458677809279e-01
9.395568902444302317e-01
9.382126216796214946e-01
9.468703614033615601e-01
9.395940297500260385e-01
9.335833466130174507e-01
9.367668535833001409e-01
9.439552022414843258e-01
9.462717068182310287e-01
9.377735730180518647e-01
9.391663892338562025e-01
9.464801408161416241e-01
9.319762693728589342e-01
9.347617906376248786e-01
9.358132085402151024e-01
9.382811801861165035e-01
9.333142395881940390e-01
9.386904163948804891e-01
9.465892127225101760e-01
9.407169071007439598e-01
9.416294128798879948e-01
9.395535003403984176e-01
9.424701990102560822e-01
9.380686948391305791e-01
9.338360262065280581e-01
9.424121967284428969e-01
9.377163716215924927e-01
9.388719427171645648e-01
9.393759313760952079e-01
9.360254663016462917e-01
9.400698023497977562e-01
9.274015245336840740e-01
9.427873319751113312e-01
9.342345406103172989e-01
9.424207536036948163e-01
9.383348355342652214e-01
9.366995690139739983e-01
9.433635112522885668e-01
9.428251500652655714e-01
9.444006732482111977e-01
9.284227369656871121e-01
9.323511914227328168e-01
9.358764323416802755e-01
9.359396727682438577e-01
9.436622608611571206e-01
9.418298363534046702e-01
9.392494067274783642e-01
9.446864093359035319e-01
9.427671356733448027e-01
9.371596939479358568e-01
9.489921704097504795e-01
9.325580187629576301e-01
9.382847620324953342e-01
9.440077696988550260e-01
9.350991793401545182e-01
9.383540039337239236e-01
9.400887603037808571e-01
9.301596793415914943e-01
9.373820331349560497e-01
9.398660354980526987e-01
9.348434258998052915e-01
9.400969526173987845e-01
9.432250209960839626e-01
9.419901367272690562e-01
9.339980066551086813e-01
9.415924181018914263e-01
9.295159313827542347e-01
9.439623671301484720e-01
9.300424537728956276e-01
9.366666853857443797e-01
9.376904684519595801e-01
9.343081832329527270e-01
9.449477925248563892e-01
9.387775322677691658e-01
9.415554292139267645e-01
9.259731380751996532e-01
9.189978866294257198e-01
9.333361182111147292e-01
9.338993891206680553e-01
9.286122369101105223e-01
9.369715395432538507e-01
9.390287395789443936e-01
9.384032899771057590e-01
9.423370883054663638e-01
9.322212461489810531e-01
9.370464808741076901e-01
9.425632254328161208e-01
9.464170494522402555e-01
9.246367971548075104e-01
9.357246213350616237e-01
9.398479124611462954e-01
9.425604614224245559e-01
9.370211719756439406e-01
9.531802438696033164e-01
9.342063716462921663e-01
9.323242532120338266e-01
9.269323962316988741e-01
9.313207017329476756e-01
9.379057527286580598e-01
9.348372518737497749e-01
9.362954316393847787e-01
9.393456452582750194e-01
9.317867949506770664e-01
9.384387697158674824e-01
9.490631633540512757e-01
9.361890091238099787e-01
9.359044897996935397e-01
9.364705175690650751e-01
9.386120314410691945e-01
9.366653831229365679e-01
9.381678896754732655e-01
9.364122846942032341e-01
9.373229863057246369e-01
9.384272181535527890e-01
9.365238739635489695e-01
9.321378758771756701e-01
9.406567162541624727e-01
9.304646678316724762e-01
9.321698442767369919e-01
9.421052394734371616e-01
9.410795357584276211e-01
9.310190960808196747e-01
9.496700575392411636e-01
9.348944180487166467e-01
9.311393634231335259e-01
9.516814040561853982e-01
9.377566898918670013e-01
9.312118092982099027e-01
9.386393847114105071e-01
9.382524994654879436e-01
9.464526345741756108e-01
9.355917527103406739e-01
9.291983472716008885e-01
9.429684831281605062e-01
9.424971328556516204e-01
9.410271296049032008e-01
9.337453655432974564e-01
9.401860344023752480e-01
9.432967709512434240e-01
9.347879599791514282e-01
9.372889037930320910e-01
9.404335432351355051e-01
9.379732118612180702e-01
9.352992345963261345e-01
9.362498603234189476e-01
9.366867093346844531e-01
9.320126806544872800e-01
9.395819217334107076e-01
9.424961875301023362e-01
9.414736242639143438e-01
9.315102235635787098e-01
9.356449003558496846e-01
9.455743929357234290e-01
9.425039738354513696e-01
9.420120174603122676e-01
9.312660165284439850e-01
9.515049577475128695e-01
9.309678969886975297e-01
9.375586570694111055e-01
9.326152433130814323e-01
9.398558582116504079e-01
9.420662222981636136e-01
9.367207194676132609e-01
9.414678897613261155e-01
9.378595008797661059e-01
9.278099616493407087e-01
9.422684770601493787e-01
9.314969211548874695e-01
9.382304879834015843e-01
9.388631224595838098e-01
9.368595323347200798e-01
9.375056604884742795e-01
9.399917079834998468e-01
9.340557414798440483e-01
9.393898789811528927e-01
9.384758649930995400e-01
9.398778820384796617e-01
9.437556692549372572e-01
9.306441857361513748e-01
9.331402284696511673e-01
9.268049682077779128e-01
9.306119584361249863e-01
9.305670022564885846e-01
9.297962566818381847e-01
9.247394916042019908e-01
9.480327994048880491e-01
9.368141444328712542e-01
9.358996017048546445e-01
9.312648850528920663e-01
9.429412416812027464e-01
9.388230337854794882e-01
9.408645264136876740e-01
9.378109610463031265e-01
9.395010820524446471e-01
9.423961490731924684e-01
9.426520402592711845e-01
9.398621405627755054e-01
9.409632996602976807e-01
9.377874839207620550e-01
9.438717440922481661e-01
9.443918804970184988e-01
9.264643948244396521e-01
9.376013752915298705e-01
9.366991079777194917e-01
9.293824990246228879e-01
9.324681326347363797e-01
9.382346214972622223e-01
9.399556827762585165e-01
9.308970343222416899e-01
9.457515617445505507e-01
9.374739263673542711e-01
9.424527854914920288e-01
9.296102797926232286e-01
9.421856071446831349e-01
9.406966891252298568e-01
9.297385307445148461e-01
9.321535607642177368e-01
9.445606509641190085e-01
9.350621931595946013e-01
9.417838398152481583e-01
9.477342175743197483e-01
9.427226284414139679e-01
9.408773283262914511e-01
9.347349398656825681e-01
9.402053300604393815e-01
9.394113728052165824e-01
9.261785319740354350e-01
9.355228442527121491e-01
9.442326770732492047e-01
9.389874578192434207e-01
9.338880298419967030e-01
9.347964049107746476e-01
9.363813005855934346e-01
9.401572140616003548e-01
9.494279680789891041e-01
9.377270550608014510e-01
9.370200331241421710e-01
9.537830558811144499e-01
9.387164047809751777e-01
9.412312485617916336e-01
9.340949517811533154e-01
9.441904856247460565e-01
9.444418794514153337e-01
9.386706418863017820e-01
9.399231917840060735e-01
9.384094825763148462e-01
9.421823272283529338e-01
9.410782671474501315e-01
9.415240109553484338e-01
9.450218022882155289e-01
9.385088506352743387e-01
9.404632197949784889e-01
9.401780556263017452e-01
9.391938265336416958e-01
9.450100583556348965e-01
9.369852386084989160e-01
9.305428489910251288e-01
9.338357602968493376e-01
9.348335472585468375e-01
9.299712014749755840e-01
9.339114455662462788e-01
9.483024463453985087e-01
9.350130620612340238e-01
9.355608221758420218e-01
9.447913651673457425e-01
9.272144799754119537e-01
9.273191855003648509e-01
9.385374315876898743e-01
9.384874278137137482e-01
9.395382985531078868e-01
9.439069295548122573e-01
9.303599121847179187e-01
9.394893965865728225e-01
9.331657480268211735e-01
9.362177580566330981e-01
9.255510239419281193e-01
9.359653046081836125e-01
9.381521190319093151e-01
9.380960775628419679e-01
9.386193555781313647e-01
9.402241937183449805e-01
9.279562878834365369e-01
9.360103088733835452e-01
9.401105003737830756e-01
9.447192259178737173e-01
9.388856509287292207e-01
9.361821140522369467e-01
9.339238425776125174e-01
9.403384301972006476e-01
9.451560232346846169e-01
9.417234606807961539e-01
9.369404350746565191e-01
9.381388075030741014e-01
9.439368744357160557e-01
9.332513514928045817e-01
9.289103690725447615e-01
9.381428603081322093e-01
9.346746388851842058e-01
9.349060829637173553e-01
9.439538089771417617e-01
9.386308470346659272e-01
9.420466943657749281e-01
9.457268897458273038e-01
9.395733416573953667e-01
9.453360770996994678e-01
9.402928022046327383e-01
9.449707502059574438e-01
9.331205176895887021e-01
9.406198360854078899e-01
9.455819226004124056e-01
9.383355696749461350e-01
9.356701061540817488e-01
9.379911581158526523e-01
9.370479951030010746e-01
9.340517125951575128e-01
9.409985619331397988e-01
9.329328887665323533e-01
9.372728410542652266e-01
9.331426213030372674e-01
9.414869857617540472e-01
9.413476356924995736e-01
9.353473184804295126e-01
9.318141096044463279e-01
9.343153929243719347e-01
9.341686528769892472e-01
9.437747740300475030e-01
9.268897854045630158e-01
9.376634718415414183e-01
9.387789656603215960e-01
9.351281068255602458e-01
9.323233706555573708e-01
9.396636570202359096e-01
9.388767498226038288e-01
9.355954943778753696e-01
9.331915396042920197e-01
9.243738845769141621e-01
9.357103261004442452e-01
9.433255168688525760e-01
9.423084244236727969e-01
9.279953208269219322e-01
9.463374864805284004e-01
9.331971601711416264e-01
9.350389162415113642e-01
9.376810618673505626e-01
9.307404623320134629e-01
9.448729202295019780e-01
9.467054838296494745e-01
9.398627105336713194e-01
9.332417598622150257e-01
9.365885942936645892e-01
9.434125567655009537e-01
9.358038345841829253e-01
9.456488726237473053e-01
9.303565724223189504e-01
9.413021611938792166e-01
9.357169878535345209e-01
9.344609305945248412e-01
9.493947305824884664e-01
9.447118595063180857e-01
9.322460856618248748e-01
9.444385509981738647e-01
9.392794735044713850e-01
9.376114965734771989e-01
9.363734647707891989e-01
9.354368423531417287e-01
9.410146385261515256e-01
9.407793200903838970e-01
9.360189310564490661e-01
9.337823518437058379e-01
9.337990250310030937e-01
9.286502024538986211e-01
9.355372300651003670e-01
9.316664519224774343e-01
9.352674920556687255e-01
9.334613399877675910e-01
9.359335702271858182e-01
9.432023391071600038e-01
9.431419595681430623e-01
9.339343310091426931e-01
9.371887163153478362e-01
9.430792794876620144e-01
9.468854598217164575e-01
9.380651196317699725e-01
9.431184022090901564e-01
9.387322533019060167e-01
9.372146377149790375e-01
9.315694632986289969e-01
9.390008212534016740e-01
9.382331470129039452e-01
9.384078662370388679e-01
9.393447579885725318e-01
9.395813977042297704e-01
9.340304427470741411e-01
9.400916008701105664e-01
9.334828832541353094e-01
9.427668370803430342e-01
9.337826643142302929e-01
9.315121369020866737e-01
9.403489351366134397e-01
9.350240237521508790e-01
9.363877487768743624e-01
9.383932677303267189e-01
9.388862465089270470e-01
9.418741425081730290e-01
9.386345397562732007e-01
9.334671069075308747e-01
9.386436013639619658e-01
9.452127515107320299e-01
9.433963029491313490e-01
9.462009201093962707e-01
9.343526783889857246e-01
9.279855818101201415e-01
9.452962225564154330e-01
9.260302172477455906e-01
9.348354785283299329e-01
9.285593655442114791e-01
9.328451938931999754e-01
9.312117989305984667e-01
9.441932186673267502e-01
9.400253565231844188e-01
9.336395595180975171e-01
9.360991880805025200e-01
9.447578892828560893e-01
9.380164751512620747e-01
9.325714877618906939e-01
9.462419691560942647e-01
9.341070503604798070e-01
9.407811361330786770e-01
9.400329675863760004e-01
9.412248967167222702e-01
9.472115506795981688e-01
9.404602154713366247e-01
9.531656669401027404e-01
9.244601077156154867e-01
9.393100574173436357e-01
9.294068909384155530e-01
9.291136027776139006e-01
9.365536819924337175e-01
9.387127715946302908e-01
9.303527273614440318e-01
9.317736726978744777e-01
9.435291842142312646e-01
9.338443790302217717e-01
9.375962130752181212e-01
9.388647255172195560e-01
9.397348008150904208e-01
9.537840516370242883e-01
9.373480987501724426e-01
9.397851935575676219e-01
9.380273195368792338e-01
9.533771241572598365e-01
9.364127624515096171e-01
9.439602153238232374e-01
9.366690428074970765e-01
9.548630052719306871e-01
9.371550605271887768e-01
9.300663758140502724e-01
9.352878159518982493e-01
9.355050731450910151e-01
9.502444808406450560e-01
9.438718999002255750e-01
9.362744748894792357e-01
9.364628662955591931e-01
9.374013931759964668e-01
9.448586011809275709e-01
9.329267717005146343e-01
9.372089246634049964e-01
9.404548449432006407e-01
9.488462728997341111e-01
9.415781034445965814e-01
9.429508583342218753e-01
9.427636254759350631e-01
9.362229104685931835e-01
9.284381232294162123e-01
9.408233034957342866e-01
9.358573016066320527e-01
9.444934648824342416e-01
9.288566712107956258e-01
9.287826528158374950e-01
9.369677985202321535e-01
9.420219247510336347e-01
9.300971512325646451e-01
9.421650247303915426e-01
9.495216449251787649e-01
9.346519936043283794e-01
9.346689694153953454e-01
9.356351569436475168e-01
9.454457585573514677e-01
9.372524084611859596e-01
9.386436520030475572e-01
9.420852837869272411e-01
9.407151018484429805e-01
9.392534414139328547e-01
9.342610093684738937e-01
9.439516114761704602e-01
9.405752894359633576e-01
9.389093490156577015e-01
9.480548418925768273e-01
9.436342671193606035e-01
9.450997379161337753e-01
9.379026318738900025e-01
9.412721304448530280e-01
9.391959681568073925e-01
9.334515735007840043e-01
9.379389121452160749e-01
9.343874873126941649e-01
9.431425931923717032e-01
9.350387436240957806e-01
9.428077674486100568e-01
9.375539281848532802e-01
9.333394591409153174e-01
9.352148989910423760e-01
9.301213157077673488e-01
9.378979314789956945e-01
9.373117885430943819e-01
9.352567600340079279e-01
9.232584502799022763e-01
9.401513596291006802e-01
9.322010585841431496e-01
9.381326357082327982e-01
9.425932656676682120e-01
9.300148098589295920e-01
9.340176073682185942e-01
9.386844137369414476e-01
9.448549083739217203e-01
9.358684618813462031e-01
9.297310386451655972e-01
9.535312781239272395e-01
9.494367743172094087e-01
9.389795057113488053e-01
9.354337705689566018e-01
9.369536750644461565e-01
9.359821300496199425e-01
9.428699425134178247e-01
9.327570158861985261e-01
9.417854027757713853e-01
9.314848599246490224e-01
9.322977598116346520e-01
9.387012619088287435e-01
9.397371036327083482e-01
9.457638202323266352e-01
9.469222507531249722e-01
9.418613060587247565e-01
9.421330657503418360e-01
9.368884215896123857e-01
9.392765129759064191e-01
9.402370180117265441e-01
9.487790687390862399e-01
9.421023082380997060e-01
9.498721892947805667e-01
9.392597837454402798e-01
9.310281407532088327e-01
9.395412963108357163e-01
9.561072461584292359e-01
9.478859591183409483e-01
9.412267583114062308e-01
9.298684646355312999e-01
9.425175286275301323e-01
9.347669243728617960e-01
9.400738541520503588e-01
9.362756074253659744e-01
9.296234529084381748e-01
9.486077880085450609e-01
9.489901545893143497e-01
9.379783248327491219e-01
9.381101510237073171e-01
9.289894830291278716e-01
9.459027576537966109e-01
9.333452094401696320e-01
9.369296747013646787e-01
9.346458218785856920e-01
9.432102603021799148e-01
9.496454415896389278e-01
9.410504388568935452e-01
9.361511854577482250e-01
9.473680970896696252e-01
9.421144408531403336e-01
9.540707938301622448e-01
9.394777913333516306e-01
9.410416482195970156e-01
9.377260508206984868e-01
9.293888777264055490e-01
9.305740079385843577e-01
9.478863101162926519e-01
9.466026823882858210e-01
9.454494136480977584e-01
9.342941836656916132e-01
9.357039839164067452e-01
9.373482708881382131e-01
9.296307752842756233e-01
9.387951312182734043e-01
9.390978867494665927e-01
9.410935057153707595e-01
9.402040925675401173e-01
9.430135207113852225e-01
9.401295778763754107e-01
9.374560341332913715e-01
9.389818082617160666e-01
9.364270267975376427e-01
9.410411813661636593e-01
9.383354478312054825e-01
9.444948297541454485e-01
9.427678039843999658e-01
9.462213350407077117e-01
9.473646581164948399e-01
9.449711360339407840e-01
9.457231658704857713e-01
9.427582226389497055e-01
9.396008977449024080e-01
9.373358896503063420e-01
9.312661269326458768e-01
9.386061493503063957e-01
9.414278155429336437e-01
9.366531708348353469e-01
9.394874230292383777e-01
9.441431257533753341e-01
9.361182202815682141e-01
9.311906581989025655e-01
9.491493267317907545e-01
9.403215884791863433e-01
9.401622596661775022e-01
9.449903932951478902e-01
9.363977575738783310e-01
9.482133357854296563e-01
9.398697936835818112e-01
9.449711037738390829e-01
9.431643038700566750e-01
9.380008991223904857e-01
9.388987693583392691e-01
9.415948770005148072e-01
9.487323468909160118e-01
9.351184642494762000e-01
9.424440538723933836e-01
9.324609953153911723e-01
9.430500321406960484e-01
9.386763293193262081e-01
9.422750278079505826e-01
9.438047971843416262e-01
9.473228358380022529e-01
9.408443487020023976e-01
9.456445874988784750e-01
9.293035819331990632e-01
9.392709387439660551e-01
