9.776114758286620354e-01
9.754993880537057294e-01
9.640108314663085043e-01
9.610940120117719143e-01
9.709295405152935654e-01
9.762520786929701488e-01
9.749521939303085194e-01
9.693339256900824763e-01
9.756525300842064929e-01
9.792687136133831904e-01
9.717501159768372476e-01
9.705875575276350364e-01
9.747782167547549559e-01
9.734556755239246462e-01
9.728009919962571361e-01
9.715123752169146920e-01
9.706646068920494752e-01
9.796319305578518044e-01
9.748216733719559102e-01
9.739121962986051484e-01
9.725598042255189091e-01
9.681795795650768310e-01
9.661545897951794304e-01
9.772625228705383860e-01
9.595624521937680118e-01
9.675127832191660060e-01
9.684243213448349152e-01
9.660084624432846434e-01
9.714528785219717077e-01
9.729028780786747044e-01
9.767950163778341688e-01
9.820043134785477745e-01
9.598536128113112076e-01
9.815262004307632182e-01
9.805264198688660171e-01
9.800822434621779822e-01
9.797702884106032073e-01
9.795861819282093430e-01
9.668618770654303640e-01
9.739230648948830060e-01
9.789770589608478568e-01
9.774155472046794912e-01
9.773785206111675894e-01
9.704692484197792179e-01
9.715324301757652936e-01
9.723811991268669352e-01
9.750065673262382493e-01
9.763634041546735975e-01
9.836732203662940099e-01
9.784077129906821879e-01
9.764874204929213652e-01
9.810665231921330554e-01
9.823222261975571579e-01
9.692199552592138945e-01
9.827203103054480415e-01
9.743776703341460177e-01
9.684487142573015017e-01
9.707312246566174307e-01
9.784142924283996123e-01
9.750511778849246802e-01
9.829469005873586740e-01
9.635447997002453135e-01
9.771081822793512561e-01
9.639985192790497814e-01
9.774941856152616904e-01
9.751056115716966177e-01
9.608992167069456691e-01
9.723183393820518106e-01
9.612242962599272245e-01
9.800697676494677379e-01
9.728674369430042601e-01
9.820381866266808535e-01
9.771805831215968352e-01
9.828803188248533829e-01
9.664084973106228382e-01
9.703155534264734650e-01
9.746857952539502712e-01
9.740591893757728492e-01
9.815689588936876708e-01
9.847277929179619749e-01
9.767680636186636400e-01
9.726152606039533133e-01
9.775788681124165658e-01
9.655449433057196051e-01
9.844731433198932180e-01
9.846308079644485733e-01
9.603903603290298019e-01
9.642186725877273101e-01
9.796389473622818533e-01
9.635092730901115843e-01
9.858509105417487817e-01
9.721466213345044682e-01
9.794143215435815453e-01
9.792543508821396347e-01
9.724129700721837466e-01
9.734027067411592515e-01
9.759521440037893791e-01
9.534723183847247929e-01
9.700061574529610375e-01
9.736583799425571062e-01
9.764119586298906084e-01
9.683321331150642752e-01
9.694320274686714090e-01
9.833166567060200869e-01
9.786879019205997343e-01
9.708286557133292138e-01
9.832779597611769340e-01
9.812669587236219071e-01
9.781010229969798742e-01
9.722732824300696075e-01
9.804272721953032343e-01
9.741805738956732519e-01
9.720224114018229944e-01
9.710178884910968256e-01
9.703096341390516910e-01
9.792166686349395022e-01
9.722969863200341400e-01
9.708091520895019144e-01
9.733896157922091730e-01
9.790386025919359803e-01
9.757408234080727771e-01
9.720866769168307053e-01
9.766938150883170966e-01
9.803398791485991026e-01
9.840153268047386881e-01
9.819022688192223791e-01
9.738022609223498938e-01
9.765191454964969875e-01
9.730005483596186888e-01
9.794298521129745083e-01
9.666299630440068347e-01
9.797571243714383593e-01
9.835406695648005737e-01
9.805580673019451687e-01
9.723311473887106260e-01
9.727396887407998571e-01
9.763496995906655318e-01
9.801017648893503020e-01
9.764682790135706947e-01
9.708516622318700273e-01
9.847569626596356374e-01
9.832074252717490914e-01
9.811125652151928556e-01
9.742858260241346047e-01
9.730984698789000298e-01
9.683512800163691647e-01
9.805821317178394780e-01
9.716231778764305993e-01
9.789911625404240647e-01
9.718466947692557811e-01
9.667106955567136284e-01
9.746568855646475793e-01
9.748938469426516873e-01
9.795479256087875619e-01
9.633354760954944140e-01
9.750896198263593329e-01
9.754500665044265606e-01
9.754362044386426511e-01
9.786146564637033807e-01
9.710418654303232255e-01
9.780506472609122870e-01
9.755463509061924610e-01
9.792187323401475574e-01
9.775028690829803413e-01
9.713758083444991032e-01
9.685307559357438922e-01
9.772751718215966221e-01
9.784429297187184904e-01
9.853025616282435895e-01
9.745002150342298997e-01
9.835276999808703069e-01
9.784930241888030178e-01
9.705055216384589345e-01
9.750599186747543889e-01
9.710835617591334623e-01
9.785472607360636843e-01
9.850844947484219682e-01
9.847301130968212357e-01
9.768809912653152461e-01
9.805211396957553838e-01
9.802260248532619347e-01
9.751431892946810231e-01
9.760513453885887314e-01
9.801958625472819708e-01
9.803994083231818424e-01
9.745366225752849498e-01
9.684494807083371404e-01
9.743149465243925444e-01
9.725456432421520914e-01
9.733172770164726373e-01
9.613740838485159701e-01
9.787830172508084070e-01
9.832608237757588521e-01
9.804272802448470436e-01
9.787991902453657689e-01
9.758553546799191292e-01
9.827490868330107654e-01
9.784628069196056321e-01
9.758450632528021806e-01
9.762884301512173568e-01
9.668826208100366193e-01
9.749429945655986307e-01
9.802001173270465939e-01
9.733914120198986497e-01
9.823683506379299324e-01
9.798596084024695507e-01
9.683363233538527792e-01
9.781556862214439985e-01
9.795803612693400053e-01
9.722900969059896648e-01
9.780112215311066448e-01
9.813527754022353111e-01
9.734694076636626336e-01
9.825507676649855027e-01
9.842809672729992965e-01
9.780576630164151686e-01
9.815628215786277311e-01
9.772176228122450015e-01
9.851619289868981388e-01
9.774308063082521869e-01
9.835320458412730726e-01
9.777948000475323864e-01
9.817271694137618132e-01
9.742243716326492997e-01
9.776107375119935661e-01
9.830605403891806704e-01
9.744915479483020615e-01
9.841135034171957230e-01
9.796521108785024579e-01
9.688329714055515796e-01
9.826924149006547315e-01
9.771253881067474278e-01
9.763353148522939673e-01
9.765035567731520372e-01
9.804626457599248113e-01
9.737712974402776833e-01
9.767006850908068749e-01
9.800102713473592964e-01
9.791104293304706552e-01
9.831242364563499425e-01
9.766257881258451068e-01
9.778523170354138649e-01
9.854528398052884164e-01
9.860025776778655882e-01
9.837469378833688660e-01
9.753407227385741951e-01
9.822004423213843705e-01
9.809703527497216635e-01
9.758352368318697900e-01
9.767654566592436360e-01
9.734910286582862948e-01
9.752540098268766000e-01
9.730482736789984877e-01
9.744018037460225878e-01
9.713024605160700542e-01
9.778352030036220333e-01
9.769471950461686705e-01
9.777087535165395193e-01
9.762965934538669899e-01
9.718191362811094969e-01
9.765379570887550154e-01
9.646139659784336295e-01
9.843262953242488678e-01
9.857261863925999013e-01
9.757638395804753007e-01
9.808256507911147226e-01
9.669960222836344599e-01
9.799465028438036907e-01
9.715565240049635065e-01
9.775888991819681184e-01
9.778654404474393935e-01
9.671817204193311479e-01
9.749183773172639400e-01
9.834724150657535580e-01
9.675822085704410824e-01
9.742427849579096133e-01
9.775040573632124419e-01
9.756177799296608111e-01
9.738912373390747890e-01
9.749626246115725703e-01
9.766608283768799526e-01
9.745619113334506034e-01
9.761273866729835991e-01
9.807166678536948234e-01
9.712368907705070109e-01
9.669100399747686536e-01
9.802726520024758194e-01
9.793973509220147422e-01
9.785638678282768677e-01
9.741243827110197540e-01
9.784944990039573520e-01
9.781131365291838575e-01
9.781781808661774713e-01
9.787388475528466802e-01
9.748453556869342007e-01
9.823818143791492874e-01
9.744110068625375654e-01
9.773529255399917570e-01
9.873230221555145958e-01
9.804928950077024252e-01
9.781480919122867990e-01
9.746646990132006305e-01
9.686386049613021632e-01
9.749894185593289686e-01
9.843936859245999704e-01
9.788364295437940177e-01
9.749723786051750496e-01
9.786604252294306416e-01
9.765877015514466963e-01
9.766339102755113855e-01
9.788921731748527755e-01
9.762708268616684393e-01
9.698556201417214417e-01
9.807873197385574837e-01
9.783199397247415163e-01
9.684186953460612868e-01
9.790024704956175050e-01
9.677455531613256001e-01
9.807062597658289249e-01
9.733731675854858656e-01
9.822694723662993566e-01
9.753834581928018110e-01
9.712294523800926171e-01
9.868566159766802848e-01
9.791878652968205587e-01
9.694417933424681610e-01
9.804876176596178938e-01
9.806032912225925990e-01
9.780398687768255828e-01
9.808320356433681830e-01
9.798843175617545365e-01
9.740934872915046894e-01
9.760886514890083632e-01
9.736605183576557687e-01
9.684554692105639129e-01
9.768662839045931801e-01
9.778916283339575966e-01
9.792746269989293095e-01
9.777002241429412210e-01
9.715111713525734771e-01
9.777277001426736280e-01
9.724773399241264382e-01
9.756720053387641922e-01
9.802053671250732236e-01
9.844728540590669263e-01
9.763379810380863333e-01
9.879123668646800915e-01
9.712722551078860622e-01
9.772126681492230293e-01
9.805676348797323083e-01
9.784422658054395816e-01
9.770921333771993567e-01
9.774769552032749331e-01
9.767214121657115111e-01
9.786846563101790908e-01
9.795759045840926049e-01
9.838663799077673744e-01
9.768377434313404439e-01
9.744848987993529610e-01
9.825668077725822069e-01
9.816185850124378165e-01
9.801378725147879001e-01
9.770784419594542580e-01
9.800267507209881046e-01
9.771779545392136335e-01
9.756959548736934273e-01
9.855995774525717623e-01
9.714473927189317681e-01
9.821800744003627015e-01
9.719589674668305257e-01
9.843739786237891698e-01
9.778778299695826126e-01
9.735316979162056406e-01
9.806649295314635584e-01
9.693718692727155695e-01
9.824798594112934547e-01
9.814439301491048040e-01
9.722913302804218061e-01
9.783191097591427132e-01
9.843027087882673110e-01
9.852731389898434777e-01
9.784141291308756649e-01
9.796729678986367817e-01
9.782889167028063770e-01
9.801678718965903814e-01
9.722324626385809854e-01
9.781099565908912830e-01
9.782039717775041776e-01
9.778391981250706966e-01
9.677771256664259303e-01
9.726823289667378969e-01
9.704964065400609741e-01
9.782645086336755336e-01
9.818221219144461775e-01
9.769892880318719053e-01
9.684516696504344990e-01
9.775242378864277271e-01
9.666165494228203814e-01
9.817401670817784698e-01
9.832841429278812440e-01
9.680206125160627506e-01
9.690101829912962650e-01
9.757863514752849188e-01
9.727661282402899623e-01
9.675482188195404509e-01
9.885397735694870791e-01
9.774826865389192321e-01
9.704670875131501395e-01
9.677435848180959699e-01
9.870134507489908282e-01
9.837287692267949746e-01
9.787240081941742664e-01
9.703840530017270316e-01
9.772955861308322278e-01
9.749823250064776348e-01
9.774219858299191266e-01
9.836127115035532276e-01
9.808282258059555225e-01
9.767520436335840328e-01
9.855325225279587542e-01
9.748653997751425271e-01
9.655653161036381604e-01
9.740946874235604236e-01
9.766121745566361811e-01
9.741562932718277334e-01
9.785610841912660840e-01
9.814850368437025852e-01
9.777094104191076385e-01
9.727165199900947856e-01
9.842339318512042246e-01
9.879999293859461629e-01
9.864289437572389962e-01
9.783331734172057148e-01
9.764600364954399980e-01
9.779190462195035405e-01
9.801574904658829634e-01
9.756610653216369888e-01
9.717749795717687267e-01
9.763227904860954931e-01
9.744181581045080476e-01
9.855582430189034904e-01
9.815951535587599253e-01
9.768380819340852783e-01
9.814021854601512329e-01
9.779199732495894581e-01
9.789497030670520905e-01
9.809036247166024181e-01
9.765009396548216536e-01
9.763532206243239475e-01
9.815544297610230284e-01
9.802379970588535052e-01
9.793547604113005400e-01
9.793768823412558611e-01
9.833640933453645649e-01
9.704394596620624647e-01
9.726847329158597733e-01
9.829603288688411045e-01
9.844351158448728656e-01
9.798454016761994900e-01
9.769156211812416446e-01
9.653091434099506651e-01
9.751022090909221562e-01
9.799933945719719874e-01
9.781716258363963856e-01
9.800797747863758680e-01
9.783150459969792712e-01
9.751696424735635249e-01
9.682664170397309311e-01
9.743688395371234989e-01
9.848731090516034126e-01
9.682489152024590373e-01
9.823195877230458395e-01
9.748353412481113311e-01
9.859075851774536936e-01
9.747652635501505847e-01
9.793307063020237901e-01
9.714947076821240923e-01
9.675092766514630238e-01
9.787496223180016663e-01
9.771937100256323783e-01
9.726498523856910161e-01
9.754302831395407214e-01
9.751840949091508115e-01
9.755107832077868357e-01
9.741303954689847222e-01
9.614782077742017874e-01
9.728992946581145329e-01
9.743235944130261839e-01
9.693352337187651768e-01
9.828833529113845113e-01
9.672138992878749342e-01
9.794064895856567921e-01
9.693399057873883784e-01
9.857388955516779294e-01
9.809067501643186082e-01
9.793722634149459871e-01
9.772397728038058062e-01
9.805091540419091922e-01
9.783040243588980722e-01
9.816927470653828980e-01
9.694451001558030967e-01
9.823542499647145432e-01
9.798594284288365541e-01
9.788779243558256571e-01
9.794157913644114810e-01
9.806453816409792523e-01
9.739818067419794279e-01
9.828025407843005157e-01
9.824568646404461258e-01
9.814680350201402392e-01
9.815421448459482612e-01
9.801135061446458741e-01
9.756550056678904292e-01
9.808549905020511606e-01
9.705951774255449083e-01
9.812881351671778329e-01
9.809960157505261957e-01
9.694497884091097806e-01
9.766255479791435823e-01
9.776623803661991241e-01
9.772333089883771251e-01
9.734649637482476470e-01
9.859335842308928344e-01
9.758900716358016592e-01
9.747038031543898695e-01
9.832127384429161232e-01
9.819581109076358505e-01
9.778182270364627060e-01
9.775406890718132402e-01
9.685780486661111910e-01
9.745954260314394491e-01
9.767005896512805929e-01
9.821700865697359228e-01
9.737481626328140516e-01
9.855229820573739863e-01
9.763737729139211341e-01
9.820292547222285728e-01
9.811202681978677953e-01
9.823257577769723969e-01
9.816100933041636001e-01
9.748912339477733280e-01
9.714097658487730325e-01
9.730176743758665037e-01
9.798509707167094573e-01
9.791392895355288672e-01
9.775900544377360557e-01
9.861978038591218132e-01
9.695145357569294742e-01
9.678721255599757045e-01
9.797737525859475660e-01
9.811825713638461233e-01
9.775423666388391997e-01
9.771834297401565950e-01
9.841055314987151581e-01
9.829235854530087302e-01
9.873682976288002955e-01
9.765090083389632580e-01
9.722894652342864985e-01
9.763302692767626967e-01
9.818215420812357319e-01
9.692966125944549871e-01
9.731437267025413451e-01
9.755114868965045760e-01
9.812558253432017707e-01
9.840844504045271890e-01
9.795765062478507534e-01
9.730051896201392658e-01
9.786281641653010732e-01
9.731662645845571280e-01
9.796776765982033730e-01
9.774875099037620974e-01
9.727476190459103389e-01
9.724196170471123279e-01
9.794085020796998720e-01
9.838281692557286906e-01
9.833670034298006568e-01
9.825902164169763031e-01
9.749962212100494741e-01
9.759353055952315614e-01
9.822496174743534647e-01
9.806282296726480663e-01
9.805635326639433602e-01
9.806476392734745362e-01
9.722252021374336861e-01
9.732927801406419110e-01
9.772904067230718805e-01
9.710264571326692185e-01
9.848164629563891381e-01
9.864768225584158445e-01
9.789091822377418151e-01
9.748280180902365588e-01
9.842686180267097296e-01
9.797554863632146338e-01
9.761103562472815964e-01
9.828107117697061357e-01
9.746652805766422567e-01
9.758100132476686950e-01
9.730238540867505170e-01
9.822371567546926974e-01
9.703418238389269757e-01
9.799905540283373462e-01
9.789749372429955576e-01
9.813328571347065266e-01
9.800786446560888487e-01
9.756696048987487657e-01
9.813430417782391668e-01
9.827925492691956810e-01
9.839104851660819273e-01
9.846749911513070774e-01
9.797358749187183857e-01
9.822656483641619696e-01
9.794321166526051003e-01
9.857176540754113425e-01
9.785836603885968987e-01
9.770433771803987977e-01
9.826178810891181836e-01
9.713363462934365700e-01
9.815579162502772181e-01
9.713705540095445290e-01
9.737679709162877506e-01
9.771277574717344150e-01
9.786348635819345221e-01
9.815089919528752205e-01
9.846056792543620428e-01
9.756753462867877591e-01
9.848116985313489780e-01
9.731481417251233168e-01
9.750106185861610042e-01
9.814230097940241926e-01
9.765579148309890822e-01
9.730179647047100255e-01
9.768903173777458981e-01
9.827924741642495299e-01
9.862186919692108589e-01
9.789317236098259434e-01
9.873244499580343669e-01
9.772850451746387668e-01
9.750930022602903868e-01
9.882950883085933613e-01
9.776759766936496954e-01
9.762768216088295592e-01
9.737679876560599856e-01
9.817406852326060474e-01
9.817741373021010576e-01
9.736163465577157838e-01
9.756271250835265585e-01
9.805999829590378303e-01
9.803199898110233068e-01
9.810557421672824185e-01
9.713839868607554440e-01
9.799727611491572121e-01
9.754283173706643773e-01
9.814586247600891600e-01
9.770783755421008632e-01
9.794487357693251184e-01
9.834163437648887340e-01
9.804596767351321240e-01
9.842871956539533951e-01
9.673927996904214677e-01
9.783625682897393316e-01
9.741810360818761172e-01
9.768059497891350418e-01
9.812577149824498468e-01
9.846323194588630923e-01
9.662697344194438598e-01
9.824520960306479811e-01
9.768512286383504994e-01
9.792122319631374472e-01
9.722092183767999662e-01
9.787524959642265321e-01
9.773899324412095302e-01
9.739716029199850800e-01
9.846877938589377877e-01
9.842580683030500710e-01
9.832122863803940405e-01
9.617082739309893435e-01
9.754721184465462436e-01
9.809064204217069483e-01
9.764805646659528993e-01
9.773862858544291043e-01
9.775173885380759042e-01
9.771029307949892218e-01
9.742350601464973003e-01
9.769285697244505240e-01
9.723464385297829748e-01
9.814441094418445699e-01
9.748166353934731854e-01
9.835726992098691168e-01
9.733829169872900700e-01
9.829788220791617626e-01
9.846491530001562076e-01
9.718642270486591572e-01
9.870932688340263716e-01
9.750094830637705545e-01
9.620625560829094702e-01
9.667903274515435852e-01
9.782492163508961225e-01
9.732846465601997510e-01
9.820335353014655322e-01
9.906321162761285715e-01
9.810225406854593544e-01
9.726243283110312943e-01
9.773556601123073451e-01
9.766033837861627376e-01
9.836837844523365071e-01
9.867624944615179805e-01
9.731577150413400767e-01
9.763758439572158832e-01
9.738637257637414724e-01
9.814026695881523654e-01
9.723010339399454915e-01
9.725311189528976774e-01
9.759780474582200327e-01
9.796064395185554163e-01
9.741571716745586196e-01
9.759768255526872771e-01
9.854932254857737828e-01
9.815298411443152959e-01
9.749273966756943910e-01
9.824618755536164150e-01
9.814788905875866387e-01
9.721954944948025812e-01
9.757736140465638197e-01
9.852936426481181398e-01
9.821085598303556097e-01
9.831933786904426542e-01
9.725637831607160111e-01
9.816370900753793594e-01
9.728603974174718783e-01
9.755234476663332543e-01
9.766975705892748660e-01
9.764409151270792009e-01
9.836524137901195841e-01
9.739625624113052993e-01
9.806755758892998776e-01
9.798961299370542166e-01
9.811693224225896959e-01
9.740900721481838831e-01
9.778477415501503067e-01
9.840169253606656508e-01
9.799119655681578500e-01
9.810709361553900942e-01
9.749539859639232420e-01
9.844360224589639996e-01
9.781760157342838102e-01
9.835130891553880428e-01
9.793235023979728338e-01
9.811887210475629395e-01
9.790413706533805938e-01
9.881602979170024392e-01
9.721940782239516521e-01
9.778481505859392131e-01
9.735863490915903640e-01
9.822499709099230536e-01
9.821212025173344795e-01
9.838619833265078718e-01
9.739007154503331876e-01
9.695208456929655938e-01
9.802631031247185378e-01
9.830739218775977895e-01
9.756579666427416253e-01
9.873123868156099547e-01
9.850068102383907620e-01
9.774488533044970451e-01
9.751821821951806024e-01
9.833630252892250345e-01
9.903703016830172068e-01
9.806745890391067588e-01
9.792308424838449543e-01
9.824438804676541848e-01
9.748078640467602307e-01
9.859117817959983654e-01
9.697800698812807374e-01
9.831272445679130056e-01
9.832035512824984780e-01
9.847828336478534617e-01
9.792252535069464470e-01
9.748005200284688421e-01
9.752826885327402495e-01
9.807631613265312964e-01
9.760750057514299138e-01
9.784798244994654670e-01
9.787663086197793127e-01
9.747347433416118090e-01
9.773890781909961856e-01
9.767568232250337656e-01
9.803770647222000978e-01
9.799882808154258829e-01
9.780971226171114585e-01
9.756095509598285975e-01
9.854026031915681383e-01
9.775332304279800155e-01
9.797417699167182414e-01
9.784766520490479902e-01
9.774989737731197836e-01
9.685380858983029251e-01
9.748835102448927259e-01
9.748201244077376870e-01
9.726685435969590898e-01
9.755919967980598573e-01
9.782971999267509045e-01
9.793521901576782707e-01
9.709756247526654116e-01
9.691452521440142576e-01
9.737437153588380800e-01
9.752836449724913148e-01
9.777918391707861590e-01
9.695819615869664121e-01
9.842128755476615698e-01
9.758478182248127020e-01
9.840936230322884226e-01
9.749569967018664185e-01
9.798177341180093203e-01
9.804582943379527293e-01
9.769557179271095571e-01
9.745469488551024018e-01
9.792041665838940867e-01
9.845090156246363300e-01
9.794431561611144366e-01
9.761764605725840038e-01
9.808155112749414872e-01
9.791758871050822988e-01
9.685896705864952549e-01
9.776629041621022198e-01
9.762532564380401734e-01
9.878779088210833947e-01
9.770831811543597700e-01
9.775232192691535316e-01
9.674708563211589230e-01
9.770756821898183286e-01
9.784089459645205489e-01
9.710109625145356693e-01
9.780309000699745070e-01
9.723918587581765749e-01
9.735179431977530884e-01
9.754827384870985441e-01
9.785577083482098759e-01
9.711416175846196985e-01
9.791033341020393133e-01
9.749421841264664934e-01
9.838054525697529362e-01
9.761052359171104031e-01
9.804932798881789147e-01
9.745177862640993505e-01
9.726151220959657895e-01
9.847824932492844630e-01
9.828218286457088837e-01
9.705802310792899235e-01
9.879031402919493665e-01
9.751868899088619314e-01
9.789469309728324742e-01
9.724673920346007527e-01
9.767241333526007763e-01
9.808340992800436142e-01
9.728828647176502864e-01
9.776218805746001994e-01
9.757472837652843012e-01
9.714946384835806414e-01
9.853723823354557654e-01
9.709219432856440735e-01
9.836161696786824837e-01
9.844167943308085311e-01
9.765536286804834543e-01
9.779687907850929118e-01
9.750992455741973597e-01
9.730215081841753211e-01
9.750262739386852395e-01
9.771768995132156244e-01
9.704030514716778244e-01
9.686770894027156853e-01
9.817448467085418962e-01
9.717613204722195253e-01
9.853505055593213546e-01
9.810367657983551926e-01
9.837676044591120439e-01
9.874748336047448616e-01
9.752120980187428678e-01
9.825023504106618066e-01
9.737092416835231301e-01
9.829675614243715831e-01
9.667184237980890327e-01
9.694507671764814871e-01
9.774567353853206297e-01
9.806600505336081630e-01
9.715276600929858564e-01
9.740329018966302765e-01
9.678567184084770902e-01
9.822442721765054507e-01
9.817748917279738308e-01
9.828414125703095472e-01
9.772632999318154878e-01
9.857509211538614258e-01
9.796380148910016628e-01
9.793566404183604579e-01
9.852697548920454906e-01
9.704347134603135139e-01
9.783881252941636353e-01
9.896204704490918491e-01
9.725286063569512640e-01
9.806501868958921175e-01
9.753232861853133873e-01
9.819046612127090290e-01
9.725921416759161220e-01
9.706350653274342655e-01
9.818821826855045343e-01
9.811396985577792718e-01
9.718511833403121747e-01
9.814067182991246252e-01
9.794467063919404248e-01
9.798175983457479976e-01
9.832043849926184187e-01
9.754753140659861987e-01
9.760855702082547047e-01
9.764207769252953861e-01
9.768963945185870079e-01
9.659593855991042144e-01
9.769297708685263926e-01
9.842683514899280839e-01
9.738902128413512438e-01
9.719051831237357497e-01
9.624438946519354721e-01
9.795098817064933350e-01
9.736904957044815179e-01
9.786725753460737698e-01
9.740214276209085975e-01
9.831022003611975535e-01
9.740186492403125618e-01
9.713241259509861614e-01
9.774615161702869814e-01
9.762718454818818392e-01
9.810835982022939605e-01
9.860487194268502398e-01
9.763853139847415985e-01
9.796559169030658598e-01
9.795342479667296098e-01
9.753567258036190957e-01
9.747301986469385504e-01
9.819277509278352412e-01
9.789063977657828097e-01
9.796016403950641438e-01
9.662478070629455518e-01
9.782760470979847689e-01
9.714168390078991022e-01
9.767520686104533834e-01
9.656762413257966582e-01
9.803859246918286141e-01
9.711248606421224450e-01
9.819110083583696413e-01
9.771278441961969152e-01
9.791604754665800270e-01
9.780574698527699784e-01
9.788525162584064132e-01
9.804030387794122614e-01
9.791877015700336528e-01
9.673495742036719580e-01
9.807352758841393348e-01
9.711720467121354172e-01
9.766952382958854484e-01
9.737341650810620308e-01
9.888869401148238092e-01
9.851741893254062354e-01
9.804171503159649914e-01
9.798141570296846625e-01
9.697803481946821735e-01
9.783822567112678836e-01
9.778876500431734620e-01
9.784641026369675920e-01
9.797774978835518400e-01
9.786327554687579422e-01
9.701357827696618363e-01
9.722863788199415103e-01
9.813664518196523190e-01
9.764300130408777312e-01
9.795608048160628911e-01
9.794064566882191292e-01
9.737866912564113742e-01
9.781010140194689173e-01
9.755619248270671617e-01
9.889759515138100143e-01
9.844290668447431836e-01
9.695229480713213333e-01
9.762912187265279096e-01
9.755682044989809620e-01
9.767132939502296551e-01
9.801762338973546429e-01
9.783883816860003968e-01
9.729379333812576691e-01
9.756168644760840891e-01
9.797677920988882017e-01
9.769692992355516470e-01
9.720597720868023872e-01
9.767978433152302298e-01
9.823772252663709459e-01
9.723955939721840025e-01
9.834007532260184981e-01
9.857998047010620990e-01
9.824084209900304510e-01
9.803930867706286412e-01
9.810756052038428487e-01
9.745497325525920296e-01
