9.319253138306150541e-01
9.235133315465943182e-01
9.190418012237755452e-01
9.432943196182970169e-01
9.139283163761772188e-01
9.146475023004891902e-01
9.243274626924187221e-01
9.086312816254390468e-01
9.355694610269069678e-01
9.378768079586986550e-01
9.246914057953352639e-01
9.222789497536435510e-01
9.348772518069919935e-01
9.243307157733245960e-01
9.252010279676636806e-01
9.161159398739445736e-01
9.355282372026961779e-01
9.276264989665297112e-01
9.214794905982551798e-01
9.226829391799745705e-01
9.257619617629967435e-01
9.439707089463860168e-01
9.255658024759759739e-01
9.369183410384351873e-01
9.282840518842070399e-01
9.400577533070239022e-01
9.302865655291572278e-01
9.354974585509109319e-01
9.340334692463634347e-01
9.255073339176885794e-01
9.402266358698966320e-01
9.401482700985539509e-01
9.364952854936154925e-01
9.342081814076276247e-01
9.331912870470132626e-01
9.390439106561158100e-01
9.460193995306329651e-01
9.307305547427432435e-01
9.332343611481115353e-01
9.393576345747510770e-01
9.098746449879340226e-01
9.177407714650877013e-01
9.280517945441336680e-01
9.403786209505375915e-01
9.423954702825342311e-01
9.241130039072187330e-01
9.379396611002239759e-01
9.299598302652053450e-01
9.181673065058778560e-01
9.471984336065625287e-01
9.441478875242931279e-01
9.370221400206323326e-01
9.343043928914931406e-01
9.278504481540256199e-01
9.429867914639309401e-01
9.379514332215685979e-01
9.331827604255132913e-01
9.483412427816402257e-01
9.397054533909207086e-01
9.394933401638008164e-01
9.416806267216526471e-01
9.497556712271691959e-01
9.555914203921264116e-01
9.241334582403848419e-01
9.447973762057878533e-01
9.522303217301701928e-01
9.408172649651511676e-01
9.386756502123226875e-01
9.329259378393814917e-01
9.350618649482046463e-01
9.376326982976199709e-01
9.371628964203498890e-01
9.462421128339889576e-01
9.424681009791376907e-01
9.332580178112169778e-01
9.283381971322907100e-01
9.463173560935740358e-01
9.395099091379484069e-01
9.385753225920510090e-01
9.312336030064944925e-01
9.293155160643530310e-01
9.363648644991600101e-01
9.327617757227134598e-01
9.391495698520203605e-01
9.366412936223267316e-01
9.416576907733462676e-01
9.424473612001973422e-01
9.460031559413013547e-01
9.472089659029562236e-01
9.309864893153272369e-01
9.443853708176057626e-01
9.304873716023623897e-01
9.505568277331130078e-01
9.271844747859532276e-01
9.311030356480024528e-01
9.485096970860206200e-01
9.565684031292266409e-01
9.375323169244409449e-01
9.463018154749355260e-01
9.358156032817219749e-01
9.311185127293000185e-01
9.533261960359622478e-01
9.549882928723356645e-01
9.427736022526761461e-01
9.354526672574610124e-01
9.482744644656763144e-01
9.389693830258046825e-01
9.285465208945388182e-01
9.432832256901043655e-01
9.389597652898755697e-01
9.449583110702290956e-01
9.366841005401789211e-01
9.501986857254054453e-01
9.448684803589593173e-01
9.386614085489134451e-01
9.527294932405735439e-01
9.512236437580672277e-01
9.484555863158352640e-01
9.366035069710858529e-01
9.442665135030712253e-01
9.528492300464087572e-01
9.524764842719729563e-01
9.390911663741835502e-01
9.411028457063820296e-01
9.416759660880642535e-01
9.406742045267725283e-01
9.406829454733744988e-01
9.468202296454546474e-01
9.403838143885979717e-01
9.483892925791427286e-01
9.546637353832777562e-01
9.433338999572792316e-01
9.548633456668673691e-01
9.621908601080213508e-01
9.450327602045086595e-01
9.410363603636442420e-01
9.490571411769025412e-01
9.508603256089780409e-01
9.575489140669032340e-01
9.478989126579476787e-01
9.343670614074678360e-01
9.527474682317567112e-01
9.444265481796222383e-01
9.416058936983837668e-01
9.544129256344914269e-01
9.431071030439254210e-01
9.337823004061012178e-01
9.504920329724199091e-01
9.529439730278237430e-01
9.531096189539861596e-01
9.509551401252197556e-01
9.449258610351448651e-01
9.536899690818174680e-01
9.510201903045767402e-01
9.617723262828984376e-01
9.451359461394365225e-01
9.469516199341971863e-01
9.528891430344971214e-01
9.542121956951936657e-01
9.650723264965311854e-01
9.470166052631404652e-01
9.487807562150240015e-01
9.574055593527027730e-01
9.541960409123844133e-01
9.564801613293204552e-01
9.615046067311535660e-01
9.485457115549452700e-01
9.551119618171962644e-01
9.469240059228599682e-01
9.485564716358942938e-01
9.489639910724655403e-01
9.428365555073162652e-01
9.442498716211049636e-01
9.418787428755872604e-01
9.503889473117662634e-01
9.518193090977002946e-01
9.478538495145458764e-01
9.514854401754243574e-01
9.496961778206324256e-01
9.448362381773182106e-01
9.487198409159082191e-01
9.506608070076134620e-01
9.508290041261143744e-01
9.528890590346174028e-01
9.448529064062166638e-01
9.486115203897163006e-01
9.536081222105788902e-01
9.427238771051148492e-01
9.558980153764662369e-01
9.391287833485963965e-01
9.458561306778421329e-01
9.509733360977655758e-01
9.385882523311949166e-01
9.518435741131182626e-01
9.483729140204795183e-01
9.553229701282895947e-01
9.539267061792940927e-01
9.556288206882359582e-01
9.532840154011958944e-01
9.636610055806639208e-01
9.588704960168779046e-01
9.568757386727091419e-01
9.505030871232493794e-01
9.534210848713093878e-01
9.436583375310633182e-01
9.630137726288213740e-01
9.482364642450353820e-01
9.427528835627050352e-01
9.524144473165595537e-01
9.510959612334819457e-01
9.470007308322178075e-01
9.531490889998253113e-01
9.438472799627070087e-01
9.430594080039562677e-01
9.472846057730461844e-01
9.513604618965760817e-01
9.599402585821286138e-01
9.532503079333016771e-01
9.369748953875627340e-01
9.463463277536864338e-01
9.476366714597971308e-01
9.521218458912024118e-01
9.548021112323213933e-01
9.570688240364303434e-01
9.649638112201950335e-01
9.495563931578814287e-01
9.556271317287182709e-01
9.530814404773686466e-01
9.603286523584105838e-01
9.483752025744038860e-01
9.654892084824905352e-01
9.608159096831662138e-01
9.580902196855615172e-01
9.615111398865444636e-01
9.552157191612513643e-01
9.493126156030505802e-01
9.538226730012587806e-01
9.599837708535515768e-01
9.557616318109186659e-01
9.566007754874165103e-01
9.540716767824156674e-01
9.504139207711509441e-01
9.598411642893980300e-01
9.525321668838584444e-01
9.428417024912023603e-01
9.607566791168296039e-01
9.531666757484136276e-01
9.569852652898575007e-01
9.551321811262378780e-01
9.576528927332077501e-01
9.504031010728816176e-01
9.465529187081284102e-01
9.542331404757027347e-01
9.567371191845217560e-01
9.411263928527207057e-01
9.536511336895497903e-01
9.621944831881634741e-01
9.576356700441954750e-01
9.532652480428953634e-01
9.543354376059920430e-01
9.572197160826813045e-01
9.579910541983588379e-01
9.501601436205835416e-01
9.551160954730878450e-01
9.577481668675658089e-01
9.622543368882378045e-01
9.625766865665699168e-01
9.509738471237386692e-01
9.541858005905737850e-01
9.494695651600089104e-01
9.384717846288007648e-01
9.547497609745414504e-01
9.554164864694115744e-01
9.554386488612309769e-01
9.545221662378287064e-01
9.599238587198430928e-01
9.477023476479721209e-01
9.591432920356146585e-01
9.513030627313230347e-01
9.519536202692813198e-01
9.528283060016171646e-01
9.596985116981595620e-01
9.621987735367824035e-01
9.562637449550149826e-01
9.633082639852930118e-01
9.490273681344721934e-01
9.611666711132181851e-01
9.523699182844194144e-01
9.627785137658654291e-01
9.632970317745155331e-01
9.540427625117011701e-01
9.570496020126566528e-01
9.423809371495948106e-01
9.536906847488455519e-01
9.484838688608998591e-01
9.621410576893957289e-01
9.586786572755086056e-01
9.617416395071926027e-01
9.601425956538054418e-01
9.507425263579335484e-01
9.559473404985410205e-01
9.506844168070042178e-01
9.600185519500299414e-01
9.596685039835325393e-01
9.577014683098148407e-01
9.442893829538928641e-01
9.591592266629228591e-01
9.452913063223233880e-01
9.541225952971826851e-01
9.516503921500811813e-01
9.499936197852747455e-01
9.610305140757793296e-01
9.534765027267798621e-01
9.584393636513687253e-01
9.589318082218308836e-01
9.585393828779499303e-01
9.469500606833222145e-01
9.477286865096727908e-01
9.547246746977513521e-01
9.626679259372048492e-01
9.582768353703409181e-01
9.565951335222847574e-01
9.591265569814337866e-01
9.549169070993959174e-01
9.487651621118605716e-01
9.623299260308936232e-01
9.500721356194462563e-01
9.591630946927688361e-01
9.627638456430321900e-01
9.595290251456265462e-01
9.511814969699146083e-01
9.467628242279677586e-01
9.587040900578035485e-01
9.547628153091710645e-01
9.520456573957344348e-01
9.610695847974458639e-01
9.569799116950278295e-01
9.643382827086106612e-01
9.532932337071997608e-01
9.593377666860551933e-01
9.559099954987343439e-01
9.596234030312317254e-01
9.590983444767762212e-01
9.579270475711648691e-01
9.591437285668088508e-01
9.520706410908956752e-01
9.616048673385207968e-01
9.581066318944185811e-01
9.536468589911214488e-01
9.594144116660562327e-01
9.606090928036971066e-01
9.532141819959640827e-01
9.575823410285327908e-01
9.465789271531198645e-01
9.499362885077683449e-01
9.514553592025580819e-01
9.584222167766458522e-01
9.595454273090847641e-01
9.577708841190638589e-01
9.644453416045197791e-01
9.524116986300729115e-01
9.565487176404103842e-01
9.564896120635038024e-01
9.609037841470438046e-01
9.534370649092270833e-01
9.466018448119504214e-01
9.563624761798571461e-01
9.562839184634818190e-01
9.501701792565658833e-01
9.513105987753948112e-01
9.615980628861515722e-01
9.546649939579361366e-01
9.569415138064162329e-01
9.577509677301765390e-01
9.594695073823527043e-01
9.544131353042120125e-01
9.540932620338600234e-01
9.594361379596975103e-01
9.552299416683065481e-01
9.542068754973144218e-01
9.552995145706638658e-01
9.604988405213077396e-01
9.529554281001199056e-01
9.503916776546690315e-01
9.477046710229828363e-01
9.622707787633331122e-01
9.623507676234898112e-01
9.623807859529871500e-01
9.568761071651360473e-01
9.566627289168043724e-01
9.507337705447329590e-01
9.532659575158374254e-01
9.648311716267747862e-01
9.488554480578538231e-01
9.590759223404238254e-01
9.549234881933112984e-01
9.526737346167993836e-01
9.543616827803917957e-01
9.603207472542791834e-01
9.615815925423283339e-01
9.627370700444760621e-01
9.624842182779126398e-01
9.635820259563101509e-01
9.584849284228087463e-01
9.623808572367863468e-01
9.556323326596561918e-01
9.600306202272865796e-01
9.651753970623465628e-01
9.522532005960049339e-01
9.503137269742579774e-01
9.608096347146917182e-01
9.589647016741050800e-01
9.605444274538824656e-01
9.521322403273738688e-01
9.597589431336436272e-01
9.623605383872008145e-01
9.529246365170263022e-01
9.589236552934312652e-01
9.534919513912452071e-01
9.657581117979225915e-01
9.585142284669910806e-01
9.584902902691907478e-01
9.703198451880420405e-01
9.556493723638106452e-01
9.673809495309056983e-01
9.600532070409641960e-01
9.622053308342688460e-01
9.508144910241627112e-01
9.533570316173765047e-01
9.642468904909567984e-01
9.700919263915488422e-01
9.576076979515893983e-01
9.553418920261174119e-01
9.507552932541003532e-01
9.581426943449556921e-01
9.601016830434683236e-01
9.462851939774162835e-01
9.512408092017207162e-01
9.512056443010539208e-01
9.482142286001792320e-01
9.538081272518768028e-01
9.615090649320879868e-01
9.576122103445237066e-01
9.678448048449213026e-01
9.570644040276720110e-01
9.700133101505932220e-01
9.544497919190263469e-01
9.637844206670372893e-01
9.615064538883281164e-01
9.511438222495277595e-01
9.574261073222105622e-01
9.546109918431521235e-01
9.471330196150566927e-01
9.615133094311787421e-01
9.511251924258463664e-01
9.593461920988342051e-01
9.494942860748288860e-01
9.689843279123451225e-01
9.499736239411652461e-01
9.674624059612340066e-01
9.554509987874947319e-01
9.531009334663004262e-01
9.619814960061924269e-01
9.585275338590741878e-01
9.546018174735196871e-01
9.440057012376696921e-01
9.575874910443085142e-01
9.487603669609160351e-01
9.577779955796046352e-01
9.632319493078317363e-01
9.639329446455633388e-01
9.512871333788797124e-01
9.543728078843042306e-01
9.641118291855623745e-01
9.556218992502653053e-01
9.597124338079389139e-01
9.596327971307485605e-01
9.637423133933546993e-01
9.496667215135800033e-01
9.629480290011211974e-01
9.478691016824488669e-01
9.515026610265983065e-01
9.535473392448159391e-01
9.548197446874562289e-01
9.556107811454377376e-01
9.572723959243506497e-01
9.516337011373728894e-01
9.608741861696382669e-01
9.629601886084586670e-01
9.572236261512475641e-01
9.510974387986543821e-01
9.586953928683991100e-01
9.623408456480896378e-01
9.624783358417683399e-01
9.586439157712980386e-01
9.628188900331783318e-01
9.613421711161852512e-01
9.592931155435322488e-01
9.673300445289477745e-01
9.637515770493747524e-01
9.542525377038555412e-01
9.491259467070033429e-01
9.599044941053481717e-01
9.681817784556682183e-01
9.655964706331586767e-01
9.635968078317760366e-01
9.597186275001904354e-01
9.539962131671981815e-01
9.602492282360687303e-01
9.505301387829979687e-01
9.503684309100073335e-01
9.512589826607671384e-01
9.603762967507001314e-01
9.552400918726530188e-01
9.540291306940076321e-01
9.535281964222295237e-01
9.509254781045389793e-01
9.640720178414631247e-01
9.643242461565796342e-01
9.596329287815547060e-01
9.612402303002187676e-01
9.525669047379017318e-01
9.577826061475370745e-01
9.599360551437061684e-01
9.593267839263799335e-01
9.612387674080260513e-01
9.567780822582345746e-01
9.641663512869736996e-01
9.656651481685178950e-01
9.542152179786181909e-01
9.463415566745300156e-01
9.526208356252796605e-01
9.461783562484999965e-01
9.570509681637493493e-01
9.644699655567425811e-01
9.597207359032908780e-01
9.557276268638013050e-01
9.552501746385810844e-01
9.616145793421635446e-01
9.592383018052776933e-01
9.587386911676173407e-01
9.601350221965786469e-01
9.660714699661704374e-01
9.593123417591487012e-01
9.618538200402834137e-01
9.512851442497912702e-01
9.518307109329603444e-01
9.649400984149970606e-01
9.587587712556239206e-01
9.645305634568448472e-01
9.668376127952403865e-01
9.606898131997462231e-01
9.530414789075645210e-01
9.700014848772846587e-01
9.629508719349033630e-01
9.569813876625424820e-01
9.639943798663462848e-01
9.557292976305056253e-01
9.594838668152542160e-01
9.620470629903400406e-01
9.621109000127296973e-01
9.618838938969370700e-01
9.568321099776998517e-01
9.533478468860389077e-01
9.629981937868222763e-01
9.591938385022296121e-01
9.636321459694721092e-01
9.490644540844597188e-01
9.627727965600797466e-01
9.540853065642582731e-01
9.719998003236375306e-01
9.456276145178725834e-01
9.638343691213728803e-01
9.572498991797507850e-01
9.628338713944647465e-01
9.466416050113035663e-01
9.617565982897233745e-01
9.550361882520036483e-01
9.581126187407889017e-01
9.589275023862404712e-01
9.610403987524545055e-01
9.554271327255693391e-01
9.601383635787746895e-01
9.717506341855118857e-01
9.609574823872071292e-01
9.585720411752263193e-01
9.584745351126477964e-01
9.602796233200981968e-01
9.549742207759688295e-01
9.488886395630230508e-01
9.548272234532265701e-01
9.599169341159276003e-01
9.509993987787233038e-01
9.565797319719129277e-01
9.679206453700218704e-01
9.641080918126760935e-01
9.537966433621556384e-01
9.545321015652633578e-01
9.612464980206215648e-01
9.490056019465379356e-01
9.604367175765082809e-01
9.536130738108780092e-01
9.459310515113749096e-01
9.560297489812996652e-01
9.652446827707505950e-01
9.640861648621639191e-01
9.673614425036491937e-01
9.532520269168779370e-01
9.630100696383339098e-01
9.440146095278443283e-01
9.540233884275548526e-01
9.668633554711150158e-01
9.609111718859552065e-01
9.525527845448940045e-01
9.564720963382902230e-01
9.540749073526854085e-01
9.582411734081510701e-01
9.578403231619163627e-01
9.621095337086716937e-01
9.632969482169518871e-01
9.594476470028626691e-01
9.561161756936700229e-01
9.555809081025289364e-01
9.662790942103438585e-01
9.629196678771317908e-01
9.638143506896226231e-01
9.525865942733515723e-01
9.609641122557052162e-01
9.614248359460256799e-01
9.604567880064770469e-01
9.585189966715702559e-01
9.593351521673655347e-01
9.651222903736978997e-01
9.616016730085377162e-01
9.499782707276638316e-01
9.542379456437980467e-01
9.653457916303602726e-01
9.623739746775217263e-01
9.665813599216577234e-01
9.500437989669621164e-01
9.631943288850814966e-01
9.624927144806403323e-01
9.670997038110435984e-01
9.563925840649494248e-01
9.552040155047124559e-01
9.557185854936940395e-01
9.521296009772894919e-01
9.526571783916374381e-01
9.530791185881106742e-01
9.542812692063058488e-01
9.649120877182006950e-01
9.515638316275091269e-01
9.545313784131611579e-01
9.608113971584673063e-01
9.630645695070938483e-01
9.635815306551062109e-01
9.757141394900191722e-01
9.555121665863643976e-01
9.619865473675666134e-01
9.586709300254447896e-01
9.621888703332892590e-01
9.400946653574107081e-01
9.548759822463925850e-01
9.608494953945582173e-01
9.649119003886178492e-01
9.688587639919051808e-01
9.521331693089969406e-01
9.633288541568414409e-01
9.575844079801731912e-01
9.612048876803395148e-01
9.512137185865250366e-01
9.614938483705838257e-01
9.514728420855087521e-01
9.664576520528597170e-01
9.575958073865445952e-01
9.579376553430125618e-01
9.615221352791085696e-01
9.559230278822933302e-01
9.464021724895875787e-01
9.528660662173357165e-01
9.659230705210457568e-01
9.576049514396841600e-01
9.502937298366558316e-01
9.560697034779334080e-01
9.555476082143556926e-01
9.515025148937281685e-01
9.550340288422118906e-01
9.608524352274940838e-01
9.598993021146488003e-01
9.546842442709162491e-01
9.613039961840770253e-01
9.588690060727270703e-01
9.611154341117614797e-01
9.548220014548217671e-01
9.559008934592888584e-01
9.538944635150283791e-01
9.659303142018476063e-01
9.531608253181963475e-01
9.587398087317374751e-01
9.688312275194320700e-01
9.612802853701229999e-01
9.576500796060520848e-01
9.566108571100823132e-01
9.531831084592734538e-01
9.498972804942379389e-01
9.604809613892943965e-01
9.598612691934088614e-01
9.561330653546845637e-01
9.504220394066257294e-01
9.540660220858342422e-01
9.584632959243667427e-01
9.622153491216752785e-01
9.602542099789509455e-01
9.694643947588336141e-01
9.563847744321252176e-01
9.576053197379720272e-01
9.642510202537191155e-01
9.604975762828185104e-01
9.593338359784708835e-01
9.576955354638476692e-01
9.662248463669649290e-01
9.675941027872991818e-01
9.565301207477481249e-01
9.523967283880770962e-01
9.565508367402243417e-01
9.569214889466897134e-01
9.545767975261363336e-01
9.560475703728031904e-01
9.531955539689132006e-01
9.486898302265873717e-01
9.581038695646129089e-01
9.554535957608264463e-01
9.530849746489691299e-01
9.610567879012399395e-01
9.547298609207817144e-01
9.612839086682669620e-01
9.457745101684638112e-01
9.537036680731014737e-01
9.557830774780309291e-01
9.686916707223354184e-01
9.573512972049114111e-01
9.547493185398220339e-01
9.556744381634914021e-01
9.583436118398958037e-01
9.517800091402430773e-01
9.599659772692118453e-01
9.605250793125879039e-01
9.502683578052432134e-01
9.598461117911654128e-01
9.516359822260689327e-01
9.401641889561773713e-01
9.684880286765040758e-01
9.515374759318678821e-01
9.671173972473711133e-01
9.593757461032781375e-01
9.720912779122644620e-01
9.625098226193955497e-01
9.523249116217672450e-01
9.631860880472257191e-01
9.591692019611651743e-01
9.592873839600305486e-01
9.588136609948689770e-01
9.594107463299755834e-01
9.500836981755084176e-01
9.530300055483356125e-01
9.589158234842239947e-01
9.585034788297080999e-01
9.598961864248962694e-01
9.715904301989194414e-01
9.638950699068523642e-01
9.584170361903548985e-01
9.558248267531017639e-01
9.485971049734420735e-01
9.499138121511627730e-01
9.607620771582482400e-01
9.566361051036555985e-01
9.690061502586106990e-01
9.569211278090139494e-01
9.596249470202785625e-01
9.569009941823226617e-01
9.661109624779349314e-01
9.696948932735861559e-01
9.527324346241402564e-01
9.523942420849680346e-01
9.612600847456596043e-01
9.567616419765961888e-01
9.566584027791483757e-01
9.634700594474893132e-01
9.626052723312856774e-01
9.617029722203731534e-01
9.444635139981811811e-01
9.516269785492216249e-01
9.467245479533247243e-01
9.623261318235236672e-01
9.529661272559067919e-01
9.503870347876020030e-01
9.685481183122749416e-01
9.569314493125754550e-01
9.527115596943438458e-01
9.653103662083799552e-01
9.681525976998200944e-01
9.630916418502555310e-01
9.476771393003464716e-01
9.577146056334779889e-01
9.545769576995681849e-01
9.523965042502102740e-01
9.508792436194066777e-01
9.616860427121290966e-01
9.400018517628130343e-01
9.598660565462808769e-01
9.502001898273952918e-01
9.580213181606285211e-01
9.598168529095885138e-01
9.615152405617487519e-01
9.468403041147162025e-01
9.658546720961420640e-01
9.593647725352273392e-01
9.667067233549871963e-01
9.617540997248823498e-01
9.592474197501329458e-01
9.673984089942764264e-01
9.475707747611959997e-01
9.526456579043539596e-01
9.513510594516537688e-01
9.577124682632834896e-01
9.718723779352393954e-01
9.435442418931061503e-01
9.605461077852140983e-01
9.557231818132712053e-01
9.584022390259180346e-01
9.529892290488826134e-01
9.529939970361490653e-01
9.598710794615360475e-01
9.486189577383892235e-01
9.629256127074815597e-01
9.576021297574170976e-01
9.592975827136883682e-01
9.588603154479929946e-01
9.619894017661795305e-01
9.656448941338195979e-01
9.478295380553002358e-01
9.556901384802535260e-01
9.637544632790898680e-01
9.638702777955008294e-01
9.484851992364160544e-01
9.558219750335550380e-01
9.613098575146566960e-01
9.572324698087072425e-01
9.550680688035445565e-01
9.531517475116230154e-01
9.439660926689503739e-01
9.452721580002537705e-01
9.581821773494967331e-01
9.592358435017493967e-01
9.592969492882426064e-01
9.648269750445964688e-01
9.584979123829282521e-01
9.630601901402964238e-01
9.522624907880667955e-01
9.481029607165554207e-01
9.563076076323772101e-01
9.613585486015888693e-01
9.619509599101422337e-01
9.556669841814197097e-01
9.518898501160960590e-01
9.634475051999679129e-01
9.501301284206569164e-01
9.563487974968748473e-01
9.550082820373566594e-01
9.556400017744640651e-01
9.455517813566695073e-01
9.509973378679277278e-01
9.541385275999900717e-01
9.634575933533139347e-01
9.510735068004957382e-01
9.478840847876455200e-01
9.562645982844500958e-01
9.519335380858332529e-01
9.536146760071013695e-01
9.640221419941485959e-01
9.581169847119808125e-01
9.616895342928383217e-01
9.576887409671981377e-01
9.589911620283806393e-01
9.713679448331933308e-01
9.510546038669871471e-01
9.482158893067503813e-01
9.529392269257502823e-01
9.517912010530616973e-01
9.628538239750658034e-01
9.578396329973571932e-01
9.605016108290643784e-01
9.618945990237878219e-01
9.504487907313836637e-01
9.514802215825097775e-01
9.507691012972517841e-01
9.559436520805419946e-01
9.507935362798701773e-01
9.506336796249503784e-01
9.581046197061461323e-01
9.637283952480519833e-01
9.554535814939267846e-01
9.540223694444149860e-01
9.553238538942302460e-01
9.556511135557035352e-01
9.597030459782276424e-01
9.489462585891464963e-01
9.624735000914909078e-01
9.583691403674099440e-01
9.502340290404062140e-01
9.542899504965880464e-01
9.615786959257850430e-01
9.522856155572378967e-01
9.638480152002926182e-01
9.578024805962574995e-01
9.486547044506267179e-01
9.641232215539413675e-01
9.523494564673383733e-01
9.643244260221076614e-01
9.537927024791861275e-01
9.609702465172553776e-01
9.643252105554864784e-01
9.602568080121125504e-01
9.629630221199600992e-01
9.551612707937713331e-01
9.607797933727393325e-01
9.613857034992386863e-01
9.550122384519734720e-01
9.514037359885221257e-01
9.581630778223965139e-01
9.438504672305717547e-01
9.639372780178731004e-01
9.580944893221140513e-01
9.539651559068849096e-01
9.611838048720057204e-01
9.617838394994288054e-01
9.568850541347353467e-01
9.664633284513726164e-01
9.548716425532275398e-01
9.576693693300897259e-01
9.620992008794008177e-01
9.693191149057801548e-01
9.567593627913149046e-01
9.623460652974401563e-01
9.634082959992302797e-01
9.578532020418413229e-01
9.534295597878731376e-01
9.507483152370079793e-01
9.597615818972684565e-01
9.473018471925002126e-01
9.620670930572680080e-01
9.582823110052430815e-01
9.664000657483043932e-01
9.586099399343744887e-01
9.575395685896808118e-01
9.581298653094141304e-01
9.578989251101081015e-01
9.572173321624753983e-01
9.606170778473516192e-01
9.558907351098939742e-01
9.651058413245462431e-01
9.707412959391206186e-01
9.601952189458430320e-01
9.573803554154014517e-01
9.594755048580279055e-01
9.738032723043700267e-01
9.626217906777351230e-01
9.657701526747155540e-01
9.641660462710945900e-01
9.509936965814675958e-01
9.667241920905944585e-01
9.582729934313569675e-01
9.604619315863159867e-01
9.652357240258579996e-01
9.546763441404657602e-01
9.577922705345081056e-01
9.643439699024675127e-01
9.537045053217974022e-01
9.500058509357219849e-01
9.550702272984635810e-01
9.543218877557674285e-01
9.594561440701463439e-01
9.605443454066060482e-01
9.548036648509434787e-01
9.560945168253347504e-01
9.632719315563836870e-01
9.636351284903816872e-01
9.499661406782965445e-01
9.505386337247390127e-01
9.630137456659639827e-01
9.605519163911498959e-01
9.620628524565844053e-01
9.610672390812760035e-01
9.576311308965306246e-01
9.676663848567532700e-01
9.601861590645232036e-01
9.577855691846549613e-01
9.525677765854486667e-01
9.569533172383073438e-01
9.542588894495597218e-01
