0.10716489
0.12603211
0.08769799
0.11254106
0.09210982
0.09708084
0.10287447
0.10368201
0.10246096
0.09530071
0.09114193
0.11540475
0.11890977
0.09073776
0.11659259
0.10843104
0.11470682
0.11764617
0.08651277
0.10092156
0.10673692
0.13251872
0.10625205
0.12108308
0.11510497
0.09146537
0.12431239
0.12912913
0.12912710
0.09725793
0.10088023
0.11579191
0.09241572
0.09149422
0.09697789
0.10303286
0.15939643
0.10548143
0.10408985
0.10454201
0.09708662
0.10055047
0.09369426
0.11409131
0.10484344
0.09581261
0.11221951
0.09883461
0.10913967
0.10836238
0.11557307
0.11911436
0.10034725
0.09617562
0.12071196
0.09874630
0.10169213
0.10747275
0.11004749
0.09799279
0.09401000
0.08979653
0.09375970
0.10130633
0.10822314
0.11358306
0.10183110
0.10526548
0.09226040
0.12803190
0.11175759
0.11841228
0.13792637
0.10415609
0.10749304
0.09134672
0.10476374
0.10527230
0.09264383
0.11036852
0.09275687
0.09672580
0.11006615
0.12047683
0.09814031
0.10221368
0.09940771
0.09893747
0.09931143
0.09585489
0.10299404
0.09255285
0.09715972
0.09462377
0.10938074
0.10480706
0.09919127
0.09312067
0.10478935
0.10231041
0.10136428
0.10775166
0.11822282
0.10679203
0.09746561
0.10906829
0.09761845
0.10208797
0.09340572
0.10656659
0.08957938
0.09527848
0.10243057
0.09732928
0.12387708
0.12376586
0.10541007
0.15199558
0.09869557
0.10584964
0.10186701
0.11145676
0.09305005
0.09538363
0.09865682
0.10630606
0.09386847
0.10473980
0.13401588
0.10321819
0.09086146
0.10484620
0.09951180
0.10474591
0.10236404
0.10494773
0.10914290
0.09391763
0.12321769
0.10502852
0.15834650
0.09443308
0.09979869
0.09603932
0.13919491
0.10187891
0.10135701
0.09590499
0.10759766
0.09503935
0.11053338
0.10356750
0.10312872
0.09817868
0.09607288
0.11593096
0.09703445
0.09236455
0.11567086
0.09401361
0.08713757
0.09224317
0.10740265
0.11526664
0.09816557
0.11800770
0.10969148
0.12115588
0.09272075
0.10420721
0.12937192
0.11229698
0.09910668
0.10698983
0.10584875
0.11060465
0.17172630
0.10499792
0.10090977
0.09102977
0.11096188
0.09637325
0.10522727
0.09828345
0.11446710
0.10152452
0.09822271
0.10534283
0.11934654
0.11185890
0.11573540
0.11965347
0.09303438
0.10196182
0.10196579
0.09622148
0.15386454
0.09592243
0.12184042
0.10186770
0.11735216
0.10012256
0.11234282
0.10818966
0.10105257
0.10561992
0.11224051
0.09804364
0.10141745
0.10484260
0.10389186
0.10099343
0.09641048
0.09758860
0.13777777
0.10120155
0.09560360
0.10467760
0.10677358
0.09815378
0.11239895
0.09583266
0.10362619
0.09761206
0.13185411
0.09614616
0.09220480
0.10838816
0.09465887
0.12939295
0.09781232
0.11140950
0.10207749
0.09038628
0.13165378
0.10523793
0.10228761
0.09037377
0.12014487
0.12014380
0.11520467
0.11019839
0.10814124
0.11179262
0.09992805
0.09252864
0.10394631
0.11358279
0.11867742
0.10437285
0.10774293
0.09829073
0.11281278
0.08942443
0.11048823
0.10975116
0.10579935
0.09349757
0.10843710
0.09297189
0.11363517
0.10220827
0.09782493
0.10478973
0.10308865
0.10106327
0.09535739
0.10494588
0.12074759
0.09234341
0.10716489
0.12603211
0.08769799
0.11254106
0.09210982
0.09708084
0.10287447
0.10368201
0.10246096
0.09530071
0.09114193
0.11540475
0.11890977
0.09073776
0.11659259
0.10843104
0.11470682
0.10716489
0.12603211
0.08769799
0.11254106
0.09210982
0.09708084
0.10287447
0.10368201
0.10246096
0.09530071
0.09114193
0.11540475
0.11890977
0.09073776
0.11659259
0.10843104
0.11470682
0.11764617
0.08651277
0.10092156
0.10673692
0.13251872
0.10625205
0.12108308
0.11510497
0.09146537
0.12431239
0.12912913
0.12912710
0.09725793
0.10088023
0.11579191
0.09241572
0.09149422
0.09697789
0.10303286
0.15939643
0.10548143
0.10408985
0.10454201
0.09708662
0.10055047
0.09369426
0.11409131
0.10484344
0.09581261
0.11221951
0.09883461
0.10913967
0.10836238
0.11557307
0.11911436
0.10034725
0.09617562
0.12071196
0.09874630
0.10169213
0.10747275
0.11004749
0.09799279
0.09401000
0.08979653
0.09375970
0.10130633
0.10822314
0.11358306
0.10183110
0.10526548
0.09226040
0.12803190
0.11175759
0.11841228
0.09750671
0.10078396
0.10348365
0.12776685
0.10145092
0.10462045
0.12671223
0.10580795
0.10004213
0.10366425
0.11107142
0.09209874
0.09965706
0.09411290
0.09978762
0.09440989
0.10233177
0.11646258
0.09679264
0.09926943
0.10683629
0.10257694
0.10768974
0.09501303
0.09672778
0.09574059
0.10382534
0.10554885
0.11385542
0.10055601
0.13881253
0.11217852
0.10251929
0.11937919
0.09023932
0.10767297
0.10309563
0.10094206
0.10382242
0.11788486
0.11773125
0.10829811
0.09608986
0.11276586
0.10300470
0.09792800
0.09544531
0.10203644
0.09919124
0.10771754
0.11966504
0.10093242
0.10342008
0.11693139
0.10313077
0.09450020
0.11272607
0.10508366
0.09736779
0.09155595
0.09503912
0.11376865
0.09460531
0.10519004
0.11334527
0.10114777
0.09213499
0.09468083
0.09376639
0.10684254
0.12108759
0.09974780
0.09463303
0.10356860
0.09935591
0.09374257
0.10915695
0.09756630
0.09688241
0.11724768
0.10346510
0.10882755
0.09434599
0.10524867
0.09943332
0.10811113
0.09042231
0.09535924
0.10068617
0.11143873
0.12232019
0.10133972
0.09624695
0.11131544
0.09581176
0.09305270
0.10626238
0.10310716
0.09430766
0.09641141
0.10108205
0.09790566
0.11212261
0.11160922
0.10348509
0.10849325
0.09580325
0.10014746
0.10088524
0.10765970
0.10160575
0.11386997
0.09793398
0.10247750
0.10395883
0.09430845
0.09809212
0.09457999
0.10785865
0.09645749
0.09706183
0.10404956
0.13556084
0.09033930
0.14238953
0.12107455
0.12517814
0.10004252
0.10843192
0.09762432
0.10840196
0.09902900
0.10047681
0.09821499
0.09389379
0.11623375
0.11561616
0.10804288
0.10166689
0.11294957
0.09886072