0.03767540
0.03231487
0.04004754
0.04648718
0.03993710
0.03464084
0.03464331
0.03974534
0.03927295
0.03946123
0.03752060
0.04635066
0.03639472
0.03424640
0.03798347
0.03340682
0.03289315
0.05041765
0.04205179
0.03697582
0.03522500
0.03524430
0.03774564
0.03951451
0.03908158
0.03755067
0.03384105
0.04108086
0.03589699
0.03391810
0.03900936
0.03664515
0.04130874
0.03918029
0.03895728
0.04182618
0.03803512
0.03996541
0.03792948
0.03503337
0.03487768
0.03316303
0.03251935
0.03417382
0.03480075
0.03825857
0.03906520
0.03727104
0.03418768
0.03270651
0.03796259
0.03868262
0.03534743
0.03841568
0.03645737
0.03879773
0.03907092
0.04231127
0.03398991
0.04775076
0.03280037
0.03755577
0.03687278
0.03970117
0.04563897
0.03460081
0.03924933
0.03802383
0.03523824
0.03521497
0.03723361
0.03624688
0.03794268
0.03989757
0.03882467
0.03431172
0.03471957
0.03583196
0.03591702
0.03458910
0.03888848
0.03622062
0.03702156
0.03544874
0.03339291
0.03848311
0.03331913
0.03617347
0.04118262
0.03555001
0.03782933
0.03851547
0.03690986
0.03743162
0.03403266
0.03915601
0.03793145
0.04420594
0.03863639
0.04094213
0.03995840
0.04133246
0.04447368
0.03832491
0.03651458
0.03441315
0.05141484
0.03426569
0.03667713
0.04184132
0.03937355
0.04669876
0.04073664
0.04058781
0.04412320
0.03813155
0.03427645
0.03425914
0.03795862
0.04483654
0.03526494
0.04109811
0.03312710
0.03747201
0.03435325
0.03529246
0.03573700
0.04087929
0.04076864
0.03634621
0.03402424
0.03811272
0.04281369
0.04593369
0.04576334
0.03757551
0.04207914
0.03930100
0.04322455
0.03819368
0.03393869
0.03631794
0.03360601
0.04600172
0.04048072
0.04107291
0.03559291
0.03916575
0.03635158
0.03466060
0.03555797
0.04648040
0.03613459
0.03759485
0.03373390
0.03597987
0.03768709
0.03962864
0.03621875
0.03861399
0.03915003
0.03761839
0.03745055
0.04183026
0.04271011
0.03426215
0.04559071
0.03782421
0.03651641
0.03888508
0.03865691
0.03756675
0.04240038
0.03918408
0.04379347
0.04227068
0.03549257
0.03138234
0.03851816
0.03743118
0.04246065
0.03762126
0.04040675
0.03669910
0.03923878
0.03801903
0.03830064
0.04268950
0.03971236
0.03510304
0.03743826
0.03638648
0.03512789
0.04425617
0.03444613
0.03690240
0.03387691
0.03663155
0.03946184
0.04241034
0.04422198
0.03837976
0.04029643
0.03489333
0.03910571
0.04111408
0.03906249
0.03859698
0.03554836
0.03855849
0.05122891
0.03692257
0.04209341
0.03729833
0.04377225
0.03874811
0.03671706
0.03379075
0.04174206
0.03605138
0.04470060
0.04334037
0.03755138
0.03809847
0.03996408
0.03763102
0.03384504
0.03784592
0.03941185
0.03667986
0.03531625
0.03433744
0.04165778
0.03412376
0.03690365
0.03946957
0.03755633
0.04366666
0.03629260
0.04126355
0.04118918
0.03797373
0.03736754
0.03766979
0.03834729
0.03366869
0.03794192
0.03410148
0.04377907
0.03799989
0.04153915
0.03765820
0.03602087
0.03555569
0.03568154
0.03391113
0.04028624
0.03861049
0.03824652
0.03569083
0.03687674
0.03795854
0.03962529
0.03486567
0.03975890
0.03571325
0.04021361
0.04587601
0.04226152
0.03548223
0.03767540
0.03231487
0.04004754
0.04648718
0.03993710
0.03464084
0.03464331
0.03974534
0.03927295
0.03946123
0.03752060
0.04635066
0.03639472
0.03424640
0.03798347
0.03340682
0.03289315
0.03767540
0.03231487
0.04004754
0.04648718
0.03993710
0.03464084
0.03464331
0.03974534
0.03927295
0.03946123
0.03752060
0.04635066
0.03639472
0.03424640
0.03798347
0.03340682
0.03289315
0.05041765
0.04205179
0.03697582
0.03522500
0.03524430
0.03774564
0.03951451
0.03908158
0.03755067
0.03384105
0.04108086
0.03589699
0.03391810
0.03900936
0.03664515
0.04130874
0.03918029
0.03895728
0.04182618
0.03803512
0.03996541
0.03792948
0.03503337
0.03487768
0.03316303
0.03251935
0.03417382
0.03480075
0.03825857
0.03906520
0.03727104
0.03418768
0.03270651
0.03796259
0.03868262
0.03534743
0.03841568
0.03645737
0.03879773
0.03907092
0.04231127
0.03398991
0.04775076
0.03280037
0.03755577
0.03687278
0.03970117
0.04563897
0.03460081
0.03924933
0.03802383
0.03523824
0.03521497
0.03723361
0.03624688
0.03402246
0.04142980
0.03381284
0.03995414
0.04265600
0.03522740
0.04224401
0.03918879
0.03302610
0.03931621
0.03607016
0.04103281
0.03657136
0.04584277
0.03970885
0.03356897
0.03981959
0.03250170
0.03245845
0.03360359
0.03515832
0.03613851
0.03858753
0.03882506
0.04096090
0.04586331
0.03353113
0.03751469
0.03667910
0.03582580
0.04406748
0.03552567
0.03375665
0.03488077
0.03492110
0.04432859
0.03674937
0.03758820
0.03689935
0.03537527
0.03740514
0.04178445
0.03887773
0.03701409
0.03943951
0.03455436
0.03841298
0.04350648
0.03454563
0.03876236
0.04092951
0.03289008
0.04034644
0.03713835
0.03427684
0.04515411
0.04295116
0.03836003
0.03972203
0.03604093
0.03660783
0.03988169
0.04469742
0.03711810
0.04243559
0.03326816
0.04643775
0.03676599
0.03694568
0.03583059
0.03507124
0.03692150
0.03463419
0.03658291
0.03948507
0.03951803
0.03362541
0.03391059
0.03537963
0.03370146
0.03519797
0.03854967
0.04013202
0.03839500
0.03844849
0.03737549
0.03785997
0.03329738
0.03317459
0.03628675
0.04040386
0.03724137
0.03355601
0.03674534
0.04336354
0.03496032
0.04248514
0.03588820
0.03321394
0.03883319
0.03501193
0.03320468
0.03877966
0.03913449
0.04048571
0.04112229
0.03788918
0.03787600
0.03500096
0.03974236
0.03545558
0.03835942
0.03654355
0.03867080
0.04105534
0.03715454
0.03555710
0.04642518
0.03575222
0.03774731
0.03499485
0.04166533
0.03682229
0.04029325
0.03729794
0.03977750
0.03462229
0.03937588
0.03640165
0.04075023
0.03284041
0.03571343
0.03752048
0.03739974
0.03736299
0.03708297
0.04608777
0.03531593
0.04003149
0.03883935
0.03395062