0.10642412
0.10676309
0.09908268
0.10724509
0.10770305
0.11437844
0.10450835
0.10626015
0.12172969
0.09865352
0.12519745
0.15245629
0.20430463
0.10253421
0.09978431
0.09652274
0.12828409
0.12987812
0.10470200
0.12720331
0.11194831
0.11362877
0.10155857
0.12260046
0.10325094
0.11748833
0.12902594
0.12274977
0.10826100
0.11762138
0.12241625
0.09583240
0.11735078
0.12916663
0.11386944
0.10504727
0.10488160
0.15788280
0.11820923
0.11329209
0.11688822
0.11397636
0.11186034
0.11146126
0.12924806
0.10930922
0.10422866
0.09563131
0.11865674
0.11907665
0.11653079
0.10283078
0.10734416
0.10377036
0.12818130
0.11127491
0.09922393
0.11418137
0.09729312
0.10569959
0.10422054
0.11492324
0.11624815
0.12182073
0.10652029
0.09920829
0.10911407
0.11175929
0.10698070
0.11035207
0.10554454
0.11457038
0.10028665
0.11066698
0.12518829
0.14679871
0.11358826
0.11581899
0.12559772
0.11034503
0.12494083
0.10876840
0.11314563
0.10931043
0.10013419
0.10491152
0.11411162
0.10693489
0.11256053
0.11748847
0.11106769
0.16017567
0.10613026
0.10412799
0.11550429
0.11081177
0.12441045
0.09921137
0.10295050
0.10443934
0.10680024
0.13409441
0.10368585
0.11065637
0.10433011
0.12948239
0.12143049
0.09766752
0.09899089
0.10147835
0.10058998
0.16001790
0.10284589
0.11913130
0.12054444
0.10465953
0.11788992
0.11065091
0.12776740
0.10544746
0.10850623
0.10519646
0.10945239
0.10074706
0.11512453
0.10376293
0.10503573
0.10236240
0.11202362
0.10522335
0.10227803
0.09513839
0.10843221
0.12897401
0.10060319
0.09801670
0.10907377
0.10232967
0.10397317
0.11173205
0.10204912
0.10024633
0.14138422
0.10372883
0.09628415
0.11288948
0.10016898
0.11963028
0.11391310
0.11328929
0.10435219
0.10591444
0.11520075
0.10168021
0.14201668
0.10943149
0.10903718
0.10226119
0.13198898
0.15587219
0.12928784
0.11731540
0.11882932
0.11248898
0.10258997
0.11161057
0.10110062
0.11725770
0.10796996
0.09943693
0.10467130
0.10969158
0.10856384
0.11672290
0.13491937
0.12322148
0.10325607
0.10357628
0.11746889
0.10671387
0.10472136
0.09908019
0.10758204
0.11260580
0.12391902
0.14560716
0.09939391
0.10304692
0.11697863
0.10958940
0.11782258
0.10885655
0.11728413
0.11302735
0.11691134
0.11202422
0.13024063
0.11260539
0.12235879
0.10908454
0.10063259
0.13784959
0.10623654
0.10773076
0.14800098
0.10781887
0.12250573
0.11872622
0.10927987
0.11527057
0.10570639
0.10893938
0.11085013
0.11805695
0.12052959
0.11466108
0.11428397
0.10112514
0.10840052
0.10619709
0.11605507
0.10777355
0.10061923
0.12653144
0.10805961
0.09688046
0.10117588
0.12005139
0.10945475
0.10298228
0.11851011
0.11635377
0.09866499
0.14314356
0.13274056
0.09994666
0.11017576
0.11256254
0.11246628
0.09777656
0.09883542
0.12122910
0.09902456
0.24314823
0.19655378
0.10993158
0.11209746
0.10297627
0.11673320
0.09544060
0.12434915
0.09950926
0.15621569
0.13441564
0.13203417
0.12927284
0.10657703
0.11044106
0.11628329
0.11894269
0.12486289
0.11244352
0.12369129
0.10663206
0.12561413
0.11811054
0.10079496
0.10073376
0.12648850
0.10677782
0.10642412
0.10676309
0.09908268
0.10724509
0.10770305
0.11437844
0.10450835
0.10626015
0.12172969
0.09865352
0.12519745
0.15245629
0.20430463
0.10253421
0.09978431
0.09652274
0.12828409
0.10642412
0.10676309
0.09908268
0.10724509
0.10770305
0.11437844
0.10450835
0.10626015
0.12172969
0.09865352
0.12519745
0.15245629
0.20430463
0.10253421
0.09978431
0.09652274
0.12828409
0.12987812
0.10470200
0.12720331
0.11194831
0.11362877
0.10155857
0.12260046
0.10325094
0.11748833
0.12902594
0.12274977
0.10826100
0.11762138
0.12241625
0.09583240
0.11735078
0.12916663
0.11386944
0.10504727
0.10488160
0.15788280
0.11820923
0.11329209
0.11688822
0.11397636
0.11186034
0.11146126
0.12924806
0.10930922
0.10422866
0.09563131
0.11865674
0.11907665
0.11653079
0.10283078
0.10734416
0.10377036
0.12818130
0.11127491
0.09922393
0.11418137
0.09729312
0.10569959
0.10422054
0.11492324
0.11624815
0.12182073
0.10652029
0.09920829
0.10911407
0.11175929
0.10698070
0.11035207
0.10554454
0.11457038
0.11437600
0.10604817
0.10111557
0.12516600
0.10103147
0.10365419
0.11478007
0.10152369
0.09901539
0.12130724
0.12577244
0.11592574
0.10321379
0.10399573
0.10586699
0.10103125
0.10579218
0.09304426
0.11449412
0.10599620
0.13291748
0.11390479
0.13335515
0.11266735
0.11055107
0.12764143
0.10879658
0.10335290
0.10495622
0.10408765
0.11572090
0.10887068
0.12192559
0.10771064
0.10280751
0.10585895
0.09895194
0.11439652
0.13932306
0.10063005
0.11397012
0.11788890
0.11152546
0.12045905
0.11583895
0.10556208
0.12665145
0.09955775
0.11133009
0.09601452
0.11449379
0.10747798
0.13341081
0.10756390
0.11211242
0.10107881
0.09995277
0.11394382
0.10666571
0.10659011
0.11023153
0.10956050
0.11710667
0.11374949
0.11778019
0.09877134
0.11104610
0.10881500
0.11227993
0.11712852
0.10955272
0.11403109
0.12559346
0.11119818
0.12105892
0.11384912
0.10763301
0.10500053
0.11466382
0.11692047
0.12379765
0.09544799
0.10904043
0.14098522
0.10189565
0.12356436
0.12990769
0.11301928
0.11571126
0.11020413
0.13940536
0.10943456
0.12390016
0.10596401
0.09979554
0.10487720
0.10609504
0.11570405
0.11381824
0.11677020
0.10375961
0.10422281
0.10794596
0.11722313
0.11068948
0.11393802
0.11645648
0.10748778
0.10207445
0.11142189
0.10750175
0.10118794
0.11406979
0.10553192
0.11362594
0.11180469
0.11832717
0.10311309
0.12703518
0.11857526
0.10560653
0.10276433
0.10426465
0.15759676
0.10744350
0.09861594
0.10574946
0.10938311
0.10219382
0.09803054
0.11117386
0.10583292
0.08964948
0.10633536
0.10275624
0.10853673
0.11837029
0.11014429
0.10081047
0.11161463
0.10493493