0.04576995
0.04062379
0.04137411
0.03981288
0.03784833
0.04676293
0.03938848
0.03895912
0.03844292
0.04035934
0.04372354
0.03931279
0.03714239
0.03912346
0.04568439
0.03741678
0.04104319
0.04146368
0.04131826
0.04315975
0.04096245
0.03744885
0.04120983
0.04296938
0.03970717
0.03928151
0.03956439
0.03699956
0.04693547
0.04318389
0.03798184
0.03620964
0.03581607
0.03960446
0.04417198
0.03899545
0.03733074
0.04187789
0.04395394
0.03981240
0.03637876
0.04348899
0.04077441
0.03644233
0.03689172
0.04231913
0.04356935
0.04123022
0.03170195
0.03521415
0.04032316
0.03583038
0.03756392
0.03689664
0.03641140
0.04192214
0.04074684
0.03399107
0.03592744
0.03548228
0.04660537
0.04009991
0.03906839
0.04050301
0.04143338
0.03771158
0.04119217
0.03522851
0.03900116
0.03557021
0.03839583
0.04128921
0.03987874
0.04429687
0.04556764
0.04034385
0.04028900
0.03914727
0.03782258
0.03459598
0.04163376
0.04164897
0.03795426
0.03621954
0.03835710
0.03852949
0.03575251
0.03894345
0.04114806
0.03750216
0.03862574
0.04018847
0.04318653
0.04032247
0.04159269
0.04086706
0.03717548
0.03631731
0.03812058
0.04132671
0.04364399
0.03942539
0.04052924
0.04026912
0.04309168
0.03938613
0.03970306
0.03752549
0.04128153
0.04198663
0.04209888
0.04015562
0.03817543
0.03881447
0.03534184
0.03629825
0.04072523
0.03460384
0.04232609
0.04005516
0.04050996
0.03926144
0.04274462
0.04009725
0.04189398
0.04279616
0.04081461
0.03887263
0.03885186
0.03397472
0.03942596
0.03689490
0.04309025
0.04033582
0.03788190
0.04294685
0.04054057
0.03720171
0.03672617
0.03804723
0.04468000
0.04005481
0.04397308
0.04377398
0.04349419
0.04223587
0.04211856
0.03837620
0.03372885
0.04295920
0.04076077
0.04287778
0.03850987
0.04157441
0.03874508
0.03556097
0.04403083
0.03932492
0.03866499
0.03593642
0.04159599
0.04005577
0.03942983
0.03923570
0.03552335
0.03589879
0.03925003
0.03881460
0.03958363
0.03567848
0.03689896
0.03738429
0.04002369
0.03662480
0.04126286
0.04139567
0.03511113
0.04537722
0.04200927
0.04354843
0.04208510
0.03392850
0.03357359
0.03794652
0.03773962
0.04318022
0.04430899
0.03886143
0.03981758
0.03340804
0.04406111
0.03550279
0.03904897
0.03967664
0.03758084
0.03901251
0.03278327
0.04067739
0.03738608
0.04129550
0.03809402
0.03792269
0.04138075
0.03845289
0.03752884
0.04174995
0.03798212
0.04885573
0.03824525
0.04400755
0.04262338
0.03745002
0.03739094
0.03585052
0.03895547
0.03727148
0.03893958
0.03839855
0.04172451
0.03534731
0.04630153
0.03592453
0.04184775
0.03524722
0.04104377
0.04576045
0.03797550
0.03910349
0.04171836
0.03933064
0.03726705
0.03769340
0.03543336
0.03449549
0.03885650
0.03625456
0.04058415
0.04027179
0.03916988
0.04197868
0.04061356
0.04069232
0.03324014
0.03461992
0.03957972
0.03905929
0.04089032
0.03831749
0.03992419
0.04156428
0.03811850
0.04029301
0.04055724
0.04059300
0.03850368
0.04330208
0.04174373
0.04121373
0.04465340
0.03776387
0.04563494
0.03842282
0.03748613
0.03609809
0.03949076
0.03948376
0.04284160
0.04259016
0.03672430
0.03814871
0.04576995
0.04062379
0.04137411
0.03981288
0.03784833
0.04676293
0.03938848
0.03895912
0.03844292
0.04035934
0.04372354
0.03931279
0.03714239
0.03912346
0.04568439
0.03741678
0.04104319
0.04576995
0.04062379
0.04137411
0.03981288
0.03784833
0.04676293
0.03938848
0.03895912
0.03844292
0.04035934
0.04372354
0.03931279
0.03714239
0.03912346
0.04568439
0.03741678
0.04104319
0.04146368
0.04131826
0.04315975
0.04096245
0.03744885
0.04120983
0.04296938
0.03970717
0.03928151
0.03956439
0.03699956
0.04693547
0.04318389
0.03798184
0.03620964
0.03581607
0.03960446
0.04417198
0.03899545
0.03733074
0.04187789
0.04395394
0.03981240
0.03637876
0.04348899
0.04077441
0.03644233
0.03689172
0.04231913
0.04356935
0.04123022
0.03170195
0.03521415
0.04032316
0.03583038
0.03756392
0.03689664
0.03641140
0.04192214
0.04074684
0.03399107
0.03592744
0.03548228
0.04660537
0.04009991
0.03906839
0.04050301
0.04143338
0.03771158
0.04119217
0.03522851
0.03900116
0.03557021
0.03839583
0.04128921
0.03862715
0.03776566
0.04266098
0.04063608
0.03918444
0.03483601
0.03948205
0.04143970
0.03923328
0.03909698
0.04272079
0.03897609
0.04253429
0.03559140
0.03288438
0.03856397
0.03853384
0.04086156
0.04097624
0.03981687
0.03668427
0.03907541
0.04429384
0.03916765
0.03961738
0.03655808
0.03782387
0.04185866
0.04131168
0.04392437
0.03814255
0.04212494
0.04094808
0.03990881
0.04207693
0.03615902
0.04105998
0.04134536
0.03781954
0.04052470
0.04039068
0.03912469
0.03355665
0.04228947
0.03768783
0.04234908
0.04069781
0.03562482
0.04389443
0.04375001
0.03651597
0.03626094
0.03920977
0.03783934
0.03842672
0.03578292
0.03702736
0.03991662
0.03438279
0.03753999
0.03758922
0.03797946
0.04321992
0.04134979
0.03827027
0.03681312
0.04032797
0.03630120
0.04100445
0.04007875
0.03898277
0.03626463
0.03866152
0.03237002
0.03827040
0.04514315
0.03703591
0.03662370
0.03560754
0.03339886
0.04115426
0.04401828
0.04352510
0.03874330
0.04395288
0.03777494
0.04254040
0.04192719
0.03924553
0.03639346
0.03709430
0.03732641
0.04287808
0.03968341
0.04037316
0.04252255
0.03436465
0.03533048
0.03611812
0.04871584
0.04029937
0.03808328
0.03481892
0.03564965
0.03824220
0.04268921
0.04090065
0.03915179
0.03892151
0.03899396
0.04015234
0.03718981
0.03934062
0.03798929
0.03762699
0.04517739
0.04070385
0.03326810
0.03515798
0.04200030
0.03559859
0.03622565
0.04151739
0.04282986
0.04122362
0.04123763
0.03903388
0.03506756
0.03632032
0.03771334
0.04097477
0.03756688
0.04218969
0.04062704
0.03562892
0.03760086
0.03684560
0.03525368
0.03958298
0.03626952
0.04518839