0.12759282
0.12077647
0.12548650
0.11726605
0.11696673
0.11898538
0.12846995
0.14108710
0.14178919
0.11630305
0.14444643
0.14385236
0.12923502
0.10747962
0.18842006
0.11818912
0.14077087
0.11468830
0.12616484
0.13464666
0.11803217
0.11449291
0.20323901
0.10873854
0.12396258
0.11463924
0.11443656
0.12070676
0.13564755
0.10797928
0.12418344
0.11616843
0.14881371
0.19734400
0.11218192
0.13453443
0.12477989
0.11836576
0.11969730
0.11514187
0.12655260
0.13835036
0.12334076
0.12850214
0.12092396
0.17200279
0.12693262
0.13431031
0.11893167
0.14876333
0.11989433
0.11092228
0.12685670
0.11178388
0.13288445
0.12233915
0.13090094
0.13051711
0.13919376
0.11900855
0.16841563
0.13583782
0.12315249
0.12908421
0.11141044
0.11257425
0.10846172
0.11992843
0.12037380
0.11498929
0.10817968
0.13452158
0.11999828
0.12259542
0.14249869
0.11889303
0.12691515
0.12224881
0.14546329
0.13457174
0.14112934
0.13775698
0.12097552
0.11653470
0.13471239
0.11454847
0.11275396
0.11787370
0.11418659
0.14415629
0.11994080
0.13018308
0.13360917
0.11567218
0.12270618
0.12852784
0.13299836
0.13494091
0.13374339
0.13855689
0.12832621
0.16068031
0.12903818
0.12816896
0.12542109
0.12055461
0.16612987
0.19023464
0.11579179
0.14501747
0.12997882
0.13736673
0.13002680
0.12337892
0.11437393
0.13972639
0.13172328
0.12657120
0.11918469
0.12911005
0.13325597
0.11546292
0.12670516
0.14726443
0.11299867
0.12447286
0.11575397
0.15392964
0.12929010
0.10847028
0.10937822
0.14446027
0.12587970
0.17686464
0.12914201
0.11252558
0.12492909
0.14359421
0.12973347
0.11966621
0.13224127
0.13725859
0.12456257
0.13067651
0.12578739
0.14572735
0.12062709
0.11392566
0.12704218
0.11164788
0.15795886
0.11033703
0.12669124
0.14392180
0.12968707
0.12124051
0.12363270
0.13725757
0.12657868
0.12998046
0.14360901
0.11201308
0.13824377
0.14632813
0.12725595
0.12890642
0.12311887
0.19237183
0.13856026
0.16008546
0.11198607
0.12478867
0.10866705
0.17056330
0.15006896
0.17393052
0.13864729
0.14535782
0.12523586
0.12636476
0.14597426
0.14367905
0.14380362
0.14102980
0.12113267
0.14447874
0.14358356
0.11410480
0.13404142
0.11804360
0.12864342
0.14772871
0.11857413
0.10928098
0.11380071
0.15017843
0.11951415
0.12355849
0.13286330
0.13991611
0.15434435
0.12921546
0.12624617
0.13531811
0.15200053
0.12271088
0.14268010
0.13451512
0.13339426
0.12948466
0.17301249
0.12927291
0.19313820
0.12957391
0.13092835
0.11822768
0.12724674
0.14201414
0.13504317
0.15280387
0.12662471
0.14349096
0.11869713
0.12707477
0.12316599
0.16987596
0.12747901
0.11576549
0.12687482
0.13544857
0.22032622
0.16725168
0.13571723
0.10771257
0.14797508
0.12858128
0.10401746
0.11984136
0.12090319
0.13029822
0.14485183
0.12207490
0.15616770
0.11761282
0.13016346
0.20236644
0.10476988
0.12700787
0.13078829
0.15110170
0.16408758
0.11234711
0.12006581
0.12159833
0.13874834
0.12521449
0.15406006
0.13293858
0.13212756
0.10802894
0.12291679
0.11414569
0.11198846
0.15212146
0.13218313
0.12301585
0.12674465
0.11530913
0.12146752
0.11622312
0.12782063
0.12759282
0.12077647
0.12548650
0.11726605
0.11696673
0.11898538
0.12846995
0.14108710
0.14178919
0.11630305
0.14444643
0.14385236
0.12923502
0.10747962
0.18842006
0.11818912
0.14077087
0.12759282
0.12077647
0.12548650
0.11726605
0.11696673
0.11898538
0.12846995
0.14108710
0.14178919
0.11630305
0.14444643
0.14385236
0.12923502
0.10747962
0.18842006
0.11818912
0.14077087
0.11468830
0.12616484
0.13464666
0.11803217
0.11449291
0.20323901
0.10873854
0.12396258
0.11463924
0.11443656
0.12070676
0.13564755
0.10797928
0.12418344
0.11616843
0.14881371
0.19734400
0.11218192
0.13453443
0.12477989
0.11836576
0.11969730
0.11514187
0.12655260
0.13835036
0.12334076
0.12850214
0.12092396
0.17200279
0.12693262
0.13431031
0.11893167
0.14876333
0.11989433
0.11092228
0.12685670
0.11178388
0.13288445
0.12233915
0.13090094
0.13051711
0.13919376
0.11900855
0.16841563
0.13583782
0.12315249
0.12908421
0.11141044
0.11257425
0.10846172
0.11992843
0.12037380
0.11498929
0.10817968
0.13452158
0.11888734
0.16984448
0.12623914
0.11562534
0.11139565
0.12208189
0.11112040
0.11901051
0.12608258
0.16914787
0.12153548
0.11519959
0.16705689
0.13851395
0.12295672
0.11919538
0.11435456
0.12856628
0.12628344
0.12320098
0.13041807
0.12195813
0.13592011
0.12801710
0.15223570
0.11761734
0.12059658
0.11242333
0.13604101
0.19267531
0.12070909
0.13837247
0.11943592
0.12780016
0.11866711
0.13195098
0.11948598
0.14113109
0.14547441
0.13444668
0.11571833
0.13423702
0.11606896
0.13195978
0.13854587
0.12809146
0.12623866
0.11867878
0.11961512
0.11814922
0.13882173
0.12100151
0.12088018
0.16558790
0.12484814
0.13840030
0.17006061
0.14563574
0.13968516
0.11457095
0.13511928
0.12779355
0.10090492
0.14260635
0.14505491
0.11443708
0.11557470
0.11706435
0.10990575
0.15768521
0.14027313
0.12056197
0.11657664
0.13406775
0.13903265
0.11746634
0.14332256
0.12202926
0.11833736
0.13025504
0.18761138
0.11447593
0.13255398
0.13674720
0.16642927
0.15455987
0.12724781
0.12265133
0.12883188
0.13409657
0.11987469
0.11333823
0.12239827
0.12796493
0.17690050
0.12059967
0.11512993
0.11521642
0.11826810
0.10912448
0.13135187
0.12487860
0.12254833
0.12027654
0.11338582
0.11619446
0.11663492
0.15299759
0.11356981
0.11950435
0.12431425
0.16928555
0.14088025
0.12984308
0.10676936
0.10545800
0.13106908
0.14050585
0.13071877
0.13372952
0.12644765
0.11654996
0.13952308
0.17155220
0.13918401
0.23291912
0.11519435
0.12507334
0.15745461
0.13139346
0.11451957
0.13171703
0.12904361
0.13056633
0.13481921
0.11119458
0.11492468
0.12488999
0.14596839
0.12269891