0.08774383
0.09097621
0.09007527
0.08776176
0.08590405
0.10157686
0.09463141
0.08800997
0.08409088
0.08716854
0.09176683
0.08825118
0.08939232
0.08982486
0.09772243
0.10384752
0.09173539
0.07948030
0.09037370
0.09100770
0.09208737
0.10070957
0.09129199
0.10215907
0.09959391
0.08979906
0.09603506
0.11197681
0.08629693
0.09638418
0.09517848
0.09371257
0.10333210
0.09326478
0.09886456
0.08539731
0.09109503
0.09995671
0.09210321
0.08721767
0.09839127
0.10031416
0.09828138
0.09847851
0.09940244
0.08881556
0.09363018
0.09730383
0.09960084
0.08810121
0.08385986
0.09296893
0.09800145
0.10037771
0.09668714
0.10795135
0.09827098
0.08636134
0.09035671
0.08997718
0.08358620
0.08841100
0.09620818
0.08690162
0.09547954
0.09685568
0.09131034
0.09481521
0.09292395
0.08983613
0.10261112
0.09054957
0.09647300
0.11625562
0.09483771
0.10638700
0.08653247
0.10088423
0.08640445
0.09227573
0.10005963
0.11297905
0.10308425
0.08935524
0.08433432
0.09926760
0.09646835
0.10034231
0.10475790
0.09975448
0.09308938
0.10737952
0.10910270
0.10564295
0.08655212
0.08580190
0.10251801
0.09186114
0.08881671
0.09704981
0.09048837
0.10534968
0.08804157
0.09383363
0.09268271
0.08692757
0.09760728
0.09091940
0.09751947
0.09025183
0.09129298
0.08699387
0.10168023
0.10407134
0.08659756
0.09069688
0.09084479
0.09346636
0.08809024
0.08803696
0.08783032
0.10242184
0.09249424
0.10390530
0.11738807
0.09591681
0.08673017
0.09190962
0.08776762
0.09872343
0.09285191
0.08973196
0.08641319
0.08750226
0.09697598
0.10048945
0.09296592
0.08662325
0.09178760
0.10032372
0.08472358
0.09152186
0.09063868
0.08762990
0.09274512
0.09824671
0.10451958
0.09898848
0.09472196
0.09861958
0.10796302
0.09597975
0.11325249
0.08897370
0.09796460
0.09186121
0.09349712
0.09251250
0.10479958
0.09197249
0.09360756
0.08561373
0.09056620
0.10211984
0.10413443
0.09642267
0.08823880
0.09175053
0.09695819
0.09083669
0.08743036
0.09836512
0.08755727
0.08833085
0.10821533
0.09333706
0.09495039
0.09842228
0.09056322
0.08680682
0.09301654
0.08599191
0.09508514
0.09053300
0.10147078
0.08593713
0.09111354
0.09654005
0.09003458
0.08923642
0.09309457
0.10368367
0.08967285
0.09337572
0.08408501
0.11057546
0.09873804
0.09366777
0.08350923
0.08351849
0.08720657
0.09626720
0.10383168
0.09904116
0.15878594
0.09649838
0.09285205
0.09945055
0.09200814
0.09724344
0.09721453
0.09607920
0.10493772
0.09980833
0.09276988
0.08642453
0.09672402
0.10276639
0.10580824
0.09448443
0.09698233
0.08281579
0.10157812
0.09291674
0.08575916
0.09739115
0.09838679
0.08878050
0.09090273
0.08957376
0.08705000
0.10726360
0.08803226
0.09355635
0.09675225
0.08688816
0.09170316
0.09111114
0.08934786
0.10974108
0.08376357
0.09594195
0.09347956
0.09532163
0.08991772
0.08855972
0.10539132
0.08461123
0.08848235
0.09530132
0.09579185
0.09352659
0.09868514
0.09209754
0.09742832
0.09651670
0.08996416
0.09036257
0.09092427
0.09480682
0.09179962
0.09149566
0.09640900
0.10816415
0.08539542
0.08497469
0.09439961
0.09885497
0.09464487
0.09418489
0.08774383
0.09097621
0.09007527
0.08776176
0.08590405
0.10157686
0.09463141
0.08800997
0.08409088
0.08716854
0.09176683
0.08825118
0.08939232
0.08982486
0.09772243
0.10384752
0.09173539
0.08774383
0.09097621
0.09007527
0.08776176
0.08590405
0.10157686
0.09463141
0.08800997
0.08409088
0.08716854
0.09176683
0.08825118
0.08939232
0.08982486
0.09772243
0.10384752
0.09173539
0.07948030
0.09037370
0.09100770
0.09208737
0.10070957
0.09129199
0.10215907
0.09959391
0.08979906
0.09603506
0.11197681
0.08629693
0.09638418
0.09517848
0.09371257
0.10333210
0.09326478
0.09886456
0.08539731
0.09109503
0.09995671
0.09210321
0.08721767
0.09839127
0.10031416
0.09828138
0.09847851
0.09940244
0.08881556
0.09363018
0.09730383
0.09960084
0.08810121
0.08385986
0.09296893
0.09800145
0.10037771
0.09668714
0.10795135
0.09827098
0.08636134
0.09035671
0.08997718
0.08358620
0.08841100
0.09620818
0.08690162
0.09547954
0.09685568
0.09131034
0.09481521
0.09292395
0.08983613
0.10261112
0.09054957
0.09367545
0.08569000
0.09789698
0.10958306
0.09083470
0.09342954
0.09516189
0.09125362
0.09862910
0.09733211
0.09295013
0.09611617
0.09327043
0.09602297
0.09040914
0.08903077
0.09418164
0.08478009
0.09369348
0.08809263
0.08513750
0.10521576
0.08920362
0.08678923
0.09460957
0.09867387
0.10638561
0.08569446
0.09232313
0.10715155
0.09424166
0.09629747
0.09574873
0.09159072
0.09494246
0.09317428
0.10824116
0.10392930
0.08989300
0.08974594
0.08842050
0.08974079
0.08691112
0.09087964
0.08457182
0.08515075
0.08865569
0.08781479
0.09342114
0.10879597
0.10534844
0.08660157
0.09117638
0.08988375
0.09681088
0.08540433
0.10502661
0.09339370
0.08698266
0.09754103
0.09490202
0.08698467
0.07935079
0.10617315
0.08785571
0.10368240
0.09320230
0.09423326
0.09170008
0.09169933
0.09926488
0.10410563
0.09009980
0.09120886
0.11277725
0.09972862
0.09344525
0.08476149
0.09310277
0.08848731
0.08995748
0.10472179
0.08333927
0.08874561
0.09085915
0.08791232
0.09431996
0.09170076
0.08920507
0.08963035
0.09403485
0.08914662
0.09277317
0.11254999
0.09046269
0.08988033
0.08771875
0.09022418
0.08771760
0.08667334
0.08829843
0.09933449
0.09285621
0.14082322
0.09321016
0.08457965
0.09378061
0.09198094
0.09408821
0.10033293
0.08712938
0.09049556
0.10415913
0.08465148
0.09277973
0.08768809
0.09337032
0.09889237
0.09137848
0.09377738
0.08711647
0.13295898
0.09069685
0.08654197
0.08978594
0.09723773
0.13058610
0.09520003
0.08901511
0.08964759
0.09163794
0.10272333
0.08840238
0.09593638
0.08254348
0.09094686
0.08604186
0.08962752
0.09917915
0.08863713
0.09260833