0.05723677
0.05513657
0.05619911
0.05362132
0.05596771
0.05111225
0.06489572
0.05124364
0.05977693
0.05170372
0.05167959
0.05554296
0.04998674
0.06030974
0.05056431
0.06680123
0.05354646
0.06284700
0.05156433
0.05172660
0.05237203
0.05141845
0.05070848
0.05651776
0.05012231
0.04987530
0.04917806
0.04894230
0.04944749
0.05208938
0.05947093
0.04929268
0.05198297
0.05105536
0.06058863
0.05219954
0.05084730
0.05294678
0.05628044
0.04982360
0.05126235
0.05130183
0.05226975
0.04911538
0.05769495
0.05709946
0.04940934
0.05623182
0.04818019
0.05414640
0.05186739
0.05178080
0.05354753
0.04514241
0.05073502
0.05023391
0.05188655
0.05614233
0.05797237
0.05353062
0.05363057
0.05075518
0.05192243
0.05322539
0.05556105
0.05169443
0.05050669
0.04914470
0.04748856
0.05071587
0.04928379
0.04723880
0.05012701
0.05066493
0.05934767
0.05753442
0.05410666
0.06023611
0.05389723
0.05081028
0.04873731
0.04993610
0.05239392
0.05095716
0.06584493
0.04918983
0.04972967
0.05558460
0.05146549
0.04848476
0.04805365
0.05764918
0.05893579
0.05103099
0.04833845
0.05701706
0.05414361
0.05342181
0.05191311
0.04883440
0.05432317
0.04987456
0.04881443
0.05097678
0.04858484
0.04991678
0.06006890
0.05265526
0.05457840
0.05332192
0.05003131
0.05189313
0.05364132
0.05065995
0.06942111
0.04668480
0.05577617
0.04820227
0.05569836
0.05237329
0.05348541
0.05559171
0.05025242
0.04493228
0.05164606
0.05443263
0.04908827
0.05095217
0.04905768
0.05132697
0.05641709
0.06663398
0.05445878
0.04881436
0.04813334
0.06492499
0.05199921
0.05293391
0.05149325
0.05181577
0.05254062
0.04948529
0.05322196
0.05382052
0.05184381
0.05363910
0.05705505
0.05419207
0.05440990
0.04766958
0.04962910
0.06916982
0.05113985
0.05435093
0.06026872
0.05049699
0.05011384
0.04840167
0.05381853
0.05430201
0.05155152
0.04921809
0.05477242
0.05208810
0.05216446
0.04988040
0.05671612
0.05608669
0.05366637
0.05042449
0.05504826
0.04945105
0.04920587
0.05075686
0.06613591
0.04945416
0.05011152
0.05474785
0.05543840
0.05326419
0.04957199
0.04957676
0.05091680
0.05169173
0.05120405
0.05511506
0.05518781
0.05477478
0.04898946
0.05394015
0.05164624
0.05137925
0.05389090
0.05097337
0.07670934
0.05102587
0.05245323
0.04795965
0.05041564
0.05140342
0.05215426
0.05359436
0.05253905
0.05133872
0.05112241
0.04974057
0.04762589
0.05579768
0.05619096
0.06001929
0.05637341
0.04975121
0.04923352
0.05152157
0.05410236
0.05450547
0.05075725
0.05088865
0.05769682
0.05645478
0.05392753
0.04852788
0.05090487
0.05381769
0.05086048
0.05499608
0.04987712
0.05093486
0.05342517
0.05174867
0.05726569
0.04951828
0.05357780
0.04906041
0.05085105
0.05236987
0.05237369
0.04904080
0.05509236
0.05113636
0.04920927
0.05984198
0.04937780
0.04789130
0.04646981
0.05283313
0.05373650
0.05735366
0.05185826
0.04951068
0.05003783
0.05310378
0.04788597
0.05717142
0.05453584
0.05354436
0.04866800
0.05491861
0.05272652
0.04767856
0.05246020
0.05065331
0.05487531
0.04965251
0.05042765
0.05055334
0.04806439
0.04873336
0.05274844
0.05001354
0.05723677
0.05513657
0.05619911
0.05362132
0.05596771
0.05111225
0.06489572
0.05124364
0.05977693
0.05170372
0.05167959
0.05554296
0.04998674
0.06030974
0.05056431
0.06680123
0.05354646
0.05723677
0.05513657
0.05619911
0.05362132
0.05596771
0.05111225
0.06489572
0.05124364
0.05977693
0.05170372
0.05167959
0.05554296
0.04998674
0.06030974
0.05056431
0.06680123
0.05354646
0.06284700
0.05156433
0.05172660
0.05237203
0.05141845
0.05070848
0.05651776
0.05012231
0.04987530
0.04917806
0.04894230
0.04944749
0.05208938
0.05947093
0.04929268
0.05198297
0.05105536
0.06058863
0.05219954
0.05084730
0.05294678
0.05628044
0.04982360
0.05126235
0.05130183
0.05226975
0.04911538
0.05769495
0.05709946
0.04940934
0.05623182
0.04818019
0.05414640
0.05186739
0.05178080
0.05354753
0.04514241
0.05073502
0.05023391
0.05188655
0.05614233
0.05797237
0.05353062
0.05363057
0.05075518
0.05192243
0.05322539
0.05556105
0.05169443
0.05050669
0.04914470
0.04748856
0.05071587
0.04928379
0.04723880
0.04790881
0.05308405
0.05037907
0.06079572
0.04909798
0.04876001
0.04984205
0.06118550
0.05474063
0.05195017
0.04848919
0.05191306
0.04752704
0.04878019
0.05034239
0.05033760
0.05694978
0.05462851
0.06208909
0.05909488
0.05073310
0.05298774
0.05307454
0.05848723
0.05001555
0.05231716
0.04857846
0.05054766
0.05234097
0.05522985
0.05360558
0.05836054
0.05385332
0.04986077
0.05377011
0.05081457
0.04777046
0.06116808
0.05038800
0.05881122
0.04729179
0.05251017
0.05055572
0.05740166
0.05408464
0.04780413
0.05164085
0.05075712
0.05254210
0.05490823
0.05298707
0.06434450
0.05905538
0.05569979
0.05248777
0.06281449
0.04630394
0.05518775
0.05023565
0.05669479
0.05112874
0.05282084
0.05381875
0.05362264
0.05034334
0.05513548
0.05457958
0.04991276
0.05216905
0.04952573
0.05296258
0.05495944
0.05500266
0.04984815
0.05673573
0.05752949
0.04962105
0.05057870
0.05090606
0.05187632
0.05258183
0.05179578
0.06310561
0.05164851
0.04921320
0.04780292
0.06694340
0.05609507
0.05709169
0.05702872
0.05529394
0.05853054
0.04829931
0.05279833
0.05372343
0.04946654
0.04883622
0.05689193
0.05505545
0.05523738
0.05383310
0.05220597
0.05198362
0.05315215
0.05038385
0.05805428
0.05013219
0.04897871
0.05228800
0.04765755
0.04748184
0.05516372
0.04760040
0.05230481
0.05012529
0.04768853
0.05057086
0.05979769
0.06299826
0.05041886
0.05152595
0.05179239
0.05418663
0.05250220
0.04809668
0.05952968
0.07224636
0.05175471
0.05601413
0.05079251
0.05316394
0.04922881
0.05309828
0.05500344
0.04818177
0.05336635
0.05403127
0.05282107
0.05531451
0.04938828
0.04855657