0.06704948
0.07633037
0.07463643
0.05965824
0.08190973
0.09833014
0.08986166
0.07583536
0.07508809
0.10322654
0.08629690
0.07861436
0.11873407
0.08073924
0.06888177
0.08704801
0.07265271
0.08358351
0.06610321
0.05828214
0.06642461
0.11031065
0.08498607
0.08397115
0.08271757
0.08384393
0.06623508
0.06467241
0.08202657
0.08343842
0.06191112
0.08388737
0.07624757
0.06583338
0.08117425
0.06914284
0.09557663
0.08090109
0.07182962
0.06965714
0.07962567
0.09012715
0.07359647
0.07656444
0.06129644
0.07753923
0.07126745
0.07053080
0.07824391
0.07634482
0.08217816
0.06446449
0.07491806
0.07239232
0.07732501
0.06831895
0.06798920
0.06969869
0.06692719
0.08245723
0.07376514
0.09394257
0.07900594
0.06661329
0.08330534
0.05830510
0.08759439
0.08037479
0.06744542
0.07200652
0.06861317
0.07940987
0.06972663
0.07575104
0.06433817
0.06501302
0.06639553
0.07430355
0.07327657
0.09996762
0.08304053
0.08106169
0.06574794
0.06124662
0.07309916
0.07357609
0.07441498
0.08459686
0.09388851
0.09033296
0.07177156
0.07060619
0.08324943
0.08692500
0.08208343
0.09793376
0.08919138
0.06269037
0.07153900
0.06521522
0.08609381
0.07515816
0.05975514
0.07117671
0.07220344
0.07817445
0.06739121
0.10479629
0.08016673
0.06829206
0.06355088
0.08006047
0.09274327
0.07641567
0.05753714
0.06904124
0.07991119
0.08706405
0.08183340
0.06808974
0.09605252
0.07980322
0.11113146
0.07782380
0.07283109
0.06442227
0.05558966
0.10587548
0.08458502
0.07931030
0.10726146
0.06702166
0.08743759
0.08329872
0.07113343
0.06568959
0.07885589
0.07889657
0.06625069
0.08135317
0.06883722
0.06147908
0.09072163
0.05939847
0.06481036
0.09920457
0.07081876
0.07834470
0.08849715
0.08336601
0.07120835
0.08897073
0.08695166
0.08164629
0.07406406
0.08686083
0.07212967
0.07379919
0.06257619
0.09091222
0.07893654
0.07381015
0.07984227
0.07261242
0.08666372
0.07428538
0.06753559
0.06593147
0.07225698
0.08839357
0.07975889
0.06748681
0.09811330
0.06515076
0.06229067
0.08182590
0.07690566
0.07262187
0.07130128
0.08017474
0.08076371
0.09481658
0.09910109
0.06098441
0.07603292
0.06687185
0.07501737
0.09151438
0.06142973
0.07189316
0.07688592
0.06960502
0.08874517
0.07677104
0.07523027
0.08635492
0.06879307
0.06817219
0.06961833
0.13196214
0.06879088
0.07933357
0.07396831
0.07463896
0.10309197
0.07834728
0.10526087
0.06132719
0.07668776
0.07221310
0.07104280
0.08475634
0.06463918
0.07386727
0.07289932
0.06246248
0.07044967
0.08975565
0.09089689
0.07224493
0.06302516
0.09863989
0.07008544
0.07616890
0.09311234
0.08191222
0.08000754
0.08032333
0.06835731
0.06291487
0.08832675
0.09193858
0.07108809
0.07708534
0.06879979
0.07271567
0.06971677
0.06676170
0.09899280
0.07661043
0.07234188
0.08509816
0.07705687
0.08323949
0.07839328
0.07175423
0.06300601
0.09022859
0.05771609
0.08828460
0.06577983
0.08008005
0.07897093
0.09210017
0.08160127
0.07536701
0.07814468
0.06372211
0.08763883
0.08437730
0.08182452
0.06649195
0.06663443
0.06210230
0.07060201
0.07194211
0.08110929
0.07255941
0.08585227
0.08206370
0.08017093
0.06704948
0.07633037
0.07463643
0.05965824
0.08190973
0.09833014
0.08986166
0.07583536
0.07508809
0.10322654
0.08629690
0.07861436
0.11873407
0.08073924
0.06888177
0.08704801
0.07265271
0.08358351
0.06704948
0.07633037
0.07463643
0.05965824
0.08190973
0.09833014
0.08986166
0.07583536
0.07508809
0.10322654
0.08629690
0.07861436
0.11873407
0.08073924
0.06888177
0.08704801
0.07265271
0.08358351
0.06610321
0.05828214
0.06642461
0.11031065
0.08498607
0.08397115
0.08271757
0.08384393
0.06623508
0.06467241
0.08202657
0.08343842
0.06191112
0.08388737
0.07624757
0.06583338
0.08117425
0.06914284
0.09557663
0.08090109
0.07182962
0.06965714
0.07962567
0.09012715
0.07359647
0.07656444
0.06129644
0.07753923
0.07126745
0.07053080
0.07824391
0.07634482
0.08217816
0.06446449
0.07491806
0.07239232
0.07732501
0.06831895
0.06798920
0.06969869
0.06692719
0.08245723
0.07376514
0.09394257
0.07900594
0.06661329
0.08330534
0.05830510
0.08759439
0.08037479
0.06744542
0.07200652
0.06861317
0.07940987
0.06972663
0.07327014
0.07138973
0.07594515
0.07431371
0.07463358
0.07589990
0.06900339
0.07339866
0.07186702
0.08631920
0.06765765
0.09290745
0.07152707
0.08629078
0.05825346
0.07102946
0.07536365
0.07996047
0.07806910
0.07684213
0.07936213
0.06263777
0.06956949
0.07419778
0.07539482
0.07146050
0.07594403
0.08652148
0.09757447
0.06253879
0.08369646
0.07019076
0.06714523
0.06861719
0.06672183
0.08457670
0.07474534
0.07857292
0.06090025
0.07295349
0.06726603
0.06249109
0.06655524
0.07028644
0.07329011
0.07157579
0.07513401
0.05764114
0.08814310
0.06702247
0.06901482
0.06816051
0.07075262
0.08435873
0.07454269
0.07686410
0.07607644
0.06315573
0.08297202
0.07107258
0.06533833
0.07257256
0.08664314
0.08528850
0.06265534
0.07552350
0.08332630
0.09445031
0.08308366
0.08280833
0.07771193
0.07660614
0.09318990
0.06804785
0.07827347
0.10969391
0.07434614
0.07922411
0.06305768
0.06770588
0.07244499
0.07409862
0.07471343
0.08166446
0.07493491
0.07484568
0.07557792
0.08278317
0.08884942
0.07656365
0.07461469
0.07368289
0.07275323
0.08555809
0.07909763
0.06972397
0.07386611
0.06741229
0.07412738
0.07663458
0.09699541
0.08568703
0.06652070
0.07787908
0.07086820
0.08690098
0.07869629
0.08049340
0.07098927
0.07558726
0.09479202
0.07167632
0.07638605
0.07167918
0.07736811
0.05866489
0.08877763
0.06394956
0.08223662
0.07211170
0.07573710
0.07960488
0.07049333
0.07284555
0.06717033
0.08125102
0.08772672
0.08865567
0.10006707
0.06774659
0.07574018
0.08561781
0.05928090
0.07906945
0.07226717
0.09704822
0.06823977
0.08682939