0.03682004
0.03667679
0.04266068
0.03534398
0.03784458
0.03200672
0.03891408
0.03216919
0.03991186
0.04197546
0.03408411
0.03515867
0.03548989
0.03656646
0.04116710
0.03968994
0.03400693
0.04235986
0.03961864
0.03517243
0.03769065
0.03686407
0.03685691
0.04493553
0.03935495
0.03423599
0.03692987
0.04646774
0.03564975
0.04074875
0.03397204
0.03681652
0.03797137
0.03974676
0.03834364
0.03719693
0.03628974
0.03733251
0.03970959
0.03468200
0.03980993
0.03627091
0.03802651
0.03657018
0.03507667
0.03710183
0.03161040
0.04196400
0.03333894
0.04140067
0.03762527
0.03809993
0.03520357
0.03516887
0.03945909
0.04035445
0.03393160
0.03134815
0.03324257
0.03805516
0.03917793
0.03556421
0.03672087
0.03613593
0.04018242
0.03630544
0.03729484
0.03917285
0.03969313
0.04157463
0.04021997
0.03537860
0.03739551
0.03490692
0.03684371
0.03234519
0.03581526
0.03737268
0.03391476
0.03463002
0.03584720
0.04340278
0.03528625
0.03889865
0.03744502
0.04004864
0.03602696
0.03708378
0.03421697
0.03732045
0.03640641
0.03437401
0.03491200
0.03933580
0.03974395
0.04367274
0.04092253
0.03265351
0.04022053
0.03705314
0.03744274
0.03636659
0.03954053
0.03659694
0.03876928
0.03844546
0.03788621
0.03923980
0.04586489
0.03527959
0.03551824
0.03636293
0.03646481
0.03864323
0.03766742
0.03619729
0.03708627
0.03810514
0.03527976
0.03474482
0.03363471
0.03697977
0.03665274
0.03719178
0.03954363
0.03625833
0.03973934
0.03681769
0.03752170
0.03820782
0.03799620
0.03807926
0.03682163
0.04067385
0.03709900
0.03745144
0.03146414
0.03688090
0.03425058
0.03758146
0.03588773
0.04029254
0.04217891
0.03859264
0.03505666
0.03894716
0.03848867
0.03515772
0.03569608
0.03928277
0.03837158
0.03982744
0.03954500
0.03696518
0.03944899
0.03850862
0.03600570
0.03347175
0.03660237
0.03932911
0.04131917
0.03995497
0.04073870
0.03913555
0.03959065
0.04618273
0.03694630
0.03902650
0.03670089
0.03505355
0.03493976
0.04077824
0.04074620
0.03771015
0.03649029
0.04063534
0.03980447
0.03961949
0.03137966
0.03771978
0.04124516
0.03494382
0.03883393
0.03474183
0.03621215
0.03816733
0.03764926
0.03733012
0.04009200
0.03927049
0.03470979
0.03571875
0.03226916
0.03351288
0.03532202
0.03724927
0.03539361
0.03132500
0.03766886
0.03947745
0.03645287
0.03682519
0.04181211
0.03969830
0.03492399
0.03750138
0.03381984
0.03746099
0.04007488
0.03684870
0.03677708
0.03575704
0.03636495
0.03591725
0.03434930
0.03364495
0.03851336
0.03642023
0.03184920
0.04062749
0.04192778
0.03949849
0.03396671
0.04208547
0.03680293
0.03692496
0.03853920
0.03818131
0.03923840
0.05031184
0.03837499
0.03887377
0.03978041
0.03984478
0.03862010
0.03916097
0.03387441
0.03527149
0.04115258
0.03509469
0.03641255
0.04064077
0.03603171
0.03916653
0.03494812
0.03784789
0.03760050
0.04136052
0.03881498
0.04107559
0.04096104
0.03455307
0.04010559
0.03604891
0.03528046
0.03989600
0.03573724
0.03465972
0.03685959
0.03781092
0.03433991
0.04014474
0.03652649
0.03523748
0.03604968
0.04032440
0.03798163
0.03558111
0.03787298
0.03671826
0.03682004
0.03667679
0.04266068
0.03534398
0.03784458
0.03200672
0.03891408
0.03216919
0.03991186
0.04197546
0.03408411
0.03515867
0.03548989
0.03656646
0.04116710
0.03968994
0.03400693
0.03682004
0.03667679
0.04266068
0.03534398
0.03784458
0.03200672
0.03891408
0.03216919
0.03991186
0.04197546
0.03408411
0.03515867
0.03548989
0.03656646
0.04116710
0.03968994
0.03400693
0.04235986
0.03961864
0.03517243
0.03769065
0.03686407
0.03685691
0.04493553
0.03935495
0.03423599
0.03692987
0.04646774
0.03564975
0.04074875
0.03397204
0.03681652
0.03797137
0.03974676
0.03834364
0.03719693
0.03628974
0.03733251
0.03970959
0.03468200
0.03980993
0.03627091
0.03802651
0.03657018
0.03507667
0.03710183
0.03161040
0.04196400
0.03333894
0.04140067
0.03762527
0.03809993
0.03520357
0.03516887
0.03945909
0.04035445
0.03393160
0.03134815
0.03324257
0.03805516
0.03917793
0.03556421
0.03672087
0.03613593
0.04018242
0.03630544
0.03729484
0.03917285
0.03969313
0.04157463
0.04021997
0.03537860
0.03359223
0.04567538
0.03689102
0.03615343
0.04351258
0.03721335
0.03426883
0.03471159
0.03545999
0.03386097
0.04210457
0.03408413
0.04103897
0.03950160
0.03284657
0.03606052
0.03651945
0.03731971
0.03457748
0.04081006
0.04077174
0.03551129
0.03608100
0.03807910
0.04281501
0.03837823
0.03430508
0.03298375
0.04045664
0.03471176
0.03941007
0.04178742
0.04158363
0.03703504
0.03867595
0.03719424
0.03285421
0.03873929
0.03563347
0.03522416
0.03624559
0.03974426
0.03567294
0.02937092
0.03826943
0.03643072
0.03406899
0.03285386
0.03609768
0.03352519
0.03538014
0.03716844
0.03955655
0.03438732
0.03494563
0.03664372
0.03903417
0.04022671
0.03679999
0.03957048
0.03705007
0.04148341
0.03791203
0.03851318
0.03932017
0.03756789
0.03109246
0.03442365
0.03704911
0.04201248
0.04144824
0.04147927
0.03905510
0.03566645
0.03665633
0.03757855
0.04117073
0.03782343
0.03262283
0.03683889
0.03786972
0.04006839
0.03513402
0.04063866
0.03856971
0.03592369
0.04405801
0.04001507
0.03852280
0.03780404
0.03480490
0.03595732
0.03831348
0.03562718
0.03871584
0.03531038
0.03930024
0.03863621
0.03745934
0.04035077
0.03333439
0.03961109
0.03483281
0.03803043
0.03453013
0.03734439
0.04118869
0.04023822
0.03911048
0.03765964
0.03864486
0.03992606
0.03599880
0.03716183
0.04084310
0.03974796
0.03428326
0.03872998
0.03693192
0.03868163
0.03661052
0.03750026
0.04134787
0.03897620
0.03918747
0.03602869
0.03863719
0.03581695
0.03820883
0.03617439
0.03714220
0.04319804
0.04018548
0.03950763
0.03770818
0.03436876
0.03421610
0.04366645
0.03491194
0.03419496
0.04010299