0.03895279
0.04323285
0.04405367
0.04264063
0.03732571
0.03962065
0.04022632
0.04201441
0.04462792
0.04076765
0.04366106
0.03783976
0.04586107
0.04125005
0.03627968
0.03835593
0.03869288
0.03582240
0.04303342
0.03953213
0.04111671
0.04121496
0.04245261
0.03920983
0.03616549
0.03607699
0.04251167
0.03882862
0.03466613
0.04051261
0.04188330
0.04126754
0.04114284
0.04273706
0.03878708
0.03812499
0.04308853
0.04602610
0.03587659
0.03896897
0.03628305
0.04019029
0.03907807
0.03670234
0.03676952
0.03779607
0.03862866
0.03840641
0.04032834
0.03812570
0.04105290
0.03907644
0.04508823
0.04267641
0.04046512
0.03882140
0.03864222
0.04840756
0.03541119
0.03957090
0.03618251
0.04140000
0.04318445
0.03985177
0.04329074
0.03704109
0.04253202
0.04065007
0.03928850
0.04021080
0.03990823
0.04007369
0.03748348
0.04134890
0.03367366
0.03996269
0.04416015
0.03875356
0.04337265
0.04996163
0.04067951
0.04103613
0.03764972
0.04371177
0.04156313
0.04559528
0.03692939
0.04124220
0.04838436
0.03587524
0.04455994
0.03787197
0.03710701
0.03777261
0.03722181
0.03844702
0.04457852
0.03572649
0.03882330
0.03777580
0.04259796
0.04290733
0.04178930
0.03750319
0.04126097
0.03577704
0.04147241
0.03630621
0.04376516
0.03815400
0.04557367
0.03945167
0.03808494
0.04371425
0.04309890
0.04000671
0.04197752
0.03740665
0.03872618
0.03898837
0.03935527
0.03978786
0.04502221
0.03584246
0.04273940
0.04061549
0.03855928
0.04246586
0.03771091
0.04269546
0.03770761
0.04614177
0.03696441
0.03655385
0.04527857
0.04149268
0.03775037
0.04301077
0.04061241
0.03450687
0.03524356
0.04146678
0.04038934
0.03732367
0.04047468
0.03767929
0.04159168
0.04719976
0.03813914
0.03900752
0.04113745
0.04046912
0.04897447
0.05073027
0.03877959
0.04322487
0.03650617
0.03836869
0.03773719
0.03881379
0.04580750
0.04226729
0.03904859
0.03993353
0.04080519
0.03823031
0.04231370
0.04349685
0.03705395
0.03636015
0.03614430
0.03980344
0.03774492
0.03765882
0.03650916
0.04036077
0.03864548
0.04239828
0.03807422
0.03897915
0.04174223
0.04212041
0.04159664
0.03789120
0.03936866
0.04635531
0.03642400
0.04350013
0.04003128
0.04802266
0.03377881
0.04367202
0.03940399
0.04298730
0.04054263
0.03945857
0.04052356
0.03631221
0.03769138
0.03930772
0.04270565
0.03859274
0.03965577
0.04178559
0.03824533
0.03579020
0.04584922
0.03843514
0.04124054
0.03546170
0.03907397
0.04034732
0.04744579
0.03989215
0.03819802
0.04167371
0.04793987
0.04119080
0.03922791
0.03718889
0.04250962
0.04610466
0.04042659
0.03987881
0.03646687
0.03730384
0.03683012
0.04321292
0.03689394
0.03738656
0.03927988
0.03459415
0.04133321
0.03450442
0.04118816
0.04594154
0.03851208
0.03894450
0.04297691
0.04615937
0.03740260
0.03893645
0.03920087
0.03427650
0.04239828
0.03811779
0.04095817
0.04188313
0.04391383
0.04002656
0.04636426
0.03895606
0.03652818
0.03970285
0.04329847
0.04077870
0.03956025
0.04536481
0.03919007
0.03912847
0.04329125
0.04784594
0.04109767
0.04210473
0.03721260
0.04305964
0.03960334
0.03797926
0.04012598
0.03861472
0.04017221
0.03895279
0.04323285
0.04405367
0.04264063
0.03732571
0.03962065
0.04022632
0.04201441
0.04462792
0.04076765
0.04366106
0.03783976
0.04586107
0.04125005
0.03627968
0.03835593
0.03869288
0.03895279
0.04323285
0.04405367
0.04264063
0.03732571
0.03962065
0.04022632
0.04201441
0.04462792
0.04076765
0.04366106
0.03783976
0.04586107
0.04125005
0.03627968
0.03835593
0.03869288
0.03582240
0.04303342
0.03953213
0.04111671
0.04121496
0.04245261
0.03920983
0.03616549
0.03607699
0.04251167
0.03882862
0.03466613
0.04051261
0.04188330
0.04126754
0.04114284
0.04273706
0.03878708
0.03812499
0.04308853
0.04602610
0.03587659
0.03896897
0.03628305
0.04019029
0.03907807
0.03670234
0.03676952
0.03779607
0.03862866
0.03840641
0.04032834
0.03812570
0.04105290
0.03907644
0.04508823
0.04267641
0.04046512
0.03882140
0.03864222
0.04840756
0.03541119
0.03957090
0.03618251
0.04140000
0.04318445
0.03985177
0.04329074
0.03704109
0.04253202
0.04065007
0.03928850
0.04021080
0.03990823
0.04007369
0.03901657
0.04180532
0.04430876
0.04218277
0.04393662
0.04143886
0.03635423
0.04032026
0.04103422
0.04252838
0.03754737
0.04319811
0.04562294
0.04101631
0.04036835
0.04577066
0.04211382
0.03618238
0.04058455
0.04218167
0.04072578
0.04007551
0.04096936
0.04056779
0.04297323
0.04293380
0.03834678
0.04067849
0.03957126
0.04615456
0.03494666
0.03728999
0.03651809
0.03907735
0.04099134
0.04028507
0.03559933
0.04193604
0.04013566
0.04085568
0.03990070
0.03983531
0.04422811
0.04287057
0.03939781
0.03954571
0.04142454
0.04136693
0.03679951
0.04459760
0.04284836
0.03655060
0.04271108
0.03994643
0.03967094
0.03866379
0.04266163
0.04139391
0.04097620
0.03930425
0.03802286
0.04085287
0.03625008
0.03951041
0.04001659
0.04458026
0.03922899
0.03488010
0.03639821
0.04068806
0.04207626
0.04253468
0.04469515
0.03552211
0.03925085
0.04452733
0.04106984
0.04048191
0.03817438
0.03665203
0.04000777
0.03922793
0.03953640
0.03749000
0.03937739
0.04415785
0.03913610
0.04007400
0.03992090
0.03810380
0.03702998
0.04735492
0.03927455
0.04623220
0.03977073
0.03923579
0.03724658
0.04230940
0.03991227
0.04351211
0.04139243
0.04062704
0.04222990
0.04080773
0.03977868
0.04264188
0.03704395
0.04160305
0.03855568
0.03522387
0.04114660
0.04082254
0.04185268
0.04202807
0.03678623
0.03735679
0.03819129
0.03827139
0.03983725
0.04355368
0.03846702
0.04083286
0.03982357
0.03913394
0.03932307
0.04084409
0.04047287
0.04568709
0.04061843
0.04030245
0.04035413
0.04104808
0.04450385
0.03946569
0.03881303
0.03687324
0.03982061
0.03867580
0.03628663
0.04284392