0.05454552
0.04855821
0.04053796
0.04690517
0.04798534
0.04449031
0.05244484
0.04600164
0.04363033
0.05412592
0.04851792
0.05044592
0.04754548
0.04107535
0.05591674
0.05126784
0.04637336
0.04320139
0.04570938
0.04792540
0.05028808
0.04206728
0.04824704
0.05706550
0.04628151
0.04682413
0.04577509
0.05441396
0.03885550
0.04884640
0.05123998
0.04115913
0.05442164
0.04272731
0.05503782
0.04655503
0.03901173
0.05365366
0.05840577
0.05243823
0.04770363
0.04329534
0.04369709
0.03908676
0.04792955
0.04790089
0.05379662
0.04248849
0.04271763
0.04429221
0.04833814
0.04917159
0.04647404
0.04083292
0.04413212
0.04407673
0.06041599
0.04378105
0.04811144
0.05099819
0.05028109
0.04342965
0.04302416
0.04905947
0.04235220
0.04839104
0.05079583
0.04276821
0.04632245
0.04271804
0.04161698
0.04936921
0.03823672
0.03941156
0.04463616
0.05232750
0.04774924
0.05637936
0.04388337
0.04402025
0.04052652
0.04919113
0.04410231
0.04697466
0.04621603
0.05673867
0.04693294
0.05254253
0.04596771
0.05238411
0.04549907
0.04512357
0.05331747
0.04408773
0.04407271
0.04548958
0.07102557
0.05108817
0.04650742
0.04815193
0.05323800
0.04500979
0.04423363
0.04428443
0.05316758
0.05734892
0.05156673
0.05210795
0.04448814
0.04581288
0.04482700
0.04799635
0.05147458
0.04856160
0.04183069
0.04151669
0.05079470
0.04036158
0.05245192
0.04781003
0.05196415
0.04547213
0.04783874
0.04857777
0.04343465
0.05102869
0.04394615
0.06243954
0.04260731
0.05275139
0.05294529
0.05426470
0.06417970
0.04347766
0.05889485
0.05405434
0.04037102
0.04710186
0.04719975
0.04475925
0.04452049
0.04069802
0.04571985
0.05699549
0.04779786
0.04129509
0.04448638
0.04890214
0.04655516
0.04301739
0.04501408
0.04593509
0.05280449
0.04011030
0.05584197
0.04458629
0.05250495
0.04756137
0.04318368
0.05609326
0.05015116
0.04183340
0.04544538
0.05057474
0.04805134
0.07721948
0.04911188
0.04286936
0.04571013
0.04935965
0.04292779
0.05141418
0.04760901
0.04851836
0.04847832
0.04704930
0.04563867
0.04542403
0.04622996
0.04400761
0.04352255
0.05452281
0.04393697
0.04407717
0.04530122
0.04420705
0.04763529
0.04400995
0.04571541
0.05286417
0.04431512
0.05231188
0.04187119
0.04163606
0.04405701
0.05606964
0.03992420
0.04042294
0.04960982
0.04194033
0.04742335
0.04937551
0.05105448
0.04968278
0.04728838
0.04733207
0.04120936
0.04214007
0.04844122
0.04909906
0.04944191
0.04918819
0.04629005
0.04760964
0.05925287
0.04157073
0.03982901
0.04215248
0.04949976
0.04585448
0.04821268
0.04212328
0.04334544
0.04417862
0.04871369
0.04785232
0.05084307
0.04679318
0.05099839
0.04056109
0.05326491
0.04522756
0.04295328
0.04284231
0.04584882
0.04785986
0.04993402
0.04147419
0.04758247
0.04542492
0.05060074
0.05285879
0.05241712
0.04285448
0.04607542
0.04518628
0.05738904
0.04801896
0.04302413
0.04826872
0.05256599
0.04076883
0.04990766
0.05016923
0.04752515
0.04581278
0.04541493
0.04656327
0.04479610
0.04413029
0.04202618
0.05095283
0.04699865
0.04900217
0.04589126
0.04741547
0.04767261
0.04885831
0.04794878
0.04562709
0.05454552
0.04855821
0.04053796
0.04690517
0.04798534
0.04449031
0.05244484
0.04600164
0.04363033
0.05412592
0.04851792
0.05044592
0.04754548
0.04107535
0.05591674
0.05126784
0.04637336
0.05454552
0.04855821
0.04053796
0.04690517
0.04798534
0.04449031
0.05244484
0.04600164
0.04363033
0.05412592
0.04851792
0.05044592
0.04754548
0.04107535
0.05591674
0.05126784
0.04637336
0.04320139
0.04570938
0.04792540
0.05028808
0.04206728
0.04824704
0.05706550
0.04628151
0.04682413
0.04577509
0.05441396
0.03885550
0.04884640
0.05123998
0.04115913
0.05442164
0.04272731
0.05503782
0.04655503
0.03901173
0.05365366
0.05840577
0.05243823
0.04770363
0.04329534
0.04369709
0.03908676
0.04792955
0.04790089
0.05379662
0.04248849
0.04271763
0.04429221
0.04833814
0.04917159
0.04647404
0.04083292
0.04413212
0.04407673
0.06041599
0.04378105
0.04811144
0.05099819
0.05028109
0.04342965
0.04302416
0.04905947
0.04235220
0.04839104
0.05079583
0.04276821
0.04632245
0.04271804
0.04161698
0.04936921
0.04529261
0.04287392
0.05757006
0.04015791
0.04631459
0.04086263
0.03999003
0.04111360
0.04580425
0.05460598
0.04329690
0.04848248
0.05375756
0.04426774
0.04774839
0.05325612
0.04814343
0.04099148
0.04666706
0.04608503
0.04256240
0.05107238
0.03875199
0.05281516
0.04353500
0.05259983
0.04847631
0.04401836
0.04958856
0.04049311
0.05362043
0.03800673
0.05080385
0.04187730
0.06845635
0.04225071
0.05361458
0.03997383
0.04662820
0.04970434
0.04661761
0.04993513
0.05242377
0.04398705
0.04020377
0.05034116
0.05237016
0.04575754
0.05094706
0.04164260
0.04493785
0.04753279
0.04693016
0.05420606
0.05021791
0.05761581
0.05180057
0.04522085
0.04081888
0.06424645
0.04190229
0.04931376
0.04910760
0.04126950
0.05047354
0.04219403
0.04162080
0.04365466
0.05290877
0.04336939
0.05768185
0.04357889
0.04928684
0.04143793
0.05654896
0.04790942
0.04539338
0.04457142
0.04264582
0.04271147
0.05462035
0.05081576
0.04300994
0.04734352
0.05393708
0.04425184
0.04561385
0.04237355
0.05290050
0.04469902
0.04137078
0.05284758
0.04569902
0.06044758
0.04841411
0.04177952
0.06785145
0.04095889
0.04190141
0.04606237
0.04869150
0.04391765
0.05583496
0.05026154
0.04840285
0.04630832
0.05270734
0.04562850
0.04567519
0.04464660
0.04822218
0.05936131
0.04779107
0.04003577
0.05295422
0.06212899
0.03884523
0.03789689
0.03885958
0.04291277
0.04501654
0.04160454
0.04726739
0.04234186
0.04690936
0.04199624
0.04535329
0.04695311
0.05179838
0.04167051
0.05342194
0.04510921
0.04070289
0.04354846
0.05126253
0.05277174
0.05531427
0.05325144
0.03866112
0.04024794
0.04008688