0.03833682
0.03458739
0.03737972
0.03312957
0.04491563
0.03880833
0.04135571
0.03920599
0.04469118
0.03704968
0.03229637
0.03868191
0.04114441
0.03549428
0.03333173
0.03517338
0.03588060
0.03894898
0.04062882
0.03587305
0.03716584
0.03654591
0.03519965
0.03718929
0.04217323
0.04145521
0.03982425
0.03571563
0.03335271
0.04333779
0.03691896
0.03548596
0.03834729
0.03996858
0.04056583
0.03813176
0.03956321
0.03300445
0.03746224
0.03479682
0.04124459
0.03303500
0.03630574
0.03992556
0.03415941
0.03716707
0.03772915
0.03212111
0.03514950
0.04011974
0.03711384
0.04173913
0.03949784
0.03924427
0.03910176
0.03557808
0.03665898
0.03512286
0.03546715
0.03961151
0.04304467
0.03549392
0.03506995
0.03737286
0.03772208
0.03734811
0.03891454
0.03809508
0.04013134
0.04272191
0.03066919
0.04062567
0.03776223
0.04063941
0.03313396
0.04042120
0.04029690
0.03761562
0.03939384
0.03444166
0.04531769
0.03157215
0.03816839
0.04143205
0.04344559
0.04408224
0.04599728
0.04138317
0.03724224
0.03914723
0.03341729
0.03666017
0.03544623
0.03374449
0.04011337
0.03904051
0.04182353
0.04484488
0.03648167
0.03623677
0.03649436
0.03492498
0.03887410
0.03444625
0.03575170
0.03586938
0.04679948
0.04061545
0.03734299
0.03908894
0.03985257
0.03728168
0.03424638
0.04491698
0.05058574
0.04573711
0.03823546
0.04419483
0.03773830
0.03807610
0.04570533
0.03919730
0.03904383
0.03830750
0.03741389
0.04334829
0.04310824
0.03592915
0.03635405
0.03623283
0.04014205
0.04465130
0.03387124
0.03457027
0.04344613
0.03619659
0.02910784
0.04036131
0.04193534
0.04305885
0.03835677
0.04379270
0.04096746
0.03679643
0.03815044
0.03623074
0.04529177
0.03505798
0.04136801
0.04382734
0.05125543
0.04923607
0.03479960
0.04483807
0.03641653
0.04851899
0.03901554
0.04137575
0.03899862
0.03318407
0.03376781
0.03749804
0.03942338
0.03532567
0.04521272
0.03527446
0.03962738
0.03419395
0.03968370
0.04134722
0.03933453
0.03671967
0.04587058
0.03764604
0.04041924
0.04518599
0.03739356
0.03485808
0.03718354
0.03674829
0.03902803
0.03925893
0.04292140
0.04463856
0.04021082
0.03890538
0.03720858
0.04417940
0.04400208
0.03559230
0.03450167
0.03742795
0.03567484
0.04037770
0.04155844
0.03319849
0.03197843
0.03413181
0.03801092
0.03441442
0.03680338
0.03928764
0.03749332
0.03956630
0.03859373
0.03558181
0.03552634
0.03178155
0.04451817
0.03691326
0.03619038
0.03687057
0.03564850
0.04297401
0.04047395
0.03508948
0.03551441
0.03614428
0.03578337
0.04765103
0.03974108
0.03709306
0.03728373
0.03883229
0.03918633
0.03652526
0.03768567
0.03480679
0.03470213
0.04155408
0.03660560
0.04014649
0.03537340
0.03784400
0.03600497
0.03911294
0.04110056
0.03898134
0.03753968
0.03410562
0.04214493
0.04237568
0.03760141
0.04055516
0.03877740
0.04342232
0.04161433
0.03877014
0.03560794
0.04191368
0.04018721
0.03612051
0.04477077
0.04220719
0.03942793
0.03812289
0.04204199
0.03529785
0.03667606
0.04241977
0.04243130
0.03407671
0.03796791
0.04337686
0.03751790
0.03781884
0.03533046
0.03506550
0.04407898
0.03957027
0.03833682
0.03458739
0.03737972
0.03312957
0.04491563
0.03880833
0.04135571
0.03920599
0.04469118
0.03704968
0.03229637
0.03868191
0.04114441
0.03549428
0.03333173
0.03517338
0.03588060
0.03833682
0.03458739
0.03737972
0.03312957
0.04491563
0.03880833
0.04135571
0.03920599
0.04469118
0.03704968
0.03229637
0.03868191
0.04114441
0.03549428
0.03333173
0.03517338
0.03588060
0.03894898
0.04062882
0.03587305
0.03716584
0.03654591
0.03519965
0.03718929
0.04217323
0.04145521
0.03982425
0.03571563
0.03335271
0.04333779
0.03691896
0.03548596
0.03834729
0.03996858
0.04056583
0.03813176
0.03956321
0.03300445
0.03746224
0.03479682
0.04124459
0.03303500
0.03630574
0.03992556
0.03415941
0.03716707
0.03772915
0.03212111
0.03514950
0.04011974
0.03711384
0.04173913
0.03949784
0.03924427
0.03910176
0.03557808
0.03665898
0.03512286
0.03546715
0.03961151
0.04304467
0.03549392
0.03506995
0.03737286
0.03772208
0.03734811
0.03891454
0.03809508
0.04013134
0.04272191
0.03066919
0.04062567
0.03461290
0.03451302
0.04448308
0.04013726
0.03265072
0.04311951
0.04315747
0.03826302
0.04058652
0.04153376
0.03253639
0.03702978
0.04073987
0.03757383
0.03659753
0.04628778
0.03876318
0.03626800
0.04541125
0.03637196
0.04188391
0.03827051
0.03628740
0.03763913
0.04039769
0.04616404
0.04218030
0.04922895
0.03439790
0.03883591
0.03335008
0.04045814
0.04035590
0.03756744
0.04909487
0.03524974
0.03656020
0.03686951
0.03495761
0.03648371
0.04062776
0.04517996
0.03510456
0.03938854
0.03843458
0.04208951
0.04025752
0.03759821
0.04575335
0.03748891
0.04325606
0.04185800
0.03330977
0.03721275
0.03004304
0.04304440
0.03779298
0.03580227
0.04040473
0.04263975
0.03773536
0.04087183
0.03769747
0.03925008
0.03804657
0.04199385
0.04109436
0.03444106
0.04135782
0.04202990
0.03976464
0.03859631
0.03749958
0.03256817
0.04099532
0.04122647
0.03359853
0.03933297
0.03364652
0.04355895
0.03352773
0.03273193
0.03835967
0.04425590
0.04527046
0.03985443
0.04058157
0.03702635
0.03580948
0.03176804
0.03690675
0.03459830
0.03311790
0.04347238
0.04212573
0.04038285
0.03752769
0.03593647
0.03766919
0.03887656
0.04246928
0.03942809
0.04262359
0.03790459
0.03841557
0.03821539
0.03899556
0.04274993
0.04276714
0.03419175
0.03747455
0.03416849
0.03302724
0.04247979
0.04527511
0.03452318
0.04027503
0.03652654
0.03814388
0.04812838
0.04150229
0.03544634
0.03576912
0.03658943
0.04226061
0.03322387
0.04189588
0.04310537
0.04242751
0.04622383
0.04629975
0.03588187
0.04246341
0.03481267
0.03661081
0.04056818
0.03507831
0.03890507
0.03483718
0.04028030
0.03081378