0.06429332
0.06139235
0.06999061
0.06221772
0.05240329
0.05836076
0.06433475
0.05687330
0.06957684
0.06003083
0.06225608
0.05391652
0.06092637
0.05434716
0.06909337
0.06090483
0.06117914
0.05969286
0.05976659
0.06383067
0.05420526
0.05620483
0.05601143
0.06091177
0.05920660
0.05425791
0.05692068
0.05991738
0.05795884
0.05775105
0.05963080
0.06050306
0.05305185
0.05863655
0.05975655
0.06516126
0.05559420
0.05501229
0.05771129
0.05847943
0.06080309
0.06342247
0.05875589
0.06275272
0.06496088
0.05363932
0.05318994
0.06300589
0.05700839
0.05691288
0.06148988
0.05325453
0.06034696
0.06491754
0.06002748
0.06511266
0.05981488
0.05809389
0.05944172
0.07380629
0.05687554
0.07530804
0.05843752
0.05793459
0.05792777
0.07399357
0.06018940
0.05498922
0.05698559
0.05887896
0.05956160
0.06321711
0.05878144
0.05607120
0.06363247
0.06371140
0.06246922
0.05762197
0.07234189
0.05542184
0.05173511
0.05850766
0.06120163
0.05989846
0.05287482
0.05430390
0.07013351
0.05850383
0.05585537
0.05829815
0.06561208
0.06454099
0.05502526
0.05781773
0.05812339
0.05485505
0.05642470
0.06310438
0.05860299
0.05028042
0.05418673
0.05284253
0.05248143
0.05706927
0.05677007
0.06840087
0.05648619
0.05379840
0.06601023
0.05614428
0.05787480
0.06408941
0.05767574
0.05555450
0.05599332
0.06234398
0.05437829
0.05425534
0.05783211
0.05733644
0.05576838
0.05364738
0.06157559
0.06112148
0.05688630
0.05774925
0.06162160
0.05117200
0.05758677
0.06031596
0.06088554
0.05532383
0.05661967
0.05764966
0.06261704
0.05799919
0.05471002
0.06429379
0.05984131
0.05884519
0.06166325
0.05739804
0.06401693
0.05737966
0.05402162
0.05582758
0.06304394
0.06130327
0.05573166
0.06722199
0.06473793
0.05537862
0.05595863
0.05781477
0.05353344
0.05843407
0.06628861
0.05202282
0.05351369
0.05939461
0.09627120
0.06893373
0.05151078
0.06076563
0.06100827
0.06484367
0.06512066
0.05622578
0.05904463
0.06093553
0.06550498
0.06859672
0.06363198
0.05963513
0.05393872
0.05832749
0.06065921
0.05555124
0.05528858
0.05806469
0.06300894
0.06477429
0.06040092
0.06271342
0.06184998
0.06158682
0.06538456
0.05421383
0.05846955
0.06098403
0.05862985
0.07308017
0.05915902
0.05478277
0.05686119
0.05454108
0.06235469
0.05360215
0.05678326
0.06561180
0.05709819
0.07135638
0.06707984
0.05685741
0.06883077
0.05503220
0.05837128
0.05871864
0.07183480
0.06411792
0.05920807
0.05170541
0.06222415
0.05762251
0.07407010
0.05947967
0.06848978
0.06064335
0.05632058
0.05358827
0.06870219
0.05467111
0.05256424
0.06003692
0.05475781
0.06233241
0.06816611
0.05897720
0.05496527
0.05313017
0.05737266
0.05981664
0.05154831
0.06345892
0.05609961
0.05816304
0.05513054
0.07130850
0.05574162
0.06125652
0.05714723
0.06458325
0.06194202
0.06093827
0.05312648
0.05627745
0.05669747
0.05737804
0.05233928
0.07226670
0.06266749
0.05902080
0.07252756
0.05195744
0.05437716
0.06277481
0.06316198
0.05841528
0.06398014
0.06224574
0.06027537
0.05441821
0.05489104
0.06187758
0.05605754
0.06180904
0.05666487
0.06233754
0.05547938
0.05709748
0.06429332
0.06139235
0.06999061
0.06221772
0.05240329
0.05836076
0.06433475
0.05687330
0.06957684
0.06003083
0.06225608
0.05391652
0.06092637
0.05434716
0.06909337
0.06090483
0.06117914
0.06429332
0.06139235
0.06999061
0.06221772
0.05240329
0.05836076
0.06433475
0.05687330
0.06957684
0.06003083
0.06225608
0.05391652
0.06092637
0.05434716
0.06909337
0.06090483
0.06117914
0.05969286
0.05976659
0.06383067
0.05420526
0.05620483
0.05601143
0.06091177
0.05920660
0.05425791
0.05692068
0.05991738
0.05795884
0.05775105
0.05963080
0.06050306
0.05305185
0.05863655
0.05975655
0.06516126
0.05559420
0.05501229
0.05771129
0.05847943
0.06080309
0.06342247
0.05875589
0.06275272
0.06496088
0.05363932
0.05318994
0.06300589
0.05700839
0.05691288
0.06148988
0.05325453
0.06034696
0.06491754
0.06002748
0.06511266
0.05981488
0.05809389
0.05944172
0.07380629
0.05687554
0.07530804
0.05843752
0.05793459
0.05792777
0.07399357
0.06018940
0.05498922
0.05698559
0.05887896
0.05956160
0.06321711
0.05525751
0.05923981
0.06569380
0.05378118
0.05497458
0.05776017
0.06826761
0.05791777
0.05404096
0.05887653
0.05804478
0.05543079
0.05795166
0.06212319
0.05772424
0.05783616
0.05456162
0.05463457
0.05436983
0.05973792
0.05425966
0.04949107
0.06248155
0.06111063
0.05602192
0.06761573
0.06362377
0.06020756
0.06005776
0.06176966
0.05474300
0.06819009
0.05991174
0.05659021
0.06265469
0.07852904
0.06281120
0.05388632
0.05168085
0.05543734
0.05077658
0.05550331
0.05413829
0.09251875
0.05314869
0.05967519
0.05748788
0.05759352
0.05711572
0.06863623
0.05338553
0.06264530
0.05471554
0.05363548
0.05943922
0.05532455
0.05622901
0.05438332
0.05810815
0.05792409
0.05394363
0.05866798
0.06403096
0.05310977
0.05786613
0.06901456
0.05508021
0.05773644
0.05975193
0.06714628
0.05898306
0.05700758
0.05879736
0.05319530
0.05778705
0.05627767
0.06976265
0.05662928
0.05430696
0.07446002
0.06226317
0.06188741
0.05702691
0.06422906
0.05914528
0.05485023
0.06453103
0.06410948
0.06717539
0.05570625
0.06353585
0.05927301
0.06061235
0.06180224
0.05905548
0.06925056
0.05731869
0.05646059
0.05637048
0.05689761
0.05310251
0.05258899
0.05736021
0.05643028
0.06547187
0.05928293
0.05539010
0.05659785
0.07532057
0.05697861
0.05537049
0.05415163
0.05450468
0.05534443
0.07008472
0.05792431
0.06815597
0.06250127
0.07553651
0.06558820
0.05492069
0.05555020
0.05917581
0.05675892
0.06454389
0.05826027
0.06113824
0.06304135
0.05719589
0.05723030
0.05219870
0.05556887
0.06823282
0.06345288
0.05577599
0.05457369
0.05265067
0.06032812
0.05654407
0.05653800
0.05725346