0.09541164
0.09188698
0.10931505
0.09467664
0.09550132
0.09391949
0.09571521
0.09607754
0.10626251
0.08143403
0.09011630
0.09221222
0.09357671
0.09892485
0.08790396
0.09153746
0.09298528
0.08823611
0.08907159
0.09250781
0.10073066
0.08861574
0.09592609
0.10266416
0.10486610
0.09322208
0.10136576
0.08854873
0.10453546
0.10027634
0.10503104
0.10214589
0.10026609
0.09321444
0.08951819
0.10449807
0.09867766
0.09972333
0.09899921
0.09175859
0.09984969
0.09689205
0.08940370
0.09235006
0.09002130
0.09912862
0.10180655
0.09296149
0.10198055
0.09176376
0.08269766
0.09049111
0.10850348
0.09494192
0.09021988
0.09408232
0.16040105
0.09793920
0.10107841
0.09625982
0.09779441
0.09574698
0.09558446
0.10258918
0.08724676
0.09300395
0.08842340
0.09028958
0.09770483
0.11222676
0.09447979
0.10561894
0.08816158
0.08584552
0.09272148
0.08923338
0.09596396
0.09566400
0.08524850
0.11759063
0.08997698
0.10962387
0.09589915
0.09061426
0.08843730
0.09295528
0.10225121
0.10722038
0.10446958
0.09971617
0.09319782
0.10031188
0.10278262
0.10796857
0.09130463
0.09405336
0.12114697
0.09635103
0.09470877
0.08968898
0.10410977
0.10146578
0.09098031
0.09391697
0.12518181
0.10093886
0.10564633
0.09352542
0.11056529
0.09512482
0.08868050
0.09619583
0.09529781
0.09840112
0.09400722
0.09283800
0.09858768
0.10128677
0.08984229
0.10653328
0.08983496
0.09443143
0.09440224
0.08964036
0.10687742
0.09275268
0.09050699
0.09832375
0.10573099
0.09219967
0.09163241
0.10121343
0.09104389
0.09538456
0.09587143
0.10056807
0.10493608
0.09330785
0.08891960
0.10962980
0.10373625
0.09230576
0.09135758
0.09915498
0.09124120
0.13749623
0.09492141
0.08483650
0.09682864
0.09276964
0.09015993
0.09337682
0.08918030
0.09310442
0.10352602
0.10359675
0.08862174
0.08450113
0.08366745
0.09223441
0.09666857
0.09543511
0.09815362
0.09746218
0.10329140
0.10950703
0.09664960
0.10196650
0.09705428
0.10433276
0.09602631
0.08204880
0.09370203
0.08958110
0.10096188
0.09062535
0.09038777
0.10849423
0.10656659
0.08894089
0.10223754
0.10294477
0.10136386
0.11598892
0.10847434
0.09427607
0.09282393
0.09312142
0.09304948
0.09725304
0.09227871
0.10887182
0.09919926
0.10709554
0.09490461
0.14667613
0.09485723
0.10171240
0.09795819
0.09702418
0.09093288
0.10676894
0.08735940
0.09218461
0.09886097
0.09607069
0.10374167
0.10183493
0.09697607
0.09137282
0.09919197
0.09284734
0.09254908
0.09418964
0.09438168
0.09706137
0.12437177
0.09032983
0.11631721
0.09046357
0.10824687
0.09112917
0.09911025
0.10261144
0.09891864
0.08824445
0.08771333
0.09618903
0.08747740
0.09497550
0.09523843
0.12598470
0.09677327
0.09343704
0.09479601
0.09177668
0.09731670
0.09430115
0.09027650
0.09383914
0.08888480
0.10229159
0.10097908
0.09273825
0.11331328
0.09143202
0.09487762
0.09188985
0.10813396
0.09944274
0.09402439
0.09999811
0.09409617
0.10753906
0.08357631
0.10167685
0.09890143
0.09287577
0.09738782
0.08844183
0.09729274
0.08832593
0.09099340
0.09028041
0.09420111
0.09690991
0.09488037
0.09442313
0.10176367
0.10515642
0.09541164
0.09188698
0.10931505
0.09467664
0.09550132
0.09391949
0.09571521
0.09607754
0.10626251
0.08143403
0.09011630
0.09221222
0.09357671
0.09892485
0.08790396
0.09153746
0.09298528
0.09541164
0.09188698
0.10931505
0.09467664
0.09550132
0.09391949
0.09571521
0.09607754
0.10626251
0.08143403
0.09011630
0.09221222
0.09357671
0.09892485
0.08790396
0.09153746
0.09298528
0.08823611
0.08907159
0.09250781
0.10073066
0.08861574
0.09592609
0.10266416
0.10486610
0.09322208
0.10136576
0.08854873
0.10453546
0.10027634
0.10503104
0.10214589
0.10026609
0.09321444
0.08951819
0.10449807
0.09867766
0.09972333
0.09899921
0.09175859
0.09984969
0.09689205
0.08940370
0.09235006
0.09002130
0.09912862
0.10180655
0.09296149
0.10198055
0.09176376
0.08269766
0.09049111
0.10850348
0.09494192
0.09021988
0.09408232
0.16040105
0.09793920
0.10107841
0.09625982
0.09779441
0.09574698
0.09558446
0.10258918
0.08724676
0.09300395
0.08842340
0.09028958
0.09770483
0.11222676
0.09447979
0.10561894
0.09430755
0.09225236
0.12542313
0.10696609
0.09553875
0.10088380
0.11010448
0.09410056
0.09404292
0.09676635
0.08314443
0.08852718
0.09307129
0.09998596
0.09132192
0.10413070
0.09000090
0.09541373
0.09472260
0.11483258
0.10533419
0.10127319
0.10166773
0.10363614
0.08829648
0.12106628
0.09530035
0.09407180
0.09385938
0.09706338
0.10478069
0.09218667
0.09272379
0.09687237
0.10028365
0.10323401
0.09715895
0.09051608
0.08910658
0.09054455
0.09916586
0.10597720
0.09608143
0.09493494
0.09474304
0.08933169
0.09472668
0.10121796
0.15311810
0.09904389
0.09391225
0.09999355
0.09724728
0.09954630
0.08850954
0.09619271
0.10078883
0.10084314
0.08940384
0.08740094
0.09531267
0.10527572
0.09017253
0.09777300
0.10133114
0.09668801
0.09422196
0.11769481
0.09932958
0.09688335
0.09496265
0.09108714
0.10386104
0.09161286
0.08864409
0.08896310
0.10615119
0.08549114
0.09452563
0.09414235
0.08979880
0.09303395
0.09575892
0.09810432
0.11281475
0.17071700
0.10046258
0.09065144
0.08935663
0.09360333
0.08896351
0.09294032
0.11595211
0.10503982
0.08848610
0.09607153
0.09701206
0.11645743
0.09277576
0.10059880
0.09478888
0.09267901
0.10183966
0.09289824
0.08949339
0.11018109
0.09604483
0.08995971
0.09131057
0.09467539
0.09575098
0.09033154
0.12497488
0.09015541
0.08776163
0.09412953
0.09220896
0.09369421
0.11383390
0.09366005
0.10629500
0.09802949
0.09079065
0.09660481
0.09286240
0.09302947
0.08667449
0.09450991
0.09954677
0.09655932
0.09422725
0.10495973
0.08366164
0.09440824
0.09903169
0.08692948
0.10035941
0.09248830
0.09753669
0.10027079
0.09226440