0.03446186
0.03528639
0.03801776
0.03646061
0.03269685
0.03850756
0.04128012
0.03630365
0.03526079
0.03478594
0.04060332
0.03951131
0.03417115
0.03924087
0.03712818
0.03592538
0.04109574
0.03234106
0.03220874
0.03441970
0.03885158
0.03703057
0.03681796
0.03514257
0.03421336
0.03634156
0.03496185
0.03590660
0.03817139
0.03754537
0.03763026
0.03791691
0.03277442
0.03560469
0.03678197
0.03429391
0.03651062
0.03995791
0.03630473
0.03272453
0.03436388
0.03287706
0.03674840
0.03810319
0.03438406
0.03562352
0.03729958
0.03438207
0.03695607
0.03496552
0.03452425
0.03570973
0.04000916
0.03767415
0.03662101
0.03291982
0.03800525
0.03393743
0.03473481
0.03801765
0.03570056
0.03855488
0.03818569
0.03456001
0.03607367
0.03288883
0.03730152
0.03659969
0.03685536
0.03727323
0.03485547
0.03511205
0.03582219
0.03996168
0.04000670
0.03379897
0.03644725
0.04398403
0.03849856
0.03407403
0.04077070
0.03462136
0.03454781
0.04052453
0.03739670
0.03474453
0.03638732
0.03415779
0.03608000
0.03129228
0.03622260
0.03768830
0.03580550
0.03896103
0.03764830
0.03441692
0.03706418
0.04059371
0.03132118
0.03736307
0.03333009
0.03795170
0.03654248
0.03511065
0.03709549
0.03658420
0.03748195
0.03654818
0.03837478
0.03622996
0.03522242
0.03518693
0.03767505
0.03553882
0.03914283
0.03427931
0.03975201
0.04049456
0.03848375
0.03660814
0.03603315
0.03450002
0.03477159
0.03497750
0.03272588
0.04043759
0.03337130
0.03567316
0.04119732
0.03619433
0.03465177
0.03671980
0.03408405
0.03929790
0.03494370
0.03864505
0.03556850
0.03762644
0.03239048
0.03602522
0.03544089
0.03807601
0.03342337
0.03542398
0.03636392
0.03766198
0.03525898
0.03813491
0.03476704
0.03348252
0.04171085
0.03244519
0.03745183
0.03795009
0.03775344
0.03694194
0.03554793
0.03844435
0.03301786
0.03510776
0.03437217
0.03149443
0.03520627
0.03419973
0.03563878
0.03661467
0.03949177
0.03921345
0.03202277
0.03761424
0.03677822
0.03682666
0.03422561
0.03831693
0.03436370
0.03637530
0.03574960
0.03504754
0.03541186
0.03658611
0.03709784
0.03632278
0.03406898
0.04161120
0.03811784
0.04101019
0.03585745
0.03348901
0.04004966
0.04498797
0.03910673
0.03464717
0.03456187
0.03656035
0.03209933
0.03507212
0.03867756
0.03638332
0.03732490
0.03652278
0.03141341
0.04241999
0.04107661
0.03628547
0.03916269
0.03232142
0.04062484
0.03526490
0.03626300
0.03759576
0.03635316
0.03733382
0.04219571
0.03276226
0.03280418
0.03757726
0.03213621
0.04121657
0.03402093
0.03764256
0.03696619
0.03766221
0.03298797
0.03666030
0.03604200
0.03324153
0.03696430
0.03336227
0.03580735
0.03567188
0.04088715
0.03773584
0.03096753
0.03626974
0.04214591
0.03678946
0.03624197
0.03639850
0.03547825
0.03660330
0.03609049
0.03118751
0.03862638
0.03410967
0.03610971
0.03662618
0.03909003
0.03815310
0.03561185
0.03404316
0.03650267
0.03816950
0.03725511
0.03194068
0.04096001
0.03536725
0.03729613
0.03634970
0.03889977
0.03740934
0.03945451
0.03784844
0.03413965
0.03544298
0.03582911
0.03556755
0.04161027
0.03497657
0.03565655
0.04019999
0.03446186
0.03528639
0.03801776
0.03646061
0.03269685
0.03850756
0.04128012
0.03630365
0.03526079
0.03478594
0.04060332
0.03951131
0.03417115
0.03924087
0.03712818
0.03592538
0.04109574
0.03446186
0.03528639
0.03801776
0.03646061
0.03269685
0.03850756
0.04128012
0.03630365
0.03526079
0.03478594
0.04060332
0.03951131
0.03417115
0.03924087
0.03712818
0.03592538
0.04109574
0.03234106
0.03220874
0.03441970
0.03885158
0.03703057
0.03681796
0.03514257
0.03421336
0.03634156
0.03496185
0.03590660
0.03817139
0.03754537
0.03763026
0.03791691
0.03277442
0.03560469
0.03678197
0.03429391
0.03651062
0.03995791
0.03630473
0.03272453
0.03436388
0.03287706
0.03674840
0.03810319
0.03438406
0.03562352
0.03729958
0.03438207
0.03695607
0.03496552
0.03452425
0.03570973
0.04000916
0.03767415
0.03662101
0.03291982
0.03800525
0.03393743
0.03473481
0.03801765
0.03570056
0.03855488
0.03818569
0.03456001
0.03607367
0.03288883
0.03730152
0.03659969
0.03685536
0.03727323
0.03485547
0.03511205
0.03556117
0.03145799
0.03649330
0.03511271
0.03689115
0.03755970
0.03571450
0.03838575
0.03829586
0.03811145
0.03797398
0.04075093
0.03614015
0.03304722
0.03431545
0.03543745
0.03633519
0.03635345
0.03545247
0.04434896
0.03877394
0.03375199
0.04037917
0.03936737
0.03949932
0.03697869
0.03401457
0.03337420
0.04026781
0.03710641
0.03731499
0.04566953
0.03816394
0.03327514
0.03184709
0.03927334
0.03941849
0.03319860
0.03957560
0.03676417
0.03416636
0.03858761
0.03180100
0.03558373
0.03895530
0.04001624
0.03607768
0.03596659
0.03760015
0.04043050
0.03485762
0.04525042
0.03915181
0.03526336
0.03453159
0.03358933
0.04038685
0.03653508
0.03291059
0.03517765
0.03885339
0.03835543
0.03583471
0.03496190
0.03589283
0.03584848
0.03660349
0.03612546
0.04050682
0.03852579
0.03412449
0.03439218
0.03509201
0.03744514
0.03633725
0.03400190
0.03537144
0.03897519
0.03721433
0.03390781
0.03545432
0.03366753
0.03397603
0.03484962
0.03503711
0.03626354
0.03581720
0.03979753
0.03537765
0.03602374
0.03890654
0.04137415
0.03773704
0.03723625
0.03435538
0.03684276
0.04059727
0.03747662
0.03876977
0.03377871
0.03904211
0.03088585
0.03166358
0.03388163
0.03172889
0.03572049
0.03426201
0.03842067
0.03957453
0.03641685
0.03629039
0.03735304
0.03624750
0.03605314
0.03641929
0.03763806
0.03871966
0.03364296
0.03704850
0.03711332
0.03543567
0.03488641
0.04054951
0.03749861
0.04053420
0.03574855
0.03592025
0.03566960
0.03380197
0.03639363
0.03344651
0.03189235
0.03636467
0.03516660
0.03308175
0.03803121
0.03631358
0.03464496
0.03564660
0.03584023
0.03126521