0.06688487
0.06135441
0.06019968
0.05406465
0.06181302
0.05203141
0.06303618
0.05968751
0.07005604
0.05019474
0.05364727
0.05495803
0.05590334
0.06045260
0.05697479
0.05581210
0.06260763
0.05250537
0.05736941
0.05285175
0.06676080
0.05958015
0.05975210
0.06246985
0.06273453
0.05681550
0.05858665
0.05334450
0.06075269
0.06161606
0.05309828
0.05094779
0.05754152
0.06001778
0.05362140
0.05890195
0.05512506
0.06004180
0.05981547
0.05786418
0.05346138
0.05705177
0.05548715
0.05124941
0.06035296
0.05443722
0.05773364
0.05537586
0.05284125
0.05184590
0.05831429
0.05569608
0.05532424
0.05447042
0.06455701
0.06202234
0.05909838
0.05363598
0.04973451
0.05494278
0.05392036
0.06793530
0.05248967
0.06251849
0.05410866
0.05547399
0.05662690
0.06180160
0.05915366
0.05101008
0.05741043
0.05959362
0.06836108
0.05415618
0.05234705
0.05629839
0.05747023
0.05360992
0.05391255
0.05283284
0.07040325
0.05169350
0.06426198
0.05511786
0.05164007
0.05668810
0.05577766
0.05405224
0.06057924
0.05878547
0.05823661
0.06090356
0.05663258
0.06587070
0.05697234
0.05334669
0.05764570
0.05315687
0.05972746
0.05139443
0.05620609
0.06037064
0.05889922
0.05421656
0.06094098
0.05322279
0.05199454
0.05336737
0.05355638
0.05464932
0.05240157
0.06501343
0.04855941
0.05370176
0.05238197
0.06352724
0.06408607
0.05420361
0.05705930
0.06130060
0.05879637
0.06680282
0.07612211
0.05709610
0.05433649
0.05351260
0.05101077
0.06027376
0.05796407
0.05375824
0.06107105
0.05477455
0.05477778
0.05621858
0.05375064
0.05249889
0.05509101
0.07428726
0.06307771
0.05739820
0.05780788
0.06410310
0.05349110
0.06405562
0.05196682
0.05846220
0.05625549
0.05169167
0.05749712
0.06286025
0.05565113
0.05260467
0.06227249
0.05244221
0.06002337
0.06175112
0.05988332
0.06630358
0.05995393
0.05419352
0.05684164
0.05212554
0.05293964
0.05317034
0.05551397
0.05666147
0.05740834
0.06625194
0.06222942
0.07518592
0.05303782
0.05874250
0.05472396
0.06060253
0.05866482
0.05468446
0.05992958
0.06047278
0.05720738
0.05782811
0.05462221
0.06182518
0.05843532
0.06281051
0.05630279
0.05879058
0.06007725
0.05745214
0.06137466
0.05490703
0.05547726
0.05530061
0.05470276
0.05381507
0.05772497
0.06289326
0.05602417
0.05975023
0.05883884
0.06064838
0.05678173
0.06045990
0.05372591
0.05967567
0.05439115
0.05414608
0.05504486
0.05246039
0.05599292
0.07417494
0.05584075
0.05377126
0.05282390
0.05626383
0.05711556
0.05194317
0.05545913
0.05877116
0.06185959
0.07365083
0.06567288
0.05569213
0.05095918
0.05455474
0.06253416
0.05135945
0.05422225
0.05724350
0.05705677
0.05742897
0.05661889
0.05545013
0.05648665
0.08748460
0.05324179
0.05926669
0.05733234
0.05659541
0.05388361
0.05810945
0.05710516
0.05511468
0.05837038
0.06285566
0.05555013
0.06119134
0.06387651
0.05612564
0.05728730
0.05716807
0.05972212
0.05605317
0.05550984
0.06251523
0.05467336
0.07976956
0.06925057
0.05655327
0.08310573
0.06683123
0.05715052
0.05604498
0.06347352
0.05352003
0.05151027
0.08421391
0.05429993
0.05685378
0.05511372
0.05035385
0.06688487
0.06135441
0.06019968
0.05406465
0.06181302
0.05203141
0.06303618
0.05968751
0.07005604
0.05019474
0.05364727
0.05495803
0.05590334
0.06045260
0.05697479
0.05581210
0.06260763
0.06688487
0.06135441
0.06019968
0.05406465
0.06181302
0.05203141
0.06303618
0.05968751
0.07005604
0.05019474
0.05364727
0.05495803
0.05590334
0.06045260
0.05697479
0.05581210
0.06260763
0.05250537
0.05736941
0.05285175
0.06676080
0.05958015
0.05975210
0.06246985
0.06273453
0.05681550
0.05858665
0.05334450
0.06075269
0.06161606
0.05309828
0.05094779
0.05754152
0.06001778
0.05362140
0.05890195
0.05512506
0.06004180
0.05981547
0.05786418
0.05346138
0.05705177
0.05548715
0.05124941
0.06035296
0.05443722
0.05773364
0.05537586
0.05284125
0.05184590
0.05831429
0.05569608
0.05532424
0.05447042
0.06455701
0.06202234
0.05909838
0.05363598
0.04973451
0.05494278
0.05392036
0.06793530
0.05248967
0.06251849
0.05410866
0.05547399
0.05662690
0.06180160
0.05915366
0.05101008
0.05741043
0.05959362
0.05234809
0.05506041
0.05485947
0.05536378
0.05813674
0.07785093
0.05191827
0.05192761
0.05445509
0.05641706
0.05735769
0.06929199
0.06946774
0.06556002
0.05772144
0.06082066
0.05687800
0.06352431
0.06029741
0.05295521
0.05600154
0.06317469
0.06403584
0.05763535
0.05147704
0.05446478
0.06005422
0.05295276
0.05846354
0.06826691
0.05984732
0.06755259
0.06054758
0.05463593
0.06160326
0.05653084
0.05214543
0.06735206
0.05388409
0.05764156
0.06189993
0.04948914
0.05334773
0.05699521
0.06296626
0.06136217
0.06127401
0.05400508
0.05572181
0.05059959
0.05574225
0.05466893
0.06239517
0.06126703
0.07587449
0.05416115
0.05430120
0.05470758
0.06408580
0.05762653
0.05764909
0.05793755
0.08349545
0.06141625
0.05857574
0.05876718
0.05166350
0.05860644
0.08597569
0.05814082
0.05745905
0.05799777
0.06024321
0.05600696
0.06162025
0.06214433
0.05432509
0.05598300
0.05040451
0.05154009
0.04999584
0.05501345
0.05525096
0.05678438
0.05626788
0.05641151
0.05957246
0.05208170
0.05538697
0.05322165
0.05374367
0.05597153
0.05197331
0.06162830
0.05976519
0.05442957
0.05584136
0.06184836
0.05575333
0.05412306
0.06090111
0.05501086
0.05923982
0.06686420
0.05447754
0.05538414
0.06238759
0.05464975
0.05885689
0.05228419
0.05081249
0.05902141
0.05527755
0.05521862
0.06630128
0.05360725
0.05627413
0.05347252
0.05300729
0.04969653
0.05116869
0.05213224
0.05508344
0.05182218
0.05747416
0.05429181
0.05501850
0.07261998
0.05565907
0.05133912
0.06418794
0.06357246
0.05628064
0.05916321
0.05564827
0.05919501
0.05492467
0.05943581
0.05734873
0.05285541
0.05437844