0.03944600
0.03864661
0.03495093
0.03850790
0.03298109
0.03830208
0.03951144
0.03854270
0.03829253
0.03866544
0.03708199
0.03560709
0.04175526
0.03939778
0.04083205
0.04459671
0.04068447
0.03927480
0.03543349
0.03854445
0.03943292
0.03694956
0.03859707
0.03828741
0.03468582
0.03658117
0.03968592
0.03686173
0.03435813
0.03804511
0.03922614
0.03684364
0.03453816
0.03997370
0.03692415
0.03422329
0.03644253
0.04032071
0.04045238
0.04021236
0.03939945
0.03798734
0.03275714
0.03767139
0.03919354
0.03489779
0.03785569
0.03890083
0.03479874
0.03411458
0.03339999
0.04197929
0.03790084
0.03585405
0.03723455
0.03918964
0.03760111
0.03957380
0.03549736
0.03459465
0.04109448
0.03514432
0.03951362
0.04211013
0.03476852
0.04135527
0.03841862
0.04093366
0.03831712
0.04384200
0.03653532
0.04204399
0.03787520
0.04098207
0.04390441
0.04247195
0.04022306
0.03783494
0.03582221
0.04145036
0.04263239
0.03883301
0.03702126
0.04537461
0.04166114
0.03791600
0.04262106
0.03821231
0.04015779
0.04255201
0.04535599
0.03711773
0.03634130
0.03425624
0.03799993
0.03678936
0.03470695
0.03793490
0.04449794
0.03882635
0.03545585
0.04077710
0.03894301
0.03358501
0.04117703
0.03377775
0.03378060
0.04039206
0.03662227
0.03915587
0.04352713
0.03902627
0.03698388
0.03759735
0.04285901
0.04151664
0.03708855
0.04060232
0.03955705
0.04165903
0.03697688
0.03477569
0.03685194
0.03815527
0.03932106
0.03458448
0.04194925
0.03566721
0.03829468
0.03669964
0.04018532
0.03551641
0.03714378
0.03759286
0.03422297
0.04253961
0.03833946
0.03717424
0.04094015
0.03510341
0.03886968
0.04129602
0.03506960
0.04137272
0.04044644
0.03964020
0.03775783
0.04329552
0.03893653
0.03766062
0.03721683
0.03996622
0.03576828
0.04478510
0.03726023
0.03497398
0.04249579
0.04761467
0.03705576
0.03936427
0.03959600
0.03634556
0.03609175
0.04133383
0.03862206
0.03841564
0.03998019
0.03565504
0.03836355
0.03636712
0.04145155
0.03629570
0.03659503
0.04256367
0.03885470
0.03577860
0.04053018
0.04279408
0.03742366
0.03608736
0.03734413
0.03983690
0.04149757
0.03916244
0.03738520
0.04070422
0.04032203
0.03612191
0.04097858
0.03660455
0.03932095
0.03777723
0.03450583
0.04583812
0.03695776
0.04215770
0.03371847
0.03625299
0.03542137
0.03715818
0.04053255
0.03915773
0.03669468
0.03915808
0.03889721
0.03428378
0.03833159
0.03657813
0.03548010
0.03629778
0.03440761
0.03720451
0.03300176
0.03828203
0.03974652
0.03620641
0.03303027
0.03444274
0.03484562
0.04428460
0.04037429
0.03567994
0.04139186
0.03503022
0.03926975
0.03999617
0.04621596
0.03959948
0.04025490
0.03791423
0.03809521
0.03735304
0.03925003
0.04334723
0.04182724
0.03703994
0.04292695
0.03289803
0.04104470
0.03472392
0.04473502
0.04184446
0.03691889
0.04368279
0.03632450
0.03534658
0.03532837
0.03749684
0.03992374
0.03906227
0.03445222
0.04053967
0.04067788
0.03604518
0.04185972
0.04039102
0.03587153
0.04112662
0.03718046
0.04066525
0.04232205
0.03539117
0.03892278
0.03781937
0.03763779
0.03699691
0.04161209
0.03686151
0.03519755
0.03949446
0.03944600
0.03864661
0.03495093
0.03850790
0.03298109
0.03830208
0.03951144
0.03854270
0.03829253
0.03866544
0.03708199
0.03560709
0.04175526
0.03939778
0.04083205
0.04459671
0.04068447
0.03944600
0.03864661
0.03495093
0.03850790
0.03298109
0.03830208
0.03951144
0.03854270
0.03829253
0.03866544
0.03708199
0.03560709
0.04175526
0.03939778
0.04083205
0.04459671
0.04068447
0.03927480
0.03543349
0.03854445
0.03943292
0.03694956
0.03859707
0.03828741
0.03468582
0.03658117
0.03968592
0.03686173
0.03435813
0.03804511
0.03922614
0.03684364
0.03453816
0.03997370
0.03692415
0.03422329
0.03644253
0.04032071
0.04045238
0.04021236
0.03939945
0.03798734
0.03275714
0.03767139
0.03919354
0.03489779
0.03785569
0.03890083
0.03479874
0.03411458
0.03339999
0.04197929
0.03790084
0.03585405
0.03723455
0.03918964
0.03760111
0.03957380
0.03549736
0.03459465
0.04109448
0.03514432
0.03951362
0.04211013
0.03476852
0.04135527
0.03841862
0.04093366
0.03831712
0.04384200
0.03653532
0.04204399
0.03949586
0.04312630
0.04046826
0.03377258
0.04291383
0.03606067
0.03846265
0.04354015
0.03743254
0.04671229
0.03468156
0.04177178
0.03608548
0.03685533
0.03705994
0.03350882
0.03709282
0.03818066
0.03905938
0.03513707
0.04310074
0.03801514
0.03907239
0.03619172
0.03757617
0.03527927
0.03631156
0.04085256
0.04639090
0.04218613
0.03610324
0.03288342
0.03940770
0.03657537
0.03924127
0.03281268
0.04009746
0.03723230
0.04157173
0.03413632
0.04040366
0.03770892
0.03764298
0.04136901
0.03908743
0.04177493
0.03342293
0.03692818
0.03507101
0.04362358
0.04104964
0.03318307
0.03725578
0.03903942
0.04420393
0.03530794
0.03885884
0.03859939
0.03433114
0.03551703
0.03515150
0.03901838
0.03562475
0.04125864
0.03730445
0.03593870
0.03357885
0.04149398
0.03580311
0.03735078
0.03458293
0.03337144
0.03817545
0.03960263
0.04004438
0.03984771
0.04303006
0.04030642
0.03483715
0.03851097
0.03385825
0.03439937
0.04357909
0.03525046
0.03498708
0.03584469
0.03726083
0.04220885
0.03548850
0.03402933
0.04242690
0.03895471
0.04148247
0.03653145
0.04366001
0.03562640
0.04004664
0.03998189
0.03699541
0.03582910
0.03591252
0.03493396
0.03994022
0.03545342
0.03550625
0.03532163
0.04315891
0.03732972
0.03825429
0.03702705
0.04075313
0.03862508
0.03885676
0.03899044
0.03622219
0.04277905
0.03230818
0.03645922
0.03988905
0.03830708
0.03739442
0.03900697
0.03920183
0.04277765
0.03717980
0.04050186
0.03435624
0.03992042
0.03609512
0.03978339
0.03632657
0.03546583
0.03465628
0.03803696
0.03457192
0.03879434
0.04069323
0.03976685
0.03857353
0.04373918
0.03817275