0.04375882
0.04837181
0.03237538
0.03893990
0.04175714
0.03912457
0.03597715
0.03758069
0.03621158
0.04003796
0.03310080
0.03442837
0.03400886
0.03712054
0.03650171
0.04212042
0.03231478
0.03531461
0.03386248
0.03612023
0.03400752
0.03618474
0.04093241
0.03463381
0.03562127
0.04363990
0.04722428
0.03656779
0.03876943
0.03348901
0.03850690
0.03947900
0.03520837
0.03643670
0.03652357
0.03618749
0.04515271
0.03454055
0.03937814
0.03461036
0.03726361
0.03429215
0.03758254
0.03802205
0.03554951
0.03396425
0.03739063
0.04534435
0.03613742
0.03552761
0.03318202
0.04024864
0.04426312
0.03220884
0.03806177
0.03892047
0.04161861
0.03595757
0.03366263
0.03325093
0.03608582
0.03462525
0.03651502
0.03451960
0.03281412
0.03399660
0.03598298
0.03618723
0.03519977
0.03683275
0.03224326
0.03387664
0.04058568
0.04251557
0.03796871
0.03245974
0.03775336
0.03717350
0.03695511
0.03510075
0.03909993
0.03424295
0.04099582
0.03833974
0.03300846
0.03323040
0.03894978
0.03577789
0.03616180
0.03896286
0.03702196
0.03243760
0.04259972
0.03807063
0.04051143
0.03792093
0.04449739
0.03441989
0.04351864
0.04091463
0.04382479
0.03259518
0.03910991
0.03540880
0.03299462
0.03592908
0.03503598
0.03516717
0.03267064
0.03351025
0.03228629
0.03946915
0.03517079
0.04264022
0.03857170
0.03762630
0.04415485
0.03632351
0.03935619
0.04210842
0.04120317
0.03156259
0.03981539
0.03593682
0.03654169
0.03432518
0.04122442
0.03942073
0.03963046
0.03515838
0.03740188
0.02899641
0.03374494
0.04130566
0.03419973
0.04379299
0.03757028
0.04134466
0.03384850
0.04477697
0.03969858
0.03734353
0.03674739
0.03523253
0.03175336
0.03487773
0.03885433
0.05324641
0.03763680
0.03312553
0.03399071
0.03203182
0.03864834
0.03545633
0.03783861
0.03760392
0.03861909
0.03468365
0.03655790
0.04513785
0.03329793
0.03322660
0.03750302
0.03610381
0.03603859
0.03715675
0.03605482
0.03677520
0.04203204
0.03417866
0.04051928
0.02990528
0.04624298
0.03788418
0.03368932
0.04021497
0.03021666
0.04048313
0.03407111
0.03531131
0.03501351
0.03965084
0.03482656
0.04029208
0.03372722
0.03904950
0.03882659
0.03717427
0.03679928
0.03940643
0.03349206
0.03749318
0.03775334
0.03767977
0.03892431
0.03347538
0.03417648
0.03639526
0.03485734
0.03553810
0.03476396
0.03144653
0.03828611
0.03836296
0.04083969
0.03740590
0.03329712
0.04183197
0.03855146
0.03124009
0.03622255
0.03683655
0.03519892
0.03793191
0.04292700
0.03782131
0.04276450
0.03884427
0.02952906
0.03688295
0.03947556
0.03643561
0.03611371
0.03394142
0.04160878
0.03326712
0.04008992
0.04158814
0.03470136
0.03128344
0.03818787
0.03258221
0.03732138
0.03614397
0.03492795
0.04400628
0.04821395
0.04071648
0.03636815
0.03477303
0.03621482
0.03430513
0.02983431
0.03435862
0.03533884
0.04148253
0.03628800
0.03925321
0.03591360
0.03224462
0.03597079
0.03562097
0.04040326
0.03369644
0.03435032
0.03757907
0.03589647
0.03562899
0.03673708
0.03390136
0.03342041
0.03541982
0.03679126
0.03294745
0.03323215
0.03432132
0.03599567
0.03830305
0.04234466
0.03797177
0.04375882
0.04837181
0.03237538
0.03893990
0.04175714
0.03912457
0.03597715
0.03758069
0.03621158
0.04003796
0.03310080
0.03442837
0.03400886
0.03712054
0.03650171
0.04212042
0.03231478
0.04375882
0.04837181
0.03237538
0.03893990
0.04175714
0.03912457
0.03597715
0.03758069
0.03621158
0.04003796
0.03310080
0.03442837
0.03400886
0.03712054
0.03650171
0.04212042
0.03231478
0.03531461
0.03386248
0.03612023
0.03400752
0.03618474
0.04093241
0.03463381
0.03562127
0.04363990
0.04722428
0.03656779
0.03876943
0.03348901
0.03850690
0.03947900
0.03520837
0.03643670
0.03652357
0.03618749
0.04515271
0.03454055
0.03937814
0.03461036
0.03726361
0.03429215
0.03758254
0.03802205
0.03554951
0.03396425
0.03739063
0.04534435
0.03613742
0.03552761
0.03318202
0.04024864
0.04426312
0.03220884
0.03806177
0.03892047
0.04161861
0.03595757
0.03366263
0.03325093
0.03608582
0.03462525
0.03651502
0.03451960
0.03281412
0.03399660
0.03598298
0.03618723
0.03519977
0.03683275
0.03224326
0.03387664
0.03659820
0.03755763
0.03399208
0.03736217
0.03552358
0.03920171
0.03739529
0.03584953
0.03768569
0.03658853
0.03473886
0.03649069
0.03232480
0.03664645
0.03655160
0.03463580
0.03468541
0.03470717
0.03402782
0.03932097
0.03632926
0.04297289
0.03758927
0.03523362
0.03574105
0.03513102
0.03636434
0.03284152
0.04322184
0.03539372
0.03437388
0.03560154
0.03785963
0.03679202
0.03713687
0.03483750
0.03346238
0.03782558
0.03354518
0.03558546
0.03496265
0.03374510
0.03844637
0.03748592
0.03567583
0.02914806
0.03679340
0.03248343
0.03503489
0.04080037
0.03431803
0.03508781
0.03748494
0.03416983
0.03447932
0.03857831
0.03436936
0.04258546
0.03325671
0.03530428
0.03926968
0.03669610
0.03390033
0.03426699
0.04784365
0.03838249
0.03340806
0.03646243
0.03588497
0.03771848
0.03112021
0.03398138
0.03915529
0.03314430
0.03135792
0.03833979
0.03855675
0.04702872
0.03482182
0.03484988
0.03411173
0.03637449
0.03449619
0.03613171
0.03555175
0.04084007
0.03601311
0.03381155
0.04201042
0.03985429
0.03581492
0.03696857
0.03920304
0.04214212
0.03813851
0.03694900
0.03519382
0.04203489
0.03563396
0.03366334
0.03692424
0.03218575
0.03127759
0.02983015
0.04172574
0.03513081
0.03559173
0.03483010
0.03576093
0.04190054
0.03555253
0.03039086
0.03196436
0.03243941
0.04202563
0.03875832
0.03760235
0.03634495
0.04067118
0.03656778
0.03993038
0.03521376
0.03794475
0.03170945
0.04434695
0.03793412
0.03457764
0.03485776
0.03704748
0.03718771
0.03568556
0.03466648
0.03705607
0.03931581
0.03447046
0.03936778
0.03405968
0.03552515
0.03657977
0.04228839
0.04128041