0.02813021
0.03481089
0.03256199
0.03392659
0.03737749
0.03271849
0.03356123
0.03453357
0.03509158
0.03662433
0.03083140
0.03766282
0.03251042
0.03166198
0.03501018
0.03389677
0.04076487
0.03599384
0.04124663
0.03325778
0.03203384
0.02998009
0.03277300
0.03744643
0.03402967
0.03063706
0.03255238
0.03230441
0.03505931
0.03486132
0.03574288
0.03634114
0.03619920
0.03301108
0.03080355
0.03709818
0.03550193
0.03372387
0.03290290
0.02929786
0.03184555
0.03023705
0.03322387
0.03542006
0.03158367
0.03184463
0.03208932
0.03041830
0.03166397
0.03028492
0.03099876
0.03084266
0.04131687
0.03289763
0.03585183
0.03894101
0.03133567
0.03696728
0.03305415
0.03699418
0.03747892
0.03233517
0.03183133
0.03093072
0.03351599
0.03173346
0.03434620
0.03521737
0.02876533
0.03133429
0.02736878
0.03041668
0.03333454
0.03332283
0.03702855
0.04001382
0.02898116
0.04031286
0.03594425
0.03232182
0.04405778
0.03388241
0.02771830
0.03492225
0.03664887
0.03304468
0.03381101
0.03579429
0.03293824
0.03450120
0.03897435
0.04062198
0.03585793
0.03490930
0.03092428
0.04145998
0.03099786
0.03956083
0.03474893
0.03321624
0.03659162
0.03086268
0.03271173
0.03908770
0.03539776
0.03236277
0.03492529
0.03822155
0.03642533
0.03565837
0.03537086
0.03957885
0.03019199
0.03128463
0.03216800
0.03176085
0.03596975
0.03644546
0.03749231
0.03688177
0.03683650
0.03202191
0.03642328
0.02858681
0.03816445
0.03398320
0.03701226
0.03300934
0.02771956
0.03170983
0.03527283
0.03511850
0.03516150
0.04281577
0.03496146
0.04019565
0.03239278
0.03831121
0.03390925
0.03055812
0.03802584
0.03408910
0.03621138
0.03745193
0.03131090
0.03518726
0.03442687
0.03679900
0.03299238
0.03767618
0.03885612
0.03146013
0.03144353
0.03318823
0.03561026
0.03234860
0.03777702
0.03956226
0.03012701
0.03626126
0.03787040
0.03378295
0.03302539
0.03258134
0.03232598
0.03499816
0.03361415
0.03533940
0.03465182
0.03134440
0.04312809
0.03398905
0.03453620
0.03748947
0.03742834
0.03338139
0.03268742
0.03531023
0.03303301
0.04045543
0.05021908
0.03354849
0.03567648
0.02936421
0.03117411
0.03506002
0.03697756
0.03171857
0.03142308
0.03318371
0.03651804
0.03188883
0.03259692
0.04002514
0.03606662
0.03361839
0.03856983
0.03507815
0.03226508
0.02945955
0.03595706
0.03373532
0.02925716
0.03359363
0.03107777
0.03629605
0.03338006
0.04469528
0.03377507
0.03468551
0.03622902
0.04087363
0.03201621
0.03664209
0.03061184
0.03269241
0.03487924
0.03326203
0.03200091
0.03349714
0.03382988
0.03501956
0.03032782
0.03336470
0.03419953
0.03037079
0.03910500
0.03477278
0.03561621
0.03129774
0.04352397
0.03510195
0.02806500
0.03088495
0.03961124
0.03116210
0.03477889
0.02948293
0.03264539
0.03087767
0.03230838
0.04523848
0.03430406
0.03307069
0.03655065
0.03259971
0.03285635
0.02810442
0.03472108
0.03257618
0.03108735
0.03654435
0.03649022
0.03182832
0.03456586
0.03148559
0.03050784
0.03345501
0.03176060
0.03425022
0.03079675
0.02936846
0.03354452
0.03122348
0.03643896
0.03068594
0.03292641
0.02750338
0.03409411
0.03963735
0.02813021
0.03481089
0.03256199
0.03392659
0.03737749
0.03271849
0.03356123
0.03453357
0.03509158
0.03662433
0.03083140
0.03766282
0.03251042
0.03166198
0.03501018
0.03389677
0.04076487
0.02813021
0.03481089
0.03256199
0.03392659
0.03737749
0.03271849
0.03356123
0.03453357
0.03509158
0.03662433
0.03083140
0.03766282
0.03251042
0.03166198
0.03501018
0.03389677
0.04076487
0.03599384
0.04124663
0.03325778
0.03203384
0.02998009
0.03277300
0.03744643
0.03402967
0.03063706
0.03255238
0.03230441
0.03505931
0.03486132
0.03574288
0.03634114
0.03619920
0.03301108
0.03080355
0.03709818
0.03550193
0.03372387
0.03290290
0.02929786
0.03184555
0.03023705
0.03322387
0.03542006
0.03158367
0.03184463
0.03208932
0.03041830
0.03166397
0.03028492
0.03099876
0.03084266
0.04131687
0.03289763
0.03585183
0.03894101
0.03133567
0.03696728
0.03305415
0.03699418
0.03747892
0.03233517
0.03183133
0.03093072
0.03351599
0.03173346
0.03434620
0.03521737
0.02876533
0.03133429
0.02736878
0.03041668
0.03436101
0.03445666
0.03466377
0.03578107
0.03856326
0.03637789
0.03966239
0.03831182
0.03396465
0.03238351
0.03004864
0.03637535
0.03438449
0.03074683
0.03057099
0.03187280
0.03612799
0.03369535
0.03106914
0.03632782
0.03700047
0.03551986
0.03319959
0.02980148
0.03339123
0.03242438
0.03722966
0.03477766
0.03422538
0.03004019
0.03279871
0.02866799
0.03321830
0.03577715
0.03824268
0.03413477
0.03302988
0.03315154
0.03656889
0.03533865
0.03773752
0.02794876
0.03410668
0.03331952
0.03694984
0.02957042
0.03652698
0.03500127
0.03575863
0.03405897
0.04687468
0.03314530
0.03369839
0.03252821
0.02990861
0.03317702
0.03141228
0.04122002
0.03452319
0.03140768
0.03418567
0.03777314
0.03465941
0.03327701
0.03219450
0.03386873
0.03189601
0.03153330
0.03170304
0.03051812
0.03256022
0.02965767
0.02950373
0.03244134
0.03286989
0.03187689
0.02770617
0.03303306
0.03280297
0.03435670
0.03423453
0.03524368
0.03174409
0.03396029
0.03878794
0.03354827
0.03226205
0.03247275
0.03467165
0.03574882
0.03117185
0.03324251
0.03693839
0.03810969
0.03037780
0.03890933
0.03574023
0.03162263
0.03277532
0.03139805
0.04226152
0.03461166
0.03337533
0.03365927
0.04140637
0.03752808
0.03424715
0.03743983
0.03237289
0.03234450
0.03228321
0.03193957
0.04228818
0.03479967
0.03082576
0.04019512
0.02925127
0.03971823
0.03368512
0.03473026
0.03347076
0.03439722
0.03513958
0.03854893
0.03423234
0.03532815
0.03350175
0.03300536
0.03760916
0.03622831
0.03365771
0.03264577
0.03765982
0.03705069
0.03049714
0.03509302
0.04081701
0.04076701
0.03333700
0.03873121
0.03365515