0.19700849
0.20550981
0.24031944
0.19549731
0.26588214
0.23891430
0.21140872
0.18065270
0.17231556
0.19036662
0.29060645
0.19872040
0.17646184
0.14254835
0.16269789
0.20853154
0.20553520
0.28957907
0.19956607
0.14997085
0.19783060
0.15753872
0.23441971
0.18275399
0.19832921
0.31384524
0.16724838
0.16208960
0.16219606
0.19448067
0.18708747
0.26061906
0.24118649
0.25985602
0.34370577
0.16129992
0.21678013
0.17794967
0.26982136
0.21806135
0.19320777
0.18656932
0.20924207
0.17908532
0.16185997
0.18518353
0.16979458
0.15606836
0.18609135
0.26743496
0.21399590
0.16259103
0.20168629
0.22643295
0.18546259
0.17130885
0.18018572
0.20557248
0.16854209
0.17319361
0.16595711
0.20195920
0.32208970
0.16048675
0.18670970
0.34178102
0.15650900
0.15161069
0.16010966
0.18535952
0.14808010
0.17252883
0.21713627
0.13980264
0.19944831
0.21268706
0.22591794
0.17059700
0.16806481
0.25305783
0.23775780
0.15687506
0.14087908
0.21010870
0.16250697
0.27479333
0.16937163
0.17939484
0.16366025
0.22151953
0.18186381
0.26908949
0.17045404
0.18283489
0.18428827
0.16714278
0.22869240
0.15655740
0.14060711
0.16286734
0.18863739
0.15851590
0.17184111
0.21827194
0.16364205
0.18136975
0.20928016
0.18037031
0.20766231
0.17894157
0.19851074
0.14953671
0.17194417
0.19814108
0.23216203
0.17262708
0.19675948
0.18445084
0.19218270
0.23541423
0.17483029
0.15515317
0.19047565
0.18127887
0.14411045
0.16242785
0.19180463
0.17291065
0.22288658
0.18121412
0.18137726
0.17650227
0.21917907
0.23379113
0.17063087
0.22278551
0.25314363
0.18345008
0.19195952
0.15596462
0.18139588
0.17900900
0.20370167
0.26347185
0.18327678
0.21396864
0.20700616
0.17672415
0.18573875
0.16365824
0.25755633
0.17168304
0.16209501
0.25406231
0.17807249
0.17355129
0.20146845
0.18593133
0.20745744
0.18024413
0.16410134
0.15783412
0.25967282
0.24498679
0.23167663
0.25834688
0.20554789
0.22000014
0.19159836
0.17259877
0.17102866
0.33714458
0.22526217
0.19773097
0.17134391
0.18352972
0.14428444
0.23527027
0.17087610
0.20019311
0.30391391
0.15820054
0.15835790
0.24429551
0.16850110
0.16384011
0.22110260
0.19814710
0.20100096
0.20946518
0.16522188
0.15613346
0.33019586
0.20814559
0.21465756
0.17688733
0.18484523
0.17846199
0.25110238
0.15912053
0.18708766
0.20613900
0.14748597
0.18445320
0.26177211
0.24951083
0.20085995
0.16630625
0.17093165
0.17385947
0.16668630
0.20293643
0.19112544
0.19628865
0.18880827
0.18208406
0.14486492
0.21184735
0.20022242
0.17001590
0.17084395
0.22778789
0.16150407
0.15694636
0.16552728
0.16346169
0.17876819
0.19130577
0.15736275
0.17002356
0.20852512
0.21457585
0.21063096
0.21068529
0.23388461
0.23210563
0.22735048
0.14590825
0.17656618
0.18044077
0.16818262
0.17956506
0.13806955
0.17343801
0.30084899
0.17842521
0.24626225
0.17213972
0.21461564
0.21010711
0.19253168
0.13486041
0.22299755
0.16923865
0.24483617
0.17388227
0.24319689
0.15433050
0.16979454
0.22186868
0.25775895
0.27277915
0.25757384
0.17114231
0.17097972
0.16207500
0.16857950
0.21968601
0.22341242
0.16659040
0.15606265
0.19700849
0.20550981
0.24031944
0.19549731
0.26588214
0.23891430
0.21140872
0.18065270
0.17231556
0.19036662
0.29060645
0.19872040
0.17646184
0.14254835
0.16269789
0.20853154
0.20553520
0.28957907
0.19700849
0.20550981
0.24031944
0.19549731
0.26588214
0.23891430
0.21140872
0.18065270
0.17231556
0.19036662
0.29060645
0.19872040
0.17646184
0.14254835
0.16269789
0.20853154
0.20553520
0.28957907
0.19956607
0.14997085
0.19783060
0.15753872
0.23441971
0.18275399
0.19832921
0.31384524
0.16724838
0.16208960
0.16219606
0.19448067
0.18708747
0.26061906
0.24118649
0.25985602
0.34370577
0.16129992
0.21678013
0.17794967
0.26982136
0.21806135
0.19320777
0.18656932
0.20924207
0.17908532
0.16185997
0.18518353
0.16979458
0.15606836
0.18609135
0.26743496
0.21399590
0.16259103
0.20168629
0.22643295
0.18546259
0.17130885
0.18018572
0.20557248
0.16854209
0.17319361
0.16595711
0.20195920
0.32208970
0.16048675
0.18670970
0.34178102
0.15650900
0.15161069
0.16010966
0.18535952
0.14808010
0.17252883
0.21713627
0.26753041
0.26688087
0.17726513
0.18968265
0.20491433
0.16322707
0.20126322
0.21995728
0.17422761
0.18814816
0.19779148
0.16021118
0.16166997
0.19365144
0.18427396
0.23467521
0.19929061
0.23148885
0.17567077
0.17123933
0.24453427
0.17607980
0.22861556
0.21353745
0.17887776
0.23638969
0.17763745
0.17482951
0.16957389
0.21069622
0.17340151
0.17833555
0.16308160
0.28605001
0.16874726
0.18209293
0.18540494
0.22766269
0.20731152
0.21829844
0.21948980
0.29966600
0.17737586
0.19758630
0.21303918
0.26607488
0.18352667
0.19136025
0.19812734
0.18953955
0.23018342
0.29441540
0.18688205
0.19337745
0.16033251
0.19074106
0.20293173
0.23086975
0.18420758
0.21803787
0.18899723
0.16709844
0.16139142
0.19935097
0.22727534
0.16955460
0.24247309
0.18919529
0.22081031
0.17854688
0.20720208
0.18857669
0.18348899
0.17805841
0.18204813
0.19097673
0.21403399
0.20409665
0.21031192
0.14826731
0.19503720
0.15752081
0.17928098
0.19886220
0.17426984
0.16600670
0.16016959
0.28858999
0.15910578
0.16958736
0.23216796
0.20129348
0.17929746
0.19374874
0.16584289
0.16951813
0.23279841
0.28201313
0.26380216
0.17044830
0.16610733
0.27513355
0.15327279
0.24718787
0.28224122
0.17258170
0.13963829
0.22505808
0.22782027
0.19273402
0.29404174
0.19634086
0.29746065
0.18928037
0.18913699
0.31331021
0.18623202
0.35890879
0.20415005
0.17292342
0.27228662
0.17548570
0.15467629
0.19528376
0.19297275
0.18224923
0.20666520
0.19213873
0.19483257
0.21316747
0.27075714
0.15211472
0.18483677
0.23848118
0.14258737
0.19356570
0.20767683
0.26901223