0.03844870
0.03409622
0.03689975
0.04059469
0.03483526
0.03637664
0.03985895
0.04150972
0.04240125
0.04019648
0.03552002
0.03800350
0.03861209
0.03311099
0.04175350
0.04117455
0.03534000
0.03966637
0.03750460
0.03777653
0.03795939
0.03780829
0.04031393
0.04685645
0.04779542
0.03730819
0.03854163
0.03577433
0.03807639
0.03447797
0.03374532
0.03595026
0.03921855
0.03812158
0.03564113
0.03812761
0.04281356
0.03818648
0.03547922
0.03971329
0.04100333
0.03902869
0.04238174
0.03211780
0.03464281
0.03785988
0.04268440
0.03972714
0.03647257
0.03686393
0.03608622
0.04095174
0.03445675
0.04254886
0.03772968
0.04126568
0.03665022
0.03239541
0.04361733
0.03666985
0.03674811
0.03877074
0.04320108
0.04611022
0.04209833
0.03596829
0.03811058
0.03474878
0.03839639
0.03462965
0.03547392
0.03914441
0.03796303
0.03515157
0.03753525
0.03903310
0.03550580
0.03995578
0.03888042
0.04649883
0.03960178
0.03664400
0.03380118
0.03798111
0.04019677
0.04396612
0.04871993
0.03714879
0.03513254
0.04013551
0.03996572
0.03494774
0.03644905
0.04060297
0.03913659
0.03671932
0.03822333
0.03885902
0.03463134
0.03773986
0.03734668
0.03657834
0.03495033
0.03805961
0.04425203
0.04087103
0.04084987
0.03454005
0.03503253
0.04557774
0.05075757
0.03437401
0.03895799
0.03980955
0.03499592
0.03890189
0.03523304
0.03673560
0.04043558
0.05345619
0.03525486
0.03679111
0.03663669
0.03591703
0.03495383
0.03516706
0.03587020
0.04152683
0.03786648
0.03550036
0.03832770
0.03681878
0.03933823
0.03959277
0.03904066
0.03682425
0.03471284
0.03688096
0.04402245
0.03709471
0.03461574
0.03378355
0.04349872
0.03582980
0.03853623
0.04012422
0.04234686
0.04049508
0.04488794
0.03728727
0.03474162
0.04433822
0.03718168
0.03903998
0.03617219
0.03784394
0.03604512
0.03857287
0.03853516
0.03722503
0.03487816
0.04200061
0.03491032
0.03531383
0.04217484
0.04325717
0.03784539
0.03290693
0.04093034
0.04652725
0.04011104
0.03850769
0.04003139
0.03856571
0.04516111
0.03624089
0.03977709
0.03798208
0.03887795
0.03593468
0.03872705
0.03879415
0.03669644
0.04188628
0.04412844
0.04182647
0.04027905
0.03585134
0.03948212
0.03596339
0.03733659
0.03777921
0.04466906
0.03425699
0.03840888
0.03825850
0.04180093
0.03720411
0.03727052
0.03673779
0.03907482
0.03497687
0.03766955
0.04299206
0.04967951
0.03733614
0.03812392
0.04211526
0.03697542
0.04066786
0.04571864
0.04497247
0.03901933
0.03614937
0.03715611
0.04005463
0.03569450
0.03846963
0.04182972
0.04562150
0.04071000
0.03588667
0.03935134
0.03534925
0.04556670
0.03510112
0.04109002
0.04183560
0.04169722
0.04000648
0.04255557
0.04538351
0.04229415
0.04357541
0.04043405
0.03262834
0.03580380
0.04583645
0.03812597
0.04333854
0.03779014
0.03723480
0.03910176
0.03782661
0.04144213
0.03861777
0.03826453
0.03475216
0.03789329
0.03901439
0.04152691
0.04445654
0.03736122
0.03728890
0.04400594
0.04182193
0.03765653
0.03678632
0.03826086
0.03942905
0.03736240
0.04428430
0.03816736
0.03920763
0.03890761
0.03742461
0.04106993
0.03466702
0.04056442
0.03466968
0.03844870
0.03409622
0.03689975
0.04059469
0.03483526
0.03637664
0.03985895
0.04150972
0.04240125
0.04019648
0.03552002
0.03800350
0.03861209
0.03311099
0.04175350
0.04117455
0.03534000
0.03844870
0.03409622
0.03689975
0.04059469
0.03483526
0.03637664
0.03985895
0.04150972
0.04240125
0.04019648
0.03552002
0.03800350
0.03861209
0.03311099
0.04175350
0.04117455
0.03534000
0.03966637
0.03750460
0.03777653
0.03795939
0.03780829
0.04031393
0.04685645
0.04779542
0.03730819
0.03854163
0.03577433
0.03807639
0.03447797
0.03374532
0.03595026
0.03921855
0.03812158
0.03564113
0.03812761
0.04281356
0.03818648
0.03547922
0.03971329
0.04100333
0.03902869
0.04238174
0.03211780
0.03464281
0.03785988
0.04268440
0.03972714
0.03647257
0.03686393
0.03608622
0.04095174
0.03445675
0.04254886
0.03772968
0.04126568
0.03665022
0.03239541
0.04361733
0.03666985
0.03674811
0.03877074
0.04320108
0.04611022
0.04209833
0.03596829
0.03811058
0.03474878
0.03839639
0.03462965
0.03547392
0.03914441
0.03564775
0.03974797
0.03494930
0.03330170
0.04237565
0.03972391
0.03929006
0.03752385
0.03695848
0.04000388
0.03822722
0.03990737
0.04198854
0.03841766
0.03571347
0.03653177
0.03774732
0.03771067
0.03573562
0.03846374
0.03716709
0.03934740
0.04312804
0.03564147
0.04049422
0.04002876
0.03699435
0.03475366
0.03248185
0.03442756
0.03538658
0.03923959
0.03824115
0.04435389
0.04197412
0.03831372
0.03424700
0.04072441
0.04568027
0.05085966
0.04073565
0.03616340
0.04121007
0.03532076
0.03470772
0.03902594
0.04001497
0.04618754
0.03986188
0.03456065
0.03619956
0.03731030
0.03544357
0.04217526
0.04766465
0.04071223
0.03750776
0.03624136
0.04059959
0.03665685
0.03997358
0.03562294
0.03722955
0.03542438
0.03587509
0.03627986
0.03778439
0.04352707
0.04472451
0.03823638
0.04667089
0.03452026
0.03390268
0.03667915
0.03396326
0.03432437
0.04175868
0.03911217
0.03959264
0.03758689
0.03791842
0.03558459
0.04582904
0.03948276
0.03984832
0.04105869
0.04829991
0.03959958
0.03689642
0.04209555
0.03981367
0.03864576
0.03979705
0.03957793
0.03709629
0.03652012
0.03707580
0.03946226
0.03918845
0.03960737
0.03402024
0.03596112
0.03612141
0.03547001
0.03524377
0.04200237
0.04098477
0.03604116
0.04242105
0.04267701
0.03650915
0.03573066
0.03775779
0.04280507
0.04132175
0.03942329
0.04745485
0.04079141
0.04048138
0.04165487
0.04376656
0.03883206
0.04007364
0.04489776
0.03700242
0.03952968
0.04130098
0.04125457
0.04515172
0.04125298
0.03513885
0.03492738
0.03704889
0.03509240
0.04604394
0.04256200
0.04050789
0.03627931
0.04024251
0.03531680
0.03757869