0.06751199
0.05894901
0.05226346
0.05030664
0.07387520
0.05751466
0.04882761
0.05448237
0.05114879
0.07284886
0.05882962
0.05566705
0.05807065
0.06425656
0.06737648
0.05600595
0.06211141
0.06337249
0.05816635
0.05411329
0.05824341
0.04887358
0.05153071
0.06102294
0.06293610
0.05948046
0.06466270
0.06116407
0.06654147
0.06718329
0.05690874
0.06150500
0.06387158
0.06280811
0.04778739
0.05971894
0.05520720
0.05480514
0.06014660
0.06294105
0.04877529
0.06171943
0.04848406
0.05659151
0.06728297
0.05488767
0.05815409
0.05736848
0.06436182
0.05097201
0.05450457
0.06282595
0.05052708
0.05495199
0.04844144
0.05597990
0.04978033
0.05859690
0.05931423
0.05436487
0.05575612
0.05886209
0.05200624
0.05284140
0.06846347
0.04890913
0.04916699
0.05125259
0.05857259
0.05641017
0.05174095
0.07126318
0.07672444
0.05690540
0.05985673
0.06133482
0.06115231
0.04947320
0.05416710
0.05876441
0.05152000
0.05752202
0.05278139
0.06563319
0.05045581
0.05784851
0.04946349
0.05985489
0.05765554
0.05248639
0.04493088
0.06352018
0.05196101
0.05179972
0.05815366
0.05026279
0.06025596
0.05935568
0.05950761
0.06418505
0.06174701
0.05393587
0.05259787
0.06012903
0.05808677
0.05040383
0.04723001
0.05608650
0.05010909
0.05592188
0.05514546
0.05706904
0.05752963
0.06319448
0.05799500
0.06092700
0.05756887
0.05567872
0.05715180
0.05260163
0.05155459
0.05127856
0.05363131
0.06024327
0.04687634
0.05725366
0.04934657
0.05918602
0.06232678
0.05494635
0.05274227
0.06594535
0.05401620
0.04756556
0.05334383
0.04647093
0.06099695
0.06561452
0.05869802
0.05240728
0.06028405
0.06715753
0.05199858
0.05126511
0.05960645
0.05939179
0.04894246
0.05703817
0.05413165
0.05279796
0.05558390
0.05291523
0.05167776
0.05275960
0.06067199
0.05314833
0.06402053
0.06213623
0.05778311
0.05127152
0.05230530
0.05949382
0.05872022
0.06320808
0.05121304
0.04948878
0.05652483
0.05586703
0.05638559
0.05914142
0.06324939
0.05412151
0.05905175
0.04968024
0.06353518
0.05899233
0.04895581
0.05478070
0.04624016
0.05144303
0.05055101
0.04923378
0.05834859
0.05799863
0.06215542
0.06126589
0.05765377
0.05290194
0.05547518
0.05779262
0.05006884
0.04795996
0.04682643
0.05609684
0.05098056
0.06524300
0.06000045
0.04899842
0.06037676
0.05558802
0.06331049
0.05849381
0.05068492
0.06439639
0.06014349
0.05356389
0.05672439
0.06029773
0.05292798
0.05374549
0.05852950
0.06211295
0.05735647
0.05372834
0.05327145
0.05367039
0.04562690
0.06085510
0.04969707
0.05993727
0.05275143
0.05969559
0.05166440
0.06218470
0.05554096
0.05489254
0.05885018
0.05698589
0.06069182
0.05495930
0.05272473
0.05960974
0.06187840
0.05665553
0.06455950
0.04980349
0.05709099
0.05194729
0.05605551
0.06187112
0.05338061
0.05828700
0.05678412
0.04871236
0.06042730
0.05964200
0.07281855
0.07146925
0.05777917
0.04991683
0.05225888
0.05650745
0.05045775
0.05133083
0.04639816
0.05955777
0.06047283
0.06000403
0.05405039
0.06767947
0.05008154
0.06062762
0.05331509
0.06078449
0.05228513
0.06803378
0.06094365
0.05124430
0.04583538
0.05042872
0.04753420
0.06751199
0.05894901
0.05226346
0.05030664
0.07387520
0.05751466
0.04882761
0.05448237
0.05114879
0.07284886
0.05882962
0.05566705
0.05807065
0.06425656
0.06737648
0.05600595
0.06211141
0.06337249
0.06751199
0.05894901
0.05226346
0.05030664
0.07387520
0.05751466
0.04882761
0.05448237
0.05114879
0.07284886
0.05882962
0.05566705
0.05807065
0.06425656
0.06737648
0.05600595
0.06211141
0.06337249
0.05816635
0.05411329
0.05824341
0.04887358
0.05153071
0.06102294
0.06293610
0.05948046
0.06466270
0.06116407
0.06654147
0.06718329
0.05690874
0.06150500
0.06387158
0.06280811
0.04778739
0.05971894
0.05520720
0.05480514
0.06014660
0.06294105
0.04877529
0.06171943
0.04848406
0.05659151
0.06728297
0.05488767
0.05815409
0.05736848
0.06436182
0.05097201
0.05450457
0.06282595
0.05052708
0.05495199
0.04844144
0.05597990
0.04978033
0.05859690
0.05931423
0.05436487
0.05575612
0.05886209
0.05200624
0.05284140
0.06846347
0.04890913
0.04916699
0.05125259
0.05857259
0.05641017
0.05174095
0.07126318
0.07672444
0.05579006
0.06660945
0.05104956
0.06725722
0.05007581
0.05730192
0.05510664
0.04335126
0.05210441
0.05899868
0.05888649
0.05358416
0.05716998
0.04908004
0.07192918
0.05759793
0.05006325
0.05668296
0.04580678
0.06031312
0.06874746
0.06162174
0.06445781
0.05560828
0.05894398
0.05912592
0.05268924
0.05318641
0.06176247
0.05312448
0.05015710
0.05431129
0.05218090
0.05036914
0.05028654
0.05074076
0.07249475
0.05769410
0.06024913
0.04533273
0.05795033
0.05490660
0.05802937
0.05106771
0.05826710
0.05773194
0.05943474
0.07958888
0.05071146
0.05265703
0.05701064
0.04986195
0.06691573
0.05143991
0.04606510
0.05362557
0.05315696
0.05259291
0.05854768
0.05407261
0.05333684
0.04506398
0.06003498
0.05545383
0.05636044
0.05346984
0.06642201
0.05538270
0.05443320
0.05269261
0.05933580
0.05767584
0.05622059
0.06004409
0.06108030
0.05932123
0.07091260
0.05613384
0.06165092
0.04750332
0.05423388
0.06218028
0.05420122
0.06618622
0.05531617
0.05562909
0.05716997
0.06585108
0.05672993
0.04699534
0.05179942
0.06073491
0.04901535
0.05248242
0.04854258
0.05756881
0.06102806
0.04951605
0.05188534
0.05963090
0.06961566
0.06194098
0.05471352
0.05838817
0.05714030
0.05296571
0.05719750
0.05331336
0.06511165
0.06977130
0.05834915
0.05725955
0.05537251
0.06102726
0.06749912
0.05822467
0.06069067
0.07008399
0.06466933
0.05922441
0.05816776
0.05337010
0.05486693
0.05208543
0.05198986
0.07028681
0.05880983
0.05156214
0.05610460
0.05698982
0.06670002
0.06342701
0.05040121
0.06664986
0.05754301
0.04682172
0.05252193
0.05198674