0.06653977
0.05713840
0.06093536
0.05977011
0.06791909
0.05886557
0.06148861
0.06270597
0.07239710
0.07390151
0.06646820
0.05982249
0.06984133
0.06057487
0.05982671
0.06119911
0.05802541
0.06200262
0.06713050
0.06428284
0.05503594
0.06955095
0.06615269
0.05973686
0.06245044
0.06123303
0.05829039
0.06433875
0.05959901
0.07042317
0.06018290
0.06434450
0.06373695
0.07505238
0.05460495
0.06625063
0.06867615
0.05753950
0.05725116
0.06970547
0.09277653
0.07090544
0.05951928
0.06535180
0.05878925
0.06727181
0.06019803
0.07402215
0.07825532
0.06067038
0.06084871
0.06162446
0.06495779
0.06505902
0.05989904
0.06356440
0.07232727
0.05518382
0.05871153
0.06144486
0.06289988
0.06058336
0.06274620
0.06404955
0.11447486
0.05804762
0.05765311
0.06303781
0.05983098
0.06411345
0.08225273
0.06116670
0.06332776
0.06085192
0.06421610
0.05670463
0.06199863
0.05454661
0.06269960
0.08968428
0.06397593
0.05896983
0.05895413
0.06535057
0.06171233
0.07871073
0.06891284
0.06740391
0.06440461
0.05764788
0.06816469
0.06342012
0.06181180
0.06440952
0.06084133
0.05634449
0.06677143
0.05704190
0.06327791
0.06559670
0.05434687
0.06134528
0.06158902
0.06443537
0.06951768
0.06066504
0.05953578
0.06103679
0.05860178
0.06495969
0.05927330
0.06458606
0.07933093
0.07796324
0.05989247
0.06733960
0.06643860
0.06076683
0.06797819
0.06191278
0.07272640
0.07660506
0.05976664
0.06643873
0.06525409
0.06550887
0.07128226
0.06490956
0.06812695
0.05785906
0.06261023
0.06511082
0.06994064
0.06224531
0.06226164
0.07124615
0.06205332
0.06687990
0.06725848
0.06735537
0.05664957
0.06900900
0.06112591
0.06716672
0.05880779
0.05809190
0.06105830
0.06045097
0.05972794
0.05913255
0.07194581
0.06823675
0.05442823
0.06317084
0.06085012
0.06022649
0.06014149
0.06010410
0.05611257
0.07238593
0.06892304
0.05905124
0.07358080
0.06866623
0.06285851
0.06525921
0.05897048
0.05893098
0.05842798
0.06046649
0.06932635
0.06111550
0.05989795
0.06126554
0.05571131
0.05576718
0.06507805
0.05946887
0.05691463
0.05720391
0.06242393
0.06999846
0.07059714
0.05991027
0.06298147
0.05458517
0.05984517
0.05931536
0.05824469
0.05729078
0.05694974
0.06846567
0.06297674
0.06165679
0.06676924
0.07733068
0.05985639
0.05922482
0.06486864
0.06906325
0.06757877
0.06017641
0.06472638
0.05972339
0.06266146
0.05434168
0.06175674
0.06364532
0.06354884
0.06902542
0.06261896
0.06854075
0.05878140
0.06520732
0.06111771
0.05638327
0.05536790
0.06178883
0.05531732
0.06722826
0.06970068
0.06358782
0.06373721
0.06118121
0.06547060
0.06251779
0.05751863
0.05729726
0.05984543
0.06442009
0.05937030
0.06829868
0.08302857
0.06236747
0.07042532
0.05727432
0.06265764
0.06945784
0.07937051
0.06384542
0.05488994
0.05947177
0.06306561
0.06259957
0.06059577
0.06472623
0.06402124
0.06685020
0.06144411
0.06279830
0.05779663
0.05276711
0.06406574
0.05598712
0.07767604
0.06213527
0.05774809
0.06421911
0.06211724
0.05858292
0.05823384
0.06977153
0.07024200
0.08821999
0.06501969
0.08020227
0.05936367
0.08419614
0.06195849
0.06244025
0.06653977
0.05713840
0.06093536
0.05977011
0.06791909
0.05886557
0.06148861
0.06270597
0.07239710
0.07390151
0.06646820
0.05982249
0.06984133
0.06057487
0.05982671
0.06119911
0.05802541
0.06653977
0.05713840
0.06093536
0.05977011
0.06791909
0.05886557
0.06148861
0.06270597
0.07239710
0.07390151
0.06646820
0.05982249
0.06984133
0.06057487
0.05982671
0.06119911
0.05802541
0.06200262
0.06713050
0.06428284
0.05503594
0.06955095
0.06615269
0.05973686
0.06245044
0.06123303
0.05829039
0.06433875
0.05959901
0.07042317
0.06018290
0.06434450
0.06373695
0.07505238
0.05460495
0.06625063
0.06867615
0.05753950
0.05725116
0.06970547
0.09277653
0.07090544
0.05951928
0.06535180
0.05878925
0.06727181
0.06019803
0.07402215
0.07825532
0.06067038
0.06084871
0.06162446
0.06495779
0.06505902
0.05989904
0.06356440
0.07232727
0.05518382
0.05871153
0.06144486
0.06289988
0.06058336
0.06274620
0.06404955
0.11447486
0.05804762
0.05765311
0.06303781
0.05983098
0.06411345
0.08225273
0.06116670
0.06078906
0.06251732
0.06860137
0.05799184
0.06637905
0.05684400
0.07371182
0.06921233
0.06053339
0.06661107
0.05537231
0.06127060
0.05474379
0.06423456
0.07055619
0.06346164
0.05954538
0.07265637
0.07087685
0.07169745
0.08484380
0.06156633
0.06398135
0.05357912
0.06064834
0.05967923
0.06876905
0.05192483
0.08241795
0.07073110
0.06120652
0.06233052
0.06460813
0.06219902
0.05645476
0.05931298
0.07144367
0.06213760
0.06667952
0.06608423
0.07343440
0.05539217
0.06450333
0.05656443
0.06126142
0.06345579
0.06090456
0.06744774
0.05969222
0.07567596
0.05754493
0.06801816
0.06487613
0.08226397
0.05738440
0.05930598
0.06230191
0.06611291
0.07054353
0.05933424
0.06090530
0.06355112
0.07156291
0.05771515
0.06296084
0.06154931
0.05681493
0.06517780
0.06077018
0.06560448
0.05933722
0.05950035
0.08271212
0.06138416
0.07246685
0.06069620
0.06313014
0.05923201
0.05714943
0.06803732
0.06709156
0.06110483
0.05941940
0.05875590
0.07809264
0.06127235
0.07372307
0.05909084
0.06080979
0.06650672
0.05602128
0.06142743
0.06677264
0.07072174
0.05870729
0.05754170
0.06369177
0.06153893
0.06052043
0.06239623
0.06327184
0.05683612
0.05847309
0.06206596
0.05764198
0.05786881
0.06076414
0.06942601
0.06711971
0.05838858
0.06306645
0.06002666
0.07753500
0.06818709
0.07123937
0.08090364
0.06064395
0.05880646
0.09138184
0.05862407
0.06214525
0.06140506
0.05854091
0.07046109
0.06789640
0.05804154
0.07882834
0.06526997
0.05717678
0.06305160
0.05928339
0.07137892
0.05787199
0.08247156
0.06337474
0.06463390
0.06264600
0.05921589
0.06462328
0.06018078
0.06381514