0.09342725
0.08828326
0.09722349
0.08516587
0.09004860
0.08142216
0.08683565
0.08280178
0.09810534
0.08372578
0.09008177
0.09348406
0.08936153
0.08709161
0.08206329
0.08486228
0.08733219
0.07925109
0.08250153
0.08569178
0.08876239
0.09109136
0.08597299
0.08476544
0.08576232
0.09167572
0.08528132
0.08261387
0.08442188
0.08687701
0.09204439
0.08420610
0.09201909
0.10153155
0.09564671
0.08789826
0.08760539
0.08379901
0.08502270
0.08954130
0.08743178
0.09218265
0.08801234
0.08975746
0.08901476
0.08585033
0.08382592
0.08757423
0.08796535
0.08704324
0.08728986
0.08287211
0.08411706
0.07933452
0.08803604
0.08275041
0.07994667
0.10043062
0.08864301
0.07975108
0.08221148
0.09614499
0.09823871
0.10305962
0.08839878
0.08711332
0.08650799
0.09342996
0.09175606
0.08555178
0.10112832
0.09496294
0.09701779
0.08577610
0.08594636
0.09044116
0.09507242
0.08778721
0.09149061
0.09142577
0.09479964
0.10105420
0.09457708
0.08988472
0.10205023
0.08035574
0.08811790
0.08970412
0.09297344
0.08388808
0.08572623
0.09828577
0.08633823
0.09138572
0.08905042
0.08199923
0.08978093
0.09212285
0.09228118
0.08544178
0.14023463
0.08328002
0.07779081
0.09409225
0.11433379
0.09035891
0.09584923
0.09282609
0.09587631
0.09383445
0.08632073
0.10155762
0.08421745
0.09186316
0.09773587
0.08661535
0.08405879
0.08627851
0.09064810
0.08698533
0.08454023
0.08212817
0.08638133
0.08833064
0.08439808
0.08844699
0.08697566
0.08421152
0.09086992
0.08639892
0.08981478
0.08038393
0.08223506
0.08687196
0.08094038
0.08801077
0.08252941
0.08431940
0.08674577
0.13425956
0.08702866
0.09643379
0.08441434
0.08632621
0.08785948
0.09030567
0.09218354
0.09064442
0.08682986
0.10381810
0.09063157
0.10005573
0.08540635
0.09414974
0.09259208
0.08782760
0.08736289
0.08335425
0.08012138
0.08338891
0.08752460
0.09345725
0.08053107
0.08967042
0.08588835
0.08556396
0.08570953
0.08427211
0.08663027
0.08525726
0.08534830
0.08963148
0.10342118
0.09626684
0.08075156
0.09446754
0.08027393
0.08216543
0.08856900
0.08372721
0.09231779
0.08293347
0.08322660
0.08728002
0.08188348
0.08184660
0.08491809
0.08492331
0.09630242
0.08421303
0.09729582
0.08279081
0.07888421
0.09867313
0.09188218
0.08663060
0.09391399
0.09222286
0.08718461
0.08786702
0.08761358
0.08339653
0.08948579
0.09886211
0.08855044
0.08097847
0.09085841
0.10330009
0.10309102
0.09638388
0.08231438
0.09689161
0.08171501
0.08332515
0.08393871
0.08095873
0.08542173
0.08862061
0.09918521
0.08647171
0.08707310
0.08450578
0.08340383
0.08937099
0.08584017
0.09340286
0.08848630
0.08743728
0.08916799
0.08135332
0.07941653
0.09827067
0.07767202
0.08584326
0.09226668
0.08556387
0.08444086
0.08683128
0.08728071
0.09403658
0.08363797
0.08712091
0.09240976
0.08340071
0.08436601
0.09302308
0.08699423
0.08241210
0.09040829
0.09774547
0.08790984
0.08511758
0.09250761
0.08828900
0.08626212
0.08810219
0.08688875
0.08855969
0.09323523
0.08517245
0.11008408
0.08669895
0.08995655
0.08597860
0.09066526
0.09688800
0.08271900
0.08495705
0.08490314
0.08133630
0.09342725
0.08828326
0.09722349
0.08516587
0.09004860
0.08142216
0.08683565
0.08280178
0.09810534
0.08372578
0.09008177
0.09348406
0.08936153
0.08709161
0.08206329
0.08486228
0.08733219
0.09342725
0.08828326
0.09722349
0.08516587
0.09004860
0.08142216
0.08683565
0.08280178
0.09810534
0.08372578
0.09008177
0.09348406
0.08936153
0.08709161
0.08206329
0.08486228
0.08733219
0.07925109
0.08250153
0.08569178
0.08876239
0.09109136
0.08597299
0.08476544
0.08576232
0.09167572
0.08528132
0.08261387
0.08442188
0.08687701
0.09204439
0.08420610
0.09201909
0.10153155
0.09564671
0.08789826
0.08760539
0.08379901
0.08502270
0.08954130
0.08743178
0.09218265
0.08801234
0.08975746
0.08901476
0.08585033
0.08382592
0.08757423
0.08796535
0.08704324
0.08728986
0.08287211
0.08411706
0.07933452
0.08803604
0.08275041
0.07994667
0.10043062
0.08864301
0.07975108
0.08221148
0.09614499
0.09823871
0.10305962
0.08839878
0.08711332
0.08650799
0.09342996
0.09175606
0.08555178
0.10112832
0.09496294
0.08439458
0.08445082
0.08969916
0.08436283
0.08969109
0.08452569
0.09242715
0.09195711
0.09849865
0.09304536
0.08208504
0.09514083
0.09176703
0.08264114
0.09042326
0.09544358
0.08302674
0.08718249
0.08308913
0.08758437
0.09215650
0.09069190
0.09188168
0.09199112
0.08865592
0.08683137
0.09189118
0.09507914
0.08730334
0.08788464
0.08883893
0.08238540
0.09600332
0.08052878
0.07899413
0.09815286
0.08874038
0.08931664
0.08539238
0.08613662
0.09181859
0.08553484
0.08395644
0.09415466
0.09519928
0.08257262
0.08490901
0.08650681
0.08407104
0.08587305
0.09150770
0.08890035
0.08536909
0.08980590
0.08487567
0.09716838
0.08227643
0.08603726
0.08478617
0.08638643
0.09055410
0.09700154
0.09128996
0.09750917
0.08751456
0.08925999
0.08792721
0.08809530
0.09542351
0.08870690
0.08850945
0.08176503
0.08834261
0.08424476
0.11249258
0.08990851
0.08692784
0.09261490
0.08655111
0.09587452
0.08980189
0.08001862
0.08612891
0.08374622
0.08926865
0.08849124
0.08623170
0.09066207
0.08249387
0.08017786
0.09404260
0.09105934
0.08631166
0.08239112
0.07929932
0.11661075
0.08427135
0.08925445
0.08507798
0.09204387
0.08018105
0.08985681
0.14488141
0.08830120
0.08588343
0.08211820
0.08667846
0.08787810
0.08986646
0.10817330
0.09295266
0.08432947
0.08442969
0.08281190
0.10859339
0.08731400
0.08503554
0.08802721
0.08561972
0.09089336
0.08494713
0.08432662
0.08671418
0.08514034
0.08552073
0.09871771
0.08680725
0.08945231
0.09419268
0.08905021
0.08655615
0.08366053
0.08610750
0.08715553
0.09597178
0.08900660
0.09898693
0.08882712
0.09125188
0.08559028
0.10218375