0.06763752
0.08772753
0.07167707
0.07047321
0.09525079
0.08204704
0.07817326
0.08570797
0.07216570
0.07752977
0.09273603
0.06994180
0.06989172
0.09634666
0.08019112
0.06325871
0.08800978
0.07611801
0.07036716
0.07274992
0.09072197
0.06779807
0.08210868
0.07219084
0.08081692
0.06965570
0.07470380
0.07262083
0.07831490
0.09365878
0.06928555
0.08457327
0.12472030
0.08030955
0.07702115
0.08055157
0.09323686
0.07758160
0.07714173
0.07529931
0.07199251
0.07595251
0.07403132
0.10386699
0.08629501
0.07518452
0.07350393
0.07014392
0.08176955
0.07007831
0.07221271
0.09387755
0.08514005
0.06329161
0.09248067
0.10241827
0.08201521
0.07550961
0.07507131
0.07139721
0.07363673
0.07803008
0.07410195
0.07022778
0.07497171
0.08747849
0.07329103
0.07394441
0.07222233
0.07723717
0.07425262
0.09805777
0.08225077
0.08082080
0.08482689
0.07235532
0.09107516
0.07749061
0.10071543
0.06662600
0.07216149
0.06793724
0.06873246
0.07210603
0.06881296
0.07445118
0.07903349
0.07114691
0.07397028
0.07205997
0.08598552
0.07251233
0.09945142
0.07903995
0.09046257
0.09525074
0.06936072
0.07009125
0.10248440
0.07782288
0.08115458
0.07676167
0.09134910
0.07446148
0.07706848
0.07271606
0.06942994
0.08682793
0.08676687
0.07238671
0.08757366
0.07282652
0.07313143
0.08317054
0.09546680
0.06833123
0.08627206
0.09697605
0.09065999
0.07553855
0.07033746
0.07507912
0.09019371
0.09623863
0.07485265
0.07857701
0.08312094
0.08396055
0.06856223
0.07443384
0.06540864
0.07506878
0.06947230
0.06789141
0.06976695
0.07683988
0.07901867
0.07192495
0.08645563
0.06772538
0.07271831
0.07735947
0.08088523
0.07284899
0.07184279
0.08806435
0.07179942
0.07445377
0.07203785
0.07352951
0.07226664
0.07256465
0.06379302
0.06739272
0.08080498
0.08549458
0.07288216
0.11929920
0.08102489
0.07453679
0.08091909
0.08518970
0.08330500
0.10763535
0.09777452
0.08204559
0.07448462
0.07505260
0.07732314
0.09549003
0.07855154
0.07820448
0.06935761
0.08711626
0.07715790
0.06969771
0.07352932
0.07293755
0.07135402
0.07437072
0.06941100
0.09443919
0.06943591
0.07125145
0.09047181
0.08284896
0.08353877
0.08573348
0.07287808
0.06747687
0.08667595
0.08725241
0.07294013
0.07094214
0.06850260
0.08852743
0.07884437
0.06813662
0.08501922
0.08471233
0.08417739
0.06824422
0.07790419
0.08846376
0.07563090
0.08115090
0.08014805
0.06950149
0.07817341
0.07588855
0.07172367
0.08569717
0.07335392
0.06915396
0.07386321
0.07292635
0.09094443
0.08204707
0.07755479
0.09008465
0.07972726
0.08272082
0.08312018
0.07328383
0.07714640
0.07824777
0.07799131
0.08004777
0.08694617
0.07354052
0.07429240
0.07400106
0.07011663
0.07519940
0.06769013
0.07829370
0.07219514
0.07210926
0.08402218
0.07882664
0.07450025
0.08903991
0.08056154
0.06891917
0.06806134
0.08936763
0.08507142
0.07432095
0.07475591
0.07326855
0.08620223
0.10110757
0.07320690
0.07094039
0.07012753
0.08347278
0.07988518
0.07001711
0.08276935
0.06687952
0.08998925
0.07377203
0.07772504
0.08252917
0.06491801
0.11114264
0.08055188
0.07807757
0.07733169
0.07037723
0.08002934
0.06763752
0.08772753
0.07167707
0.07047321
0.09525079
0.08204704
0.07817326
0.08570797
0.07216570
0.07752977
0.09273603
0.06994180
0.06989172
0.09634666
0.08019112
0.06325871
0.08800978
0.06763752
0.08772753
0.07167707
0.07047321
0.09525079
0.08204704
0.07817326
0.08570797
0.07216570
0.07752977
0.09273603
0.06994180
0.06989172
0.09634666
0.08019112
0.06325871
0.08800978
0.07611801
0.07036716
0.07274992
0.09072197
0.06779807
0.08210868
0.07219084
0.08081692
0.06965570
0.07470380
0.07262083
0.07831490
0.09365878
0.06928555
0.08457327
0.12472030
0.08030955
0.07702115
0.08055157
0.09323686
0.07758160
0.07714173
0.07529931
0.07199251
0.07595251
0.07403132
0.10386699
0.08629501
0.07518452
0.07350393
0.07014392
0.08176955
0.07007831
0.07221271
0.09387755
0.08514005
0.06329161
0.09248067
0.10241827
0.08201521
0.07550961
0.07507131
0.07139721
0.07363673
0.07803008
0.07410195
0.07022778
0.07497171
0.08747849
0.07329103
0.07394441
0.07222233
0.07723717
0.07425262
0.09805777
0.07854258
0.11108051
0.07488952
0.08067762
0.11181771
0.09208375
0.07773530
0.08172306
0.07549735
0.06404289
0.06676814
0.07666301
0.10726655
0.09128852
0.10475610
0.08819789
0.09010154
0.07961681
0.07996267
0.07810603
0.06918988
0.08269029
0.07816537
0.07192010
0.07977857
0.08512356
0.07364411
0.07077683
0.07453346
0.09059768
0.06953543
0.07341838
0.07522628
0.07093558
0.07217284
0.09866536
0.11687220
0.08841176
0.08805653
0.06814435
0.09094335
0.06974990
0.08387305
0.07642275
0.11029609
0.06869976
0.08533620
0.08224250
0.08750561
0.06505857
0.06497437
0.06488934
0.07010439
0.07512757
0.08438010
0.06598478
0.08376213
0.07389563
0.06585829
0.09242990
0.07048631
0.06779112
0.07913251
0.07221736
0.07369863
0.07771434
0.07226729
0.08520118
0.06939403
0.07659882
0.08180883
0.07609711
0.07827553
0.06279891
0.06933034
0.07901600
0.08112853
0.07260536
0.08417039
0.06959631
0.08248807
0.06586273
0.08294837
0.07938196
0.08271670
0.08760137
0.06930835
0.07345898
0.07507390
0.06462155
0.07735342
0.07755179
0.07321966
0.07793448
0.11471263
0.07201712
0.07270248
0.06517103
0.06687224
0.08556692
0.09883701
0.07532053
0.07575995
0.07865830
0.07383518
0.07738552
0.06981968
0.07288536
0.10237117
0.07690175
0.10041608
0.07694613
0.06714785
0.06221126
0.07969785
0.11410460
0.07545106
0.07659054
0.08714152
0.08950457
0.07032514
0.08661644
0.07888482
0.07786031
0.07170305
0.07618728
0.07987005
0.06570696
0.07438518
0.07689299
0.08252014
0.07994902
0.09627502
0.08478739
0.06568454
0.08012823
0.07546916
0.09902683
0.12199454
0.07458681