0.04248719
0.04170225
0.05595654
0.05490025
0.03939197
0.04616890
0.04621000
0.04691821
0.03958919
0.05805510
0.04591297
0.04490301
0.04453546
0.04156622
0.04734804
0.05353602
0.04945766
0.04005250
0.04391496
0.04429077
0.04003164
0.04869409
0.04049873
0.04890829
0.04038111
0.04502341
0.04114869
0.05947178
0.04671514
0.05084257
0.04232310
0.05226155
0.04629465
0.04902600
0.04697769
0.05574771
0.05310363
0.04984396
0.04281571
0.04616948
0.04607628
0.03984309
0.04461416
0.04433241
0.04553045
0.04231461
0.03927347
0.04131546
0.04281136
0.03867296
0.04439167
0.04876267
0.04143497
0.04699869
0.04179525
0.05547228
0.04100492
0.04552637
0.04316992
0.04653135
0.04080312
0.06312207
0.04303747
0.04574358
0.05117567
0.04463346
0.04845855
0.04525283
0.04790970
0.05272668
0.03940029
0.04696561
0.05527200
0.04816079
0.04306030
0.04519903
0.04086559
0.03702174
0.04082491
0.04501015
0.05148965
0.04926727
0.03685088
0.04756855
0.06284490
0.04892258
0.05356250
0.05118795
0.04838528
0.04760044
0.04600112
0.03858892
0.03998983
0.04525457
0.03822093
0.05460773
0.04784942
0.05728175
0.05102568
0.04280998
0.04818224
0.04460096
0.04730965
0.04723221
0.04919977
0.05871444
0.04863089
0.04445714
0.04528359
0.05977304
0.04473180
0.05600983
0.04195010
0.04172350
0.04332925
0.04468846
0.04229337
0.04843247
0.04568965
0.05111011
0.03952429
0.04338601
0.04071384
0.04062628
0.03896708
0.05350296
0.04037567
0.05169602
0.04065265
0.04121891
0.04374850
0.05158921
0.04374952
0.03995749
0.03836303
0.03962976
0.05052191
0.04325722
0.04022196
0.04826064
0.04693194
0.04798022
0.04909333
0.04591905
0.04277218
0.04287315
0.03942460
0.04690066
0.04180117
0.04033943
0.04341861
0.04125339
0.04621336
0.05025933
0.03976408
0.04670126
0.04354594
0.04921914
0.04748088
0.03464854
0.04071224
0.04925941
0.04298271
0.04515282
0.04047700
0.05006310
0.04859294
0.04198721
0.04052787
0.04046004
0.04356606
0.05622651
0.04658707
0.04175297
0.04039867
0.04776154
0.05662582
0.04266727
0.04315902
0.05341970
0.04654345
0.04639029
0.04566661
0.04261681
0.04187668
0.04771389
0.04576490
0.04594853
0.04386741
0.04593120
0.04093201
0.03956327
0.04416138
0.03832918
0.03937194
0.04376261
0.05292068
0.03954378
0.04674586
0.04621611
0.04487965
0.04583368
0.04275215
0.04210363
0.04125077
0.03776265
0.04475164
0.03928431
0.04821508
0.04277911
0.03992672
0.05143120
0.04520033
0.04636434
0.04714798
0.04269143
0.03959108
0.04655202
0.04336602
0.03750743
0.04514233
0.04112184
0.03985301
0.04904713
0.04407194
0.05770729
0.04304276
0.05001280
0.04078409
0.04291555
0.04586630
0.04880400
0.05025397
0.04291017
0.05407950
0.05406121
0.04449873
0.04222146
0.04433124
0.04040778
0.03981047
0.03763082
0.04027509
0.05092813
0.03735406
0.04246039
0.04326325
0.04182255
0.04461496
0.04419741
0.04504354
0.04356782
0.03822256
0.05249772
0.04156889
0.03734875
0.04547848
0.04017595
0.04830809
0.04713125
0.04800174
0.04328949
0.04339926
0.03998879
0.05557749
0.04145364
0.04193388
0.04976412
0.04421238
0.04437638
0.04248719
0.04170225
0.05595654
0.05490025
0.03939197
0.04616890
0.04621000
0.04691821
0.03958919
0.05805510
0.04591297
0.04490301
0.04453546
0.04156622
0.04734804
0.05353602
0.04945766
0.04248719
0.04170225
0.05595654
0.05490025
0.03939197
0.04616890
0.04621000
0.04691821
0.03958919
0.05805510
0.04591297
0.04490301
0.04453546
0.04156622
0.04734804
0.05353602
0.04945766
0.04005250
0.04391496
0.04429077
0.04003164
0.04869409
0.04049873
0.04890829
0.04038111
0.04502341
0.04114869
0.05947178
0.04671514
0.05084257
0.04232310
0.05226155
0.04629465
0.04902600
0.04697769
0.05574771
0.05310363
0.04984396
0.04281571
0.04616948
0.04607628
0.03984309
0.04461416
0.04433241
0.04553045
0.04231461
0.03927347
0.04131546
0.04281136
0.03867296
0.04439167
0.04876267
0.04143497
0.04699869
0.04179525
0.05547228
0.04100492
0.04552637
0.04316992
0.04653135
0.04080312
0.06312207
0.04303747
0.04574358
0.05117567
0.04463346
0.04845855
0.04525283
0.04790970
0.05272668
0.03940029
0.04696561
0.04919859
0.06225229
0.05018995
0.04522238
0.04394004
0.04505645
0.04569036
0.04087040
0.04161416
0.04357857
0.04976425
0.04148671
0.04560642
0.04402383
0.04484769
0.04234519
0.05207524
0.04990388
0.04307133
0.04212713
0.04468668
0.04335058
0.03637327
0.04635526
0.04250690
0.03997329
0.03775437
0.03931998
0.04046119
0.04490821
0.05322498
0.04262757
0.04405105
0.04368644
0.03746295
0.05035718
0.04416662
0.04579398
0.05619335
0.04088444
0.04303952
0.04452238
0.04299856
0.03887683
0.04689571
0.04601569
0.05229498
0.04004200
0.04880232
0.04375091
0.05269361
0.04826072
0.04555410
0.04483703
0.04623370
0.04180504
0.04421106
0.04366463
0.04736129
0.04595132
0.06099424
0.04473412
0.04751456
0.04582876
0.04380000
0.04843055
0.04132697
0.04314627
0.04132279
0.04556523
0.03858236
0.04334739
0.04833941
0.05320502
0.05322018
0.04236194
0.03691071
0.04636779
0.04366815
0.04287241
0.03991178
0.04010672
0.04022594
0.04140094
0.04095767
0.04679284
0.04909609
0.03772191
0.04526101
0.04410801
0.04503939
0.04161295
0.03867882
0.04654722
0.05965821
0.07057429
0.04068187
0.03690831
0.05497587
0.03839030
0.04414870
0.03945299
0.04119232
0.04004024
0.03938949
0.04730656
0.04664448
0.04407263
0.04875539
0.04452674
0.04002325
0.04735525
0.05021028
0.04603863
0.03956712
0.05199400
0.04253293
0.05280538
0.04245334
0.04027924
0.04898946
0.04120698
0.05026321
0.04284341
0.04490869
0.04412738
0.04828566
0.04437605
0.04212008
0.04075560
0.04526720
0.05162496
0.05013175
0.04454693
0.05113421
0.04713010
0.04119504
0.04423772
0.04218849
0.04356817
0.03986551