0.03935135
0.03812111
0.04022943
0.03840381
0.03949969
0.03772328
0.04452608
0.04119073
0.03635436
0.03935336
0.04299484
0.04213661
0.03966074
0.03865901
0.03829558
0.04624308
0.03961121
0.04187643
0.04617993
0.04279422
0.03866193
0.03909499
0.04135013
0.03634568
0.03617233
0.04026282
0.03415162
0.03995552
0.04093094
0.04373878
0.04359710
0.03464069
0.03667907
0.03765367
0.03710997
0.03946582
0.04621384
0.03630630
0.03782395
0.03210444
0.04185132
0.04198654
0.04026146
0.03818373
0.03889003
0.04104106
0.03703697
0.03956303
0.03773855
0.04157037
0.04233079
0.04317125
0.03756796
0.03918817
0.04470892
0.03833306
0.03524723
0.04066474
0.04227657
0.04178371
0.03899951
0.03878787
0.04420524
0.03855578
0.04343607
0.03929733
0.04005993
0.04417641
0.03773631
0.03947525
0.03846092
0.04404995
0.04491661
0.04552143
0.04030488
0.04704814
0.03546011
0.04257122
0.04088762
0.03667917
0.04057655
0.04128706
0.05024917
0.03694478
0.03600414
0.03446236
0.03482375
0.03849402
0.03871403
0.03975795
0.03825430
0.03941801
0.03825505
0.03847063
0.04687403
0.04247349
0.03643508
0.04757040
0.03905906
0.03620414
0.03620605
0.04241343
0.04246428
0.04096091
0.03911185
0.04932774
0.04060576
0.03985391
0.04111551
0.04654799
0.05059976
0.04090715
0.03940815
0.04075684
0.03745081
0.04472958
0.03832422
0.03620075
0.03849064
0.03721103
0.04011679
0.04445240
0.03695612
0.04540842
0.03514155
0.03575337
0.03285440
0.03506505
0.04938359
0.03782052
0.03615492
0.04170969
0.03896741
0.03499288
0.04044100
0.04086110
0.03878272
0.03925248
0.03856602
0.03842314
0.03521940
0.04979932
0.04122476
0.04372611
0.04012021
0.04429210
0.03966331
0.04324055
0.04202636
0.04165235
0.04609423
0.03913801
0.04409193
0.03762892
0.03646999
0.04877203
0.03691497
0.04200609
0.04226656
0.03894736
0.03653402
0.03505570
0.04012512
0.03587171
0.04155390
0.03448515
0.04422225
0.03562932
0.03832107
0.03423012
0.04034030
0.03955445
0.04426004
0.04083509
0.03860561
0.04001882
0.03998915
0.03782830
0.03522350
0.03835409
0.04303855
0.04042278
0.03743147
0.03633755
0.03928764
0.03547513
0.03409634
0.04047902
0.04082675
0.03627793
0.03809938
0.04189180
0.05003845
0.03810928
0.05845368
0.03081972
0.03647904
0.04010293
0.03546041
0.04109882
0.04388502
0.04391766
0.04100783
0.04523689
0.04528470
0.03199676
0.03712739
0.04255865
0.04117345
0.03839356
0.04458475
0.04056443
0.04182740
0.03803256
0.03690514
0.03583895
0.03577931
0.03793867
0.03294246
0.04017577
0.03458794
0.03816752
0.03893750
0.04805567
0.04089613
0.03673060
0.04228075
0.03763486
0.03803273
0.03703762
0.03623757
0.04644643
0.04047337
0.03889147
0.03858651
0.04091278
0.03698541
0.05036444
0.03762805
0.03942515
0.03603859
0.04322667
0.04197696
0.03630672
0.03964619
0.04112839
0.04559303
0.03614721
0.04039914
0.04471430
0.04017715
0.04181363
0.04398844
0.03806227
0.04477534
0.04600958
0.04075432
0.04304534
0.03480490
0.03779408
0.03630909
0.04132719
0.03708518
0.03814467
0.04133987
0.03308582
0.04477247
0.04060980
0.04214992
0.03803608
0.03636192
0.03935135
0.03812111
0.04022943
0.03840381
0.03949969
0.03772328
0.04452608
0.04119073
0.03635436
0.03935336
0.04299484
0.04213661
0.03966074
0.03865901
0.03829558
0.04624308
0.03961121
0.03935135
0.03812111
0.04022943
0.03840381
0.03949969
0.03772328
0.04452608
0.04119073
0.03635436
0.03935336
0.04299484
0.04213661
0.03966074
0.03865901
0.03829558
0.04624308
0.03961121
0.04187643
0.04617993
0.04279422
0.03866193
0.03909499
0.04135013
0.03634568
0.03617233
0.04026282
0.03415162
0.03995552
0.04093094
0.04373878
0.04359710
0.03464069
0.03667907
0.03765367
0.03710997
0.03946582
0.04621384
0.03630630
0.03782395
0.03210444
0.04185132
0.04198654
0.04026146
0.03818373
0.03889003
0.04104106
0.03703697
0.03956303
0.03773855
0.04157037
0.04233079
0.04317125
0.03756796
0.03918817
0.04470892
0.03833306
0.03524723
0.04066474
0.04227657
0.04178371
0.03899951
0.03878787
0.04420524
0.03855578
0.04343607
0.03929733
0.04005993
0.04417641
0.03773631
0.03947525
0.03846092
0.04404995
0.04567369
0.04169145
0.03802234
0.04091855
0.03493624
0.03747108
0.04305408
0.03822181
0.03658892
0.03849615
0.03852997
0.04220324
0.04540685
0.04204363
0.04182777
0.04469141
0.03934420
0.04079956
0.03765559
0.04012898
0.04185113
0.04590265
0.04107425
0.03870247
0.04100811
0.03680657
0.03827962
0.03842808
0.04180679
0.03869010
0.04441977
0.04220499
0.03998826
0.04174951
0.04296272
0.04600367
0.03587360
0.03955199
0.04119040
0.04431406
0.04259205
0.04204523
0.03504760
0.04353974
0.03454735
0.03962188
0.03826653
0.03708323
0.03036890
0.04204116
0.03209099
0.03934435
0.04188391
0.04112527
0.04065112
0.04923542
0.03462981
0.04301199
0.03985527
0.04144988
0.03678039
0.03758924
0.03796666
0.04409541
0.03854530
0.03560520
0.03876230
0.03765204
0.04198407
0.03997206
0.04247166
0.04420069
0.04255092
0.03853316
0.04201155
0.03764173
0.04501965
0.03828247
0.04267579
0.03958226
0.03609455
0.04257187
0.03831472
0.04117838
0.04506606
0.03951129
0.04091021
0.04486615
0.03947276
0.03852524
0.04141022
0.04739707
0.03968725
0.03620084
0.03981941
0.03955077
0.05680168
0.03191397
0.04262645
0.03835396
0.04017442
0.04398933
0.03901532
0.03854674
0.03973376
0.03648877
0.04081107
0.03735496
0.03930038
0.03898977
0.03901704
0.04092291
0.03984671
0.03657086
0.04590113
0.04024849
0.04025105
0.04568006
0.03626468
0.03906834
0.04482848
0.04265166
0.04653901
0.04550569
0.03783151
0.04470927
0.03766583
0.04265233
0.05173403
0.04151464
0.04222746
0.04076490
0.04067152
0.03894185
0.03678525
0.03915142
0.04123428
0.04382855
0.03693697
0.03165248