0.04245264
0.03971976
0.04441926
0.04510521
0.04680451
0.04217593
0.04651019
0.04100265
0.03851407
0.04338381
0.04587569
0.04006214
0.04692136
0.03851865
0.04190018
0.03820853
0.04430764
0.04259363
0.04254370
0.04320740
0.03933929
0.03816862
0.04268862
0.04600392
0.04374214
0.04615883
0.04455847
0.03947944
0.04392919
0.04061524
0.04707574
0.03577233
0.04280478
0.04409783
0.04240295
0.04263148
0.03756004
0.04166126
0.04529105
0.04093370
0.04201206
0.04143391
0.04077827
0.04356741
0.03910715
0.04335039
0.03950933
0.04103610
0.04316140
0.04636950
0.04507400
0.04613448
0.04209946
0.04496232
0.03849948
0.04248647
0.04279975
0.03751530
0.04515250
0.03895192
0.04519500
0.03926338
0.04338454
0.04192595
0.04404454
0.04299659
0.04141052
0.04091506
0.04386032
0.04433257
0.04544939
0.03794416
0.04640385
0.03873926
0.04504199
0.04029629
0.04225721
0.03902951
0.03854110
0.03473327
0.04295481
0.05063616
0.04046895
0.04258368
0.04027394
0.04143327
0.03960274
0.04008740
0.04427498
0.04331573
0.03986805
0.04418925
0.04062879
0.04341338
0.03798986
0.04296664
0.04036136
0.04606733
0.04519583
0.04732889
0.04212871
0.04053830
0.03979919
0.04613030
0.03957853
0.04302225
0.04458576
0.04387003
0.04398513
0.04200678
0.03791706
0.03898928
0.04006722
0.04292900
0.04512352
0.03781340
0.04285794
0.04237088
0.04351222
0.03994317
0.04059770
0.04205894
0.03691669
0.04459470
0.04178153
0.03795787
0.04005346
0.03773192
0.04440210
0.04146120
0.04296389
0.04526983
0.04243131
0.04422483
0.04402681
0.04693033
0.04568039
0.03903096
0.04071007
0.03804362
0.04893387
0.03890050
0.04123861
0.04130436
0.04294979
0.03841200
0.04001783
0.04583675
0.03699861
0.04411539
0.04340937
0.04407547
0.04433876
0.04412957
0.04307845
0.04022258
0.03976939
0.04442356
0.04168055
0.04600182
0.04623989
0.03885807
0.04627607
0.04277576
0.04552741
0.04157533
0.04227339
0.03979815
0.04923658
0.04718452
0.03948585
0.04323841
0.03961876
0.03873934
0.04190655
0.04904525
0.03931508
0.05056336
0.03813874
0.04148776
0.04201840
0.04617464
0.03660023
0.04204071
0.05095532
0.04022977
0.04508626
0.03912082
0.04090179
0.04364419
0.04236126
0.04215491
0.04267266
0.04227657
0.05072525
0.04142678
0.04501537
0.04503019
0.04429559
0.04500738
0.04588242
0.03752179
0.04301781
0.04279614
0.04150511
0.04013536
0.04338875
0.05071627
0.04900655
0.03442409
0.04065262
0.04342628
0.04244230
0.04082450
0.04166641
0.04225784
0.04145351
0.04158619
0.03962633
0.04111089
0.04161144
0.03915300
0.04809695
0.04678043
0.03700663
0.04219213
0.04147688
0.04216020
0.04410490
0.04487127
0.03514249
0.04716708
0.04395527
0.04141074
0.03740343
0.03790218
0.04217149
0.04366911
0.04560331
0.04252790
0.04205723
0.04184955
0.04377204
0.04588510
0.04399616
0.04359513
0.04156882
0.04073519
0.04705627
0.03744109
0.04569785
0.05202690
0.04322428
0.03886873
0.04086217
0.04306611
0.04101058
0.04061601
0.04583468
0.04274480
0.04048978
0.04130429
0.04454399
0.03921066
0.04625063
0.04612849
0.03849671
0.04403283
0.04966458
0.04084189
0.03665977
0.04245264
0.03971976
0.04441926
0.04510521
0.04680451
0.04217593
0.04651019
0.04100265
0.03851407
0.04338381
0.04587569
0.04006214
0.04692136
0.03851865
0.04190018
0.03820853
0.04430764
0.04259363
0.04245264
0.03971976
0.04441926
0.04510521
0.04680451
0.04217593
0.04651019
0.04100265
0.03851407
0.04338381
0.04587569
0.04006214
0.04692136
0.03851865
0.04190018
0.03820853
0.04430764
0.04259363
0.04254370
0.04320740
0.03933929
0.03816862
0.04268862
0.04600392
0.04374214
0.04615883
0.04455847
0.03947944
0.04392919
0.04061524
0.04707574
0.03577233
0.04280478
0.04409783
0.04240295
0.04263148
0.03756004
0.04166126
0.04529105
0.04093370
0.04201206
0.04143391
0.04077827
0.04356741
0.03910715
0.04335039
0.03950933
0.04103610
0.04316140
0.04636950
0.04507400
0.04613448
0.04209946
0.04496232
0.03849948
0.04248647
0.04279975
0.03751530
0.04515250
0.03895192
0.04519500
0.03926338
0.04338454
0.04192595
0.04404454
0.04299659
0.04141052
0.04091506
0.04386032
0.04433257
0.04544939
0.03794416
0.04640385
0.04737915
0.04434506
0.04569185
0.04178966
0.04200111
0.03707802
0.05019180
0.04210607
0.04024109
0.04364824
0.04455554
0.03907189
0.04078430
0.04361186
0.04336399
0.04197232
0.04305896
0.03677758
0.03981611
0.04154560
0.04399511
0.03786618
0.04120623
0.04176212
0.04373911
0.04552486
0.03932349
0.03953322
0.04705962
0.04332321
0.04373613
0.04525474
0.04452653
0.04729139
0.04428205
0.03927489
0.03666902
0.04645864
0.04117957
0.04252354
0.04081781
0.03677002
0.03812242
0.04515508
0.04180030
0.04060533
0.04492954
0.04145456
0.03976098
0.04124252
0.04584381
0.04376091
0.04578208
0.04719952
0.03885277
0.04094363
0.03861736
0.04273970
0.04160749
0.04316363
0.04811213
0.04117341
0.04513761
0.04239923
0.03740069
0.04195981
0.03850470
0.04044734
0.04065812
0.04134602
0.04133019
0.03423372
0.04450288
0.03893292
0.03956825
0.04691479
0.04736646
0.03960977
0.04578634
0.04030487
0.04123998
0.04083023
0.04529158
0.03682799
0.04240735
0.04053520
0.04287953
0.03831947
0.04128350
0.03708262
0.04662971
0.04376983
0.03967510
0.03943048
0.04033640
0.04755947
0.03891195
0.04245627
0.03790645
0.03914247
0.04551066
0.04062336
0.04575491
0.03746932
0.03955785
0.04404704
0.04678867
0.04133155
0.04430845
0.04694181
0.04264501
0.03874529
0.04571252
0.04277958
0.03995376
0.04248027
0.04139543
0.04024055
0.05123037
0.04316217
0.04534352
0.04352160
0.04084054
0.05079200
0.04283319
0.04524358
0.04707465
0.03762530
0.03810742
0.04112726
0.04112159
0.04897745
0.03953656
0.04237702
0.04690044
0.03755946
0.03773385
0.04108772