0.08498598
0.15389192
0.13339618
0.10763065
0.09314114
0.13433600
0.10835000
0.09773687
0.10084062
0.19861308
0.08792701
0.18483176
0.10192448
0.16111746
0.09267449
0.12718735
0.11756185
0.12401162
0.11418910
0.11241939
0.10929867
0.10365507
0.14213722
0.13694381
0.11782321
0.10018539
0.09443469
0.09990103
0.11733312
0.11103741
0.15637990
0.09173251
0.12374046
0.14087125
0.09456876
0.11016535
0.15856385
0.12552103
0.10170226
0.09483781
0.11358254
0.09058592
0.14041887
0.10786268
0.14162519
0.09677295
0.11472554
0.16116354
0.09907763
0.11567716
0.15528073
0.08589167
0.11587751
0.14385064
0.12655341
0.08728728
0.09074599
0.10285508
0.11377709
0.08916851
0.12098273
0.08914339
0.08554397
0.15663222
0.10736131
0.13408413
0.12395139
0.11153370
0.20120793
0.10956887
0.11888052
0.10946941
0.15107146
0.10780686
0.08879634
0.10006040
0.13024060
0.09052697
0.10154564
0.16088653
0.08005408
0.16044578
0.10738199
0.11536177
0.14878164
0.12213190
0.09580422
0.12618862
0.12085322
0.14258668
0.12327776
0.18458624
0.09600676
0.08704114
0.10878398
0.11721903
0.10375563
0.11553125
0.11796373
0.13100167
0.14684362
0.10210275
0.10306566
0.10206575
0.14535968
0.11837110
0.13573092
0.09974373
0.09111985
0.09208581
0.12265597
0.11731493
0.11979302
0.11865645
0.12000100
0.11490428
0.09669980
0.10667385
0.09389804
0.09777148
0.10429407
0.11416495
0.15989943
0.09919027
0.08637281
0.12728694
0.16198607
0.11800033
0.09511578
0.12435310
0.09550815
0.10659471
0.12656448
0.10993063
0.11842471
0.13223068
0.10308770
0.12016009
0.15389287
0.14729730
0.12988492
0.11683715
0.14540922
0.10916668
0.09824128
0.12448160
0.12321965
0.11989804
0.10167734
0.13688779
0.10304384
0.09681073
0.10823973
0.12138915
0.09680950
0.11255306
0.10828740
0.11606333
0.11437646
0.09166608
0.10619747
0.11321075
0.12268153
0.11843105
0.10772123
0.10290344
0.16148097
0.12738072
0.10692464
0.10034921
0.10754427
0.09861709
0.13381919
0.10972400
0.13585184
0.12946811
0.10026279
0.10898376
0.10995862
0.08802379
0.11807198
0.11141448
0.12751154
0.10009416
0.15992969
0.11552007
0.09465021
0.08917617
0.14863667
0.15403562
0.10593258
0.11326712
0.12069852
0.10245094
0.10916862
0.09623446
0.09060521
0.14976471
0.10882739
0.18993272
0.09222559
0.15684012
0.10640425
0.11974781
0.13393555
0.15870386
0.11386073
0.13688717
0.10654729
0.10434856
0.11638017
0.11174017
0.16296785
0.09735266
0.12164591
0.10007198
0.14206262
0.12202146
0.09198670
0.12709659
0.11089448
0.11599159
0.11774989
0.08238693
0.10454417
0.11668012
0.11617679
0.12523400
0.12084435
0.11122223
0.13707124
0.09631220
0.09628211
0.12029047
0.11386729
0.10888490
0.13450504
0.09260336
0.12085398
0.09251862
0.09211734
0.09977283
0.08301884
0.08538602
0.12122174
0.15382751
0.11497443
0.09974797
0.09542942
0.12929376
0.13945701
0.13018063
0.13162924
0.10677230
0.13550777
0.11261214
0.09670771
0.11495863
0.10324842
0.10196518
0.11138723
0.08503548
0.11686655
0.12691321
0.13632692
0.11211412
0.13244722
0.13167164
0.12081094
0.11851097
0.10944915
0.08498598
0.15389192
0.13339618
0.10763065
0.09314114
0.13433600
0.10835000
0.09773687
0.10084062
0.19861308
0.08792701
0.18483176
0.10192448
0.16111746
0.09267449
0.12718735
0.11756185
0.12401162
0.08498598
0.15389192
0.13339618
0.10763065
0.09314114
0.13433600
0.10835000
0.09773687
0.10084062
0.19861308
0.08792701
0.18483176
0.10192448
0.16111746
0.09267449
0.12718735
0.11756185
0.12401162
0.11418910
0.11241939
0.10929867
0.10365507
0.14213722
0.13694381
0.11782321
0.10018539
0.09443469
0.09990103
0.11733312
0.11103741
0.15637990
0.09173251
0.12374046
0.14087125
0.09456876
0.11016535
0.15856385
0.12552103
0.10170226
0.09483781
0.11358254
0.09058592
0.14041887
0.10786268
0.14162519
0.09677295
0.11472554
0.16116354
0.09907763
0.11567716
0.15528073
0.08589167
0.11587751
0.14385064
0.12655341
0.08728728
0.09074599
0.10285508
0.11377709
0.08916851
0.12098273
0.08914339
0.08554397
0.15663222
0.10736131
0.13408413
0.12395139
0.11153370
0.20120793
0.10956887
0.11888052
0.10946941
0.15107146
0.11726583
0.10306182
0.11967108
0.09629177
0.11324983
0.13659142
0.10607669
0.11239516
0.09656405
0.08353875
0.13866937
0.10793500
0.11403161
0.10941900
0.14602371
0.11010781
0.11072429
0.14587587
0.11115295
0.12172459
0.10301734
0.11386593
0.12564266
0.14198879
0.13589567
0.10057111
0.13230950
0.09730460
0.11083026
0.11554621
0.12999070
0.11563471
0.13121549
0.10715313
0.10215354
0.11009807
0.13963682
0.12260050
0.11396121
0.13358201
0.13844253
0.10572975
0.10149755
0.13909397
0.19503739
0.09726922
0.13796449
0.14524395
0.12484516
0.09900361
0.12712959
0.10722976
0.10573927
0.11492101
0.12146070
0.09393992
0.10572765
0.10441584
0.10656330
0.11082317
0.11353628
0.13162643
0.11934792
0.08604649
0.10964443
0.13672519
0.08853966
0.15953370
0.13275155
0.11106066
0.11559814
0.10413127
0.13561940
0.08544402
0.15675349
0.09646905
0.14431212
0.12026652
0.14143553
0.13517133
0.11691868
0.12353253
0.08781378
0.10924038
0.11478618
0.08857957
0.09504073
0.14411359
0.11155317
0.11857808
0.13079222
0.15942251
0.09928109
0.09114233
0.12143029
0.11635249
0.12232969
0.14867901
0.11927233
0.09897266
0.12092933
0.11536721
0.12532270
0.14645694
0.12052271
0.10464472
0.09314452
0.13423016
0.10747861
0.11874740
0.10579443
0.11543159
0.13545616
0.09484117
0.10650780
0.12325224
0.09250333
0.13783973
0.14326699
0.10142220
0.10339089
0.10712457
0.10584666
0.10947473
0.13626346
0.12231696
0.09551223
0.11256921
0.10214215
0.12192096
0.12231725
0.14418336
0.12717955
0.10865746
0.12231820
0.14307639
0.15208630
0.10403892