0.03429936
0.03666126
0.03714028
0.03652191
0.04236033
0.04049591
0.03517620
0.03971978
0.03716464
0.03552447
0.03387025
0.03647999
0.04257026
0.03554727
0.03699941
0.04002086
0.03621282
0.04068379
0.03789756
0.03581659
0.03865156
0.03084180
0.03733678
0.03395527
0.03959853
0.03430847
0.03540734
0.04083882
0.04172562
0.03690249
0.03649880
0.03556683
0.03192759
0.03381447
0.03846267
0.03355042
0.03438836
0.03529033
0.04150141
0.04172272
0.03479240
0.03738681
0.03443627
0.04668398
0.04041439
0.03718318
0.03648489
0.03813534
0.03907942
0.04079641
0.03779279
0.03994333
0.03822551
0.03686260
0.03391578
0.03485110
0.03895448
0.03572438
0.03915750
0.03720930
0.04072483
0.03824541
0.03602810
0.03796654
0.03725733
0.04059124
0.03218111
0.03366760
0.03254461
0.03870959
0.03592589
0.03527678
0.03854868
0.03485517
0.03674199
0.03484403
0.03760369
0.03775253
0.03487072
0.03755973
0.03594247
0.03920444
0.03858450
0.03870594
0.03441627
0.03917114
0.03769270
0.03739980
0.03922379
0.03213593
0.03534026
0.03753512
0.03336408
0.04151122
0.03382053
0.03654200
0.03443042
0.03531257
0.03547538
0.03315737
0.03467279
0.03277341
0.03869592
0.03912377
0.03442166
0.04167222
0.04409111
0.04014268
0.03698039
0.03816227
0.03954274
0.03329499
0.03537832
0.03746319
0.03878885
0.03537469
0.03551961
0.03490947
0.03650883
0.03788571
0.03599886
0.03814601
0.03898506
0.03110039
0.03292988
0.04234732
0.03975620
0.03754525
0.03722164
0.03392533
0.03928958
0.03774521
0.03398670
0.03926450
0.03734742
0.04056483
0.03296186
0.04016765
0.03591904
0.03720972
0.03525711
0.03761984
0.03710015
0.03529674
0.03358132
0.03590447
0.03843491
0.03835399
0.03595333
0.03451350
0.03400971
0.03412481
0.03520076
0.03170551
0.03748515
0.03554333
0.03970875
0.03250642
0.04131500
0.04324789
0.03367344
0.03663560
0.03374574
0.03510059
0.03950726
0.04173156
0.03774372
0.03794869
0.03286354
0.03549881
0.03697993
0.03519055
0.03342427
0.03535082
0.03283424
0.03955905
0.03645905
0.03809815
0.03510174
0.03371958
0.03655222
0.03386286
0.03314098
0.03357218
0.03482949
0.03547971
0.03709425
0.03315219
0.03426386
0.04262168
0.03506197
0.03201017
0.03593705
0.03695329
0.03785667
0.03478367
0.03410990
0.03911209
0.03538865
0.03725505
0.04010596
0.03910726
0.03756586
0.03698977
0.03816194
0.03453722
0.03547432
0.03446110
0.03414497
0.04510745
0.03378880
0.03964768
0.03804580
0.03799090
0.04070499
0.04227048
0.03728764
0.03646033
0.03346548
0.03421297
0.03646000
0.03900893
0.03524125
0.03316294
0.03571710
0.03876187
0.03858229
0.03590217
0.03370815
0.04580429
0.03641738
0.03829809
0.03550016
0.03199035
0.03874166
0.03730860
0.03689890
0.03870683
0.03620388
0.03952501
0.03806598
0.04273245
0.03640196
0.03748006
0.03492943
0.03439941
0.03568119
0.03519885
0.03371242
0.03319185
0.03535547
0.03853105
0.03888946
0.03405999
0.04195594
0.03854432
0.03788534
0.03955981
0.03776509
0.03789771
0.03864413
0.04353615
0.03921176
0.03379583
0.03913252
0.04011389
0.03557128
0.03500122
0.03871805
0.03758718
0.03429936
0.03666126
0.03714028
0.03652191
0.04236033
0.04049591
0.03517620
0.03971978
0.03716464
0.03552447
0.03387025
0.03647999
0.04257026
0.03554727
0.03699941
0.04002086
0.03621282
0.03429936
0.03666126
0.03714028
0.03652191
0.04236033
0.04049591
0.03517620
0.03971978
0.03716464
0.03552447
0.03387025
0.03647999
0.04257026
0.03554727
0.03699941
0.04002086
0.03621282
0.04068379
0.03789756
0.03581659
0.03865156
0.03084180
0.03733678
0.03395527
0.03959853
0.03430847
0.03540734
0.04083882
0.04172562
0.03690249
0.03649880
0.03556683
0.03192759
0.03381447
0.03846267
0.03355042
0.03438836
0.03529033
0.04150141
0.04172272
0.03479240
0.03738681
0.03443627
0.04668398
0.04041439
0.03718318
0.03648489
0.03813534
0.03907942
0.04079641
0.03779279
0.03994333
0.03822551
0.03686260
0.03391578
0.03485110
0.03895448
0.03572438
0.03915750
0.03720930
0.04072483
0.03824541
0.03602810
0.03796654
0.03725733
0.04059124
0.03218111
0.03366760
0.03254461
0.03870959
0.03592589
0.03527678
0.03728008
0.03532267
0.03844936
0.03518423
0.03805287
0.03628869
0.03478685
0.03126283
0.03686464
0.03836935
0.03526194
0.03342699
0.03359051
0.03273954
0.03883293
0.03837980
0.03850440
0.03769062
0.03555209
0.04031211
0.03748868
0.03978536
0.03585969
0.03805489
0.03931948
0.03778055
0.03689935
0.03132873
0.03904874
0.04123846
0.04015630
0.03785042
0.03478549
0.04145483
0.03695518
0.03409340
0.03788565
0.03124413
0.03589488
0.03294899
0.03715105
0.03646715
0.03844524
0.03701258
0.03668904
0.03450824
0.04012993
0.03793204
0.03613391
0.03918868
0.04096683
0.03543280
0.03536150
0.03861827
0.04545360
0.03918640
0.03656147
0.03404346
0.03776256
0.03727972
0.03608929
0.03405352
0.03927780
0.03810157
0.03563097
0.03901595
0.03605389
0.03758144
0.04221457
0.03669070
0.03589092
0.04100106
0.03900821
0.03819546
0.04056248
0.03420502
0.04168413
0.04122865
0.03701752
0.03550391
0.03550818
0.03819810
0.03676468
0.03780758
0.03456147
0.03550042
0.03767545
0.03738627
0.03947203
0.03802908
0.04028850
0.03640894
0.03595624
0.03419118
0.03487552
0.03788409
0.03457528
0.03448798
0.03560533
0.03828454
0.03529028
0.03541600
0.03725719
0.03649540
0.03452257
0.03836056
0.03512851
0.03745029
0.03567524
0.03568601
0.03966197
0.03454333
0.03865985
0.03703483
0.03753544
0.03701980
0.03095836
0.03886252
0.03308725
0.03792414
0.03703092
0.04020090
0.03846840
0.03786396
0.03893457
0.03606751
0.03543071
0.03635936
0.04026268
0.03570157
0.03801847
0.03962863
0.03851620
0.04029239
0.04100737
0.03551613
0.03512980
0.03693060
0.04142344
0.03605932
0.03589882