0.03414747
0.03368788
0.03363407
0.03395907
0.03898403
0.04331224
0.03521609
0.03538841
0.02981932
0.03389721
0.03618559
0.02975302
0.03329866
0.04000201
0.03753998
0.03251989
0.03596694
0.02964025
0.03763485
0.03631282
0.03755735
0.03533998
0.03084667
0.03611696
0.03561206
0.03505605
0.03209278
0.02999649
0.03402632
0.03267453
0.02979676
0.03766136
0.03368040
0.03233986
0.03898221
0.03541416
0.03000083
0.03251060
0.04086290
0.03235250
0.03545281
0.03104750
0.03937507
0.03734665
0.03354030
0.03202196
0.03065302
0.03486292
0.03477458
0.04003926
0.03703284
0.03669469
0.03538827
0.03593409
0.03669566
0.03883234
0.03770448
0.03013729
0.03261211
0.03552135
0.03204909
0.03080205
0.03363693
0.03808443
0.03036809
0.03517729
0.04815785
0.03039550
0.03406174
0.03190764
0.03701478
0.03509330
0.02908982
0.04052725
0.03455169
0.03331990
0.02836015
0.03426067
0.03537623
0.03747586
0.03675868
0.03779699
0.03852555
0.05158517
0.03583251
0.02987103
0.03045898
0.03424041
0.03204802
0.03383650
0.03974211
0.03577374
0.03740833
0.03277626
0.03451284
0.03562019
0.03583346
0.03230979
0.03675619
0.03654664
0.02929982
0.03253766
0.03389650
0.03485183
0.03272194
0.02880572
0.03831657
0.03209803
0.03493499
0.03992035
0.03357433
0.03162898
0.02864333
0.03548954
0.03093588
0.03785232
0.04004736
0.03521985
0.03569737
0.03787974
0.03362763
0.03735758
0.03295469
0.03883660
0.03111217
0.03711020
0.03284690
0.03816141
0.04198326
0.03514037
0.03734970
0.04094848
0.03747463
0.03549450
0.03216990
0.03460509
0.03820931
0.03571686
0.03321478
0.03642274
0.03113375
0.03381936
0.02958673
0.03369242
0.03698555
0.03815641
0.03528358
0.03757290
0.03664746
0.03711088
0.03523267
0.04109017
0.03766114
0.03431863
0.02864838
0.03376501
0.03346231
0.03102113
0.03591845
0.03459434
0.03279082
0.03284917
0.02990043
0.03167934
0.03629605
0.03236088
0.03527403
0.03621643
0.02992794
0.03420681
0.03175427
0.03555051
0.03625194
0.03062862
0.03661816
0.03701015
0.03131516
0.03352842
0.03148361
0.03333940
0.03102232
0.03502800
0.03307823
0.03478216
0.03308304
0.03047784
0.03127145
0.04314032
0.03523311
0.03496186
0.03311088
0.03595189
0.03286225
0.03373363
0.03852401
0.02995498
0.03537112
0.03101076
0.03581205
0.03036027
0.03110408
0.03232230
0.03370370
0.03807589
0.03795651
0.03358785
0.03835324
0.03583548
0.03443568
0.03644210
0.03722144
0.03430744
0.04100328
0.03390954
0.03232246
0.02866547
0.03404207
0.03631748
0.03508057
0.03146695
0.03603704
0.03090025
0.03407899
0.03117714
0.03011631
0.03687541
0.03043211
0.03836764
0.02915477
0.03353346
0.03827072
0.03694611
0.03355543
0.03901743
0.03361444
0.03535069
0.03594243
0.04182248
0.03258557
0.03340873
0.03678948
0.03022504
0.03911484
0.03552639
0.03710398
0.03300034
0.03625195
0.03555404
0.03388906
0.02908448
0.03070625
0.03669437
0.03269127
0.03638477
0.03657196
0.03752554
0.03188728
0.03121427
0.03234851
0.03389339
0.03146575
0.04011328
0.04386283
0.03394192
0.03990983
0.03986796
0.03530308
0.02951953
0.03229006
0.03655903
0.03414747
0.03368788
0.03363407
0.03395907
0.03898403
0.04331224
0.03521609
0.03538841
0.02981932
0.03389721
0.03618559
0.02975302
0.03329866
0.04000201
0.03753998
0.03251989
0.03596694
0.03414747
0.03368788
0.03363407
0.03395907
0.03898403
0.04331224
0.03521609
0.03538841
0.02981932
0.03389721
0.03618559
0.02975302
0.03329866
0.04000201
0.03753998
0.03251989
0.03596694
0.02964025
0.03763485
0.03631282
0.03755735
0.03533998
0.03084667
0.03611696
0.03561206
0.03505605
0.03209278
0.02999649
0.03402632
0.03267453
0.02979676
0.03766136
0.03368040
0.03233986
0.03898221
0.03541416
0.03000083
0.03251060
0.04086290
0.03235250
0.03545281
0.03104750
0.03937507
0.03734665
0.03354030
0.03202196
0.03065302
0.03486292
0.03477458
0.04003926
0.03703284
0.03669469
0.03538827
0.03593409
0.03669566
0.03883234
0.03770448
0.03013729
0.03261211
0.03552135
0.03204909
0.03080205
0.03363693
0.03808443
0.03036809
0.03517729
0.04815785
0.03039550
0.03406174
0.03190764
0.03701478
0.03509330
0.03940518
0.03022551
0.03640804
0.03487788
0.03612655
0.03086965
0.03392769
0.03748689
0.03955992
0.03325933
0.02945613
0.03382531
0.03215233
0.03202084
0.03028213
0.03084764
0.03541004
0.03180600
0.03368895
0.03301602
0.03691411
0.03269494
0.03633311
0.03454106
0.03758312
0.03670389
0.03169903
0.03597853
0.03913675
0.03614125
0.03267027
0.03662888
0.03327992
0.03422562
0.03767284
0.03160783
0.03406506
0.03049329
0.03278721
0.03569843
0.03113171
0.03625102
0.03355511
0.03812404
0.03476787
0.03342001
0.03183300
0.03638614
0.03900940
0.02952594
0.03675967
0.03239303
0.03323723
0.03427264
0.03541709
0.03765253
0.03177310
0.03360473
0.03202986
0.04090576
0.03595231
0.03614074
0.03151848
0.03027775
0.03514230
0.03415306
0.03787359
0.03467981
0.03496023
0.03814079
0.03344796
0.03573875
0.03013379
0.03279724
0.03628553
0.03133489
0.03148645
0.03537935
0.03870788
0.03629779
0.03040009
0.03949721
0.03205162
0.03149554
0.03935295
0.02942796
0.03580135
0.03304460
0.03937396
0.03316640
0.03693765
0.03499555
0.03252722
0.02900233
0.03879343
0.03569575
0.03961318
0.03192977
0.03070800
0.03587330
0.03296406
0.03404837
0.03901265
0.03216993
0.03178412
0.04099647
0.03598566
0.03648070
0.03446700
0.03081672
0.03772148
0.03256124
0.03698368
0.03901654
0.03400941
0.03035422
0.03228286
0.03073319
0.03462979
0.03337125
0.03382853
0.03718893
0.03836839
0.02833555
0.03063573
0.03641119
0.03814267
0.04039483
0.03740427
0.03095962
0.03405888
0.03453227
0.03588955
0.03714814
0.03267159
0.03729791
0.03552866
0.03415759
0.03062163
0.03003669
0.03198539