0.08494137
0.08612348
0.08533506
0.10173491
0.08445620
0.09068587
0.08210732
0.09721225
0.08720650
0.09379900
0.08303833
0.08230793
0.07838151
0.08688842
0.08894032
0.08173382
0.08948334
0.08245970
0.09445593
0.08712122
0.08424387
0.09124109
0.08339757
0.08925580
0.08876409
0.08777540
0.08757534
0.08302139
0.08597329
0.08350867
0.08084255
0.08557315
0.09533697
0.09607091
0.08370460
0.08355075
0.08713469
0.09049428
0.09689861
0.08576506
0.09519082
0.08365582
0.08809727
0.08370102
0.08930592
0.07993098
0.08645771
0.07924288
0.08640536
0.08591000
0.08196573
0.08385610
0.08176663
0.08326052
0.09639323
0.08824302
0.09031968
0.08644749
0.08876099
0.08764151
0.10245283
0.07727372
0.08260465
0.08865044
0.08804281
0.08230294
0.08440732
0.07971504
0.08590472
0.08442785
0.08664532
0.08687696
0.09128902
0.08686383
0.08605152
0.09276969
0.08905861
0.08453446
0.08415501
0.08412540
0.08403574
0.08342102
0.08152770
0.08736137
0.08006624
0.09384813
0.08986096
0.08761988
0.08421264
0.07549533
0.08260930
0.08299118
0.09144099
0.08149922
0.08778183
0.08323962
0.08664184
0.07792453
0.09563051
0.08458971
0.08494828
0.10062855
0.07934326
0.08069106
0.08771417
0.08370181
0.07982254
0.08097198
0.09051042
0.08869875
0.09196773
0.08503894
0.08171146
0.09036784
0.07974160
0.08448006
0.07901535
0.08031879
0.08227530
0.08204036
0.08566502
0.08502746
0.10462600
0.08481372
0.08103817
0.08941192
0.07669631
0.08312377
0.09286798
0.08859372
0.08037043
0.08726476
0.08730160
0.08682639
0.08603792
0.08347317
0.08349385
0.08670411
0.08450395
0.10518610
0.08788977
0.08200748
0.08109680
0.09540421
0.09305109
0.09284494
0.09614638
0.08135695
0.08397473
0.08373375
0.08192831
0.08914383
0.08246549
0.08826293
0.08724704
0.07807650
0.09162360
0.08117139
0.09340994
0.08265798
0.08295535
0.08457494
0.09064458
0.08178381
0.09191933
0.08642614
0.09292675
0.08060730
0.08261506
0.08645058
0.08450187
0.08184573
0.08124178
0.08282315
0.08931431
0.09018805
0.08966414
0.10653878
0.08097522
0.08582554
0.08254008
0.08705521
0.08512107
0.08216217
0.08035984
0.08105906
0.08722605
0.08653313
0.08389141
0.08616106
0.08205769
0.08376539
0.08855570
0.08456849
0.08525036
0.10088451
0.08544440
0.08007520
0.08751190
0.08220140
0.08203352
0.08794231
0.08484541
0.08409954
0.08484021
0.09780618
0.08674865
0.09083043
0.08256022
0.08526706
0.08619629
0.08258746
0.08312302
0.09017679
0.08543338
0.08095135
0.09003569
0.08301792
0.08651607
0.09003900
0.07993056
0.07923592
0.08390157
0.08443753
0.09041446
0.08470783
0.08824164
0.09509960
0.07885032
0.09825932
0.09270266
0.08021942
0.08214833
0.07692518
0.08234423
0.08646022
0.08260618
0.08099817
0.07988240
0.08739074
0.08072425
0.08617091
0.08265562
0.08178320
0.08378613
0.08724468
0.08586823
0.08744548
0.08587499
0.08041977
0.08619233
0.09405800
0.08283803
0.08284990
0.08317422
0.08265586
0.07895860
0.08555824
0.08607106
0.08903022
0.08936777
0.08093166
0.08278186
0.08684740
0.08582840
0.09040254
0.09253529
0.09058093
0.08254605
0.09353336
0.08494137
0.08612348
0.08533506
0.10173491
0.08445620
0.09068587
0.08210732
0.09721225
0.08720650
0.09379900
0.08303833
0.08230793
0.07838151
0.08688842
0.08894032
0.08173382
0.08948334
0.08494137
0.08612348
0.08533506
0.10173491
0.08445620
0.09068587
0.08210732
0.09721225
0.08720650
0.09379900
0.08303833
0.08230793
0.07838151
0.08688842
0.08894032
0.08173382
0.08948334
0.08245970
0.09445593
0.08712122
0.08424387
0.09124109
0.08339757
0.08925580
0.08876409
0.08777540
0.08757534
0.08302139
0.08597329
0.08350867
0.08084255
0.08557315
0.09533697
0.09607091
0.08370460
0.08355075
0.08713469
0.09049428
0.09689861
0.08576506
0.09519082
0.08365582
0.08809727
0.08370102
0.08930592
0.07993098
0.08645771
0.07924288
0.08640536
0.08591000
0.08196573
0.08385610
0.08176663
0.08326052
0.09639323
0.08824302
0.09031968
0.08644749
0.08876099
0.08764151
0.10245283
0.07727372
0.08260465
0.08865044
0.08804281
0.08230294
0.08440732
0.07971504
0.08590472
0.08442785
0.08664532
0.08687696
0.08743943
0.08512308
0.08807397
0.08676560
0.09532764
0.08218364
0.07988858
0.08984664
0.09326002
0.08172186
0.08591738
0.08664876
0.08652823
0.08953554
0.08793400
0.08606972
0.08386432
0.08936554
0.08199755
0.07957546
0.08894075
0.08663359
0.07800093
0.08562140
0.08248083
0.08112058
0.08830412
0.10016331
0.09182678
0.08532113
0.08350274
0.08008926
0.07971821
0.08051761
0.09198887
0.08604439
0.08363122
0.08273721
0.08719724
0.08483355
0.08105110
0.09330111
0.09141683
0.08650246
0.08411330
0.10323253
0.08412134
0.08711854
0.09175279
0.08942677
0.08757318
0.08571653
0.08082744
0.08447063
0.09183750
0.08702597
0.09620334
0.08721863
0.08034825
0.08327695
0.08608644
0.08336770
0.08048842
0.08862202
0.08699146
0.08849074
0.09773827
0.08144534
0.09186837
0.08010688
0.09714551
0.08662952
0.08908728
0.08610246
0.09207260
0.08258692
0.08496245
0.08911840
0.08395270
0.11036776
0.08567195
0.08384941
0.08911149
0.08276798
0.08393983
0.08258512
0.08970269
0.08128578
0.09248646
0.08947045
0.08157412
0.07856672
0.08696680
0.08609429
0.08789031
0.08275807
0.08983576
0.08243641
0.08353038
0.08310921
0.09086677
0.08666586
0.08360326
0.08225098
0.09741134
0.08046166
0.08522944
0.08143540
0.08710996
0.08595840
0.08991118
0.08489296
0.08345217
0.09527716
0.09634630
0.09129823
0.08701115
0.08918602
0.08770819
0.08497593
0.09369965
0.09337141
0.09411451
0.08820834
0.08240899
0.08462248
0.08301828
0.08579255
0.08480237
0.08526556
0.09177853
0.08879810
0.10099471
0.08422191
0.08036676
0.08657979
0.08181518
0.08443231
0.08059095
0.09390143
0.08470806