0.04681043
0.03972056
0.03778017
0.04346065
0.03671555
0.03715123
0.03805802
0.04394834
0.03867421
0.04629037
0.04305787
0.03788240
0.04122436
0.04001677
0.04539519
0.04482778
0.04852669
0.03725869
0.04421453
0.03704404
0.03862471
0.05876738
0.05007105
0.05400988
0.04439696
0.03992227
0.03969830
0.04315942
0.05322408
0.04678093
0.03823300
0.03769706
0.04559409
0.04445845
0.03811589
0.04158819
0.03751564
0.04769426
0.04618965
0.04294510
0.04474960
0.05136519
0.03839179
0.03892114
0.03944900
0.03861299
0.04599412
0.04800616
0.04141437
0.04418170
0.04598199
0.04116846
0.04342204
0.03714355
0.03705711
0.04107913
0.04386858
0.04256607
0.04354165
0.05365543
0.03883669
0.04052325
0.03876351
0.03533937
0.04113465
0.04696306
0.03876046
0.05005397
0.04578875
0.04779704
0.03634497
0.04992869
0.04076054
0.03746785
0.04343929
0.03965933
0.04368291
0.04414269
0.04184787
0.04411421
0.04239570
0.03473027
0.03702141
0.03630180
0.03829476
0.03663278
0.04002694
0.04205602
0.03969550
0.03641939
0.03778845
0.04377501
0.04079168
0.04116061
0.04398862
0.03897439
0.03724594
0.04325683
0.04047685
0.03907029
0.04511654
0.04685702
0.04396348
0.04404330
0.04031025
0.03781941
0.04301657
0.04021920
0.04378924
0.04234497
0.04472902
0.04622845
0.05086807
0.04172788
0.03865601
0.03547958
0.03915526
0.03873005
0.04480120
0.04724390
0.04144508
0.05336100
0.04772400
0.04136696
0.03923634
0.04497082
0.04350401
0.03879859
0.03865941
0.03966380
0.04074510
0.03822260
0.05610897
0.04275295
0.04198954
0.03997685
0.04234665
0.03799835
0.03830728
0.03902675
0.03982965
0.04347760
0.04298188
0.04821503
0.05188875
0.04123378
0.04433922
0.03950881
0.04447062
0.04015582
0.03864474
0.04483848
0.03980147
0.03809383
0.03878411
0.03802935
0.04151269
0.03667110
0.03865153
0.04227169
0.03806940
0.04160123
0.04445199
0.03541975
0.04591831
0.04239486
0.04786622
0.04042408
0.03959077
0.03896435
0.04556498
0.03932182
0.03743749
0.04731990
0.04114654
0.05328983
0.04208716
0.05823229
0.04462641
0.04177638
0.03642527
0.04620271
0.04002573
0.04060925
0.04100833
0.04085869
0.04388131
0.03808199
0.04327523
0.04247440
0.04622660
0.04607366
0.04232955
0.04324048
0.04369133
0.04528727
0.04261240
0.04175242
0.04662498
0.03864533
0.03984313
0.03312521
0.04075378
0.04614488
0.04823054
0.04555598
0.04290977
0.04658749
0.03489115
0.05186572
0.04136129
0.04344775
0.04484074
0.03797122
0.03866750
0.03976423
0.04299147
0.04333048
0.04155180
0.04487959
0.04035740
0.03996807
0.04533016
0.04517945
0.03981991
0.03704391
0.04138638
0.04724128
0.04266513
0.04627674
0.03654382
0.04761895
0.04220936
0.04614210
0.04368125
0.04569987
0.05179109
0.04121966
0.03838431
0.04268230
0.03813123
0.04077557
0.04618716
0.04336369
0.04241287
0.04176569
0.03928953
0.04238663
0.04803196
0.04683205
0.04489230
0.04006023
0.05847453
0.03991605
0.04103988
0.04594828
0.04218401
0.05359936
0.04173358
0.03933379
0.04715275
0.04187299
0.04479342
0.04035949
0.04025938
0.03808334
0.04131761
0.04111406
0.03830496
0.03942003
0.04681043
0.03972056
0.03778017
0.04346065
0.03671555
0.03715123
0.03805802
0.04394834
0.03867421
0.04629037
0.04305787
0.03788240
0.04122436
0.04001677
0.04539519
0.04482778
0.04852669
0.04681043
0.03972056
0.03778017
0.04346065
0.03671555
0.03715123
0.03805802
0.04394834
0.03867421
0.04629037
0.04305787
0.03788240
0.04122436
0.04001677
0.04539519
0.04482778
0.04852669
0.03725869
0.04421453
0.03704404
0.03862471
0.05876738
0.05007105
0.05400988
0.04439696
0.03992227
0.03969830
0.04315942
0.05322408
0.04678093
0.03823300
0.03769706
0.04559409
0.04445845
0.03811589
0.04158819
0.03751564
0.04769426
0.04618965
0.04294510
0.04474960
0.05136519
0.03839179
0.03892114
0.03944900
0.03861299
0.04599412
0.04800616
0.04141437
0.04418170
0.04598199
0.04116846
0.04342204
0.03714355
0.03705711
0.04107913
0.04386858
0.04256607
0.04354165
0.05365543
0.03883669
0.04052325
0.03876351
0.03533937
0.04113465
0.04696306
0.03876046
0.05005397
0.04578875
0.04779704
0.03634497
0.04992869
0.03884060
0.03942641
0.05285583
0.03842184
0.03814991
0.03861274
0.05363396
0.03782877
0.03775165
0.04299074
0.03792978
0.04526902
0.05436673
0.04293890
0.04240170
0.03893413
0.03844156
0.03874022
0.04942126
0.04390628
0.04032359
0.04258913
0.03842383
0.04274625
0.03999058
0.04411458
0.04927333
0.03883279
0.04686834
0.04459872
0.04448421
0.03716052
0.04309713
0.05080066
0.04242757
0.04003641
0.04302017
0.04778265
0.04267821
0.03996927
0.03816688
0.04161368
0.03692388
0.04010240
0.03712278
0.04215538
0.06391163
0.03777763
0.03801888
0.04508904
0.04778399
0.04055914
0.04090697
0.03698705
0.04146782
0.04804852
0.03961071
0.04225143
0.04593837
0.05232618
0.04155918
0.04015517
0.04231768
0.04375923
0.04718338
0.04268011
0.04540025
0.05134160
0.04138732
0.04646315
0.04448048
0.04720332
0.04479579
0.04357210
0.04333212
0.04357494
0.03877512
0.04363609
0.04229715
0.03803601
0.04062598
0.03748335
0.04497667
0.03833597
0.04970783
0.03793247
0.03877917
0.05006487
0.03790915
0.05211996
0.04007425
0.04180771
0.04327442
0.04270930
0.04278566
0.04373929
0.03996421
0.04029654
0.03555437
0.04172577
0.04393341
0.04117703
0.04145719
0.04353942
0.03847236
0.03872139
0.04595688
0.04082168
0.04368066
0.03970789
0.03609499
0.03731443
0.04522326
0.05116812
0.04278729
0.04254608
0.04124354
0.04039875
0.05427968
0.04055575
0.04244213
0.04535549
0.03748149
0.04063802
0.04450315
0.04034190
0.04359363
0.03918427
0.03897798
0.04668028
0.03957187
0.04070526
0.04948525
0.04400902
0.04767369
0.04608753
0.04628847
0.04369863
0.03751447
0.03849044
0.03654731