0.06383163
0.06229475
0.08001909
0.06106692
0.06086523
0.08457762
0.07733382
0.06163491
0.06751626
0.06409224
0.07263212
0.06305470
0.08086294
0.06284279
0.07577535
0.06959066
0.07775683
0.06118094
0.06745729
0.06258107
0.06273759
0.06556606
0.06613480
0.06029151
0.08450483
0.06743263
0.06283324
0.07366583
0.07158770
0.06201837
0.06220486
0.05968256
0.07346766
0.06290495
0.06312692
0.06722254
0.06860124
0.06815779
0.06340332
0.08056369
0.06055137
0.06921556
0.06141516
0.06847536
0.06936010
0.06484458
0.05603981
0.06425647
0.06576401
0.06557080
0.08153358
0.06019947
0.06933095
0.07796127
0.06877439
0.07049716
0.07331488
0.06708775
0.06470321
0.06503494
0.06513460
0.06476784
0.06567969
0.06179797
0.05754059
0.06266772
0.07357337
0.06924798
0.06096407
0.08488085
0.06952476
0.06182016
0.07456467
0.06155445
0.06991842
0.06206608
0.05793174
0.08822585
0.07194581
0.06280370
0.06995483
0.05794116
0.05969824
0.07147661
0.05912656
0.05883567
0.07392301
0.06083973
0.06726370
0.05862927
0.06269924
0.07243258
0.07340629
0.07762493
0.09554837
0.06374699
0.06954287
0.07435410
0.06314337
0.08683027
0.07031670
0.07635186
0.05955875
0.07128318
0.07323343
0.05670021
0.06487609
0.06463150
0.06032266
0.06466950
0.06424067
0.07030695
0.06174677
0.06552399
0.05872378
0.06191627
0.07194710
0.06323045
0.06911838
0.07111851
0.06581089
0.06947407
0.06048518
0.06648627
0.06063060
0.06365016
0.06327839
0.06476857
0.05805536
0.06467582
0.06785305
0.05659113
0.06294018
0.06408134
0.06815295
0.06660668
0.06283407
0.06389032
0.07045227
0.06456866
0.06695800
0.05676084
0.07531196
0.06653847
0.07888205
0.07152665
0.06895953
0.06551130
0.07019669
0.06865667
0.06152139
0.07700218
0.06244044
0.06798809
0.09368284
0.05727749
0.06267230
0.09568413
0.06964230
0.09637707
0.07502788
0.06336740
0.05514272
0.06064424
0.05800788
0.06977848
0.06717932
0.06010597
0.06718489
0.06193825
0.06613939
0.07531051
0.06989713
0.08144573
0.07693990
0.06002051
0.06249153
0.06709542
0.06035506
0.08587481
0.06320857
0.05754743
0.06159080
0.06380542
0.06049874
0.06989724
0.05723763
0.06459529
0.06285017
0.06896449
0.07152261
0.06922519
0.06355008
0.07766544
0.08386358
0.05979166
0.06549285
0.07108785
0.06823514
0.07219232
0.05687978
0.06148381
0.06262817
0.06401145
0.06940723
0.07484330
0.06278556
0.06510012
0.06689761
0.09509055
0.07939267
0.06443482
0.06287692
0.06509298
0.06524752
0.06537610
0.07138237
0.06611162
0.07250246
0.08095897
0.05905045
0.06593835
0.05961994
0.06747823
0.06259916
0.05585656
0.06465657
0.06339775
0.06498093
0.06782253
0.06981450
0.06161538
0.06161669
0.06331825
0.06486737
0.06512991
0.06617922
0.06194917
0.06428800
0.08633694
0.05936642
0.06043952
0.06878138
0.06478579
0.08257639
0.06383896
0.07976598
0.06112571
0.07034726
0.06051039
0.06263638
0.06518202
0.07559568
0.07927959
0.06465249
0.06507736
0.06310322
0.07861171
0.07003525
0.08614594
0.07455617
0.06715618
0.08640928
0.07860061
0.06817513
0.07715321
0.05924267
0.05959289
0.06358980
0.06638487
0.06383163
0.06229475
0.08001909
0.06106692
0.06086523
0.08457762
0.07733382
0.06163491
0.06751626
0.06409224
0.07263212
0.06305470
0.08086294
0.06284279
0.07577535
0.06959066
0.07775683
0.06383163
0.06229475
0.08001909
0.06106692
0.06086523
0.08457762
0.07733382
0.06163491
0.06751626
0.06409224
0.07263212
0.06305470
0.08086294
0.06284279
0.07577535
0.06959066
0.07775683
0.06118094
0.06745729
0.06258107
0.06273759
0.06556606
0.06613480
0.06029151
0.08450483
0.06743263
0.06283324
0.07366583
0.07158770
0.06201837
0.06220486
0.05968256
0.07346766
0.06290495
0.06312692
0.06722254
0.06860124
0.06815779
0.06340332
0.08056369
0.06055137
0.06921556
0.06141516
0.06847536
0.06936010
0.06484458
0.05603981
0.06425647
0.06576401
0.06557080
0.08153358
0.06019947
0.06933095
0.07796127
0.06877439
0.07049716
0.07331488
0.06708775
0.06470321
0.06503494
0.06513460
0.06476784
0.06567969
0.06179797
0.05754059
0.06266772
0.07357337
0.06924798
0.06096407
0.08488085
0.06952476
0.06182016
0.07795558
0.06591578
0.06727212
0.07707464
0.08835991
0.06432001
0.06728867
0.06675016
0.06995871
0.06241454
0.08190507
0.06341199
0.07763200
0.06571369
0.06477477
0.07492777
0.08357502
0.07047336
0.09604609
0.06738660
0.08508297
0.06779297
0.07123107
0.06967206
0.07142317
0.07802680
0.07801318
0.06084176
0.06702759
0.08767769
0.06847238
0.06122591
0.06762974
0.07326204
0.05980141
0.06833252
0.07484738
0.06326168
0.06046016
0.06468588
0.06006229
0.06854807
0.06450431
0.06807700
0.06466108
0.06286840
0.05899512
0.06657254
0.06403030
0.07664932
0.06551320
0.06216493
0.06430850
0.06183876
0.07336466
0.05836394
0.07885804
0.06457872
0.07270301
0.07320399
0.06840384
0.05894595
0.09104787
0.07134218
0.07323289
0.07009550
0.05942844
0.07830199
0.06755521
0.06426954
0.06265740
0.07832924
0.06389599
0.06687736
0.05767923
0.06821441
0.06287419
0.06457533
0.06149950
0.06110061
0.07572971
0.06766944
0.06484068
0.05827091
0.06508413
0.06452482
0.06706213
0.06293347
0.07023275
0.06530393
0.06248236
0.06669146
0.06119687
0.06987125
0.06877256
0.06558175
0.06915507
0.08633671
0.05736830
0.08411272
0.06655197
0.06465036
0.06625388
0.06644877
0.08438471
0.06511129
0.07070524
0.06615984
0.07544525
0.06307213
0.06788818
0.06300909
0.06671385
0.06296096
0.06286993
0.06002862
0.06854905
0.06926524
0.06521687
0.06979272
0.07170982
0.06044599
0.06101494
0.07567640
0.06481373
0.06415633
0.06081553
0.06161091
0.06459859
0.06838299
0.06398193
0.06755754
0.07105980
0.06641542
0.07668656
0.08771444
0.05889411
0.06990623
0.06888416
0.07142100
0.06322522