0.04795062
0.03794621
0.04040639
0.04167295
0.03747080
0.05328667
0.04348381
0.04896795
0.03998805
0.03825756
0.03926130
0.04594690
0.04581385
0.04506936
0.04231737
0.04435917
0.04217294
0.04511844
0.04350963
0.04920900
0.04989713
0.04135513
0.03891087
0.04263420
0.04522773
0.04171705
0.04809889
0.05052078
0.04526116
0.04766691
0.03926539
0.03820217
0.04046770
0.04283809
0.04363953
0.05180896
0.04402817
0.03883520
0.04220804
0.04184153
0.03424763
0.04324001
0.04163253
0.04082495
0.03863219
0.04729275
0.04139265
0.05345249
0.04532479
0.05281486
0.03602606
0.04346241
0.04247505
0.03866085
0.04725566
0.03979418
0.03760443
0.04434697
0.04367776
0.03888514
0.04734435
0.04638879
0.04399518
0.04596082
0.03508305
0.04331323
0.04623366
0.04494667
0.03978541
0.03912034
0.04612935
0.04577663
0.04168619
0.04419945
0.04563849
0.04009659
0.05802471
0.04384734
0.04402626
0.04478483
0.03918718
0.03958944
0.04306731
0.04235858
0.04804504
0.04524983
0.04636373
0.04602094
0.04469414
0.04516134
0.03989043
0.04864455
0.04255369
0.04580671
0.03745352
0.03961856
0.03870932
0.04188182
0.04325996
0.03833930
0.04117573
0.04609229
0.04798415
0.05014784
0.03947638
0.04357833
0.04968066
0.03620153
0.04181805
0.04300922
0.04810658
0.04754552
0.03972865
0.04819327
0.04758474
0.04828018
0.04317482
0.04078095
0.04251688
0.04042660
0.04675263
0.04171866
0.04607427
0.04020815
0.04458177
0.03997049
0.04598858
0.04857240
0.04087520
0.04222184
0.04669420
0.04632636
0.04729595
0.04318025
0.03924396
0.04128158
0.04793675
0.04520802
0.04026834
0.04328072
0.04751976
0.03616233
0.04795305
0.04369009
0.04161040
0.04648647
0.04776884
0.04736505
0.04199544
0.04520182
0.04233765
0.04779978
0.05149127
0.04184292
0.04368106
0.04086344
0.04320306
0.04956596
0.04127814
0.04314433
0.03641345
0.04088572
0.04382924
0.04541795
0.04961312
0.04290356
0.04266832
0.04774484
0.04544139
0.04582741
0.05409947
0.03914454
0.05240366
0.04573166
0.04825693
0.04357010
0.04190177
0.05574647
0.04220459
0.04768298
0.04305572
0.05187300
0.04837616
0.05138550
0.04320711
0.04626049
0.04335560
0.05087206
0.04224289
0.03591024
0.04606979
0.04295684
0.04739975
0.03898583
0.04661086
0.04554642
0.04607459
0.05592935
0.04423282
0.04774623
0.03868691
0.04068924
0.05016093
0.04442147
0.03981590
0.05107657
0.04066824
0.04829416
0.04111341
0.04273204
0.04258421
0.04498227
0.04471264
0.04023421
0.04216233
0.04203839
0.05204221
0.04551233
0.04580286
0.04587719
0.04391460
0.04261415
0.04784145
0.04559824
0.04064564
0.04177076
0.03890520
0.04425555
0.05288482
0.04073100
0.04140984
0.03894951
0.03976098
0.04344770
0.04382948
0.03916638
0.03597462
0.04032739
0.05428679
0.03851635
0.04250970
0.05023852
0.05095011
0.03858365
0.04691073
0.04025445
0.03770888
0.03993674
0.04321104
0.04280373
0.04790926
0.04220837
0.04747526
0.04457502
0.04280428
0.04139245
0.04629814
0.04125491
0.04387940
0.04080313
0.04096050
0.04493816
0.04882929
0.04278391
0.04558878
0.04183075
0.04709253
0.04432220
0.04291198
0.04310867
0.04357846
0.04795062
0.03794621
0.04040639
0.04167295
0.03747080
0.05328667
0.04348381
0.04896795
0.03998805
0.03825756
0.03926130
0.04594690
0.04581385
0.04506936
0.04231737
0.04435917
0.04217294
0.04511844
0.04795062
0.03794621
0.04040639
0.04167295
0.03747080
0.05328667
0.04348381
0.04896795
0.03998805
0.03825756
0.03926130
0.04594690
0.04581385
0.04506936
0.04231737
0.04435917
0.04217294
0.04511844
0.04350963
0.04920900
0.04989713
0.04135513
0.03891087
0.04263420
0.04522773
0.04171705
0.04809889
0.05052078
0.04526116
0.04766691
0.03926539
0.03820217
0.04046770
0.04283809
0.04363953
0.05180896
0.04402817
0.03883520
0.04220804
0.04184153
0.03424763
0.04324001
0.04163253
0.04082495
0.03863219
0.04729275
0.04139265
0.05345249
0.04532479
0.05281486
0.03602606
0.04346241
0.04247505
0.03866085
0.04725566
0.03979418
0.03760443
0.04434697
0.04367776
0.03888514
0.04734435
0.04638879
0.04399518
0.04596082
0.03508305
0.04331323
0.04623366
0.04494667
0.03978541
0.03912034
0.04612935
0.04577663
0.04168619
0.04206990
0.04211342
0.04818240
0.04705296
0.03952076
0.03581535
0.03506495
0.05083328
0.04600403
0.04581587
0.03483400
0.04847806
0.03768134
0.04220720
0.04512990
0.05326587
0.03946806
0.04449323
0.04317828
0.04861848
0.05041112
0.04304625
0.04726702
0.04072877
0.04589776
0.04169349
0.04708942
0.04676581
0.04376978
0.04109757
0.04542192
0.04385191
0.04250096
0.03872779
0.04854410
0.05052425
0.04132516
0.04648564
0.04628754
0.04395103
0.04019894
0.04506038
0.04704790
0.04451279
0.04231599
0.05325921
0.04155203
0.04579374
0.04256730
0.04682229
0.04066935
0.04469584
0.04079935
0.04281062
0.04012655
0.04567134
0.05314526
0.04707023
0.04192086
0.04111072
0.05001933
0.04824997
0.04223038
0.04716779
0.04807298
0.04120851
0.04620553
0.04107385
0.04070926
0.04627607
0.04361603
0.03910378
0.04274715
0.04046152
0.04049340
0.04385419
0.04841747
0.03795189
0.03792941
0.04214865
0.04164317
0.04329604
0.03929225
0.04328993
0.04292111
0.04059842
0.04096416
0.05185797
0.04244854
0.04283057
0.04650760
0.04400975
0.04709802
0.04174337
0.04484487
0.03772159
0.04175127
0.04549324
0.04111135
0.04450399
0.03783933
0.04149901
0.04465917
0.04518612
0.04181091
0.05046677
0.04555238
0.03929223
0.04134051
0.04568392
0.04449824
0.05476976
0.04060484
0.04255373
0.04382933
0.04327431
0.04932016
0.04225948
0.04379985
0.04215587
0.04122734
0.04802817
0.04871232
0.03992945
0.04140372
0.04518120
0.04671624
0.03940296
0.03726639
0.04273740
0.04098957
0.04197679
0.03959557
0.03947162
0.05120448
0.03899935
0.04379992
0.03989932