0.03554769
0.03360442
0.03116441
0.03893585
0.03681306
0.03564985
0.03466509
0.03503774
0.03360379
0.03521976
0.03471553
0.03932685
0.03312730
0.03548427
0.04046874
0.03766696
0.03876043
0.03125367
0.04581314
0.03655488
0.04057444
0.03389860
0.03431206
0.03220263
0.03288012
0.03465221
0.03926088
0.03410829
0.03590758
0.03993312
0.03248129
0.03592123
0.04360298
0.03617908
0.03932551
0.04018078
0.03022286
0.03970703
0.03046317
0.03480088
0.03444901
0.03977227
0.03120940
0.03352581
0.04005172
0.03370334
0.03724845
0.03759536
0.04159673
0.03737857
0.03611541
0.03515693
0.03993345
0.04110553
0.03496569
0.03137777
0.03714047
0.03584229
0.03221874
0.04449448
0.05098116
0.03084415
0.03477956
0.04371551
0.03580352
0.03913598
0.03828138
0.04326531
0.03304846
0.03087804
0.03573373
0.03346788
0.03414447
0.03065470
0.03560390
0.03516768
0.03462066
0.03400266
0.03335146
0.03582456
0.03237303
0.03157571
0.02993342
0.03030870
0.03226394
0.03384351
0.03312500
0.03113840
0.03170459
0.03464659
0.03225398
0.03430735
0.03883756
0.03555360
0.03953047
0.03864154
0.04498306
0.03538311
0.04010804
0.04121838
0.03134657
0.03077960
0.02993026
0.03169587
0.03763424
0.03477960
0.03726263
0.03719709
0.03388365
0.03273213
0.03317980
0.03530335
0.03924007
0.03348125
0.03749983
0.03561720
0.03681701
0.04415901
0.03593875
0.04298892
0.04562818
0.03469851
0.03085386
0.03135354
0.03812285
0.03535455
0.03692057
0.03463002
0.03835933
0.03519001
0.03647201
0.03793215
0.04000714
0.03287808
0.03474945
0.03480305
0.03485211
0.03386340
0.03193629
0.03607696
0.03715468
0.03274214
0.03661516
0.03276137
0.03713691
0.03775229
0.03264595
0.03481700
0.03282308
0.03714869
0.03321359
0.03799531
0.03356038
0.03388809
0.03778148
0.03373255
0.03255407
0.03732116
0.03626899
0.03550359
0.03530324
0.03542100
0.03956911
0.03846271
0.03420614
0.03059307
0.03643180
0.03527799
0.03956515
0.03634284
0.03298050
0.03669816
0.03034977
0.03585660
0.03341266
0.04037272
0.03128770
0.03812719
0.03557907
0.03842506
0.03519430
0.03201329
0.03690881
0.03326549
0.04235693
0.03894380
0.03622159
0.03328316
0.03633432
0.03804415
0.03634078
0.03639570
0.03526808
0.03672962
0.03696036
0.04211519
0.03957321
0.04041846
0.03197049
0.03293127
0.03463475
0.03126461
0.03524891
0.03521356
0.03323275
0.03589317
0.03001781
0.03491488
0.03718764
0.03396473
0.03526675
0.03547927
0.03775877
0.03662186
0.04639527
0.03378511
0.03550774
0.03609397
0.03698516
0.04013452
0.03868944
0.03789162
0.04005675
0.03899989
0.03739016
0.03387170
0.03036692
0.03154286
0.03703332
0.03869933
0.03677614
0.03859250
0.03750971
0.04160850
0.03575682
0.04071787
0.03299748
0.03691380
0.03495116
0.03592905
0.03885678
0.03442586
0.03589562
0.03609392
0.03734599
0.03265009
0.03695804
0.03683149
0.03227916
0.03442370
0.03942572
0.03777866
0.03323539
0.03755843
0.03464995
0.03714135
0.03793448
0.04136220
0.03726443
0.03418319
0.03005289
0.03154472
0.03585502
0.03687213
0.03771193
0.03027376
0.04039921
0.03655172
0.03412883
0.03762605
0.03554769
0.03360442
0.03116441
0.03893585
0.03681306
0.03564985
0.03466509
0.03503774
0.03360379
0.03521976
0.03471553
0.03932685
0.03312730
0.03548427
0.04046874
0.03766696
0.03876043
0.03554769
0.03360442
0.03116441
0.03893585
0.03681306
0.03564985
0.03466509
0.03503774
0.03360379
0.03521976
0.03471553
0.03932685
0.03312730
0.03548427
0.04046874
0.03766696
0.03876043
0.03125367
0.04581314
0.03655488
0.04057444
0.03389860
0.03431206
0.03220263
0.03288012
0.03465221
0.03926088
0.03410829
0.03590758
0.03993312
0.03248129
0.03592123
0.04360298
0.03617908
0.03932551
0.04018078
0.03022286
0.03970703
0.03046317
0.03480088
0.03444901
0.03977227
0.03120940
0.03352581
0.04005172
0.03370334
0.03724845
0.03759536
0.04159673
0.03737857
0.03611541
0.03515693
0.03993345
0.04110553
0.03496569
0.03137777
0.03714047
0.03584229
0.03221874
0.04449448
0.05098116
0.03084415
0.03477956
0.04371551
0.03580352
0.03913598
0.03828138
0.04326531
0.03304846
0.03087804
0.03573373
0.03346788
0.03238140
0.03913939
0.03614020
0.04160362
0.04196769
0.03604213
0.03296009
0.03999388
0.03740988
0.03756190
0.03564041
0.04503571
0.03955606
0.03947735
0.03582529
0.03776814
0.03734332
0.03934765
0.03463965
0.03470345
0.03805988
0.03096354
0.03691762
0.03632505
0.03185022
0.03890917
0.04014028
0.03516781
0.03448718
0.03732626
0.03450172
0.02905298
0.03558566
0.04155526
0.04167893
0.03501059
0.03732956
0.04315647
0.04106124
0.03377865
0.03108646
0.04607950
0.03868536
0.04092028
0.03824470
0.03522234
0.03424357
0.03659286
0.04127152
0.04025822
0.03441254
0.03382523
0.04128357
0.03304520
0.03870541
0.03507071
0.03690166
0.04051399
0.03741323
0.03726648
0.03794278
0.03770502
0.03234134
0.03716802
0.04088825
0.02971253
0.03155730
0.03995578
0.04302674
0.03588104
0.03115927
0.03211437
0.03578802
0.03457375
0.03142612
0.03753011
0.04099346
0.03642152
0.02918709
0.03308532
0.03900923
0.03340370
0.03274210
0.03457317
0.03354878
0.03007213
0.03208582
0.04151192
0.03417852
0.04021259
0.03601245
0.03385302
0.03500567
0.03211232
0.03860028
0.03752594
0.03490076
0.03697549
0.03667028
0.03274859
0.03640080
0.03894567
0.03254417
0.03637153
0.03852918
0.03432780
0.03432054
0.03491880
0.03401904
0.03535503
0.03813210
0.03395898
0.03532951
0.03444298
0.03692678
0.03505681
0.03834823
0.03782436
0.04257438
0.03526117
0.03713924
0.03398392
0.03791333
0.03060120
0.03864514
0.03841059
0.03668439
0.04341317
0.03571656
0.03420464
0.03521545
0.03414174
0.03684521
0.03173036
0.03710129
0.03754794
0.03285506
0.04345044
0.03727263
0.04064774
0.03496776