0.04165739
0.05233377
0.05000024
0.05565651
0.04427030
0.04435005
0.05063739
0.05319201
0.05066699
0.05443257
0.05358447
0.05952803
0.04764270
0.04780645
0.05016491
0.04568200
0.04796866
0.04503694
0.06334018
0.04991545
0.05229685
0.04948686
0.04469197
0.04503758
0.05032617
0.04597704
0.04346337
0.04882073
0.05661865
0.04602782
0.04459830
0.04422734
0.05526960
0.05095111
0.04710429
0.05953234
0.05103906
0.04953219
0.04935930
0.04799488
0.05574141
0.05055270
0.04529892
0.04688986
0.04554073
0.04481871
0.04658348
0.04921074
0.05146351
0.05250082
0.04043996
0.04819656
0.04713644
0.04493231
0.05379645
0.05249349
0.04630257
0.04647962
0.04823890
0.05027194
0.04532098
0.04717241
0.04739834
0.05179954
0.04874496
0.04792549
0.04915394
0.04677632
0.04859798
0.04712747
0.05566689
0.04801477
0.04811394
0.05052330
0.04766206
0.04504330
0.04772616
0.05192378
0.04567368
0.04724808
0.04726668
0.05489321
0.04998757
0.04958199
0.04968075
0.04550829
0.05497658
0.04598300
0.05050896
0.04975484
0.04723840
0.04926476
0.04792910
0.04934253
0.04562101
0.04532165
0.04982751
0.04771831
0.05185524
0.04613504
0.05119658
0.05196287
0.04419497
0.05256008
0.05158598
0.04420616
0.05576580
0.04778432
0.04980473
0.04649718
0.05569648
0.04801657
0.04757124
0.04793517
0.04826307
0.05012287
0.04773555
0.04722248
0.04898976
0.05322506
0.04833356
0.04329736
0.04953121
0.04667355
0.04552090
0.04761281
0.04714328
0.04881469
0.04603963
0.04891330
0.04769972
0.05585412
0.04714700
0.05335031
0.04826184
0.04722621
0.05484444
0.04742224
0.05011451
0.04793943
0.05033558
0.04918354
0.04453431
0.04590916
0.05099579
0.04359841
0.05536718
0.04593585
0.04524926
0.05747742
0.04470893
0.05072194
0.05077931
0.04912222
0.04364158
0.05327768
0.05165338
0.05179574
0.05002819
0.04908759
0.05043535
0.05079614
0.04959498
0.04474548
0.05359795
0.05265481
0.05389345
0.04784785
0.04949127
0.05852899
0.04058700
0.04660857
0.04425045
0.05131752
0.05548012
0.05634781
0.05086674
0.05164379
0.04315586
0.05061638
0.05039242
0.04474881
0.05425231
0.04537038
0.04916921
0.04427869
0.05004612
0.04900790
0.04378975
0.04882614
0.04941518
0.04359733
0.05257691
0.04946629
0.05229070
0.04936955
0.04424712
0.04705090
0.06150427
0.04981506
0.05032524
0.05322514
0.04682037
0.04636143
0.05152284
0.05337318
0.04325701
0.05238756
0.04264506
0.05264773
0.04459657
0.05650406
0.05203341
0.05074606
0.04432885
0.04536626
0.04944412
0.04389296
0.04604767
0.05654477
0.04850556
0.04657492
0.04524559
0.04750886
0.05298193
0.05152378
0.05140841
0.05198227
0.04707868
0.04725965
0.04875822
0.05333952
0.04516181
0.04237798
0.05009641
0.04813621
0.05409607
0.04224871
0.04105251
0.04701992
0.05729505
0.05469760
0.04436581
0.04796508
0.04843952
0.05040520
0.04767561
0.05342319
0.04988510
0.04758653
0.04571226
0.05008760
0.05275654
0.04869965
0.04818352
0.05038217
0.04737304
0.04977371
0.04481942
0.04968668
0.04820914
0.04580342
0.04822937
0.04727683
0.04333812
0.05160166
0.05786386
0.04726383
0.05124822
0.04278507
0.04222086
0.04165739
0.05233377
0.05000024
0.05565651
0.04427030
0.04435005
0.05063739
0.05319201
0.05066699
0.05443257
0.05358447
0.05952803
0.04764270
0.04780645
0.05016491
0.04568200
0.04796866
0.04503694
0.04165739
0.05233377
0.05000024
0.05565651
0.04427030
0.04435005
0.05063739
0.05319201
0.05066699
0.05443257
0.05358447
0.05952803
0.04764270
0.04780645
0.05016491
0.04568200
0.04796866
0.04503694
0.06334018
0.04991545
0.05229685
0.04948686
0.04469197
0.04503758
0.05032617
0.04597704
0.04346337
0.04882073
0.05661865
0.04602782
0.04459830
0.04422734
0.05526960
0.05095111
0.04710429
0.05953234
0.05103906
0.04953219
0.04935930
0.04799488
0.05574141
0.05055270
0.04529892
0.04688986
0.04554073
0.04481871
0.04658348
0.04921074
0.05146351
0.05250082
0.04043996
0.04819656
0.04713644
0.04493231
0.05379645
0.05249349
0.04630257
0.04647962
0.04823890
0.05027194
0.04532098
0.04717241
0.04739834
0.05179954
0.04874496
0.04792549
0.04915394
0.04677632
0.04859798
0.04712747
0.05566689
0.04801477
0.04811394
0.04727991
0.05495060
0.04269560
0.06108266
0.04897653
0.05329209
0.04553600
0.04505282
0.03983610
0.04554001
0.04737535
0.04640107
0.05351816
0.04680795
0.04439279
0.05038016
0.05025854
0.04378596
0.05057197
0.04802872
0.05373354
0.04750870
0.05035499
0.04232458
0.04766238
0.05096005
0.05073254
0.04372886
0.04719075
0.04987465
0.05105870
0.04814020
0.05762134
0.04612232
0.05695981
0.04311506
0.05006294
0.04401131
0.05407610
0.04632814
0.04544908
0.05603219
0.04344593
0.04423287
0.04244564
0.05471105
0.04425717
0.05530754
0.05110262
0.04657846
0.04290493
0.04840187
0.05062097
0.04849374
0.04517747
0.05374825
0.05067863
0.04748464
0.06114581
0.04379815
0.05270769
0.05534004
0.05753590
0.04457994
0.05122909
0.04910774
0.05132063
0.05102913
0.05699454
0.04486586
0.04794606
0.04197737
0.04892034
0.05174385
0.04683690
0.04993528
0.05010216
0.05624509
0.04746774
0.04461355
0.04636674
0.04586058
0.04627952
0.05083926
0.04788122
0.05410440
0.04967000
0.05138693
0.05246664
0.05066219
0.04714556
0.04719925
0.05198599
0.05629938
0.04841088
0.05789635
0.04855101
0.05046090
0.05573993
0.05644733
0.04849006
0.05215859
0.05049339
0.05008675
0.04828226
0.04561421
0.04787472
0.05039050
0.04842996
0.04307091
0.04994929
0.04577295
0.05133231
0.04988015
0.04538793
0.05029606
0.05382816
0.04923164
0.04736184
0.04856836
0.04105113
0.05028481
0.05257522
0.04088313
0.04381683
0.04770746
0.04943418
0.05003870
0.05508909
0.04876876
0.04871710
0.04743834
0.04711992
0.04944981
0.04341445
0.04590150
0.04843667
0.04658734