0.03799185
0.02775015
0.02517992
0.02541284
0.04091898
0.04468343
0.11256426
0.14558681
0.03565894
0.04761551
0.11363968
0.06722046
0.11006835
0.02203698
0.03753021
0.14052441
0.05817227
0.18133950
0.10355068
0.04409259
0.07827466
0.20676991
0.09916016
0.04029470
0.06126278
0.03689077
0.03499881
0.12939017
0.04284249
0.05510695
0.05091524
0.05233822
0.06199764
0.05639103
0.05615921
0.08815159
0.12494386
0.03121631
0.02641833
0.05141410
0.05689109
0.04533936
0.06660418
0.03599967
0.04835393
0.03828131
0.11425641
0.03473284
0.05932520
0.03650727
0.04634611
0.03224544
0.03074146
0.07033591
0.03834972
0.03328655
0.02836641
0.11414265
0.14912723
0.04895099
0.02759239
0.07721511
0.04567435
0.09008454
0.05002402
0.06034323
0.03650018
0.04806851
0.08744807
0.21843977
0.02648952
0.06579399
0.03106265
0.17401123
0.04813362
0.06144252
0.03359016
0.02699433
0.02453213
0.07625054
0.06209433
0.07085366
0.05104756
0.10545948
0.11277739
0.01888163
0.02806262
0.04493492
0.08019968
0.23866152
0.09923112
0.03000133
0.02243137
0.06244655
0.06357908
0.11749883
0.02819463
0.09801804
0.04932115
0.04461614
0.05981785
0.06617901
0.04610260
0.03041464
0.03786436
0.10503993
0.04183366
0.03590938
0.02890584
0.04601117
0.03650723
0.03547019
0.02971943
0.07266774
0.05252347
0.02843908
0.17200744
0.05102407
0.03312058
0.06996204
0.03166402
0.05902176
0.05184997
0.04883661
0.04784383
0.04330005
0.06380512
0.07172637
0.02922358
0.04735849
0.04656594
0.02551697
0.05684923
0.04148450
0.03322881
0.05047763
0.28212594
0.06469145
0.03328285
0.26260355
0.22112074
0.15234680
0.09750649
0.20039208
0.04755502
0.06450979
0.05091405
0.03030922
0.08025087
0.07075999
0.10413694
0.05421545
0.07363168
0.02941204
0.05679094
0.05091113
0.04317298
0.04632037
0.03461355
0.04004727
0.12276659
0.06875603
0.18582388
0.03665458
0.07135687
0.06926408
0.09071063
0.07762239
0.05467543
0.02649551
0.05113765
0.05338351
0.05141882
0.23823466
0.07840127
0.04591742
0.06254880
0.04048261
0.04969056
0.06473655
0.04509182
0.03583735
0.05236685
0.18313890
0.03915354
0.05554011
0.15857481
0.02566015
0.02580564
0.03507097
0.03284442
0.17253730
0.06211778
0.10002398
0.08671116
0.04759075
0.03473714
0.05089337
0.04126799
0.13593067
0.04707068
0.04153283
0.04660467
0.03312745
0.32372958
0.02136483
0.11599957
0.03187660
0.09238651
0.05250213
0.04913212
0.05078570
0.05185852
0.04961187
0.08393692
0.03266550
0.02999161
0.04688638
0.06563956
0.03845701
0.05615005
0.03577146
0.03516313
0.05851577
0.04091660
0.04460173
0.47258399
0.05010430
0.14463291
0.07640780
0.05460659
0.04075905
0.07094405
0.03650902
0.16948812
0.03446672
0.10515394
0.03604015
0.03372311
0.03025042
0.05141449
0.04322010
0.07094712
0.04405298
0.03634795
0.03233303
0.08556626
0.03995343
0.04256867
0.05319591
0.06736777
0.05235335
0.08047736
0.17352921
0.06914514
0.03434032
0.03592163
0.16094787
0.04755819
0.49534121
0.03909129
0.06223774
0.03640765
0.12790463
0.11583676
0.05265517
0.07646296
0.03195000
0.03494793
0.02579732
0.03799185
0.02775015
0.02517992
0.02541284
0.04091898
0.04468343
0.11256426
0.14558681
0.03565894
0.04761551
0.11363968
0.06722046
0.11006835
0.02203698
0.03753021
0.14052441
0.05817227
0.03799185
0.02775015
0.02517992
0.02541284
0.04091898
0.04468343
0.11256426
0.14558681
0.03565894
0.04761551
0.11363968
0.06722046
0.11006835
0.02203698
0.03753021
0.14052441
0.05817227
0.18133950
0.10355068
0.04409259
0.07827466
0.20676991
0.09916016
0.04029470
0.06126278
0.03689077
0.03499881
0.12939017
0.04284249
0.05510695
0.05091524
0.05233822
0.06199764
0.05639103
0.05615921
0.08815159
0.12494386
0.03121631
0.02641833
0.05141410
0.05689109
0.04533936
0.06660418
0.03599967
0.04835393
0.03828131
0.11425641
0.03473284
0.05932520
0.03650727
0.04634611
0.03224544
0.03074146
0.07033591
0.03834972
0.03328655
0.02836641
0.11414265
0.14912723
0.04895099
0.02759239
0.07721511
0.04567435
0.09008454
0.05002402
0.06034323
0.03650018
0.04806851
0.08744807
0.21843977
0.02648952
0.06579399
0.15260818
0.08822679
0.06063276
0.06520596
0.05099430
0.03590615
0.04669366
0.04420812
0.03472617
0.18032607
0.02862556
0.04238698
0.02464356
0.03433751
0.09809220
0.04099226
0.03561179
0.11733878
0.05762599
0.10818927
0.02336483
0.03403791
0.03659954
0.08614108
0.06450266
0.04958902
0.03328651
0.03502747
0.13086897
0.05464656
0.06488613
0.09764484
0.03291729
0.03240704
0.07308209
0.03148882
0.28386332
0.03340251
0.03469939
0.02789313
0.02599969
0.03408850
0.09230193
0.26596681
0.05287621
0.04793349
0.04088856
0.03692380
0.04303487
0.03653992
0.05153480
0.07754465
0.04731701
0.03053346
0.04283124
0.08684152
0.11400022
0.05677376
0.04444801
0.03537298
0.05017535
0.07964878
0.05415767
0.04469659
0.06791616
0.05264108
0.03192695
0.15074389
0.03490719
0.03287403
0.06024689
0.05663044
0.02778790
0.04201323
0.03173453
0.06330132
0.05382200
0.05961236
0.23799808
0.05173733
0.10367702
0.06161368
0.06133261
0.03216946
0.04819085
0.09472785
0.06454688
0.16854524
0.08624079
0.04451669
0.03753346
0.10850549
0.04358738
0.05586572
0.08494307
0.05245199
0.06659018
0.06452653
0.02473738
0.05657777
0.07694192
0.05402256
0.07195876
0.03101355
0.13866101
0.14171485
0.04887180
0.04829601
0.02821173
0.05016928
0.12606828
0.04080737
0.06327772
0.06037645
0.10562163
0.06973173
0.03987603
0.02712317
0.03690638
0.03858254
0.03321452
0.04312012
0.03944708
0.06475194
0.04813534
0.03570701
0.03898556
0.05889409
0.04111578
0.03481155
0.02599090
0.18556897
0.06699144
0.16569047
0.05051060
0.03793251
0.06412200
0.32000123
0.03816250
0.18501401
0.05536708