0.00112287
0.00124221
0.00101162
0.00117938
0.00108559
0.00104591
0.00106843
0.00108533
0.00112237
0.00105213
0.00102743
0.00113306
0.00150204
0.00108366
0.00110880
0.00107152
0.00121171
0.00103073
0.00108353
0.00112402
0.00118997
0.00103052
0.00114484
0.00105174
0.00115373
0.00103929
0.00106263
0.00106251
0.00101803
0.00107746
0.00106064
0.00102491
0.00114653
0.00120086
0.00124100
0.00104196
0.00105743
0.00110748
0.00111950
0.00110956
0.00105911
0.00110644
0.00107973
0.00116508
0.00108632
0.00105386
0.00107568
0.00106348
0.00116689
0.00111198
0.00108728
0.00108119
0.00110689
0.00112043
0.00102020
0.00110234
0.00101933
0.00111638
0.00102210
0.00106299
0.00107707
0.00101364
0.00112017
0.00108047
0.00108210
0.00113827
0.00116495
0.00111527
0.00106908
0.00109683
0.00107905
0.00113033
0.00112475
0.00108412
0.00107109
0.00113321
0.00114731
0.00109128
0.00099502
0.00110303
0.00115803
0.00108762
0.00119890
0.00111894
0.00109656
0.00104702
0.00109107
0.00115960
0.00107628
0.00109966
0.00113130
0.00106830
0.00115874
0.00115288
0.00107468
0.00113457
0.00102819
0.00111026
0.00103418
0.00106231
0.00109649
0.00110411
0.00107723
0.00117295
0.00115102
0.00107411
0.00110249
0.00105306
0.00113677
0.00110364
0.00104617
0.00112610
0.00106346
0.00113882
0.00115504
0.00102374
0.00112047
0.00103113
0.00120055
0.00109644
0.00109749
0.00120212
0.00104498
0.00144085
0.00117253
0.00116039
0.00106169
0.00110632
0.00105823
0.00110035
0.00124334
0.00108635
0.00109146
0.00115104
0.00105978
0.00118675
0.00107515
0.00106668
0.00115975
0.00108588
0.00105903
0.00113470
0.00105901
0.00110634
0.00101935
0.00107129
0.00100000
0.00109745
0.00106117
0.00113446
0.00106087
0.00114872
0.00104777
0.00108769
0.00111129
0.00116847
0.00112830
0.00116302
0.00112750
0.00110249
0.00105320
0.00104065
0.00104289
0.00111782
0.00108610
0.00108030
0.00108190
0.00108814
0.00132125
0.00106183
0.00119803
0.00106118
0.00110408
0.00106663
0.00108641
0.00105117
0.00107307
0.00107842
0.00107050
0.00107100
0.00106173
0.00112957
0.00112473
0.00113935
0.00114813
0.00110284
0.00111283
0.00105094
0.00112176
0.00113501
0.00103551
0.00112372
0.00106307
0.00110444
0.00109448
0.00110827
0.00103388
0.00105697
0.00100389
0.00110873
0.00146807
0.00110568
0.00111502
0.00106751
0.00111475
0.00106654
0.00109904
0.00117784
0.00107851
0.00113311
0.00150275
0.00107429
0.00119546
0.00122131
0.00107186
0.00117342
0.00115914
0.00108870
0.00105395
0.00118401
0.00101668
0.00111705
0.00104591
0.00110759
0.00117758
0.00107924
0.00108191
0.00108927
0.00107004
0.00106530
0.00106451
0.00112251
0.00109123
0.00112355
0.00117573
0.00113564
0.00117879
0.00110559
0.00105966
0.00105857
0.00105367
0.00111269
0.00112332
0.00107233
0.00118954
0.00106716
0.00114772
0.00108563
0.00106099
0.00107288
0.00103117
0.00100584
0.00105713
0.00106050
0.00110457
0.00110076
0.00100774
0.00119248
0.00109903
0.00105533
0.00107154
0.00116792
0.00110579
0.00103359
0.00135740
0.00106390
0.00110822
0.00115805
0.00116031
0.00112486
0.00112287
0.00124221
0.00101162
0.00117938
0.00108559
0.00104591
0.00106843
0.00108533
0.00112237
0.00105213
0.00102743
0.00113306
0.00150204
0.00108366
0.00110880
0.00107152
0.00121171
0.00112287
0.00124221
0.00101162
0.00117938
0.00108559
0.00104591
0.00106843
0.00108533
0.00112237
0.00105213
0.00102743
0.00113306
0.00150204
0.00108366
0.00110880
0.00107152
0.00121171
0.00103073
0.00108353
0.00112402
0.00118997
0.00103052
0.00114484
0.00105174
0.00115373
0.00103929
0.00106263
0.00106251
0.00101803
0.00107746
0.00106064
0.00102491
0.00114653
0.00120086
0.00124100
0.00104196
0.00105743
0.00110748
0.00111950
0.00110956
0.00105911
0.00110644
0.00107973
0.00116508
0.00108632
0.00105386
0.00107568
0.00106348
0.00116689
0.00111198
0.00108728
0.00108119
0.00110689
0.00112043
0.00102020
0.00110234
0.00101933
0.00111638
0.00102210
0.00106299
0.00107707
0.00101364
0.00112017
0.00108047
0.00108210
0.00113827
0.00116495
0.00111527
0.00106908
0.00109683
0.00107905
0.00113033
0.00114294
0.00114913
0.00106788
0.00104625
0.00104393
0.00102937
0.00117961
0.00115967
0.00100039
0.00111013
0.00107185
0.00119536
0.00108802
0.00102068
0.00105978
0.00108153
0.00105541
0.00111959
0.00107402
0.00108868
0.00108822
0.00118572
0.00118886
0.00114150
0.00110896
0.00108871
0.00107216
0.00108382
0.00110129
0.00097466
0.00117714
0.00107163
0.00113461
0.00105835
0.00110872
0.00104590
0.00108207
0.00106862
0.00107873
0.00107347
0.00110948
0.00104702
0.00105702
0.00121457
0.00114279
0.00108504
0.00113351
0.00099088
0.00103797
0.00114796
0.00103687
0.00104668
0.00111626
0.00117889
0.00105573
0.00106740
0.00103620
0.00109168
0.00107308
0.00111914
0.00118355
0.00112119
0.00114310
0.00113538
0.00099056
0.00106405
0.00133023
0.00107330
0.00113245
0.00105409
0.00106038
0.00114877
0.00104886
0.00100454
0.00121578
0.00110673
0.00108909
0.00121953
0.00111099
0.00113350
0.00111300
0.00118104
0.00108166
0.00109293
0.00114738
0.00114005
0.00105172
0.00105862
0.00115913
0.00105276
0.00110121
0.00114732
0.00113523
0.00108729
0.00111928
0.00102841
0.00108778
0.00109289
0.00113781
0.00109352
0.00107526
0.00104434
0.00106000
0.00112747
0.00112810
0.00105435
0.00110147
0.00112334
0.00106722
0.00106752
0.00107582
0.00098819
0.00112301
0.00103538
0.00108656
0.00108080
0.00108611
0.00102971
0.00110147
0.00109359
0.00109838
0.00104981
0.00108833
0.00132570
0.00111211
0.00121998
0.00113646
0.00115058
0.00111778
0.00107301
0.00109271
0.00116469
0.00115571
0.00113664
0.00112974
0.00107217
0.00105908
0.00104448
0.00105336
0.00106980
0.00108835