0.00194757
0.00202098
0.00211591
0.00213494
0.00223644
0.00194515
0.00197477
0.00213957
0.00219472
0.00196592
0.00199826
0.00202577
0.00189211
0.00231142
0.00211323
0.00200155
0.00193920
0.00205204
0.00209473
0.00204476
0.00197285
0.00203798
0.00195427
0.00189242
0.00230618
0.00208168
0.00212672
0.00217370
0.00208793
0.00204204
0.00202238
0.00199333
0.00202604
0.00219108
0.00189140
0.00240996
0.00198909
0.00208768
0.00206417
0.00195212
0.00213830
0.00211076
0.00210665
0.00221474
0.00214329
0.00208638
0.00209495
0.00293576
0.00204678
0.00199158
0.00223876
0.00220565
0.00207492
0.00215239
0.00202546
0.00214175
0.00201117
0.00227693
0.00197107
0.00211410
0.00207649
0.00209575
0.00206456
0.00211743
0.00194049
0.00253817
0.00189269
0.00223129
0.00200021
0.00201641
0.00205422
0.00217862
0.00203862
0.00190263
0.00208263
0.00205197
0.00209976
0.00216670
0.00205489
0.00207349
0.00220173
0.00206628
0.00188513
0.00218537
0.00205373
0.00212982
0.00215701
0.00217996
0.00203857
0.00203617
0.00201895
0.00204664
0.00202472
0.00204860
0.00229684
0.00224327
0.00221319
0.00196631
0.00207504
0.00193403
0.00204453
0.00212752
0.00216634
0.00204361
0.00212890
0.00202491
0.00224236
0.00192571
0.00208225
0.00205784
0.00210378
0.00194129
0.00216209
0.00189218
0.00207522
0.00217056
0.00209519
0.00195809
0.00232747
0.00210707
0.00208552
0.00192929
0.00227702
0.00199685
0.00236714
0.00199178
0.00215516
0.00197785
0.00211983
0.00221990
0.00198328
0.00203859
0.00253283
0.00209266
0.00210284
0.00210796
0.00227167
0.00260377
0.00206625
0.00216730
0.00257278
0.00218520
0.00250546
0.00207322
0.00194149
0.00228702
0.00236503
0.00250349
0.00225802
0.00208779
0.00202576
0.00217519
0.00214272
0.00235330
0.00224679
0.00196428
0.00195281
0.00225247
0.00195787
0.00220180
0.00213585
0.00230577
0.00203352
0.00212263
0.00201193
0.00199125
0.00220506
0.00223350
0.00205714
0.00200684
0.00204106
0.00201156
0.00214678
0.00209912
0.00226831
0.00194162
0.00211902
0.00215605
0.00210236
0.00204715
0.00203122
0.00228466
0.00191787
0.00225303
0.00220109
0.00245431
0.00196949
0.00200336
0.00196143
0.00211051
0.00206392
0.00229185
0.00226347
0.00212803
0.00223023
0.00211189
0.00195527
0.00205718
0.00200083
0.00206593
0.00213005
0.00277085
0.00198891
0.00196910
0.00202930
0.00202051
0.00216329
0.00201799
0.00202361
0.00198469
0.00191278
0.00196594
0.00205658
0.00232225
0.00204680
0.00201972
0.00207683
0.00248529
0.00222710
0.00202273
0.00198630
0.00197418
0.00204120
0.00204326
0.00219649
0.00202183
0.00201301
0.00206007
0.00203760
0.00215567
0.00201649
0.00212211
0.00198500
0.00202169
0.00197662
0.00216208
0.00219253
0.00201099
0.00213056
0.00197143
0.00212516
0.00190413
0.00222908
0.00213315
0.00193346
0.00242145
0.00204409
0.00214847
0.00208530
0.00198812
0.00218592
0.00223922
0.00199233
0.00240583
0.00198431
0.00220898
0.00210743
0.00191741
0.00197773
0.00216253
0.00203791
0.00202045
0.00224380
0.00215444
0.00223727
0.00193025
0.00209705
0.00200562
0.00193546
0.00205953
0.00194757
0.00202098
0.00211591
0.00213494
0.00223644
0.00194515
0.00197477
0.00213957
0.00219472
0.00196592
0.00199826
0.00202577
0.00189211
0.00231142
0.00211323
0.00200155
0.00193920
0.00194757
0.00202098
0.00211591
0.00213494
0.00223644
0.00194515
0.00197477
0.00213957
0.00219472
0.00196592
0.00199826
0.00202577
0.00189211
0.00231142
0.00211323
0.00200155
0.00193920
0.00205204
0.00209473
0.00204476
0.00197285
0.00203798
0.00195427
0.00189242
0.00230618
0.00208168
0.00212672
0.00217370
0.00208793
0.00204204
0.00202238
0.00199333
0.00202604
0.00219108
0.00189140
0.00240996
0.00198909
0.00208768
0.00206417
0.00195212
0.00213830
0.00211076
0.00210665
0.00221474
0.00214329
0.00208638
0.00209495
0.00293576
0.00204678
0.00199158
0.00223876
0.00220565
0.00207492
0.00215239
0.00202546
0.00214175
0.00201117
0.00227693
0.00197107
0.00211410
0.00207649
0.00209575
0.00206456
0.00211743
0.00194049
0.00253817
0.00189269
0.00223129
0.00200021
0.00201641
0.00205422
0.00217862
0.00223055
0.00207801
0.00239169
0.00201161
0.00196700
0.00208360
0.00213389
0.00218829
0.00208586
0.00206716
0.00205588
0.00210159
0.00217275
0.00225700
0.00194846
0.00209672
0.00206790
0.00225287
0.00251007
0.00227163
0.00192655
0.00211153
0.00225294
0.00218921
0.00191068
0.00221430
0.00187140
0.00194502
0.00210030
0.00212437
0.00216359
0.00219935
0.00203923
0.00206185
0.00204184
0.00203791
0.00236830
0.00209168
0.00201610
0.00210375
0.00210327
0.00195766
0.00197470
0.00214274
0.00197927
0.00186326
0.00209961
0.00214547
0.00219171
0.00207033
0.00202048
0.00208937
0.00195486
0.00224546
0.00197280
0.00200601
0.00216019
0.00208989
0.00200863
0.00205708
0.00201644
0.00235109
0.00217357
0.00203627
0.00211782
0.00217260
0.00223577
0.00203486
0.00193130
0.00215784
0.00211826
0.00192847
0.00216210
0.00196773
0.00208873
0.00187183
0.00189779
0.00211392
0.00193756
0.00213808
0.00205132
0.00213327
0.00204594
0.00212168
0.00216889
0.00236208
0.00210338
0.00217414
0.00196154
0.00220237
0.00187444
0.00208563
0.00207047
0.00203118
0.00189883
0.00199363
0.00203285
0.00223266
0.00206363
0.00210942
0.00214782
0.00205318
0.00200635
0.00196322
0.00206603
0.00198496
0.00202150
0.00219228
0.00193202
0.00198570
0.00200876
0.00203685
0.00204816
0.00209813
0.00213455
0.00216550
0.00195010
0.00214804
0.00212172
0.00193972
0.00218780
0.00196726
0.00206071
0.00204558
0.00208217
0.00214615
0.00199254
0.00203460
0.00224487
0.00212829
0.00219606
0.00196630
0.00230800
0.00209130
0.00219814
0.00204544
0.00194950
0.00217094
0.00488334
0.00198580
0.00232197