0.00064338
0.00061546
0.00063380
0.00066480
0.00065330
0.00071621
0.00065772
0.00062622
0.00070441
0.00062395
0.00065394
0.00073752
0.00075854
0.00062059
0.00068392
0.00070739
0.00067043
0.00062997
0.00068038
0.00065752
0.00067975
0.00068017
0.00059103
0.00074010
0.00071031
0.00065734
0.00064638
0.00062973
0.00072758
0.00063587
0.00069293
0.00071042
0.00062946
0.00064150
0.00060138
0.00063948
0.00062037
0.00062846
0.00071191
0.00075195
0.00069978
0.00062522
0.00065021
0.00070858
0.00063635
0.00071338
0.00070648
0.00063935
0.00065082
0.00067742
0.00064239
0.00074312
0.00060112
0.00077921
0.00063218
0.00062927
0.00063793
0.00066664
0.00059866
0.00062213
0.00066775
0.00070994
0.00059871
0.00062223
0.00069910
0.00068978
0.00069286
0.00061126
0.00063607
0.00063756
0.00061214
0.00066915
0.00070064
0.00066400
0.00062271
0.00067764
0.00065413
0.00066167
0.00063990
0.00059486
0.00060623
0.00066074
0.00081614
0.00073663
0.00061354
0.00067468
0.00062255
0.00067946
0.00063309
0.00064015
0.00073092
0.00062613
0.00061455
0.00062895
0.00064466
0.00067608
0.00066684
0.00078890
0.00068716
0.00073138
0.00062458
0.00064886
0.00062959
0.00069562
0.00063915
0.00064225
0.00061131
0.00066338
0.00066358
0.00066314
0.00059656
0.00069263
0.00062715
0.00064502
0.00063274
0.00072538
0.00059245
0.00066623
0.00062404
0.00057761
0.00064169
0.00063325
0.00063153
0.00064080
0.00064010
0.00070872
0.00063839
0.00077210
0.00065278
0.00085277
0.00067228
0.00069398
0.00062580
0.00067052
0.00076977
0.00068162
0.00061937
0.00063812
0.00067885
0.00063314
0.00072874
0.00080153
0.00062414
0.00065609
0.00062615
0.00066255
0.00069607
0.00072834
0.00065902
0.00066771
0.00064125
0.00063172
0.00062541
0.00063813
0.00071498
0.00065126
0.00073742
0.00070354
0.00064285
0.00060861
0.00063737
0.00066411
0.00067001
0.00068333
0.00060596
0.00066580
0.00066680
0.00067878
0.00065113
0.00065352
0.00066793
0.00069716
0.00064643
0.00061719
0.00065803
0.00067416
0.00071141
0.00071023
0.00068118
0.00075756
0.00063606
0.00063395
0.00069132
0.00060716
0.00067220
0.00061362
0.00065293
0.00065837
0.00066787
0.00070886
0.00066504
0.00060147
0.00076467
0.00069483
0.00059273
0.00067141
0.00063460
0.00062481
0.00064235
0.00060889
0.00064335
0.00072645
0.00062322
0.00066384
0.00068720
0.00064353
0.00060133
0.00068888
0.00070757
0.00062512
0.00068611
0.00060771
0.00067952
0.00067642
0.00062098
0.00060580
0.00069498
0.00065210
0.00067967
0.00082571
0.00071429
0.00065773
0.00065727
0.00063943
0.00066296
0.00074258
0.00061233
0.00062829
0.00071771
0.00073185
0.00066472
0.00061739
0.00061380
0.00059090
0.00061912
0.00062907
0.00065815
0.00060125
0.00071257
0.00066619
0.00073422
0.00061694
0.00063756
0.00062581
0.00065318
0.00066629
0.00067469
0.00068498
0.00075154
0.00067088
0.00068334
0.00070661
0.00064850
0.00068826
0.00064645
0.00066173
0.00068418
0.00070618
0.00062594
0.00064235
0.00070766
0.00073283
0.00061421
0.00071807
0.00066168
0.00067248
0.00062694
0.00066608
0.00062079
0.00065289
0.00068909
0.00064338
0.00061546
0.00063380
0.00066480
0.00065330
0.00071621
0.00065772
0.00062622
0.00070441
0.00062395
0.00065394
0.00073752
0.00075854
0.00062059
0.00068392
0.00070739
0.00067043
0.00062997
0.00064338
0.00061546
0.00063380
0.00066480
0.00065330
0.00071621
0.00065772
0.00062622
0.00070441
0.00062395
0.00065394
0.00073752
0.00075854
0.00062059
0.00068392
0.00070739
0.00067043
0.00062997
0.00068038
0.00065752
0.00067975
0.00068017
0.00059103
0.00074010
0.00071031
0.00065734
0.00064638
0.00062973
0.00072758
0.00063587
0.00069293
0.00071042
0.00062946
0.00064150
0.00060138
0.00063948
0.00062037
0.00062846
0.00071191
0.00075195
0.00069978
0.00062522
0.00065021
0.00070858
0.00063635
0.00071338
0.00070648
0.00063935
0.00065082
0.00067742
0.00064239
0.00074312
0.00060112
0.00077921
0.00063218
0.00062927
0.00063793
0.00066664
0.00059866
0.00062213
0.00066775
0.00070994
0.00059871
0.00062223
0.00069910
0.00068978
0.00069286
0.00061126
0.00063607
0.00063756
0.00061214
0.00066915
0.00070064
0.00075076
0.00085935
0.00071169
0.00078016
0.00069117
0.00064512
0.00072695
0.00068950
0.00071031
0.00073206
0.00064579
0.00068605
0.00062120
0.00065732
0.00064023
0.00070109
0.00061092
0.00077105
0.00064841
0.00063773
0.00074971
0.00058034
0.00061626
0.00062589
0.00060898
0.00070814
0.00058708
0.00066692
0.00062808
0.00065292
0.00067746
0.00066718
0.00067923
0.00063229
0.00064510
0.00072819
0.00068904
0.00070215
0.00078032
0.00063623
0.00079008
0.00068293
0.00061763
0.00066016
0.00062226
0.00066077
0.00073211
0.00070095
0.00064422
0.00061718
0.00064894
0.00068478
0.00063142
0.00077940
0.00064130
0.00065527
0.00064049
0.00061814
0.00067280
0.00062254
0.00071183
0.00067789
0.00070872
0.00067777
0.00066670
0.00073403
0.00068743
0.00060560
0.00073343
0.00065806
0.00057642
0.00072083
0.00064293
0.00071630
0.00061270
0.00065221
0.00075630
0.00060966
0.00065810
0.00064036
0.00063893
0.00069279
0.00076650
0.00061966
0.00066360
0.00067304
0.00066924
0.00065645
0.00065020
0.00075146
0.00070594
0.00072386
0.00068250
0.00068561
0.00063985
0.00065004
0.00066931
0.00067881
0.00067418
0.00074055
0.00074065
0.00068622
0.00068757
0.00063183
0.00065826
0.00071783
0.00064886
0.00067316
0.00062879
0.00065154
0.00075753
0.00075218
0.00072930
0.00065832
0.00064761
0.00063083
0.00072635
0.00070396
0.00066642
0.00068115
0.00059190
0.00067972
0.00066482
0.00061312
0.00060711
0.00078154
0.00059922
0.00074918
0.00071675
0.00067054
0.00064203
0.00063885
0.00067941
0.00067083
0.00070879
0.00071487
0.00069315
0.00066786