0.02114215
0.01014376
0.00984598
0.00980339
0.00957648
0.01119848
0.01045510
0.00900037
0.01066515
0.01032588
0.01158994
0.01556189
0.01106841
0.01086368
0.02119163
0.01055466
0.01130343
0.00968789
0.01359690
0.00978604
0.00882488
0.01125610
0.01228075
0.00864712
0.00984563
0.00971253
0.00976408
0.01264311
0.01010748
0.00935104
0.01289651
0.01177893
0.01177598
0.01391371
0.01076938
0.00904546
0.01031842
0.00967235
0.01024268
0.01183674
0.01086805
0.01301644
0.01056173
0.01064334
0.00969204
0.00992571
0.01009657
0.01261068
0.01058588
0.00969275
0.01199407
0.01043426
0.00998983
0.01075642
0.01219113
0.00922328
0.01324461
0.01237341
0.00987665
0.00952882
0.01043366
0.00902682
0.00904302
0.01092262
0.01022998
0.01042800
0.01026662
0.00915961
0.00994248
0.01313503
0.01191374
0.01108647
0.01246559
0.01013498
0.01251755
0.00892306
0.01042721
0.01105352
0.00935830
0.00889180
0.00979220
0.01921262
0.01019345
0.01210921
0.00995642
0.00921828
0.01335821
0.00936443
0.01052662
0.01029956
0.00933979
0.01207891
0.01033729
0.01048464
0.00936020
0.01261980
0.00953685
0.01036047
0.01214990
0.01220543
0.00906842
0.00973780
0.00890939
0.00950803
0.01485609
0.01127763
0.00953341
0.01146088
0.00871605
0.01040826
0.00937394
0.01052416
0.00998722
0.00861678
0.00974222
0.01005937
0.01008019
0.01137923
0.00997178
0.01174108
0.00854053
0.00948213
0.01021648
0.01114166
0.01003976
0.00912629
0.00983925
0.00987794
0.01186134
0.01176616
0.00931105
0.00969176
0.01012521
0.01154553
0.01032166
0.00982549
0.01063749
0.01004504
0.01153667
0.01157370
0.01048854
0.01253840
0.01066262
0.01123736
0.00992879
0.00935873
0.01048534
0.00839560
0.00879161
0.01166946
0.01202395
0.01166893
0.00971671
0.00985146
0.01066441
0.00893913
0.01422429
0.00987349
0.01068161
0.00890976
0.01817774
0.01086663
0.00954794
0.01262263
0.01247272
0.01308960
0.00897919
0.01134836
0.01014636
0.01260561
0.01104298
0.01018495
0.00987278
0.01110307
0.01473832
0.01142459
0.00942120
0.01156357
0.01091781
0.00904239
0.01044472
0.01108318
0.01150345
0.01092431
0.00923827
0.00989622
0.01375745
0.01154362
0.01263870
0.00944558
0.00988306
0.01049441
0.01255723
0.01009795
0.01418195
0.00945436
0.01003641
0.00929666
0.01058773
0.00939540
0.01358031
0.00983981
0.01023121
0.01141356
0.01001269
0.00989772
0.00991080
0.01033237
0.01037663
0.00935144
0.00993918
0.01019990
0.01383824
0.01166557
0.00951813
0.01336058
0.01006786
0.01037628
0.01252605
0.00998315
0.00953085
0.00939267
0.00932116
0.01125560
0.00947813
0.01309132
0.01001626
0.01129537
0.01343691
0.01553473
0.01835985
0.01031547
0.01145610
0.01149868
0.00982796
0.01284859
0.01163691
0.00955122
0.00959372
0.01215498
0.01013612
0.01099645
0.00977209
0.01183134
0.01048984
0.00938852
0.01330313
0.01287410
0.00979944
0.01004227
0.01160155
0.01055575
0.01168770
0.01914691
0.01108828
0.01140326
0.01063432
0.01091830
0.00964389
0.01151636
0.01085943
0.00918635
0.00999749
0.01042337
0.01099755
0.00964862
0.01000753
0.01310711
0.00932504
0.01124197
0.02114215
0.01014376
0.00984598
0.00980339
0.00957648
0.01119848
0.01045510
0.00900037
0.01066515
0.01032588
0.01158994
0.01556189
0.01106841
0.01086368
0.02119163
0.01055466
0.01130343
0.02114215
0.01014376
0.00984598
0.00980339
0.00957648
0.01119848
0.01045510
0.00900037
0.01066515
0.01032588
0.01158994
0.01556189
0.01106841
0.01086368
0.02119163
0.01055466
0.01130343
0.00968789
0.01359690
0.00978604
0.00882488
0.01125610
0.01228075
0.00864712
0.00984563
0.00971253
0.00976408
0.01264311
0.01010748
0.00935104
0.01289651
0.01177893
0.01177598
0.01391371
0.01076938
0.00904546
0.01031842
0.00967235
0.01024268
0.01183674
0.01086805
0.01301644
0.01056173
0.01064334
0.00969204
0.00992571
0.01009657
0.01261068
0.01058588
0.00969275
0.01199407
0.01043426
0.00998983
0.01075642
0.01219113
0.00922328
0.01324461
0.01237341
0.00987665
0.00952882
0.01043366
0.00902682
0.00904302
0.01092262
0.01022998
0.01042800
0.01026662
0.00915961
0.00994248
0.01313503
0.01191374
0.01108647
0.00971654
0.00861505
0.01128216
0.00964303
0.00892008
0.01024865
0.01031069
0.01155761
0.00966771
0.01046136
0.01011346
0.01028568
0.00991897
0.01775282
0.01096151
0.01103402
0.01175295
0.01056994
0.01130510
0.00963980
0.01086125
0.00950332
0.00971224
0.01098535
0.01017226
0.01117004
0.01138368
0.01065837
0.01143519
0.01017262
0.01065263
0.01143431
0.00962413
0.00922452
0.01126398
0.01040951
0.01044281
0.01152698
0.01259987
0.00909705
0.01007789
0.01193865
0.01132284
0.00948527
0.01153405
0.01083378
0.01067026
0.01118161
0.01082962
0.01066541
0.01261773
0.01072443
0.00943782
0.00954152
0.00916656
0.01032832
0.01278051
0.01123156
0.01091917
0.01175312
0.00842023
0.00993207
0.01169851
0.00990201
0.01094225
0.01144781
0.01061875
0.01069803
0.01359288
0.00930554
0.01700027
0.00963327
0.01122630
0.01083122
0.01106002
0.01124214
0.01101588
0.01108582
0.01046796
0.01358167
0.01090279
0.01020989
0.00917072
0.00957714
0.01066331
0.00935665
0.01147765
0.01078435
0.00928030
0.01241780
0.01040365
0.00923903
0.00929092
0.01096815
0.00918055
0.00978784
0.00954704
0.00999880
0.01066983
0.00929476
0.01003577
0.01147467
0.01192173
0.00991437
0.01032193
0.00955312
0.01231138
0.00976107
0.01159995
0.00998512
0.01228268
0.00986590
0.01083358
0.01040132
0.01158450
0.01480021
0.01019033
0.01114851
0.00956341
0.01116196
0.01156398
0.01054069
0.01061383
0.01116647
0.00967584
0.01092973
0.02093279
0.01115023
0.01238512
0.00997425
0.01583808
0.00964601
0.01219435
0.00935192
0.01028500
0.01052966
0.01059802
0.01098214
0.01074945
0.01072085
0.01004713