0.00147222
0.00140191
0.00121695
0.00114629
0.00151574
0.00120204
0.00120401
0.00128814
0.00117392
0.00176043
0.00117220
0.00136867
0.00121075
0.00134423
0.00121696
0.00117636
0.00177807
0.00118079
0.00140803
0.00142072
0.00130210
0.00114334
0.00133116
0.00121959
0.00131545
0.00111674
0.00116551
0.00120024
0.00105300
0.00133423
0.00110163
0.00119871
0.00164554
0.00142545
0.00154286
0.00125153
0.00112744
0.00107047
0.00137265
0.00120776
0.00169061
0.00117948
0.00119856
0.00112693
0.00156836
0.00134358
0.00145447
0.00115846
0.00129448
0.00119481
0.00137258
0.00127824
0.00125317
0.00114855
0.00123084
0.00125092
0.00120614
0.00159290
0.00152325
0.00129038
0.00139627
0.00136929
0.00158554
0.00127810
0.00110596
0.00124897
0.00140685
0.00128923
0.00140322
0.00126023
0.00111086
0.00124254
0.00113270
0.00112657
0.00122019
0.00134948
0.00152008
0.00135469
0.00133367
0.00132000
0.00106294
0.00125740
0.00157589
0.00126111
0.00222977
0.00119682
0.00117017
0.00107600
0.00109565
0.00136167
0.00125506
0.00121694
0.00125855
0.00155349
0.00121887
0.00137894
0.00118370
0.00137946
0.00128346
0.00164297
0.00124707
0.00123596
0.00120500
0.00135148
0.00126897
0.00127750
0.00126569
0.00109853
0.00123982
0.00144629
0.00117455
0.00151367
0.00113396
0.00111711
0.00136124
0.00120738
0.00124909
0.00107629
0.00111663
0.00114967
0.00123646
0.00116382
0.00142879
0.00126581
0.00109502
0.00123156
0.00128860
0.00179747
0.00121920
0.00111641
0.00104372
0.00109845
0.00135002
0.00114325
0.00139399
0.00125308
0.00116286
0.00127149
0.00111514
0.00138014
0.00109567
0.00150875
0.00132530
0.00124455
0.00130229
0.00123275
0.00124324
0.00124298
0.00134521
0.00115411
0.00117407
0.00117164
0.00120922
0.00127387
0.00124727
0.00120227
0.00132783
0.00121142
0.00127855
0.00130672
0.00116384
0.00145197
0.00139288
0.00133931
0.00144103
0.00117328
0.00129104
0.00149565
0.00121949
0.00120026
0.00129087
0.00116225
0.00117403
0.00114609
0.00121780
0.00126028
0.00142077
0.00136663
0.00143982
0.00127898
0.00138620
0.00122110
0.00141529
0.00133074
0.00124435
0.00118552
0.00121370
0.00117461
0.00190602
0.00128483
0.00181599
0.00137090
0.00116988
0.00120025
0.00123187
0.00121513
0.00127170
0.00119180
0.00122030
0.00111271
0.00134379
0.00123155
0.00126808
0.00143287
0.00142255
0.00124766
0.00119874
0.00147160
0.00108524
0.00136335
0.00124695
0.00138858
0.00111853
0.00138570
0.00161290
0.00129918
0.00123495
0.00163639
0.00162903
0.00119277
0.00176679
0.00108870
0.00107501
0.00130474
0.00119189
0.00154332
0.00124710
0.00128979
0.00145772
0.00134753
0.00175224
0.00128519
0.00148669
0.00114585
0.00113068
0.00136949
0.00122682
0.00116418
0.00126453
0.00125905
0.00130294
0.00118847
0.00128137
0.00114262
0.00154517
0.00120649
0.00133589
0.00120935
0.00128026
0.00118460
0.00194816
0.00119215
0.00117805
0.00125085
0.00126531
0.00130358
0.00132257
0.00135532
0.00123808
0.00117207
0.00137277
0.00128323
0.00111092
0.00117482
0.00113404
0.00116832
0.00122206
0.00132543
0.00141992
0.00133766
0.00114321
0.00147222
0.00140191
0.00121695
0.00114629
0.00151574
0.00120204
0.00120401
0.00128814
0.00117392
0.00176043
0.00117220
0.00136867
0.00121075
0.00134423
0.00121696
0.00117636
0.00177807
0.00147222
0.00140191
0.00121695
0.00114629
0.00151574
0.00120204
0.00120401
0.00128814
0.00117392
0.00176043
0.00117220
0.00136867
0.00121075
0.00134423
0.00121696
0.00117636
0.00177807
0.00118079
0.00140803
0.00142072
0.00130210
0.00114334
0.00133116
0.00121959
0.00131545
0.00111674
0.00116551
0.00120024
0.00105300
0.00133423
0.00110163
0.00119871
0.00164554
0.00142545
0.00154286
0.00125153
0.00112744
0.00107047
0.00137265
0.00120776
0.00169061
0.00117948
0.00119856
0.00112693
0.00156836
0.00134358
0.00145447
0.00115846
0.00129448
0.00119481
0.00137258
0.00127824
0.00125317
0.00114855
0.00123084
0.00125092
0.00120614
0.00159290
0.00152325
0.00129038
0.00139627
0.00136929
0.00158554
0.00127810
0.00110596
0.00124897
0.00140685
0.00128923
0.00140322
0.00126023
0.00111086
0.00124254
0.00124114
0.00142120
0.00119149
0.00133460
0.00139901
0.00118278
0.00122862
0.00155015
0.00129984
0.00154415
0.00125735
0.00118518
0.00117789
0.00133102
0.00125367
0.00138745
0.00116559
0.00122003
0.00135692
0.00190672
0.00128569
0.00148306
0.00131026
0.00130259
0.00130450
0.00119858
0.00104927
0.00154951
0.00122688
0.00136670
0.00119030
0.00145701
0.00117542
0.00119726
0.00128347
0.00115745
0.00117784
0.00120233
0.00127964
0.00119156
0.00144259
0.00118786
0.00127402
0.00139781
0.00120993
0.00139998
0.00131106
0.00115520
0.00124775
0.00123393
0.00153525
0.00119794
0.00145526
0.00194060
0.00159253
0.00115865
0.00126613
0.00119186
0.00117575
0.00134145
0.00113077
0.00307834
0.00121651
0.00114455
0.00135615
0.00135043
0.00130677
0.00135156
0.00140121
0.00126681
0.00135976
0.00131369
0.00137832
0.00132833
0.00120341
0.00138746
0.00120733
0.00123593
0.00117512
0.00125737
0.00110627
0.00118120
0.00115582
0.00105593
0.00144286
0.00115050
0.00117697
0.00125272
0.00129845
0.00111537
0.00130315
0.00127801
0.00111547
0.00125483
0.00120760
0.00137588
0.00116811
0.00119202
0.00131111
0.00120663
0.00115131
0.00129043
0.00111372
0.00111668
0.00130789
0.00136097
0.00117396
0.00120417
0.00122700
0.00142955
0.00129397
0.00141082
0.00142050
0.00127571
0.00118921
0.00134148
0.00118631
0.00133297
0.00133695
0.00137312
0.00118356
0.00127481
0.00136620
0.00123919
0.00113367
0.00125609
0.00136871
0.00116250
0.00121932
0.00110301
0.00125056
0.00114135
0.00117173
0.00154554
0.00161124
0.00115386
0.00132547
0.00130440
0.00155132
0.00112773