0.02646977
0.05180622
0.03276041
0.04203605
0.04181680
0.04713856
0.02096098
0.01816054
0.01208152
0.02089322
0.03241299
0.03629276
0.02461087
0.03145691
0.01833256
0.01892847
0.02296441
0.04704675
0.04730246
0.02463551
0.02860477
0.05183010
0.01803593
0.01620277
0.04027209
0.02891598
0.07045582
0.02818797
0.01883037
0.02979600
0.03518807
0.01515265
0.02330465
0.05451764
0.02673427
0.07535743
0.04870936
0.02755110
0.02602630
0.02167614
0.03258418
0.01646004
0.03484181
0.01646208
0.03253599
0.02150066
0.06012452
0.01891801
0.01616470
0.01696589
0.01778660
0.02533771
0.05306832
0.04361118
0.01910325
0.01950793
0.03707651
0.05911098
0.02424179
0.02376123
0.02143702
0.02618336
0.05828480
0.02247237
0.04799361
0.02551276
0.08236971
0.01887027
0.03875640
0.02401071
0.02896834
0.02288817
0.02071200
0.05032785
0.03007322
0.02680299
0.04988532
0.02708802
0.08516677
0.03551769
0.04589266
0.02405570
0.03742004
0.02436792
0.03958154
0.01850003
0.01830188
0.03139733
0.02638284
0.05129782
0.05426773
0.02506635
0.06413127
0.04582888
0.02538611
0.03023497
0.03904284
0.01829021
0.03170819
0.04461753
0.01669957
0.02252883
0.02918735
0.02881854
0.10859625
0.04067238
0.02898922
0.01763401
0.01638022
0.04095532
0.05191540
0.03069074
0.02424506
0.01076523
0.02922749
0.03573943
0.05119231
0.03300731
0.02294024
0.05248410
0.02799105
0.02271841
0.02676590
0.07426930
0.04422189
0.02674608
0.04326101
0.01890880
0.03958385
0.03706547
0.02234537
0.01943131
0.05782991
0.02051535
0.01542504
0.04308777
0.05161875
0.02164809
0.12257864
0.03843207
0.04118211
0.01808350
0.02966732
0.05304212
0.05353657
0.06033789
0.02369042
0.04518194
0.03057036
0.05791701
0.01784751
0.02618470
0.03141071
0.02131204
0.03274068
0.05175765
0.04920639
0.03020895
0.03259526
0.10921876
0.01774809
0.04343237
0.02469776
0.03644289
0.02586153
0.19637342
0.03026974
0.07022911
0.01442942
0.03436883
0.01676902
0.02015631
0.05802428
0.03668456
0.11179075
0.02467526
0.08278770
0.04443414
0.02127786
0.04216370
0.02801476
0.06327067
0.02707400
0.03813139
0.02366451
0.02498616
0.02336450
0.06968634
0.02150001
0.05648522
0.02422770
0.04222931
0.04549581
0.02499210
0.03808107
0.04336573
0.09531880
0.03462928
0.02332409
0.02202647
0.04122806
0.04336889
0.02081055
0.02173857
0.05611235
0.02099509
0.01672524
0.02879573
0.03075414
0.03307777
0.02215126
0.01795708
0.03000248
0.04800806
0.02988750
0.01786054
0.03948832
0.03786222
0.02412332
0.01756088
0.03706850
0.02625561
0.02836084
0.03599910
0.04805527
0.01898617
0.08682728
0.02358949
0.02261543
0.01870589
0.02321246
0.01823755
0.02631969
0.03433716
0.10503518
0.03163188
0.03286311
0.04886628
0.03968676
0.01721346
0.02176457
0.03794238
0.02601482
0.02511268
0.04906802
0.02805414
0.04073761
0.13302110
0.02191548
0.08645736
0.02860326
0.04581876
0.07364126
0.01988985
0.02592649
0.01759183
0.02782281
0.02859833
0.12010966
0.04185040
0.04925587
0.01998993
0.02232434
0.01850242
0.01819760
0.01647471
0.03784491
0.02615869
0.02064736
0.02303179
0.02646977
0.05180622
0.03276041
0.04203605
0.04181680
0.04713856
0.02096098
0.01816054
0.01208152
0.02089322
0.03241299
0.03629276
0.02461087
0.03145691
0.01833256
0.01892847
0.02296441
0.02646977
0.05180622
0.03276041
0.04203605
0.04181680
0.04713856
0.02096098
0.01816054
0.01208152
0.02089322
0.03241299
0.03629276
0.02461087
0.03145691
0.01833256
0.01892847
0.02296441
0.04704675
0.04730246
0.02463551
0.02860477
0.05183010
0.01803593
0.01620277
0.04027209
0.02891598
0.07045582
0.02818797
0.01883037
0.02979600
0.03518807
0.01515265
0.02330465
0.05451764
0.02673427
0.07535743
0.04870936
0.02755110
0.02602630
0.02167614
0.03258418
0.01646004
0.03484181
0.01646208
0.03253599
0.02150066
0.06012452
0.01891801
0.01616470
0.01696589
0.01778660
0.02533771
0.05306832
0.04361118
0.01910325
0.01950793
0.03707651
0.05911098
0.02424179
0.02376123
0.02143702
0.02618336
0.05828480
0.02247237
0.04799361
0.02551276
0.08236971
0.01887027
0.03875640
0.02401071
0.02896834
0.02288817
0.01378460
0.05560825
0.02504461
0.04288183
0.02169314
0.08135737
0.06966850
0.03452571
0.06087016
0.02547809
0.01916473
0.02509045
0.02440419
0.02120241
0.02185324
0.06060340
0.02147589
0.09605569
0.01783191
0.07715163
0.04448939
0.07459651
0.02423256
0.09280673
0.04215293
0.02955083
0.02232383
0.03209772
0.05809824
0.02410800
0.05125755
0.04642246
0.02790500
0.02289018
0.11136011
0.02194538
0.02810842
0.03218621
0.04649121
0.02064581
0.03057640
0.06061001
0.07735870
0.02864325
0.01251649
0.02979748
0.03482078
0.04966021
0.02824157
0.02036100
0.02771956
0.05663705
0.03034895
0.02679482
0.03265690
0.05463610
0.01698083
0.01352207
0.01538701
0.01871976
0.03076666
0.01954694
0.03666494
0.01832322
0.01822717
0.08222629
0.01664655
0.04758850
0.02378669
0.02321195
0.03201181
0.02111170
0.07936676
0.03296606
0.03913709
0.04165515
0.02780522
0.07584589
0.03190298
0.02227898
0.02855776
0.02007028
0.02175437
0.02055436
0.05265140
0.03237672
0.01531351
0.05219152
0.05906614
0.03769983
0.06780648
0.05683103
0.01985461
0.04032909
0.01895868
0.02164614
0.02516119
0.04362245
0.02460372
0.01580569
0.01766663
0.02380852
0.04883264
0.06495491
0.05493753
0.04526205
0.08806824
0.05056620
0.02640800
0.05211500
0.02893580
0.02673898
0.04405423
0.04648016
0.02127778
0.02262590
0.05788802
0.05092027
0.05071533
0.03574968
0.04700699
0.02109261
0.01813144
0.03605990
0.02575963
0.07318325
0.02577131
0.02992705
0.02058503
0.08182660
0.03851612
0.04826483
0.02004598
0.01781984
0.06418490
0.01858510
0.02154173
0.05287567
0.04624953
0.04787014
0.05344586