0.01381230
0.01028226
0.01611188
0.01146424
0.01136666
0.01139273
0.01153992
0.01243780
0.01534764
0.01248042
0.01191575
0.01101728
0.01031281
0.01278114
0.01193435
0.01880398
0.01071624
0.01441353
0.01466858
0.01189960
0.01235380
0.01811559
0.01476752
0.01362982
0.02120023
0.01389578
0.01089519
0.01124515
0.01651784
0.01665561
0.01546463
0.01284449
0.00984692
0.01561668
0.02963969
0.02084483
0.01213559
0.01797580
0.01305476
0.01942730
0.00998700
0.01434054
0.01347748
0.01378071
0.01226710
0.01384873
0.01344342
0.01244616
0.01355834
0.01521860
0.01107588
0.01679204
0.01056299
0.01199865
0.01174687
0.01405762
0.01058009
0.00997468
0.01326020
0.01122557
0.01186617
0.01100117
0.01128079
0.01627196
0.01092029
0.01179895
0.01376171
0.02175683
0.01252432
0.01065822
0.01282282
0.01379994
0.01072201
0.01231127
0.01756162
0.01385091
0.01648124
0.01292778
0.01067659
0.01030988
0.01097851
0.01512315
0.01488824
0.01006649
0.01231960
0.01419659
0.01072187
0.01259342
0.00930426
0.01786768
0.01393814
0.01385906
0.01328591
0.01571636
0.01351345
0.01714855
0.01439396
0.01278155
0.01147956
0.01283178
0.01073734
0.01192193
0.01092642
0.01415100
0.01368661
0.01078484
0.01080820
0.01264304
0.01424981
0.01068716
0.01144368
0.01492735
0.01822682
0.01173188
0.01478202
0.01852978
0.01332746
0.00990529
0.01483659
0.01206960
0.01142176
0.01238440
0.01142545
0.01605799
0.01199008
0.01142414
0.01289953
0.01138060
0.01175635
0.01399125
0.06968839
0.01072149
0.01199645
0.01730169
0.01347885
0.01898659
0.00983887
0.00986911
0.01654776
0.01154913
0.01185658
0.01086584
0.01039723
0.01197173
0.01176968
0.01144055
0.01288035
0.01190886
0.01327786
0.01170627
0.01133304
0.01463932
0.01378477
0.01152636
0.02385191
0.01132228
0.01462676
0.01091107
0.01238993
0.01075413
0.01257358
0.01048941
0.01053287
0.01337346
0.01166503
0.01147075
0.00989150
0.01167626
0.01147085
0.01008664
0.01256618
0.01048231
0.01071111
0.01112549
0.01187598
0.01165522
0.01196668
0.01257068
0.01415416
0.01715931
0.01570234
0.01277144
0.01192791
0.01174840
0.01281771
0.01103152
0.01507863
0.02205898
0.01041753
0.01071012
0.01379310
0.01099912
0.01054487
0.01681882
0.01121152
0.01472628
0.01216100
0.01238076
0.01075199
0.01041438
0.01404139
0.01263081
0.00987912
0.01210086
0.01641109
0.01124102
0.01200600
0.01375494
0.01363917
0.01579481
0.02269339
0.01257359
0.01323639
0.01112830
0.01103394
0.01766451
0.01304024
0.01235700
0.01228150
0.01227625
0.01267901
0.01256527
0.01768378
0.01493807
0.01347158
0.01012867
0.01033627
0.01013879
0.01145457
0.01255084
0.01681889
0.01471328
0.01530180
0.01478646
0.01142851
0.01564179
0.01426749
0.01056636
0.01501652
0.01804771
0.01496547
0.01391346
0.01217184
0.01215770
0.04201342
0.01248496
0.01353931
0.01104315
0.01062110
0.01416654
0.00980415
0.01089203
0.01480370
0.01397397
0.01046752
0.01298899
0.01041854
0.01436237
0.01343927
0.01157582
0.01409026
0.01227949
0.01402221
0.01244698
0.01187489
0.01253690
0.01487929
0.02296502
0.01522393
0.01610705
0.01381230
0.01028226
0.01611188
0.01146424
0.01136666
0.01139273
0.01153992
0.01243780
0.01534764
0.01248042
0.01191575
0.01101728
0.01031281
0.01278114
0.01193435
0.01880398
0.01071624
0.01381230
0.01028226
0.01611188
0.01146424
0.01136666
0.01139273
0.01153992
0.01243780
0.01534764
0.01248042
0.01191575
0.01101728
0.01031281
0.01278114
0.01193435
0.01880398
0.01071624
0.01441353
0.01466858
0.01189960
0.01235380
0.01811559
0.01476752
0.01362982
0.02120023
0.01389578
0.01089519
0.01124515
0.01651784
0.01665561
0.01546463
0.01284449
0.00984692
0.01561668
0.02963969
0.02084483
0.01213559
0.01797580
0.01305476
0.01942730
0.00998700
0.01434054
0.01347748
0.01378071
0.01226710
0.01384873
0.01344342
0.01244616
0.01355834
0.01521860
0.01107588
0.01679204
0.01056299
0.01199865
0.01174687
0.01405762
0.01058009
0.00997468
0.01326020
0.01122557
0.01186617
0.01100117
0.01128079
0.01627196
0.01092029
0.01179895
0.01376171
0.02175683
0.01252432
0.01065822
0.01282282
0.01379994
0.01828260
0.01086722
0.01266071
0.01420007
0.01049117
0.01363057
0.01445665
0.01377118
0.01376665
0.01251468
0.01264348
0.01612586
0.01109074
0.00969033
0.01246194
0.01025511
0.01215695
0.01286770
0.01291511
0.01136492
0.01377466
0.01353191
0.01293777
0.01318274
0.01233404
0.01188201
0.01241175
0.01112840
0.01081331
0.01173636
0.01382874
0.01362477
0.01099205
0.01293190
0.01685780
0.01402895
0.01436905
0.01652565
0.01553567
0.01448147
0.01033917
0.01238141
0.01341233
0.01222650
0.01237650
0.01497551
0.01229879
0.01202027
0.01034758
0.01531631
0.01120006
0.01283162
0.01584161
0.01535632
0.01303872
0.01263566
0.01389327
0.01313952
0.02487017
0.01476850
0.01204151
0.00976776
0.01245109
0.01077483
0.01917163
0.01418150
0.01072460
0.01208991
0.01186727
0.00951520
0.01472889
0.01118193
0.01223445
0.01297748
0.01215470
0.01361838
0.01435906
0.02477862
0.01237492
0.01311117
0.01265062
0.02531895
0.01251791
0.01183073
0.01074356
0.01557289
0.01146292
0.01300859
0.01309884
0.01260905
0.00985689
0.01745848
0.01093714
0.01171838
0.01154684
0.01236369
0.01278510
0.01935011
0.01525368
0.01042234
0.01068724
0.00982846
0.01056022
0.01114179
0.01456883
0.01067792
0.01321813
0.01066500
0.00980508
0.01312141
0.01766001
0.01169167
0.00972001
0.01352480
0.01537297
0.01564225
0.01004593
0.01502920
0.01635750
0.01204021
0.01403053
0.01294178
0.01325388
0.01313238
0.01140808
0.01103440
0.01141766
0.01198317
0.01060891
0.01395074
0.01331106
0.01284835
0.01067012
0.02195732
0.01631440
0.01176556
0.01186123
0.01043270
0.01080817
0.01439241
0.01248037