0.00052162
0.00051426
0.00048675
0.00047367
0.00057511
0.00049086
0.00051112
0.00050987
0.00049818
0.00051483
0.00051517
0.00049770
0.00048724
0.00053364
0.00048853
0.00051578
0.00048856
0.00048002
0.00048513
0.00052701
0.00046987
0.00051409
0.00050740
0.00048615
0.00055566
0.00048683
0.00048575
0.00049080
0.00048027
0.00049815
0.00047568
0.00052727
0.00050764
0.00047055
0.00048720
0.00051027
0.00048847
0.00049494
0.00051556
0.00048642
0.00047673
0.00048754
0.00048148
0.00057652
0.00051611
0.00049357
0.00055463
0.00047259
0.00046686
0.00051873
0.00048339
0.00050425
0.00056958
0.00049978
0.00048489
0.00049698
0.00049791
0.00049374
0.00050960
0.00047090
0.00050404
0.00049200
0.00053118
0.00048767
0.00050620
0.00049448
0.00048173
0.00049011
0.00047452
0.00048325
0.00051856
0.00047883
0.00048083
0.00049367
0.00048302
0.00049002
0.00048018
0.00050600
0.00052356
0.00046854
0.00053604
0.00051275
0.00049574
0.00051747
0.00050842
0.00049435
0.00045867
0.00053928
0.00049052
0.00049998
0.00047082
0.00052801
0.00052079
0.00054260
0.00050953
0.00048984
0.00048416
0.00049908
0.00047312
0.00050057
0.00047156
0.00048658
0.00048061
0.00050729
0.00048977
0.00052650
0.00050718
0.00050318
0.00050016
0.00052644
0.00049709
0.00050453
0.00049879
0.00049145
0.00048965
0.00048204
0.00053370
0.00052856
0.00050470
0.00049171
0.00049407
0.00047737
0.00050081
0.00049733
0.00048743
0.00049283
0.00048865
0.00048825
0.00049274
0.00049639
0.00048285
0.00048439
0.00050001
0.00049648
0.00049739
0.00047252
0.00048926
0.00053181
0.00049838
0.00050531
0.00048706
0.00051734
0.00052901
0.00046873
0.00049347
0.00048364
0.00049757
0.00049852
0.00047852
0.00048450
0.00051237
0.00051535
0.00050159
0.00050304
0.00050940
0.00046989
0.00050405
0.00049903
0.00052863
0.00048208
0.00048732
0.00048483
0.00047531
0.00049410
0.00050852
0.00048762
0.00050403
0.00049163
0.00048568
0.00053966
0.00049966
0.00051130
0.00050893
0.00048133
0.00048332
0.00049574
0.00049295
0.00049250
0.00050677
0.00048926
0.00049572
0.00052055
0.00049159
0.00048681
0.00052235
0.00050449
0.00050012
0.00048821
0.00049625
0.00048219
0.00048598
0.00048267
0.00050348
0.00046692
0.00048060
0.00052225
0.00049762
0.00051770
0.00048370
0.00048772
0.00049315
0.00049042
0.00049209
0.00056597
0.00052297
0.00047215
0.00052493
0.00047036
0.00051023
0.00051154
0.00050073
0.00049303
0.00050103
0.00048241
0.00047940
0.00048682
0.00049662
0.00051845
0.00047534
0.00046878
0.00049281
0.00047562
0.00049526
0.00049910
0.00050467
0.00050370
0.00051901
0.00047038
0.00053836
0.00047414
0.00055055
0.00048187
0.00050500
0.00049899
0.00048206
0.00052739
0.00048943
0.00046374
0.00052247
0.00051618
0.00047998
0.00048840
0.00051265
0.00050927
0.00047849
0.00046576
0.00054170
0.00047203
0.00047491
0.00052209
0.00050495
0.00049943
0.00048893
0.00048582
0.00048264
0.00048954
0.00050258
0.00048158
0.00048677
0.00051374
0.00050853
0.00048984
0.00048976
0.00051316
0.00048503
0.00052901
0.00048508
0.00048643
0.00047390
0.00048718
0.00052378
0.00052162
0.00051426
0.00048675
0.00047367
0.00057511
0.00049086
0.00051112
0.00050987
0.00049818
0.00051483
0.00051517
0.00049770
0.00048724
0.00053364
0.00048853
0.00051578
0.00048856
0.00048002
0.00052162
0.00051426
0.00048675
0.00047367
0.00057511
0.00049086
0.00051112
0.00050987
0.00049818
0.00051483
0.00051517
0.00049770
0.00048724
0.00053364
0.00048853
0.00051578
0.00048856
0.00048002
0.00048513
0.00052701
0.00046987
0.00051409
0.00050740
0.00048615
0.00055566
0.00048683
0.00048575
0.00049080
0.00048027
0.00049815
0.00047568
0.00052727
0.00050764
0.00047055
0.00048720
0.00051027
0.00048847
0.00049494
0.00051556
0.00048642
0.00047673
0.00048754
0.00048148
0.00057652
0.00051611
0.00049357
0.00055463
0.00047259
0.00046686
0.00051873
0.00048339
0.00050425
0.00056958
0.00049978
0.00048489
0.00049698
0.00049791
0.00049374
0.00050960
0.00047090
0.00050404
0.00049200
0.00053118
0.00048767
0.00050620
0.00049448
0.00048173
0.00049011
0.00047452
0.00048325
0.00051856
0.00047883
0.00048083
0.00047369
0.00050539
0.00048871
0.00050300
0.00051428
0.00046729
0.00048102
0.00048110
0.00047596
0.00052953
0.00047848
0.00049578
0.00053044
0.00049564
0.00047713
0.00053121
0.00050093
0.00047316
0.00050895
0.00049387
0.00049790
0.00048690
0.00051434
0.00048208
0.00048739
0.00050977
0.00049692
0.00050245
0.00048947
0.00049761
0.00050839
0.00052091
0.00050937
0.00049389
0.00049792
0.00048464
0.00049915
0.00048835
0.00048854
0.00046868
0.00049088
0.00049225
0.00048515
0.00050430
0.00050249
0.00050449
0.00048872
0.00050340
0.00050701
0.00048088
0.00052824
0.00052533
0.00048507
0.00051190
0.00048001
0.00051294
0.00047293
0.00048310
0.00047602
0.00049436
0.00047872
0.00048819
0.00048689
0.00051744
0.00048172
0.00047826
0.00048625
0.00047379
0.00053192
0.00047158
0.00050147
0.00052277
0.00050324
0.00049222
0.00047681
0.00051501
0.00051985
0.00049572
0.00051721
0.00052361
0.00048387
0.00049856
0.00054107
0.00047237
0.00047684
0.00048682
0.00050679
0.00050678
0.00049803
0.00046540
0.00052903
0.00050947
0.00051047
0.00049963
0.00051854
0.00047251
0.00048529
0.00052562
0.00052160
0.00051514
0.00046924
0.00048716
0.00048260
0.00048474
0.00048126
0.00046297
0.00049820
0.00049792
0.00047603
0.00048595
0.00047780
0.00051406
0.00053887
0.00047759
0.00053286
0.00050855
0.00050727
0.00048799
0.00052992
0.00049848
0.00053070
0.00050587
0.00047220
0.00051176
0.00048433
0.00049944
0.00048709
0.00048483
0.00049379
0.00047885
0.00047074
0.00048980
0.00050887
0.00049993
0.00049181
0.00056107
0.00051323
0.00052359