0.00215950
0.00280527
0.00245786
0.00237339
0.00269023
0.00229266
0.00259460
0.00239470
0.00254081
0.00274564
0.00240670
0.00277863
0.00265557
0.00239031
0.00274930
0.00244957
0.00202895
0.00224384
0.00241440
0.00240458
0.00238797
0.00274999
0.00265120
0.00252046
0.00260662
0.00291768
0.00244704
0.00271061
0.00270017
0.00225065
0.00327434
0.00254157
0.00236897
0.00308527
0.00237390
0.00224992
0.00246829
0.00279828
0.00300416
0.00239130
0.00243362
0.00237324
0.00227451
0.00261423
0.00231383
0.00231877
0.00379988
0.00224753
0.00272485
0.00232002
0.00246383
0.00249565
0.00330980
0.00235124
0.00347115
0.00259464
0.00248200
0.00242276
0.00237987
0.00270488
0.00278501
0.00241137
0.00245277
0.00246150
0.00245293
0.00294625
0.00222168
0.00269306
0.00303754
0.00247884
0.00228169
0.00316493
0.00223657
0.00253332
0.00273660
0.00264559
0.00286549
0.00226608
0.00227456
0.00248987
0.00227899
0.00270737
0.00284609
0.00241109
0.00261749
0.00247749
0.00242225
0.00304283
0.00314882
0.00248559
0.00248079
0.00250181
0.00270768
0.00244893
0.00254331
0.00304535
0.00263171
0.00267872
0.00231502
0.00248783
0.00269618
0.00259515
0.00268358
0.00285889
0.00230895
0.00319782
0.00239909
0.00262079
0.00242155
0.00227283
0.00253020
0.00270732
0.00269138
0.00228989
0.00248459
0.00283224
0.00255461
0.00247681
0.00247463
0.00247441
0.00249625
0.00288920
0.00263275
0.00230451
0.00285162
0.00246385
0.00244359
0.00222778
0.00230625
0.00274216
0.00278675
0.00240719
0.00254175
0.00268811
0.00243325
0.00257739
0.00235487
0.00234816
0.00245225
0.00239297
0.00218084
0.00262257
0.00242123
0.00246823
0.00246565
0.00309952
0.00242641
0.00266981
0.00221664
0.00270626
0.00288579
0.00247289
0.00301198
0.00262763
0.00279765
0.00250678
0.00298824
0.00220793
0.00220652
0.00257349
0.00259562
0.00293878
0.00224539
0.00281514
0.00241832
0.00219418
0.00232242
0.00297368
0.00268169
0.00215940
0.00292377
0.00241170
0.00242166
0.00254071
0.00276960
0.00222597
0.00276990
0.00232394
0.00319905
0.00293158
0.00240131
0.00273756
0.00288989
0.00252611
0.00244894
0.00247138
0.00458741
0.00242778
0.00228235
0.00244282
0.00288650
0.00274943
0.00244914
0.00250482
0.00235448
0.00274506
0.00266542
0.00245937
0.00252082
0.00224426
0.00258847
0.00237100
0.00228020
0.00219523
0.00244329
0.00231393
0.00280594
0.00287400
0.00230013
0.00253165
0.00244822
0.00317224
0.00229832
0.00299322
0.00241309
0.00215615
0.00226087
0.00242933
0.00232424
0.00237753
0.00222239
0.00258433
0.00237911
0.00294655
0.00324211
0.00260656
0.00229483
0.00220812
0.00246950
0.00228056
0.00240010
0.00273515
0.00257853
0.00257703
0.00252679
0.00252029
0.00265689
0.00237431
0.00295270
0.00238469
0.00300205
0.00285213
0.00261689
0.00238422
0.00241526
0.00294930
0.00256515
0.00242103
0.00237883
0.00238835
0.00225087
0.00322306
0.00227832
0.00269459
0.00244234
0.00262877
0.00248122
0.00308409
0.00328276
0.00273763
0.00277253
0.00231416
0.00308011
0.00262371
0.00274945
0.00236652
0.00267964
0.00259580
0.00292348
0.00272663
0.00215950
0.00280527
0.00245786
0.00237339
0.00269023
0.00229266
0.00259460
0.00239470
0.00254081
0.00274564
0.00240670
0.00277863
0.00265557
0.00239031
0.00274930
0.00244957
0.00202895
0.00215950
0.00280527
0.00245786
0.00237339
0.00269023
0.00229266
0.00259460
0.00239470
0.00254081
0.00274564
0.00240670
0.00277863
0.00265557
0.00239031
0.00274930
0.00244957
0.00202895
0.00224384
0.00241440
0.00240458
0.00238797
0.00274999
0.00265120
0.00252046
0.00260662
0.00291768
0.00244704
0.00271061
0.00270017
0.00225065
0.00327434
0.00254157
0.00236897
0.00308527
0.00237390
0.00224992
0.00246829
0.00279828
0.00300416
0.00239130
0.00243362
0.00237324
0.00227451
0.00261423
0.00231383
0.00231877
0.00379988
0.00224753
0.00272485
0.00232002
0.00246383
0.00249565
0.00330980
0.00235124
0.00347115
0.00259464
0.00248200
0.00242276
0.00237987
0.00270488
0.00278501
0.00241137
0.00245277
0.00246150
0.00245293
0.00294625
0.00222168
0.00269306
0.00303754
0.00247884
0.00228169
0.00316493
0.00302488
0.00241712
0.00284647
0.00266437
0.00251993
0.00227287
0.00237407
0.00249770
0.00393553
0.00271958
0.00242291
0.00259099
0.00238274
0.00265927
0.00302504
0.00398335
0.00440475
0.00295682
0.00236180
0.00256005
0.00271602
0.00278093
0.00252105
0.00293195
0.00237230
0.00251217
0.00303750
0.00272652
0.00332407
0.00267898
0.00306382
0.00229320
0.00293670
0.00233585
0.00241416
0.00243563
0.00235987
0.00253292
0.00240901
0.00289069
0.00359503
0.00244049
0.00252812
0.00265979
0.00256550
0.00250905
0.00239194
0.00261913
0.00290655
0.00313733
0.00239209
0.00336892
0.00206811
0.00237284
0.00252262
0.00239290
0.00223008
0.00244405
0.00230623
0.00273147
0.00235352
0.00238049
0.00237206
0.00242234
0.00328351
0.00232292
0.00246010
0.00246357
0.00252141
0.00235826
0.00277032
0.00250651
0.00293347
0.00295586
0.00254170
0.00284502
0.00252204
0.00282317
0.00271159
0.00254500
0.00217765
0.00327471
0.00269990
0.00302286
0.00329789
0.00251714
0.00240560
0.00277512
0.00308312
0.00236815
0.00222785
0.00230183
0.00280665
0.00273559
0.00224635
0.00233842
0.00230314
0.00256305
0.00235356
0.00271120
0.00277536
0.00252069
0.00227431
0.00285225
0.00232897
0.00293533
0.00249779
0.00250869
0.00287090
0.00259320
0.00221663
0.00246552
0.00468589
0.00279413
0.00311039
0.00266216
0.00290488
0.00267287
0.00278250
0.00253227
0.00234909
0.00240033
0.00230242
0.00251413
0.00241993
0.00235201
0.00269652
0.00279839
0.00242059
0.00211451
0.00229277
0.00221924
0.00247800
0.00273164
0.00257158
0.00273835
0.00277424
0.00235008
0.00253427
0.00304630
0.00231377