0.00677004
0.00737278
0.00540339
0.00484005
0.00596342
0.00637997
0.01318007
0.00742773
0.00618761
0.01548255
0.00750126
0.00597783
0.01014608
0.00588022
0.00601663
0.00519501
0.00512868
0.00551914
0.00773148
0.00750293
0.00788713
0.00480913
0.00626801
0.00884595
0.00588799
0.00581683
0.00620993
0.00603053
0.00565246
0.00613755
0.00763596
0.00522659
0.00586194
0.00548156
0.00629526
0.00494506
0.00510411
0.00865007
0.00583505
0.00621220
0.01529048
0.00790941
0.00500318
0.00764713
0.00577829
0.01082302
0.00419876
0.00601411
0.00499448
0.00475087
0.00649359
0.00568031
0.00669261
0.01027003
0.00906220
0.00631414
0.00821084
0.00566878
0.00458493
0.00850548
0.00653177
0.00513117
0.00537525
0.00488605
0.00625956
0.00417915
0.00845420
0.00772853
0.00643381
0.00557366
0.01066269
0.00572244
0.00562124
0.00543307
0.00388270
0.00483852
0.00840815
0.00971653
0.00542978
0.00755606
0.01027283
0.00900382
0.00526103
0.00650722
0.00566116
0.01241816
0.00659599
0.00526014
0.00766201
0.00907774
0.00526577
0.01324766
0.00473371
0.01348810
0.00565569
0.00610005
0.00620552
0.00512683
0.00627408
0.00981219
0.00759801
0.00796184
0.00451335
0.00659250
0.01009679
0.00814097
0.00607609
0.00664635
0.00642300
0.00827742
0.00555512
0.00550105
0.00486025
0.00856260
0.00418410
0.00471277
0.00499384
0.00614007
0.00622915
0.00675486
0.00684626
0.00619134
0.00752171
0.00801858
0.00736959
0.00477010
0.00557206
0.00839968
0.00480890
0.00491903
0.00423380
0.00831813
0.01254798
0.00586128
0.00716531
0.01039574
0.00673919
0.00433893
0.00467521
0.01640873
0.00730271
0.00498744
0.00797680
0.00565454
0.00889112
0.00560057
0.01078043
0.00456970
0.00706447
0.00469507
0.00693738
0.00813517
0.01065968
0.00609385
0.00524960
0.01280994
0.00506404
0.00795325
0.01313562
0.00495593
0.00538029
0.00649260
0.01223926
0.00478212
0.00897659
0.01691908
0.00582147
0.00743598
0.00490801
0.00749686
0.00548098
0.00523855
0.00548093
0.00610396
0.00671078
0.00795117
0.00901495
0.00573024
0.00555767
0.00594734
0.00665502
0.00638832
0.00648681
0.00807321
0.00540493
0.00448121
0.00527555
0.00790430
0.00788767
0.00808178
0.00635447
0.00521028
0.00566674
0.00491089
0.00750672
0.00880168
0.00604502
0.00521184
0.00609564
0.00524080
0.00589475
0.00427331
0.00796406
0.00810015
0.00523942
0.00539276
0.00743658
0.00466323
0.00783849
0.00448239
0.00549962
0.00641837
0.00784249
0.00383433
0.00913304
0.00842740
0.00579688
0.00497795
0.00477614
0.00446972
0.00494405
0.01000830
0.00516257
0.01301692
0.00395797
0.00581117
0.00626130
0.00788436
0.00829550
0.01097027
0.00420962
0.00740537
0.00572374
0.00549657
0.01103662
0.00535356
0.01171861
0.00568064
0.00976904
0.01363301
0.00663059
0.00661878
0.01592510
0.00588875
0.00634547
0.00407351
0.00585006
0.00716843
0.00529691
0.00718840
0.00631305
0.00795741
0.00496303
0.00802511
0.00641405
0.00562417
0.00539629
0.01347913
0.00575020
0.00799822
0.00402503
0.00905728
0.00867282
0.01349238
0.00598343
0.00590921
0.00624757
0.00609504
0.00690620
0.01038239
0.00677004
0.00737278
0.00540339
0.00484005
0.00596342
0.00637997
0.01318007
0.00742773
0.00618761
0.01548255
0.00750126
0.00597783
0.01014608
0.00588022
0.00601663
0.00519501
0.00512868
0.00677004
0.00737278
0.00540339
0.00484005
0.00596342
0.00637997
0.01318007
0.00742773
0.00618761
0.01548255
0.00750126
0.00597783
0.01014608
0.00588022
0.00601663
0.00519501
0.00512868
0.00551914
0.00773148
0.00750293
0.00788713
0.00480913
0.00626801
0.00884595
0.00588799
0.00581683
0.00620993
0.00603053
0.00565246
0.00613755
0.00763596
0.00522659
0.00586194
0.00548156
0.00629526
0.00494506
0.00510411
0.00865007
0.00583505
0.00621220
0.01529048
0.00790941
0.00500318
0.00764713
0.00577829
0.01082302
0.00419876
0.00601411
0.00499448
0.00475087
0.00649359
0.00568031
0.00669261
0.01027003
0.00906220
0.00631414
0.00821084
0.00566878
0.00458493
0.00850548
0.00653177
0.00513117
0.00537525
0.00488605
0.00625956
0.00417915
0.00845420
0.00772853
0.00643381
0.00557366
0.01066269
0.00572244
0.00526339
0.00621081
0.00977308
0.00724271
0.00545964
0.00747493
0.00749846
0.00603103
0.00687337
0.00521764
0.01446708
0.00815949
0.01353607
0.00859261
0.00492808
0.00627197
0.00527840
0.00736597
0.00896287
0.00491348
0.00609995
0.01220066
0.00465684
0.01423634
0.00744406
0.00536830
0.00502799
0.00960696
0.00557861
0.00584504
0.00508933
0.00695976
0.00551718
0.00714397
0.00486426
0.01895788
0.00782487
0.00888594
0.00941725
0.00511328
0.00434887
0.00671472
0.00561979
0.00519157
0.00507507
0.00577175
0.00840743
0.00778360
0.00839737
0.00756985
0.00476088
0.00664916
0.00606159
0.00625573
0.00480339
0.00735103
0.00695921
0.00481214
0.00650257
0.01014435
0.00585045
0.00877654
0.00745296
0.00781941
0.00880333
0.00793923
0.00602436
0.00565642
0.00985367
0.00513645
0.00585122
0.00520424
0.00672102
0.00565966
0.00560934
0.01287491
0.00758993
0.00591764
0.00506174
0.00470035
0.00485782
0.01378291
0.00601279
0.00701325
0.00899660
0.00592221
0.00606751
0.00865078
0.00574807
0.00642409
0.00494741
0.00837787
0.01101345
0.00477441
0.00467432
0.00599194
0.01512974
0.00494523
0.01131209
0.00860187
0.00536541
0.00688146
0.00526684
0.00805780
0.00573962
0.00879267
0.00668796
0.00531339
0.00458113
0.00497173
0.00606901
0.00615857
0.00767509
0.00794916
0.00729645
0.00614543
0.00603954
0.00528727
0.00424620
0.01136544
0.00656035
0.00668648
0.02769405
0.01185977
0.00504585
0.00617763
0.00508564
0.00414292
0.00642696
0.00545094
0.00657288
0.00806521
0.00680910
0.00767434
0.00712382
0.00556206
0.00843967
0.00550698
0.00956323
0.00551461
0.00437514