0.01741546
0.06373348
0.01710374
0.01724983
0.02119889
0.02468729
0.02823960
0.01982693
0.03105764
0.01334648
0.01916137
0.01338154
0.03824864
0.00807578
0.01290082
0.00966307
0.01670881
0.01530774
0.01159534
0.02007170
0.03778460
0.01358686
0.02228699
0.02633499
0.03891311
0.01812506
0.01198515
0.00941046
0.01853891
0.03301361
0.02248342
0.01561000
0.01216700
0.02263229
0.01285287
0.01975227
0.01386852
0.01487572
0.02862642
0.03258271
0.02250001
0.01932227
0.01717781
0.02012776
0.01267146
0.01455013
0.02254189
0.02718955
0.02539700
0.01968439
0.01229501
0.02422702
0.00933616
0.02166440
0.02085745
0.01071974
0.03185822
0.02690855
0.01617527
0.01296977
0.01701092
0.02599161
0.01154391
0.02030742
0.01104623
0.03646109
0.01583534
0.01451666
0.02684377
0.02882530
0.01956856
0.01466497
0.01680524
0.01468384
0.01548734
0.02870296
0.03187031
0.01778101
0.01852630
0.02951566
0.01531868
0.01148270
0.01737563
0.03804506
0.01011324
0.01578431
0.02070545
0.02052008
0.02145662
0.01558592
0.02957119
0.02069753
0.03813842
0.02045810
0.01877997
0.01920072
0.01066662
0.03778503
0.01319728
0.01548586
0.01573279
0.02688391
0.01574231
0.01575875
0.01189959
0.01579014
0.02085161
0.01324955
0.02745259
0.04503231
0.02791448
0.01555702
0.01821651
0.02975493
0.01044851
0.02825272
0.01777162
0.01054115
0.01604407
0.02105673
0.01269535
0.01096386
0.01080119
0.02015756
0.01797454
0.02502245
0.01091742
0.00882403
0.02624835
0.01171467
0.00999340
0.02727503
0.02067196
0.03906310
0.02097238
0.01147495
0.02694907
0.01725421
0.03178010
0.01609806
0.01664269
0.01632191
0.02448773
0.02726494
0.02070591
0.02945371
0.02535280
0.01692486
0.02572434
0.01736772
0.03698240
0.01122445
0.02422619
0.02050928
0.02510124
0.00774606
0.02147217
0.02278165
0.03174522
0.01169131
0.03581093
0.01226595
0.01883300
0.01115828
0.01586982
0.02276379
0.01830054
0.02247865
0.02666066
0.05730945
0.01496794
0.01945412
0.02694536
0.02570657
0.01708241
0.01938315
0.02792781
0.05483238
0.02991162
0.02271420
0.01306445
0.02272706
0.01641686
0.01073154
0.02362915
0.01186996
0.01878659
0.01040337
0.04578813
0.03738461
0.03960486
0.01106250
0.01710733
0.01032638
0.02020639
0.02516139
0.02163836
0.01749014
0.01188760
0.01719883
0.02911054
0.03159842
0.02504142
0.02186788
0.04590918
0.02802184
0.01820131
0.02009892
0.01740785
0.02927622
0.03154586
0.01124534
0.01919679
0.02354956
0.03095285
0.03695020
0.01535046
0.01786821
0.02514778
0.02211904
0.03627935
0.02282957
0.01707242
0.02244685
0.02967904
0.02157387
0.02413822
0.01139301
0.01724284
0.01615818
0.03430295
0.01885720
0.00946105
0.02082033
0.01480583
0.01962337
0.01645823
0.02859143
0.01334081
0.01564407
0.00928919
0.01610175
0.03361314
0.01410617
0.01191602
0.02289726
0.01772933
0.02673867
0.01930024
0.01722624
0.02407275
0.03067370
0.01867976
0.01413654
0.01513272
0.01736580
0.02801037
0.01857210
0.04066126
0.01779019
0.04511759
0.01825332
0.01300875
0.02357506
0.01600362
0.02108806
0.01511184
0.02738868
0.01542708
0.01407088
0.01741546
0.06373348
0.01710374
0.01724983
0.02119889
0.02468729
0.02823960
0.01982693
0.03105764
0.01334648
0.01916137
0.01338154
0.03824864
0.00807578
0.01290082
0.00966307
0.01670881
0.01741546
0.06373348
0.01710374
0.01724983
0.02119889
0.02468729
0.02823960
0.01982693
0.03105764
0.01334648
0.01916137
0.01338154
0.03824864
0.00807578
0.01290082
0.00966307
0.01670881
0.01530774
0.01159534
0.02007170
0.03778460
0.01358686
0.02228699
0.02633499
0.03891311
0.01812506
0.01198515
0.00941046
0.01853891
0.03301361
0.02248342
0.01561000
0.01216700
0.02263229
0.01285287
0.01975227
0.01386852
0.01487572
0.02862642
0.03258271
0.02250001
0.01932227
0.01717781
0.02012776
0.01267146
0.01455013
0.02254189
0.02718955
0.02539700
0.01968439
0.01229501
0.02422702
0.00933616
0.02166440
0.02085745
0.01071974
0.03185822
0.02690855
0.01617527
0.01296977
0.01701092
0.02599161
0.01154391
0.02030742
0.01104623
0.03646109
0.01583534
0.01451666
0.02684377
0.02882530
0.01956856
0.01466497
0.06644414
0.04314291
0.01449638
0.02010828
0.01788879
0.04945938
0.01758194
0.01484585
0.01327069
0.01951131
0.01037173
0.04151903
0.01174517
0.01504387
0.01589216
0.01764699
0.01644659
0.02558961
0.01593682
0.01946457
0.01481831
0.01677566
0.01487450
0.01821002
0.02827834
0.01867357
0.01930829
0.01735273
0.01430670
0.01604724
0.01622444
0.00889624
0.03984771
0.01712437
0.01493594
0.00981722
0.01149233
0.02081041
0.01390794
0.03669302
0.01916988
0.00967309
0.01823953
0.04407309
0.01256332
0.00821113
0.01108757
0.01123460
0.02278160
0.01627383
0.02203166
0.02646574
0.01555003
0.01841159
0.01911105
0.01965791
0.01390088
0.01403760
0.01335243
0.01477908
0.01874384
0.02465302
0.02645437
0.01913390
0.01147276
0.01790342
0.03155768
0.02139564
0.01954173
0.01050024
0.02241478
0.01096539
0.01353852
0.01862271
0.02838685
0.02370588
0.01883609
0.03081291
0.04914576
0.00859114
0.00959679
0.02280904
0.02251832
0.01641313
0.01496955
0.01881921
0.01139635
0.02287229
0.00795090
0.02810753
0.01486528
0.01376755
0.06527886
0.02497896
0.01639360
0.02512133
0.01472157
0.02205302
0.01520099
0.02922761
0.05329844
0.04044726
0.01580558
0.01872751
0.02243988
0.01233973
0.01783800
0.01516204
0.01901404
0.02226157
0.01218642
0.01603941
0.00932007
0.01145190
0.01620030
0.01412282
0.03631743
0.01403836
0.01795082
0.02115705
0.01172229
0.03416594
0.03060002
0.02639330
0.01178436
0.03585428
0.02092499
0.02397637
0.01631057
0.01957470
0.01943029
0.01773156
0.02031925
0.00926031
0.01343694
0.00955844
0.01580138
0.03291849
0.02901243
0.03335129
0.01412005