0.00043516
0.00042095
0.00042165
0.00043791
0.00041431
0.00043530
0.00042049
0.00043412
0.00041840
0.00042157
0.00044106
0.00043416
0.00042428
0.00042760
0.00040706
0.00042088
0.00041434
0.00042365
0.00041690
0.00043516
0.00041991
0.00042522
0.00042787
0.00042758
0.00044755
0.00042325
0.00041540
0.00042766
0.00042641
0.00044534
0.00043320
0.00041085
0.00041889
0.00042793
0.00042119
0.00042997
0.00043091
0.00043643
0.00044275
0.00042522
0.00043561
0.00042227
0.00042594
0.00041900
0.00042165
0.00042894
0.00043350
0.00043386
0.00042528
0.00040943
0.00043032
0.00043192
0.00041076
0.00042144
0.00043261
0.00041635
0.00042743
0.00043027
0.00042517
0.00041345
0.00041938
0.00042461
0.00041499
0.00041997
0.00041098
0.00041579
0.00042419
0.00041632
0.00042889
0.00044387
0.00042241
0.00041767
0.00040832
0.00044681
0.00040687
0.00042859
0.00042832
0.00041394
0.00041731
0.00045075
0.00042213
0.00045712
0.00042653
0.00042814
0.00041422
0.00042369
0.00042545
0.00041118
0.00042324
0.00042383
0.00043375
0.00042663
0.00042714
0.00043514
0.00040972
0.00041518
0.00043594
0.00043253
0.00042663
0.00042971
0.00041724
0.00043495
0.00041087
0.00042293
0.00041852
0.00042834
0.00041937
0.00042902
0.00042332
0.00040776
0.00043694
0.00042988
0.00040994
0.00041838
0.00040816
0.00041986
0.00041513
0.00041620
0.00041471
0.00042079
0.00041495
0.00043212
0.00043084
0.00041137
0.00042417
0.00042665
0.00041643
0.00042730
0.00041340
0.00041822
0.00044769
0.00043039
0.00043930
0.00041537
0.00043389
0.00040950
0.00043160
0.00043681
0.00040870
0.00043243
0.00042176
0.00043171
0.00041841
0.00043160
0.00042711
0.00042696
0.00040325
0.00042232
0.00044364
0.00042669
0.00042645
0.00041671
0.00041094
0.00044021
0.00043738
0.00043351
0.00042619
0.00042336
0.00043057
0.00045118
0.00042436
0.00042829
0.00041481
0.00043287
0.00043705
0.00043110
0.00042434
0.00042937
0.00044496
0.00042889
0.00043991
0.00043376
0.00043308
0.00041691
0.00042037
0.00042876
0.00043185
0.00042964
0.00043655
0.00041723
0.00041969
0.00042754
0.00042070
0.00041405
0.00041412
0.00042844
0.00041173
0.00042275
0.00044301
0.00042107
0.00041971
0.00041511
0.00043507
0.00043235
0.00042007
0.00042139
0.00041924
0.00044528
0.00042431
0.00042379
0.00042765
0.00041450
0.00041243
0.00040871
0.00045364
0.00041491
0.00041478
0.00047108
0.00042223
0.00042508
0.00043223
0.00041265
0.00041738
0.00041971
0.00042358
0.00042975
0.00042433
0.00043086
0.00044255
0.00041782
0.00043144
0.00041668
0.00042652
0.00042921
0.00042354
0.00041928
0.00043307
0.00041284
0.00042930
0.00042191
0.00042910
0.00042065
0.00043140
0.00041688
0.00043012
0.00043572
0.00042404
0.00044555
0.00042688
0.00042331
0.00041746
0.00042502
0.00041483
0.00041474
0.00042638
0.00042545
0.00042839
0.00041455
0.00042414
0.00042574
0.00041800
0.00041949
0.00042435
0.00041371
0.00047361
0.00042832
0.00041733
0.00043449
0.00043093
0.00042310
0.00040939
0.00042927
0.00041856
0.00041492
0.00043311
0.00041320
0.00043886
0.00043094
0.00043115
0.00042759
0.00042110
0.00043516
0.00042095
0.00042165
0.00043791
0.00041431
0.00043530
0.00042049
0.00043412
0.00041840
0.00042157
0.00044106
0.00043416
0.00042428
0.00042760
0.00040706
0.00042088
0.00041434
0.00042365
0.00043516
0.00042095
0.00042165
0.00043791
0.00041431
0.00043530
0.00042049
0.00043412
0.00041840
0.00042157
0.00044106
0.00043416
0.00042428
0.00042760
0.00040706
0.00042088
0.00041434
0.00042365
0.00041690
0.00043516
0.00041991
0.00042522
0.00042787
0.00042758
0.00044755
0.00042325
0.00041540
0.00042766
0.00042641
0.00044534
0.00043320
0.00041085
0.00041889
0.00042793
0.00042119
0.00042997
0.00043091
0.00043643
0.00044275
0.00042522
0.00043561
0.00042227
0.00042594
0.00041900
0.00042165
0.00042894
0.00043350
0.00043386
0.00042528
0.00040943
0.00043032
0.00043192
0.00041076
0.00042144
0.00043261
0.00041635
0.00042743
0.00043027
0.00042517
0.00041345
0.00041938
0.00042461
0.00041499
0.00041997
0.00041098
0.00041579
0.00042419
0.00041632
0.00042889
0.00044387
0.00042241
0.00041767
0.00040832
0.00044964
0.00041658
0.00040480
0.00043473
0.00042441
0.00042147
0.00041628
0.00042796
0.00042428
0.00042382
0.00042168
0.00043624
0.00041813
0.00041374
0.00041523
0.00043401
0.00042675
0.00043947
0.00042795
0.00042421
0.00042062
0.00040870
0.00041715
0.00042231
0.00042006
0.00042978
0.00044424
0.00042945
0.00040105
0.00042621
0.00043126
0.00043377
0.00041414
0.00040614
0.00041911
0.00041442
0.00042535
0.00041764
0.00043640
0.00043578
0.00044867
0.00040665
0.00041933
0.00043066
0.00042894
0.00041814
0.00041792
0.00042819
0.00043432
0.00041862
0.00045613
0.00042143
0.00043725
0.00041614
0.00042402
0.00042707
0.00042031
0.00042133
0.00041562
0.00040773
0.00041814
0.00042034
0.00043332
0.00042297
0.00043438
0.00045744
0.00040202
0.00041378
0.00041614
0.00041115
0.00043247
0.00041046
0.00043282
0.00043669
0.00040991
0.00043403
0.00043125
0.00043332
0.00042676
0.00042123
0.00043099
0.00043596
0.00042642
0.00043360
0.00040576
0.00042827
0.00041544
0.00041826
0.00043130
0.00040843
0.00042678
0.00041852
0.00042811
0.00040332
0.00041836
0.00041107
0.00041227
0.00044248
0.00044078
0.00043296
0.00044079
0.00040977
0.00044772
0.00042507
0.00043608
0.00043670
0.00043468
0.00040442
0.00041889
0.00042936
0.00042013
0.00042328
0.00041360
0.00042285
0.00042938
0.00042713
0.00043197
0.00042132
0.00042159
0.00042085
0.00043500
0.00042486
0.00042648
0.00042245
0.00043813
0.00042490
0.00042661
0.00042646
0.00042748
0.00043643
0.00042911
0.00041668
0.00043485
0.00042454
0.00042544
0.00043222
0.00042920
0.00042397