0.00100544
0.00090697
0.00090901
0.00127717
0.00098913
0.00118820
0.00143841
0.00111765
0.00109516
0.00140868
0.00116748
0.00112991
0.00131150
0.00112957
0.00104917
0.00134041
0.00120653
0.00102780
0.00123169
0.00113523
0.00108310
0.00103490
0.00128674
0.00094151
0.00101855
0.00124435
0.00103681
0.00103502
0.00128943
0.00123647
0.00104657
0.00131644
0.00117435
0.00095546
0.00122613
0.00106364
0.00098020
0.00135530
0.00135282
0.00106995
0.00119569
0.00105510
0.00161927
0.00103776
0.00127067
0.00133055
0.00136852
0.00090611
0.00116297
0.00140704
0.00124868
0.00099112
0.00120970
0.00118765
0.00119629
0.00105493
0.00131163
0.00095940
0.00101092
0.00088990
0.00106557
0.00094038
0.00105906
0.00107645
0.00107795
0.00108032
0.00118277
0.00106489
0.00110555
0.00184573
0.00107398
0.00132571
0.00135706
0.00117174
0.00095395
0.00105046
0.00102396
0.00105104
0.00136592
0.00090296
0.00122697
0.00102785
0.00127614
0.00104752
0.00126020
0.00131437
0.00109515
0.00102843
0.00130625
0.00121250
0.00129225
0.00085306
0.00117819
0.00094847
0.00119313
0.00125366
0.00110262
0.00130525
0.00090792
0.00103725
0.00130758
0.00098124
0.00100022
0.00095786
0.00096279
0.00123083
0.00095246
0.00125763
0.00122154
0.00112163
0.00129664
0.00114967
0.00107737
0.00127297
0.00098939
0.00139532
0.00117836
0.00113471
0.00101233
0.00102528
0.00107617
0.00097317
0.00100616
0.00123117
0.00091943
0.00126304
0.00133960
0.00093300
0.00138428
0.00110776
0.00115569
0.00102250
0.00101810
0.00110386
0.00144909
0.00113578
0.00126330
0.00127073
0.00103281
0.00106997
0.00105147
0.00111424
0.00125084
0.00130826
0.00103509
0.00100922
0.00117782
0.00120731
0.00105031
0.00102198
0.00121600
0.00104203
0.00097018
0.00131427
0.00131555
0.00115444
0.00099969
0.00127556
0.00115771
0.00094022
0.00101625
0.00098075
0.00117061
0.00089745
0.00116499
0.00113438
0.00104009
0.00117152
0.00090591
0.00092966
0.00088365
0.00099909
0.00098322
0.00124625
0.00108498
0.00100040
0.00120178
0.00112065
0.00102342
0.00137766
0.00134900
0.00116242
0.00140275
0.00107254
0.00112656
0.00101575
0.00120922
0.00129624
0.00172564
0.00110882
0.00113089
0.00145202
0.00093646
0.00119338
0.00112426
0.00090892
0.00111345
0.00121804
0.00105256
0.00118821
0.00095892
0.00133757
0.00122987
0.00098086
0.00113342
0.00136390
0.00100268
0.00119350
0.00121224
0.00121901
0.00113373
0.00085940
0.00124975
0.00112645
0.00103257
0.00131285
0.00114461
0.00111212
0.00136573
0.00122427
0.00092261
0.00116582
0.00101583
0.00106094
0.00127771
0.00114107
0.00096124
0.00123476
0.00103412
0.00112536
0.00111108
0.00143947
0.00104764
0.00103491
0.00118182
0.00150451
0.00113460
0.00132690
0.00164757
0.00129360
0.00099678
0.00101826
0.00103947
0.00130405
0.00116536
0.00104919
0.00109229
0.00094751
0.00117463
0.00126432
0.00110360
0.00097461
0.00114198
0.00152345
0.00126105
0.00133613
0.00144614
0.00105936
0.00100172
0.00127357
0.00118958
0.00109703
0.00106064
0.00111055
0.00110565
0.00112812
0.00100735
0.00121155
0.00113703
0.00117416
0.00097146
0.00100544
0.00090697
0.00090901
0.00127717
0.00098913
0.00118820
0.00143841
0.00111765
0.00109516
0.00140868
0.00116748
0.00112991
0.00131150
0.00112957
0.00104917
0.00134041
0.00120653
0.00102780
0.00100544
0.00090697
0.00090901
0.00127717
0.00098913
0.00118820
0.00143841
0.00111765
0.00109516
0.00140868
0.00116748
0.00112991
0.00131150
0.00112957
0.00104917
0.00134041
0.00120653
0.00102780
0.00123169
0.00113523
0.00108310
0.00103490
0.00128674
0.00094151
0.00101855
0.00124435
0.00103681
0.00103502
0.00128943
0.00123647
0.00104657
0.00131644
0.00117435
0.00095546
0.00122613
0.00106364
0.00098020
0.00135530
0.00135282
0.00106995
0.00119569
0.00105510
0.00161927
0.00103776
0.00127067
0.00133055
0.00136852
0.00090611
0.00116297
0.00140704
0.00124868
0.00099112
0.00120970
0.00118765
0.00119629
0.00105493
0.00131163
0.00095940
0.00101092
0.00088990
0.00106557
0.00094038
0.00105906
0.00107645
0.00107795
0.00108032
0.00118277
0.00106489
0.00110555
0.00184573
0.00107398
0.00132571
0.00135706
0.00115859
0.00142599
0.00110481
0.00141827
0.00126121
0.00111781
0.00114006
0.00118594
0.00114489
0.00129540
0.00134774
0.00115193
0.00122892
0.00121837
0.00113550
0.00127650
0.00118680
0.00108457
0.00142969
0.00106034
0.00098544
0.00091499
0.00096054
0.00135964
0.00110730
0.00100428
0.00092512
0.00089444
0.00094233
0.00104788
0.00114290
0.00103937
0.00112732
0.00120817
0.00159195
0.00098965
0.00115819
0.00138721
0.00089380
0.00111822
0.00116523
0.00156255
0.00107945
0.00097121
0.00105699
0.00103216
0.00103259
0.00089458
0.00118855
0.00122361
0.00129884
0.00125110
0.00121425
0.00126125
0.00121536
0.00113105
0.00105794
0.00132724
0.00096305
0.00120437
0.00130064
0.00108821
0.00107746
0.00103350
0.00135110
0.00098643
0.00108378
0.00138835
0.00110980
0.00103145
0.00103887
0.00102250
0.00121098
0.00094690
0.00120840
0.00106557
0.00117698
0.00112759
0.00096636
0.00121572
0.00152124
0.00101893
0.00093925
0.00117820
0.00116443
0.00094679
0.00094972
0.00094062
0.00104658
0.00114546
0.00114052
0.00113909
0.00100694
0.00112263
0.00116132
0.00119508
0.00089046
0.00142227
0.00119381
0.00098576
0.00095144
0.00125621
0.00102439
0.00097538
0.00139381
0.00105816
0.00111579
0.00124319
0.00114667
0.00112449
0.00086237
0.00150377
0.00092303
0.00093250
0.00117131
0.00099771
0.00127437
0.00104323
0.00124853
0.00110589
0.00094919
0.00119100
0.00101088
0.00139004
0.00105926
0.00099118
0.00122770
0.00098694
0.00125758
0.00097345
0.00123785
0.00098472
0.00105056
0.00106985
0.00114541
0.00127814
0.00127623
0.00107480