0.00235859
0.00221077
0.00247034
0.00244566
0.00210273
0.00243948
0.00284037
0.00205329
0.00244203
0.00237984
0.00193934
0.00232989
0.00223992
0.00245871
0.00191856
0.00298624
0.00227120
0.00216191
0.00204602
0.00210564
0.00204346
0.00198614
0.00410582
0.00210092
0.00197361
0.00203465
0.00235781
0.00220253
0.00182040
0.00164267
0.00230032
0.00194676
0.00192288
0.00191689
0.00284967
0.00183697
0.00260389
0.00200095
0.00183866
0.00188593
0.00198170
0.00263579
0.00288397
0.00188381
0.00256029
0.00184597
0.00360563
0.00275510
0.00269146
0.00168391
0.00224828
0.00193323
0.00194600
0.00206975
0.00226334
0.00208505
0.00358789
0.00263611
0.00191992
0.00237661
0.00179869
0.00206493
0.00223816
0.00238481
0.00224003
0.00279770
0.00242063
0.00241240
0.00214905
0.00437540
0.00220452
0.00169371
0.00192690
0.00190225
0.00269637
0.00275288
0.00265758
0.00205051
0.00255894
0.00186662
0.00264328
0.00240697
0.00177729
0.00189188
0.00179739
0.00216048
0.00183511
0.00298889
0.00271311
0.00176307
0.00195041
0.00211727
0.00187518
0.00337660
0.00230677
0.00257651
0.00248680
0.00241620
0.00198451
0.00218358
0.00213429
0.00245793
0.00228073
0.00177353
0.00395284
0.00264681
0.00348855
0.00243015
0.00315620
0.00215242
0.00257100
0.00214322
0.00265331
0.00184726
0.00261813
0.00230407
0.00216387
0.00204302
0.00182506
0.00297679
0.00199967
0.00256209
0.00232906
0.00201977
0.00200668
0.00233061
0.00183183
0.00277904
0.00237918
0.00309254
0.00170871
0.00237124
0.00173719
0.00256642
0.00273633
0.00261901
0.00451725
0.00177892
0.00258596
0.00196450
0.00215279
0.00297955
0.00245807
0.00205924
0.00234756
0.00222890
0.00177470
0.00204241
0.00272352
0.00179266
0.00269420
0.00221215
0.00230620
0.00165261
0.00181039
0.00266509
0.00241243
0.00183135
0.00197008
0.00186460
0.00245153
0.00244214
0.00189623
0.00180475
0.00236460
0.00249205
0.00199699
0.00222996
0.00199076
0.00189653
0.00283004
0.00203534
0.00255682
0.00204041
0.00239020
0.00283442
0.00203784
0.00167289
0.00386901
0.00252214
0.00185978
0.00181148
0.00238627
0.00223055
0.00176844
0.00207641
0.00263124
0.00229775
0.00294791
0.00206540
0.00197873
0.00196199
0.00227103
0.00235638
0.00322354
0.00196758
0.00214920
0.00182563
0.00205050
0.00172130
0.00295706
0.00199385
0.00241007
0.00223975
0.00178776
0.00359001
0.00415789
0.00239463
0.00217143
0.00200495
0.00227396
0.00170414
0.00243252
0.00190821
0.00197100
0.00244944
0.00320187
0.00246268
0.00208364
0.00253620
0.00216194
0.00228637
0.00312563
0.00235518
0.00200644
0.00241209
0.00291979
0.00220310
0.00156304
0.00212376
0.00205166
0.00263465
0.00196203
0.00370261
0.00208150
0.00312926
0.00314787
0.00261555
0.00207237
0.00208130
0.00190008
0.00318477
0.00252983
0.00362130
0.00173390
0.00338083
0.00212524
0.00272726
0.00172965
0.00210503
0.00337727
0.00254269
0.00191847
0.00181579
0.00261784
0.00227643
0.00318302
0.00224106
0.00430389
0.00192177
0.00229638
0.00221858
0.00202708
0.00214584
0.00317543
0.00230567
0.00333503
0.00312509
0.00341858
0.00229569
0.00301804
0.00235859
0.00221077
0.00247034
0.00244566
0.00210273
0.00243948
0.00284037
0.00205329
0.00244203
0.00237984
0.00193934
0.00232989
0.00223992
0.00245871
0.00191856
0.00298624
0.00227120
0.00216191
0.00235859
0.00221077
0.00247034
0.00244566
0.00210273
0.00243948
0.00284037
0.00205329
0.00244203
0.00237984
0.00193934
0.00232989
0.00223992
0.00245871
0.00191856
0.00298624
0.00227120
0.00216191
0.00204602
0.00210564
0.00204346
0.00198614
0.00410582
0.00210092
0.00197361
0.00203465
0.00235781
0.00220253
0.00182040
0.00164267
0.00230032
0.00194676
0.00192288
0.00191689
0.00284967
0.00183697
0.00260389
0.00200095
0.00183866
0.00188593
0.00198170
0.00263579
0.00288397
0.00188381
0.00256029
0.00184597
0.00360563
0.00275510
0.00269146
0.00168391
0.00224828
0.00193323
0.00194600
0.00206975
0.00226334
0.00208505
0.00358789
0.00263611
0.00191992
0.00237661
0.00179869
0.00206493
0.00223816
0.00238481
0.00224003
0.00279770
0.00242063
0.00241240
0.00214905
0.00437540
0.00220452
0.00169371
0.00192690
0.00358399
0.00312280
0.00288171
0.00283329
0.00272890
0.00255097
0.00163838
0.00166307
0.00184888
0.00202504
0.00210632
0.00306690
0.00229261
0.00217945
0.00239102
0.00231605
0.00199656
0.00193540
0.00263342
0.00210186
0.00210478
0.00238707
0.00292162
0.00194683
0.00269191
0.00190735
0.00267328
0.00179804
0.00171575
0.00222281
0.00248476
0.00211719
0.00406271
0.00285062
0.00215885
0.00273089
0.00247324
0.00208659
0.00269037
0.00231061
0.00223945
0.00145557
0.00158271
0.00238867
0.00260161
0.00248967
0.00187374
0.00247069
0.00220071
0.00215351
0.00187179
0.00184612
0.00217756
0.00213697
0.00230017
0.00238452
0.00389058
0.00309622
0.00212563
0.00228230
0.00188654
0.00243499
0.00254650
0.00284172
0.00261574
0.00349507
0.00200906
0.00211553
0.00245453
0.00220160
0.00226346
0.00211240
0.00223547
0.00209721
0.00259439
0.00225934
0.00283105
0.00289343
0.00166910
0.00362680
0.00324865
0.00304786
0.00255652
0.00247271
0.00183814
0.00197720
0.00309791
0.00284972
0.00170165
0.00291293
0.00209614
0.00191394
0.00252416
0.00291832
0.00211409
0.00215089
0.00304281
0.00194970
0.00176776
0.00200889
0.00241646
0.00160880
0.00187462
0.00206701
0.00227413
0.00258577
0.00208686
0.00209861
0.00306234
0.00227429
0.00187502
0.00205853
0.00239966
0.00190927
0.00165575
0.00209196
0.00326493
0.00197778
0.00228898
0.00303665
0.00261613
0.00284114
0.00275033
0.00284179
0.00198469
0.00190874
0.00214656
0.00254407
0.00176200
0.00194234
0.00213997
0.00266500
0.00283619
0.00209027
0.00172327
0.00232025
0.00178325
0.00181520