0.00172273
0.00199244
0.00171916
0.00169005
0.00178496
0.00207579
0.00179453
0.00183414
0.00171628
0.00206282
0.00178767
0.00166094
0.00193772
0.00175202
0.00188823
0.00181970
0.00191336
0.00176606
0.00195681
0.00156010
0.00161554
0.00161061
0.00180709
0.00196497
0.00165603
0.00171983
0.00163228
0.00166773
0.00164997
0.00169429
0.00183865
0.00189463
0.00173406
0.00170136
0.00178546
0.00179574
0.00189378
0.00199160
0.00180881
0.00177991
0.00379599
0.00205413
0.00161608
0.00177744
0.00170310
0.00163317
0.00163781
0.00172471
0.00179081
0.00157915
0.00169787
0.00226505
0.00157409
0.00176102
0.00159995
0.00176016
0.00192778
0.00173063
0.00187437
0.00160851
0.00165853
0.00171033
0.00165416
0.00185437
0.00162509
0.00174965
0.00158918
0.00176841
0.00212214
0.00169245
0.00157335
0.00157893
0.00168316
0.00204390
0.00199519
0.00174638
0.00165253
0.00173607
0.00191306
0.00158466
0.00162618
0.00161661
0.00156898
0.00168445
0.00181167
0.00167641
0.00161613
0.00179700
0.00189369
0.00163785
0.00188317
0.00198919
0.00162742
0.00193976
0.00169108
0.00159935
0.00180151
0.00152628
0.00162572
0.00164836
0.00177809
0.00176378
0.00183909
0.00173610
0.00175999
0.00184353
0.00183818
0.00176602
0.00178868
0.00177758
0.00171733
0.00185546
0.00192486
0.00171891
0.00165590
0.00154151
0.00156920
0.00160970
0.00165163
0.00162082
0.00176080
0.00175473
0.00168873
0.00147803
0.00167407
0.00155404
0.00179285
0.00162092
0.00176456
0.00183656
0.00161001
0.00203573
0.00175402
0.00185621
0.00168879
0.00167965
0.00153016
0.00165956
0.00183598
0.00165766
0.00169225
0.00156463
0.00169496
0.00162806
0.00164706
0.00175895
0.00184999
0.00157648
0.00191441
0.00174810
0.00182828
0.00165625
0.00168559
0.00198400
0.00178362
0.00176741
0.00190248
0.00158624
0.00162048
0.00191979
0.00167357
0.00157855
0.00161525
0.00159993
0.00165179
0.00163806
0.00163041
0.00182897
0.00170543
0.00172968
0.00167678
0.00166298
0.00179914
0.00164038
0.00156054
0.00151428
0.00164292
0.00188441
0.00169071
0.00165442
0.00171591
0.00207314
0.00166477
0.00178276
0.00180426
0.00167326
0.00181626
0.00184759
0.00251358
0.00192550
0.00169685
0.00175898
0.00187933
0.00188950
0.00193428
0.00178750
0.00164101
0.00181876
0.00186332
0.00243528
0.00168132
0.00191518
0.00167993
0.00157844
0.00174382
0.00156832
0.00196720
0.00162334
0.00179446
0.00178031
0.00161371
0.00183520
0.00157812
0.00181569
0.00167426
0.00175974
0.00179740
0.00201189
0.00184677
0.00185580
0.00174503
0.00197060
0.00153357
0.00158067
0.00175466
0.00173548
0.00182717
0.00161961
0.00154162
0.00176807
0.00201387
0.00184265
0.00175028
0.00164906
0.00188802
0.00187413
0.00189940
0.00165990
0.00171604
0.00164538
0.00172370
0.00182387
0.00188954
0.00179374
0.00209408
0.00172710
0.00199297
0.00165833
0.00171755
0.00171693
0.00164459
0.00172674
0.00162196
0.00175780
0.00165537
0.00162812
0.00190468
0.00170384
0.00178269
0.00171898
0.00171792
0.00168554
0.00225468
0.00188753
0.00163516
0.00162364
0.00192801
0.00195251
0.00172763
0.00242135
0.00172273
0.00199244
0.00171916
0.00169005
0.00178496
0.00207579
0.00179453
0.00183414
0.00171628
0.00206282
0.00178767
0.00166094
0.00193772
0.00175202
0.00188823
0.00181970
0.00191336
0.00172273
0.00199244
0.00171916
0.00169005
0.00178496
0.00207579
0.00179453
0.00183414
0.00171628
0.00206282
0.00178767
0.00166094
0.00193772
0.00175202
0.00188823
0.00181970
0.00191336
0.00176606
0.00195681
0.00156010
0.00161554
0.00161061
0.00180709
0.00196497
0.00165603
0.00171983
0.00163228
0.00166773
0.00164997
0.00169429
0.00183865
0.00189463
0.00173406
0.00170136
0.00178546
0.00179574
0.00189378
0.00199160
0.00180881
0.00177991
0.00379599
0.00205413
0.00161608
0.00177744
0.00170310
0.00163317
0.00163781
0.00172471
0.00179081
0.00157915
0.00169787
0.00226505
0.00157409
0.00176102
0.00159995
0.00176016
0.00192778
0.00173063
0.00187437
0.00160851
0.00165853
0.00171033
0.00165416
0.00185437
0.00162509
0.00174965
0.00158918
0.00176841
0.00212214
0.00169245
0.00157335
0.00157893
0.00204090
0.00187676
0.00163100
0.00154128
0.00186824
0.00157575
0.00174042
0.00156539
0.00161618
0.00166099
0.00160916
0.00158333
0.00168413
0.00159603
0.00190813
0.00167960
0.00174536
0.00172710
0.00234381
0.00180810
0.00162922
0.00151838
0.00180566
0.00209265
0.00174931
0.00175285
0.00176870
0.00174961
0.00210750
0.00167571
0.00159267
0.00169856
0.00167523
0.00169782
0.00169173
0.00196671
0.00155350
0.00172394
0.00183405
0.00163807
0.00177323
0.00180341
0.00162880
0.00173409
0.00163227
0.00169890
0.00164535
0.00162951
0.00169849
0.00161374
0.00174770
0.00158736
0.00178350
0.00168268
0.00165972
0.00181306
0.00168035
0.00185330
0.00201480
0.00168392
0.00164531
0.00203627
0.00166654
0.00162963
0.00179638
0.00165214
0.00176639
0.00166570
0.00189954
0.00177822
0.00159349
0.00178514
0.00174216
0.00177877
0.00161966
0.00167267
0.00172582
0.00175353
0.00167775
0.00171031
0.00170634
0.00199456
0.00175076
0.00174368
0.00147831
0.00168396
0.00160319
0.00285492
0.00174989
0.00187735
0.00162512
0.00154177
0.00187401
0.00165524
0.00165536
0.00168885
0.00167544
0.00166661
0.00196297
0.00169308
0.00213674
0.00176128
0.00174296
0.00194845
0.00173913
0.00178191
0.00177544
0.00158312
0.00162583
0.00188322
0.00148387
0.00187078
0.00171609
0.00199653
0.00179351
0.00178373
0.00172252
0.00169964
0.00162191
0.00153295
0.00169771
0.00199897
0.00172241
0.00176680
0.00165235
0.00161721
0.00159027
0.00163925
0.00195843
0.00197871
0.00163108
0.00185871
0.00188120
0.00186712
0.00153237
0.00179635
0.00178662
0.00195263
0.00168544
0.00158212
0.00173760