0.01474197
0.03222058
0.01091959
0.01612538
0.01029215
0.02014225
0.02856079
0.01294200
0.00813512
0.01629526
0.01468664
0.01421752
0.02400906
0.01316366
0.01071192
0.01941212
0.01465414
0.01973481
0.01302901
0.03262195
0.01035493
0.01689405
0.00674205
0.01232876
0.02794568
0.01751681
0.01878782
0.00700589
0.00887331
0.02990490
0.01568668
0.01561602
0.00812897
0.02194482
0.00809252
0.02799880
0.02400443
0.01077673
0.01338916
0.01052075
0.01689923
0.00858550
0.02019497
0.01809343
0.01313562
0.01373687
0.00914991
0.00793666
0.01042466
0.01083784
0.01934093
0.01249488
0.01108980
0.02056873
0.01344022
0.01417969
0.01249544
0.01245111
0.01173227
0.00881982
0.00935990
0.01247440
0.01817094
0.01057448
0.01380346
0.01370953
0.00980989
0.01722831
0.01460846
0.00713264
0.00824928
0.02685436
0.01194835
0.03113095
0.01151853
0.01478870
0.02675497
0.02140195
0.01538670
0.01035714
0.01574497
0.01431098
0.02974435
0.01024458
0.01217896
0.01587706
0.01443186
0.01323189
0.00716685
0.01281215
0.01752138
0.01348038
0.00908272
0.01776472
0.02007863
0.02083453
0.01380776
0.03134033
0.01576226
0.00912362
0.02638897
0.01259348
0.02163793
0.01496861
0.01346574
0.01619060
0.01840528
0.02717588
0.02126756
0.01363821
0.01181435
0.01882619
0.01179540
0.01414197
0.00645015
0.01387193
0.01780003
0.01041224
0.01271079
0.01932418
0.01419680
0.00963005
0.01604603
0.02785037
0.01144680
0.01930966
0.01716622
0.01348926
0.00807962
0.01342276
0.01411869
0.02711434
0.01567684
0.01829318
0.01604457
0.01187862
0.01996226
0.01033313
0.01438228
0.02087695
0.01033092
0.00926923
0.01512354
0.02636365
0.01084623
0.00786688
0.00890030
0.01435023
0.02520127
0.01932094
0.00828693
0.01859292
0.01728472
0.03166332
0.00909818
0.02598679
0.01362682
0.01000100
0.00916422
0.01808190
0.01555570
0.00852295
0.01188126
0.00681084
0.01056291
0.01731326
0.01257971
0.01229545
0.01721467
0.01676402
0.01278471
0.01398220
0.01866022
0.01343561
0.01273231
0.02177540
0.03056464
0.01943789
0.02469004
0.01415517
0.02144969
0.02088248
0.01360038
0.00636659
0.01589174
0.01137104
0.01205407
0.00827965
0.01314428
0.01480102
0.02831113
0.01390740
0.02472292
0.00960918
0.00926810
0.02643957
0.00889996
0.01905985
0.01584904
0.01572681
0.01727607
0.01372151
0.02076663
0.01326024
0.01250671
0.01264880
0.02354296
0.01379060
0.01354364
0.02489934
0.01408496
0.01517355
0.01748198
0.01036279
0.01108544
0.01617299
0.01364239
0.01667416
0.01563976
0.00997082
0.01347145
0.01217750
0.00995619
0.02538763
0.01311486
0.00999199
0.01106014
0.01851428
0.01982546
0.02090315
0.01420383
0.01422198
0.02192053
0.02372249
0.00935188
0.02035225
0.01489965
0.02388267
0.01935889
0.01064430
0.01323069
0.01032216
0.01213864
0.00918520
0.01525021
0.02454216
0.01664750
0.03328619
0.01036150
0.01538791
0.01006013
0.01357359
0.01197366
0.01912677
0.01484126
0.02163111
0.02304332
0.01335078
0.03508089
0.01760586
0.00744841
0.02325581
0.01359701
0.01543947
0.02040925
0.01028751
0.00864249
0.01479172
0.01424029
0.01707834
0.01474197
0.03222058
0.01091959
0.01612538
0.01029215
0.02014225
0.02856079
0.01294200
0.00813512
0.01629526
0.01468664
0.01421752
0.02400906
0.01316366
0.01071192
0.01941212
0.01465414
0.01474197
0.03222058
0.01091959
0.01612538
0.01029215
0.02014225
0.02856079
0.01294200
0.00813512
0.01629526
0.01468664
0.01421752
0.02400906
0.01316366
0.01071192
0.01941212
0.01465414
0.01973481
0.01302901
0.03262195
0.01035493
0.01689405
0.00674205
0.01232876
0.02794568
0.01751681
0.01878782
0.00700589
0.00887331
0.02990490
0.01568668
0.01561602
0.00812897
0.02194482
0.00809252
0.02799880
0.02400443
0.01077673
0.01338916
0.01052075
0.01689923
0.00858550
0.02019497
0.01809343
0.01313562
0.01373687
0.00914991
0.00793666
0.01042466
0.01083784
0.01934093
0.01249488
0.01108980
0.02056873
0.01344022
0.01417969
0.01249544
0.01245111
0.01173227
0.00881982
0.00935990
0.01247440
0.01817094
0.01057448
0.01380346
0.01370953
0.00980989
0.01722831
0.01460846
0.00713264
0.00824928
0.02685436
0.01549860
0.01402389
0.01371109
0.03452164
0.00977062
0.02601996
0.03455838
0.01083436
0.00873316
0.01569953
0.01895178
0.02149391
0.01934827
0.00877876
0.01067681
0.01141517
0.00945214
0.00819036
0.01942502
0.01220344
0.00777683
0.01323309
0.01628767
0.01286645
0.01141729
0.01963963
0.01799912
0.01946740
0.00870764
0.00717948
0.01298608
0.01306970
0.02395318
0.02135680
0.00822458
0.01520600
0.03436292
0.01263208
0.01275538
0.02380035
0.01919450
0.02018132
0.01798697
0.01834218
0.01692207
0.01399253
0.01466048
0.00905978
0.00723259
0.01264543
0.02909273
0.01133000
0.01510098
0.02412982
0.00968000
0.01293987
0.01369129
0.01126530
0.01458587
0.01311844
0.01837930
0.01222877
0.00926918
0.01122044
0.00995152
0.01904062
0.02074269
0.01958189
0.00945476
0.01266921
0.02401369
0.00691021
0.01417359
0.01795913
0.01264637
0.01324595
0.01687636
0.01471574
0.02121534
0.02109114
0.00773219
0.01468817
0.00887944
0.02730271
0.01331243
0.00809513
0.02059308
0.01504741
0.01026214
0.01249599
0.00859088
0.01594235
0.01371371
0.02301079
0.02613194
0.01572769
0.01353675
0.02443454
0.01326432
0.02627216
0.04255957
0.01231584
0.01974744
0.01289330
0.01370961
0.02367292
0.00956991
0.01260442
0.01232401
0.02268487
0.01397180
0.00993028
0.01410679
0.01276583
0.01369603
0.01413194
0.02114605
0.01102840
0.02295663
0.00988522
0.01644232
0.01519288
0.01332876
0.01218975
0.01009256
0.01495543
0.01454072
0.01522945
0.01121070
0.01203671
0.00970435
0.01789755
0.02629391
0.01737954
0.01476943
0.00857863
0.01630158
0.01366179
0.00733530
0.01932241
0.01783006