0.00143360
0.00164117
0.00125759
0.00140346
0.00129145
0.00129704
0.00131296
0.00138294
0.00128924
0.00126363
0.00124715
0.00125053
0.00134808
0.00143512
0.00116555
0.00124215
0.00123581
0.00120987
0.00128087
0.00118584
0.00122308
0.00125336
0.00122449
0.00130038
0.00128279
0.00128874
0.00126303
0.00153680
0.00149098
0.00124202
0.00121737
0.00134478
0.00139683
0.00121174
0.00130783
0.00131294
0.00150941
0.00132462
0.00152193
0.00137631
0.00129904
0.00129087
0.00125172
0.00138228
0.00160818
0.00133119
0.00160519
0.00127203
0.00136820
0.00125614
0.00145003
0.00130804
0.00135390
0.00132710
0.00136507
0.00123809
0.00120533
0.00121550
0.00124961
0.00252094
0.00123284
0.00128747
0.00127673
0.00138218
0.00139101
0.00133443
0.00141203
0.00128317
0.00125431
0.00138548
0.00123587
0.00122583
0.00125156
0.00121974
0.00139368
0.00131141
0.00134440
0.00137289
0.00149947
0.00141031
0.00137068
0.00130535
0.00130445
0.00143453
0.00163511
0.00125596
0.00132692
0.00130801
0.00153687
0.00134712
0.00121759
0.00132488
0.00120440
0.00186489
0.00128803
0.00123979
0.00124595
0.00123818
0.00128210
0.00166819
0.00124895
0.00119811
0.00123535
0.00140887
0.00125453
0.00125262
0.00131339
0.00134015
0.00127155
0.00117931
0.00141182
0.00143990
0.00129914
0.00122147
0.00136018
0.00126232
0.00136979
0.00123095
0.00142972
0.00126936
0.00124205
0.00126870
0.00127558
0.00133177
0.00124031
0.00140474
0.00118981
0.00148606
0.00132261
0.00131124
0.00150192
0.00128320
0.00133861
0.00144244
0.00132793
0.00130392
0.00143758
0.00117910
0.00120491
0.00131702
0.00145936
0.00132159
0.00159353
0.00124547
0.00124209
0.00178076
0.00134784
0.00119711
0.00141997
0.00123464
0.00128833
0.00126878
0.00150086
0.00132708
0.00131050
0.00154255
0.00156182
0.00123644
0.00134337
0.00140453
0.00142955
0.00135720
0.00128305
0.00126644
0.00126781
0.00135329
0.00123030
0.00121298
0.00131870
0.00134115
0.00128355
0.00123164
0.00135663
0.00144224
0.00149019
0.00130288
0.00188842
0.00128496
0.00124120
0.00134064
0.00136667
0.00133299
0.00134824
0.00112752
0.00121389
0.00132801
0.00122829
0.00159883
0.00131974
0.00139083
0.00133111
0.00119680
0.00135704
0.00163417
0.00131730
0.00135310
0.00133754
0.00124639
0.00142760
0.00139582
0.00115418
0.00136219
0.00116793
0.00120170
0.00142101
0.00117276
0.00133011
0.00131746
0.00122320
0.00129708
0.00128510
0.00136872
0.00128046
0.00128566
0.00130818
0.00128932
0.00201795
0.00135495
0.00134965
0.00120983
0.00127663
0.00130762
0.00127326
0.00121350
0.00150110
0.00132345
0.00116960
0.00127462
0.00127348
0.00127878
0.00123159
0.00123449
0.00128596
0.00124248
0.00146891
0.00138989
0.00131720
0.00138334
0.00141340
0.00146959
0.00131272
0.00140459
0.00138738
0.00127910
0.00144508
0.00130632
0.00122771
0.00131514
0.00125099
0.00133473
0.00130329
0.00129738
0.00121289
0.00146544
0.00132024
0.00129285
0.00115655
0.00119181
0.00143101
0.00126214
0.00139524
0.00127532
0.00131622
0.00129875
0.00138893
0.00122638
0.00135017
0.00133639
0.00132767
0.00130575
0.00143360
0.00164117
0.00125759
0.00140346
0.00129145
0.00129704
0.00131296
0.00138294
0.00128924
0.00126363
0.00124715
0.00125053
0.00134808
0.00143512
0.00116555
0.00124215
0.00123581
0.00143360
0.00164117
0.00125759
0.00140346
0.00129145
0.00129704
0.00131296
0.00138294
0.00128924
0.00126363
0.00124715
0.00125053
0.00134808
0.00143512
0.00116555
0.00124215
0.00123581
0.00120987
0.00128087
0.00118584
0.00122308
0.00125336
0.00122449
0.00130038
0.00128279
0.00128874
0.00126303
0.00153680
0.00149098
0.00124202
0.00121737
0.00134478
0.00139683
0.00121174
0.00130783
0.00131294
0.00150941
0.00132462
0.00152193
0.00137631
0.00129904
0.00129087
0.00125172
0.00138228
0.00160818
0.00133119
0.00160519
0.00127203
0.00136820
0.00125614
0.00145003
0.00130804
0.00135390
0.00132710
0.00136507
0.00123809
0.00120533
0.00121550
0.00124961
0.00252094
0.00123284
0.00128747
0.00127673
0.00138218
0.00139101
0.00133443
0.00141203
0.00128317
0.00125431
0.00138548
0.00123587
0.00122583
0.00133249
0.00126898
0.00130972
0.00116096
0.00128655
0.00123017
0.00138408
0.00130025
0.00124872
0.00129796
0.00134606
0.00164019
0.00135480
0.00137589
0.00135953
0.00132309
0.00130138
0.00132865
0.00136099
0.00127179
0.00121515
0.00128963
0.00130142
0.00119578
0.00128235
0.00132991
0.00118428
0.00127290
0.00120806
0.00134620
0.00137647
0.00128581
0.00145923
0.00123080
0.00126404
0.00135698
0.00138232
0.00134903
0.00123995
0.00134979
0.00126282
0.00131545
0.00123610
0.00127346
0.00122112
0.00140037
0.00130288
0.00190731
0.00132262
0.00144161
0.00131143
0.00133596
0.00170019
0.00138967
0.00135092
0.00128423
0.00116094
0.00127167
0.00140076
0.00123123
0.00144611
0.00116646
0.00140901
0.00142449
0.00125898
0.00128127
0.00128095
0.00135667
0.00132940
0.00130161
0.00141586
0.00152494
0.00132924
0.00134040
0.00127495
0.00132492
0.00120479
0.00162359
0.00130564
0.00133241
0.00124999
0.00132274
0.00132707
0.00136133
0.00142766
0.00110790
0.00136061
0.00151344
0.00126404
0.00134464
0.00143420
0.00125309
0.00139201
0.00130127
0.00139847
0.00130084
0.00127639
0.00130449
0.00142852
0.00132522
0.00137299
0.00130182
0.00201862
0.00128753
0.00141491
0.00130455
0.00128881
0.00133524
0.00129989
0.00128438
0.00144722
0.00124882
0.00132499
0.00141400
0.00136134
0.00126063
0.00121498
0.00143292
0.00130187
0.00118801
0.00127532
0.00125439
0.00127988
0.00134682
0.00142943
0.00121311
0.00122872
0.00134178
0.00141165
0.00125806
0.00132442
0.00131851
0.00166782
0.00129739
0.00137070
0.00125252
0.00127457
0.00118297
0.00135222
0.00166663
0.00147013