0.01802996
0.01385042
0.01436808
0.01535721
0.01444167
0.01424708
0.01438220
0.01294144
0.02142540
0.01573303
0.02379265
0.01874386
0.01543258
0.16831743
0.01596846
0.01523286
0.01197937
0.02650648
0.01319173
0.01517975
0.02040728
0.02089264
0.01242869
0.01576284
0.01957875
0.02052133
0.01811355
0.01617857
0.01605913
0.01850918
0.02132146
0.01311539
0.01906904
0.01787318
0.01423766
0.01432721
0.01828229
0.01692995
0.01951041
0.02047411
0.02903501
0.03268140
0.01555766
0.01606494
0.01889143
0.01989255
0.01453291
0.01296576
0.03188504
0.01459519
0.01520490
0.01053576
0.02416157
0.02706273
0.01400446
0.02489737
0.01772483
0.01342977
0.01474683
0.01897250
0.02531083
0.01998901
0.05672377
0.03808088
0.01417603
0.01200524
0.02078135
0.01602095
0.01567763
0.01648539
0.01468018
0.04302545
0.01790815
0.01359981
0.02928069
0.01982155
0.01156135
0.01407575
0.01535251
0.01396338
0.01775759
0.01331475
0.02278333
0.01520287
0.02874587
0.01863378
0.01193850
0.01786967
0.01899271
0.02212834
0.01280024
0.01381669
0.02021046
0.01446390
0.03127361
0.01471879
0.01961393
0.02126348
0.01854436
0.01807133
0.01986792
0.01520107
0.02100969
0.02266075
0.01227567
0.01682791
0.01214580
0.01743021
0.02017908
0.01515220
0.01714368
0.02515040
0.01664378
0.01585288
0.01452379
0.01657421
0.01458897
0.02565785
0.02292434
0.01643803
0.01888204
0.01383613
0.02308723
0.01942290
0.02512186
0.01367294
0.01531111
0.02177563
0.01614179
0.01896674
0.03121187
0.01829511
0.01486320
0.03497265
0.02099186
0.01579278
0.02141739
0.01810030
0.01300282
0.01647710
0.01573841
0.01761512
0.02549250
0.01412493
0.01401856
0.01636983
0.01646517
0.01778034
0.01377416
0.01353104
0.02119228
0.01419769
0.01807068
0.01741121
0.15481151
0.01843776
0.01176512
0.01898075
0.03081258
0.03694864
0.02116493
0.01583860
0.01691410
0.02413228
0.01805657
0.01540898
0.01554317
0.01512566
0.02086297
0.01683848
0.03158096
0.01281540
0.01481743
0.01788046
0.02691329
0.01314219
0.01503533
0.03780593
0.01901160
0.02648072
0.01196535
0.01240104
0.01346532
0.01442583
0.01700269
0.05364137
0.01718217
0.01503357
0.01616619
0.01477118
0.01628792
0.01510268
0.01894056
0.03139705
0.01504784
0.02218020
0.01472829
0.03249664
0.03892162
0.01297081
0.01735144
0.01530197
0.01562135
0.01685578
0.01268426
0.01441243
0.01425986
0.01638421
0.02282241
0.01507326
0.01303013
0.01694833
0.01315733
0.01160362
0.01425005
0.01504134
0.01324703
0.02163677
0.01895903
0.01967370
0.04762903
0.01592249
0.01742103
0.02397961
0.01666400
0.02060537
0.03448736
0.01986115
0.02865214
0.03265900
0.02734692
0.02065372
0.02037052
0.01759542
0.02018299
0.01631252
0.01289068
0.02970529
0.01802592
0.02022393
0.02103382
0.01464788
0.01806559
0.01456307
0.01366179
0.01553080
0.03153533
0.02041685
0.01751071
0.01488632
0.01408630
0.01263483
0.01498172
0.01560595
0.02338156
0.01952712
0.01818731
0.01825415
0.01604530
0.02759787
0.02042032
0.01995384
0.03255125
0.01427073
0.01533718
0.02971637
0.02016575
0.01736643
0.02145447
0.01291418
0.01802996
0.01385042
0.01436808
0.01535721
0.01444167
0.01424708
0.01438220
0.01294144
0.02142540
0.01573303
0.02379265
0.01874386
0.01543258
0.16831743
0.01596846
0.01523286
0.01197937
0.01802996
0.01385042
0.01436808
0.01535721
0.01444167
0.01424708
0.01438220
0.01294144
0.02142540
0.01573303
0.02379265
0.01874386
0.01543258
0.16831743
0.01596846
0.01523286
0.01197937
0.02650648
0.01319173
0.01517975
0.02040728
0.02089264
0.01242869
0.01576284
0.01957875
0.02052133
0.01811355
0.01617857
0.01605913
0.01850918
0.02132146
0.01311539
0.01906904
0.01787318
0.01423766
0.01432721
0.01828229
0.01692995
0.01951041
0.02047411
0.02903501
0.03268140
0.01555766
0.01606494
0.01889143
0.01989255
0.01453291
0.01296576
0.03188504
0.01459519
0.01520490
0.01053576
0.02416157
0.02706273
0.01400446
0.02489737
0.01772483
0.01342977
0.01474683
0.01897250
0.02531083
0.01998901
0.05672377
0.03808088
0.01417603
0.01200524
0.02078135
0.01602095
0.01567763
0.01648539
0.01468018
0.04302545
0.03322211
0.01299975
0.01838860
0.01362869
0.01458004
0.02904601
0.01645629
0.01416964
0.02372598
0.02970236
0.01952219
0.02309697
0.01897510
0.01264419
0.01770437
0.01341982
0.01537583
0.02413581
0.01881976
0.01436489
0.01396997
0.02606057
0.01998824
0.01681670
0.02578039
0.02692364
0.01735279
0.01590256
0.02479411
0.01773288
0.02218518
0.01648834
0.01719986
0.01201520
0.02172229
0.01481629
0.01333188
0.01427503
0.02994548
0.01214617
0.02280487
0.01449850
0.02556364
0.01839115
0.01466010
0.02240140
0.01884616
0.01694493
0.01450047
0.02467505
0.03036023
0.02792030
0.01848514
0.01513700
0.01856931
0.03136851
0.05574781
0.02428085
0.02263632
0.08644208
0.01596585
0.01432450
0.01339063
0.01601457
0.02235862
0.01986103
0.01339875
0.02465506
0.01713660
0.01555029
0.02337441
0.01417035
0.01277486
0.01176683
0.01441541
0.01231165
0.02930597
0.01446793
0.02080956
0.02443469
0.02576196
0.02262717
0.02392041
0.01266198
0.01964491
0.02242000
0.01538844
0.02635068
0.01650162
0.02370498
0.01308680
0.02090452
0.01490807
0.01750228
0.01630001
0.02307131
0.02674713
0.02666296
0.01189956
0.01453930
0.01270987
0.03091384
0.01436122
0.01961652
0.01732792
0.01568748
0.08757493
0.08024466
0.01907304
0.01209261
0.01279412
0.01776479
0.01856199
0.01788013
0.01846690
0.01896920
0.01866183
0.02152213
0.01585169
0.02561627
0.01871062
0.02094583
0.01546155
0.01658506
0.01342777
0.01417146
0.01619824
0.02296480
0.01434280
0.01835702
0.02554057
0.01852492
0.03568530
0.08110296
0.01685684
0.01595646
0.01169573
0.01694613
0.01228747
0.01778512
0.02672593