0.00460546
0.00888046
0.00364949
0.00684627
0.00949841
0.00443793
0.00800598
0.00442423
0.00440301
0.01439359
0.00415316
0.00506292
0.00766414
0.00423288
0.00382976
0.00441071
0.00421864
0.00392703
0.00437231
0.00551392
0.00460795
0.00482252
0.00556743
0.00501744
0.00402462
0.00494044
0.00603273
0.00483677
0.00522691
0.00520021
0.00502345
0.00576569
0.00511103
0.00418250
0.00434943
0.00577545
0.00478682
0.01316233
0.00436146
0.00405831
0.00497049
0.00464281
0.00428495
0.00820197
0.00544304
0.00885262
0.00477692
0.00804962
0.00371011
0.00400719
0.00369861
0.00450549
0.00368585
0.00441163
0.00555568
0.00465946
0.00457746
0.00367019
0.00516574
0.00535877
0.00518656
0.00379837
0.00753342
0.00595433
0.00538943
0.00461261
0.00462949
0.00438093
0.00521557
0.00952060
0.00431709
0.00387525
0.00453727
0.00518213
0.00837964
0.00508792
0.00414039
0.00438603
0.00469308
0.00563176
0.00480512
0.00430942
0.00387379
0.00369391
0.00670215
0.00611471
0.00428783
0.00455783
0.00498507
0.00774013
0.00621713
0.00408142
0.00407124
0.00498032
0.00484756
0.00456939
0.00593258
0.00628419
0.00396802
0.00424516
0.00456693
0.00486073
0.00656273
0.00493936
0.00434717
0.00348138
0.00543360
0.00573155
0.00582795
0.00731196
0.00442503
0.00462705
0.00515819
0.00826360
0.00627764
0.00537544
0.00432718
0.00405012
0.00693893
0.00411477
0.00406017
0.00382813
0.00405286
0.00439834
0.00513083
0.00990626
0.00453664
0.00452622
0.00615097
0.00462290
0.00459392
0.00449439
0.00953577
0.00376394
0.00566855
0.00372763
0.00525299
0.00482186
0.00522010
0.00653253
0.00388886
0.00518236
0.00657833
0.00527136
0.00363702
0.00414473
0.00450412
0.00429527
0.00406492
0.00467721
0.00603990
0.00600756
0.00370418
0.00522120
0.00448279
0.00436253
0.00541723
0.00621186
0.00514620
0.00404343
0.00523858
0.00516105
0.00435643
0.00425618
0.00427058
0.00422973
0.00404817
0.00461330
0.00355536
0.00420898
0.00389872
0.00497560
0.01008557
0.00407033
0.00405705
0.00484811
0.00398462
0.00477568
0.00405360
0.00493981
0.00534038
0.00428641
0.00430159
0.00567459
0.00877234
0.00482317
0.00529747
0.00700954
0.00866307
0.00589088
0.00490581
0.00554776
0.00805425
0.00557310
0.00535399
0.01000226
0.00458614
0.00580292
0.00389849
0.00518114
0.00464891
0.00459127
0.00398985
0.00493816
0.00618132
0.01001617
0.00500102
0.00997233
0.00579342
0.00446713
0.00414649
0.00907149
0.00418925
0.00458914
0.00555048
0.01315084
0.00465729
0.00485400
0.00704077
0.00476415
0.00905710
0.00598447
0.00447692
0.00468335
0.01295888
0.00509755
0.00400246
0.00657044
0.00538300
0.00457362
0.00426582
0.00556568
0.00490015
0.00431099
0.00416312
0.00392278
0.00424480
0.00372386
0.00378310
0.00456197
0.01038865
0.00385100
0.00484675
0.00709369
0.00460610
0.00421595
0.00975942
0.00422412
0.00470882
0.00384585
0.00680580
0.00461492
0.00468704
0.00408360
0.00455529
0.00476558
0.00466373
0.00583632
0.00822894
0.00392221
0.00479066
0.00750582
0.00513695
0.00438659
0.00445247
0.00434931
0.00590328
0.00464777
0.00462452
0.00430575
0.00460546
0.00888046
0.00364949
0.00684627
0.00949841
0.00443793
0.00800598
0.00442423
0.00440301
0.01439359
0.00415316
0.00506292
0.00766414
0.00423288
0.00382976
0.00441071
0.00421864
0.00460546
0.00888046
0.00364949
0.00684627
0.00949841
0.00443793
0.00800598
0.00442423
0.00440301
0.01439359
0.00415316
0.00506292
0.00766414
0.00423288
0.00382976
0.00441071
0.00421864
0.00392703
0.00437231
0.00551392
0.00460795
0.00482252
0.00556743
0.00501744
0.00402462
0.00494044
0.00603273
0.00483677
0.00522691
0.00520021
0.00502345
0.00576569
0.00511103
0.00418250
0.00434943
0.00577545
0.00478682
0.01316233
0.00436146
0.00405831
0.00497049
0.00464281
0.00428495
0.00820197
0.00544304
0.00885262
0.00477692
0.00804962
0.00371011
0.00400719
0.00369861
0.00450549
0.00368585
0.00441163
0.00555568
0.00465946
0.00457746
0.00367019
0.00516574
0.00535877
0.00518656
0.00379837
0.00753342
0.00595433
0.00538943
0.00461261
0.00462949
0.00438093
0.00521557
0.00952060
0.00431709
0.00387525
0.00659219
0.00484474
0.00706852
0.00475484
0.00532907
0.00523626
0.00388521
0.00614822
0.00596391
0.00579900
0.00530065
0.00395933
0.00771594
0.00525928
0.00489654
0.00401400
0.00426988
0.00468915
0.00395346
0.00472300
0.00428177
0.00765610
0.00522774
0.00479020
0.00446905
0.00515235
0.00410663
0.00617498
0.00470192
0.00389303
0.00448068
0.00490858
0.00380883
0.00469439
0.00478446
0.00498381
0.00406872
0.00449950
0.00482388
0.00731830
0.00502869
0.00454970
0.00428037
0.01640364
0.00503003
0.00397917
0.00436083
0.00512142
0.00404985
0.00450189
0.00479891
0.00490193
0.00566585
0.00618323
0.00400251
0.00531601
0.00413151
0.00468541
0.00509150
0.00530276
0.00434027
0.00551483
0.00503168
0.00432214
0.00627386
0.00581692
0.00499767
0.00471414
0.00533786
0.00531987
0.01720117
0.00707895
0.00667161
0.00712622
0.00473804
0.00580486
0.00479144
0.00540176
0.00450236
0.00497239
0.00493700
0.00706929
0.00606520
0.00523002
0.00396113
0.00599799
0.00404901
0.00692961
0.00605490
0.00436651
0.00414179
0.00620496
0.00971516
0.00467037
0.00362287
0.00432248
0.00389618
0.00441963
0.00517129
0.01039647
0.00794767
0.00420727
0.01034410
0.00455271
0.00582223
0.00473915
0.01153535
0.00358211
0.00576241
0.00448229
0.00728858
0.00509935
0.00532982
0.00619370
0.00577738
0.01150568
0.00461745
0.00467712
0.00418151
0.00466793
0.00386058
0.00498360
0.00405087
0.00412681
0.00472370
0.00446257
0.00510780
0.00507309
0.00484555
0.00425927
0.00381697
0.00557575
0.00360209
0.00381666
0.00594840
0.00941963
0.00556430
0.00445668
0.00444417
0.00404133
0.00646766