0.00263016
0.00273182
0.00261616
0.00279398
0.00249984
0.00259916
0.00288385
0.00246524
0.00248842
0.00277846
0.00291697
0.00285946
0.00258290
0.00266979
0.00278981
0.00291541
0.00278071
0.00246689
0.00266536
0.00262937
0.00264700
0.00308004
0.00250441
0.00255837
0.00291589
0.00262718
0.00277035
0.00272077
0.00294145
0.00269456
0.00252297
0.00265049
0.00295771
0.00253400
0.00255162
0.00291340
0.00346624
0.00273665
0.00255315
0.00273304
0.00272513
0.00285649
0.00249273
0.00253511
0.00260345
0.00254034
0.00263070
0.00266724
0.00271613
0.00263771
0.00254186
0.00291392
0.00247572
0.00280636
0.00262692
0.00301743
0.00290208
0.00267948
0.00298705
0.00253728
0.00251491
0.00267377
0.00281336
0.00253273
0.00275617
0.00263674
0.00265186
0.00245221
0.00281085
0.00273615
0.00266672
0.00348765
0.00263693
0.00253348
0.00257279
0.00301153
0.00292163
0.00268349
0.00251405
0.00257941
0.00252749
0.00300590
0.00267294
0.00256669
0.00258356
0.00340859
0.00260433
0.00325737
0.00275266
0.00264482
0.00254660
0.00285830
0.00279841
0.00264929
0.00277275
0.00270476
0.00303244
0.00261774
0.00274002
0.00288356
0.00267183
0.00313421
0.00302713
0.00276945
0.00268082
0.00290902
0.00279034
0.00280817
0.00262359
0.00270003
0.00272751
0.00263957
0.00310983
0.00251358
0.00272710
0.00246696
0.00281292
0.00269271
0.00279777
0.00267568
0.00241163
0.00336907
0.00294523
0.00270056
0.00294491
0.00257430
0.00263755
0.00280081
0.00268395
0.00276394
0.00274861
0.00258067
0.00270363
0.00276697
0.00303091
0.00257930
0.00293961
0.00259467
0.00258893
0.00298699
0.00260052
0.00271389
0.00273105
0.00315034
0.00253670
0.00282928
0.00265534
0.00271695
0.00275162
0.00375057
0.00257018
0.00299299
0.00279156
0.00234289
0.00255615
0.00264039
0.00274909
0.00283610
0.00301218
0.00265089
0.00270985
0.00255438
0.00270914
0.00309292
0.00273353
0.00270514
0.00289106
0.00274317
0.00289028
0.00271723
0.00278094
0.00289884
0.00332628
0.00268118
0.00246857
0.00286955
0.00259816
0.00304065
0.00293139
0.00298208
0.00267906
0.00261233
0.00302419
0.00277942
0.00286619
0.00256098
0.00304078
0.00250864
0.00281619
0.00297966
0.00275886
0.00279356
0.00258744
0.00275540
0.00262379
0.00285507
0.00268525
0.00283460
0.00265608
0.00279076
0.00284050
0.00269889
0.00285453
0.00264260
0.00310104
0.00279395
0.00289885
0.00245498
0.00276355
0.00300773
0.00266700
0.00260326
0.00279432
0.00282159
0.00288994
0.00276821
0.00276697
0.00258099
0.00267919
0.00340651
0.00279850
0.00243495
0.00250691
0.00266569
0.00290363
0.00289663
0.00312900
0.00280613
0.00279399
0.00282404
0.00278369
0.00267885
0.00262312
0.00257556
0.00273561
0.00266090
0.00324259
0.00263973
0.00276994
0.00286317
0.00239065
0.00264767
0.00268009
0.00299003
0.00284944
0.00284984
0.00276113
0.00253674
0.00273276
0.00273666
0.00272120
0.00318525
0.00270126
0.00313148
0.00315401
0.00269354
0.00276614
0.00309717
0.00274424
0.00265922
0.00284242
0.00282700
0.00298471
0.00319261
0.00254434
0.00280875
0.00281228
0.00271591
0.00333765
0.00496081
0.00263016
0.00273182
0.00261616
0.00279398
0.00249984
0.00259916
0.00288385
0.00246524
0.00248842
0.00277846
0.00291697
0.00285946
0.00258290
0.00266979
0.00278981
0.00291541
0.00278071
0.00263016
0.00273182
0.00261616
0.00279398
0.00249984
0.00259916
0.00288385
0.00246524
0.00248842
0.00277846
0.00291697
0.00285946
0.00258290
0.00266979
0.00278981
0.00291541
0.00278071
0.00246689
0.00266536
0.00262937
0.00264700
0.00308004
0.00250441
0.00255837
0.00291589
0.00262718
0.00277035
0.00272077
0.00294145
0.00269456
0.00252297
0.00265049
0.00295771
0.00253400
0.00255162
0.00291340
0.00346624
0.00273665
0.00255315
0.00273304
0.00272513
0.00285649
0.00249273
0.00253511
0.00260345
0.00254034
0.00263070
0.00266724
0.00271613
0.00263771
0.00254186
0.00291392
0.00247572
0.00280636
0.00262692
0.00301743
0.00290208
0.00267948
0.00298705
0.00253728
0.00251491
0.00267377
0.00281336
0.00253273
0.00275617
0.00263674
0.00265186
0.00245221
0.00281085
0.00273615
0.00266672
0.00348765
0.00248561
0.00261868
0.00291429
0.00275893
0.00251793
0.00275901
0.00283330
0.00258887
0.00287633
0.00257796
0.00345159
0.00325056
0.00275199
0.00277041
0.00328010
0.00276698
0.00291408
0.00259419
0.00279824
0.00256204
0.00262110
0.00274540
0.00252186
0.00289461
0.00294775
0.00271802
0.00274109
0.00290198
0.00259381
0.00308234
0.00257908
0.00270593
0.00258637
0.00269402
0.00265456
0.00254426
0.00286756
0.00267649
0.00298340
0.00285949
0.00257341
0.00272630
0.00256563
0.00279710
0.00268036
0.00289515
0.00262406
0.00263749
0.00289306
0.00310884
0.00278910
0.00283226
0.00267843
0.00297449
0.00282158
0.00328812
0.00253141
0.00247170
0.00273967
0.00260089
0.00263450
0.00281053
0.00251097
0.00282612
0.00253815
0.00285669
0.00308036
0.00258603
0.00291662
0.00304208
0.00265213
0.00265280
0.00267807
0.00271549
0.00432091
0.00274631
0.00262825
0.00275333
0.00296588
0.00263194
0.00261036
0.00259481
0.00265427
0.00267907
0.00262134
0.00260403
0.00243736
0.00354926
0.00276494
0.00257969
0.00273210
0.00272924
0.00264330
0.00255497
0.00278287
0.00310750
0.00282842
0.00294438
0.00248286
0.00259301
0.00259884
0.00261934
0.00286948
0.00268470
0.00300611
0.00257497
0.00291587
0.00287588
0.00239738
0.00258602
0.00271632
0.00280428
0.00276795
0.00248839
0.00279080
0.00278161
0.00253894
0.00266622
0.00261735
0.00250335
0.00243570
0.00336121
0.00302581
0.00263229
0.00280476
0.00266649
0.00351547
0.00265575
0.00263236
0.00273551
0.00247551
0.00297008
0.00294939
0.00306762
0.00258501
0.00313034
0.00280066
0.00269163
0.00274078
0.00278324
0.00271777