0.00297054
0.00420503
0.00319237
0.00421156
0.00359839
0.00399739
0.00371894
0.00429492
0.00315704
0.00575308
0.00313292
0.00296795
0.00288468
0.00300557
0.00357699
0.00360597
0.00357779
0.00309404
0.00344735
0.00346904
0.00356893
0.00340996
0.00382303
0.00342141
0.00300922
0.00311938
0.00401798
0.00316175
0.00574028
0.00304047
0.00303045
0.00357992
0.00438072
0.00324999
0.00312136
0.00334752
0.00306850
0.00346969
0.00348708
0.00351271
0.00394315
0.00326687
0.00376290
0.00274116
0.00296644
0.00354011
0.00344246
0.00368646
0.00355903
0.00362099
0.00387266
0.00345677
0.00317641
0.00331475
0.00401110
0.00358623
0.00347802
0.00313373
0.00325376
0.00365843
0.00345271
0.00342713
0.00348452
0.00292244
0.00318906
0.00300547
0.00370281
0.00321151
0.00342311
0.00347523
0.00302040
0.00342978
0.00337140
0.00311669
0.00317627
0.00318533
0.00323317
0.00342193
0.00375165
0.00283192
0.00314158
0.00414338
0.00301172
0.00335501
0.00336200
0.00663099
0.00359506
0.00337931
0.00292530
0.00285470
0.00289624
0.00369705
0.00345346
0.00301548
0.00449872
0.00332354
0.00339767
0.00296999
0.00318424
0.00328528
0.00311826
0.00320537
0.00328039
0.00313919
0.00307894
0.00296524
0.00310038
0.00298553
0.00347842
0.00335985
0.00328258
0.00347448
0.00343391
0.00325746
0.00395758
0.00317061
0.00383461
0.00289501
0.00302589
0.00290926
0.00324174
0.00289025
0.00316701
0.00323972
0.00321545
0.00322432
0.00309572
0.00373305
0.00296010
0.00352969
0.00292391
0.00353190
0.00389670
0.00327499
0.00314069
0.00333183
0.00291289
0.00378939
0.00382283
0.00440235
0.00320368
0.00390744
0.00396676
0.00289347
0.00290410
0.00301150
0.00322495
0.00293997
0.00321664
0.00368999
0.00462368
0.00313461
0.00317868
0.00316257
0.00409449
0.00369353
0.00316542
0.00396562
0.00328551
0.00281767
0.00269220
0.00308495
0.00368625
0.00344586
0.00342286
0.00419403
0.00338632
0.00339575
0.00329628
0.00306141
0.00296772
0.00325003
0.00349859
0.00304491
0.00368958
0.00332079
0.00303836
0.00335368
0.00324030
0.00356878
0.00322740
0.00349882
0.00374124
0.00299553
0.00379084
0.00327920
0.00344760
0.00380844
0.00352183
0.00324241
0.00339579
0.00306930
0.00348045
0.00299639
0.00353381
0.00339519
0.00306510
0.00344198
0.00324328
0.00340950
0.00400158
0.00376512
0.00304763
0.00342724
0.00400030
0.00320207
0.00296836
0.00393927
0.00345908
0.00276869
0.00342568
0.00317347
0.00350348
0.00371976
0.00335927
0.00369255
0.00320633
0.00305231
0.00325461
0.00345277
0.00355119
0.00357461
0.00302388
0.00322326
0.00302564
0.00405721
0.00296769
0.00325014
0.00290325
0.00330642
0.00355251
0.00348264
0.00325637
0.00303925
0.00337598
0.00338196
0.00336870
0.00522422
0.00306401
0.00335214
0.00293179
0.00332421
0.00295433
0.00334115
0.00429167
0.00388308
0.00330122
0.00300921
0.00314693
0.00328401
0.00315266
0.00348319
0.00316220
0.00382428
0.00375674
0.00356738
0.00304506
0.00354340
0.00296539
0.00325506
0.00359703
0.00439000
0.00356722
0.00287570
0.00320533
0.00336202
0.00315127
0.00307599
0.00401133
0.00292701
0.00297054
0.00420503
0.00319237
0.00421156
0.00359839
0.00399739
0.00371894
0.00429492
0.00315704
0.00575308
0.00313292
0.00296795
0.00288468
0.00300557
0.00357699
0.00360597
0.00357779
0.00297054
0.00420503
0.00319237
0.00421156
0.00359839
0.00399739
0.00371894
0.00429492
0.00315704
0.00575308
0.00313292
0.00296795
0.00288468
0.00300557
0.00357699
0.00360597
0.00357779
0.00309404
0.00344735
0.00346904
0.00356893
0.00340996
0.00382303
0.00342141
0.00300922
0.00311938
0.00401798
0.00316175
0.00574028
0.00304047
0.00303045
0.00357992
0.00438072
0.00324999
0.00312136
0.00334752
0.00306850
0.00346969
0.00348708
0.00351271
0.00394315
0.00326687
0.00376290
0.00274116
0.00296644
0.00354011
0.00344246
0.00368646
0.00355903
0.00362099
0.00387266
0.00345677
0.00317641
0.00331475
0.00401110
0.00358623
0.00347802
0.00313373
0.00325376
0.00365843
0.00345271
0.00342713
0.00348452
0.00292244
0.00318906
0.00300547
0.00370281
0.00321151
0.00342311
0.00347523
0.00302040
0.00342978
0.00316531
0.00324457
0.00391169
0.00359232
0.00310378
0.00357383
0.00308149
0.00381590
0.00348941
0.00308967
0.00345221
0.00329354
0.00306519
0.00290899
0.00340657
0.00316217
0.00332265
0.00362866
0.00341182
0.00317500
0.00315229
0.00296495
0.00321766
0.00358647
0.00343624
0.00293424
0.00341443
0.00312191
0.00335669
0.00423718
0.00316283
0.00411129
0.00306702
0.00312270
0.00327291
0.00383140
0.00330551
0.00342609
0.00352281
0.00382636
0.00371616
0.00430468
0.00315248
0.00328023
0.00421241
0.00381300
0.00333486
0.00523435
0.00294053
0.00361210
0.00321629
0.00320028
0.00320630
0.00295740
0.00514242
0.00332471
0.00360349
0.00284772
0.00400857
0.00318814
0.00313104
0.00316855
0.00370823
0.00385853
0.00278191
0.00320361
0.00291604
0.00335986
0.00381655
0.00288596
0.00301641
0.00294549
0.00336730
0.00302509
0.00367104
0.00324373
0.00358837
0.00303978
0.00347539
0.00327945
0.00312425
0.00379527
0.00375497
0.00361219
0.00338356
0.00316430
0.00360957
0.00288572
0.00349679
0.00340741
0.00281187
0.00322903
0.00550199
0.00302999
0.00300294
0.00336017
0.00331923
0.00296111
0.00342296
0.00366616
0.00280054
0.00622929
0.00342732
0.00332201
0.00292831
0.00339838
0.00344318
0.00379968
0.00301229
0.00342731
0.00597916
0.00328565
0.00405698
0.00575841
0.00336137
0.00326641
0.00306891
0.00326564
0.00396233
0.00297188
0.00347222
0.00326142
0.00305152
0.00323891
0.00351809
0.00318179
0.00311272
0.00326269
0.00345886
0.00324513
0.00320056
0.00390192
0.00342160
0.00340031
0.00296803
0.00323709
0.00326425
0.00377124
0.00279644
0.00317173
0.00358757