0.00306176
0.00250404
0.00230406
0.00235797
0.00211393
0.00212693
0.00277257
0.00212965
0.00246653
0.00235869
0.00337308
0.00240822
0.00246586
0.00216766
0.00210950
0.00199216
0.00207146
0.00245986
0.00241661
0.00246571
0.00492584
0.00277932
0.00223384
0.00251896
0.00226601
0.00215127
0.00249515
0.00208872
0.00241157
0.00217236
0.00236259
0.00218794
0.00225811
0.00225794
0.00389161
0.00338053
0.00267038
0.00231296
0.00279129
0.00218367
0.00237848
0.00261583
0.00259549
0.00340932
0.00294065
0.00247671
0.00219318
0.00208322
0.00260453
0.00213690
0.00295359
0.00243495
0.00208330
0.00206479
0.00383192
0.00235431
0.00239727
0.00341212
0.00258387
0.00247034
0.00356224
0.00223395
0.00211212
0.00272827
0.00240380
0.00251064
0.00282612
0.00251833
0.00289038
0.00240528
0.00338724
0.00247987
0.00234502
0.00217617
0.00257382
0.00254546
0.00245032
0.00260385
0.00236655
0.00306307
0.00267188
0.00257556
0.00236092
0.00237711
0.00211402
0.00212576
0.00259318
0.00215351
0.00250098
0.00202973
0.00231593
0.00206735
0.00228634
0.00238803
0.00240201
0.00191675
0.00240192
0.00266848
0.00330954
0.00263943
0.00207569
0.00261121
0.00239845
0.00282338
0.00230556
0.00203896
0.00227972
0.00226776
0.00231749
0.00249866
0.00296247
0.00235220
0.00229383
0.00258933
0.00263447
0.00277451
0.00306093
0.00229729
0.00214318
0.00250085
0.00230904
0.00228238
0.00242623
0.00219240
0.00239231
0.00196148
0.00266631
0.00223550
0.00234260
0.00243277
0.00197204
0.00234404
0.00236014
0.00276025
0.00241527
0.00223844
0.00250962
0.00217952
0.00503245
0.00228695
0.00245930
0.00212535
0.00303152
0.00229713
0.00263413
0.00207799
0.00341891
0.00231231
0.00227604
0.00196876
0.00230957
0.00275752
0.00245888
0.00262712
0.00222287
0.00209091
0.00215107
0.00276182
0.00338411
0.00264441
0.00356230
0.00223340
0.00289227
0.00244798
0.00333861
0.00249927
0.00222236
0.00247769
0.00293943
0.00215981
0.00209353
0.00224926
0.00213747
0.00255640
0.00227986
0.00328623
0.00211168
0.00222159
0.00243983
0.00245863
0.00232870
0.00239387
0.00241270
0.00225483
0.00241244
0.00308181
0.00252561
0.00263007
0.00213483
0.00240668
0.00249325
0.00239393
0.00237602
0.00259612
0.00215256
0.00223763
0.00283504
0.00214961
0.00294695
0.00245484
0.00245103
0.00219954
0.00223897
0.00239296
0.00209087
0.00249432
0.00250855
0.00235622
0.00209774
0.00271261
0.00255631
0.00232377
0.00257973
0.00237316
0.00237013
0.00227118
0.00202357
0.00223563
0.00248745
0.00241839
0.00278683
0.00257356
0.00223713
0.00240011
0.00219872
0.00295663
0.00275343
0.00252672
0.00245757
0.00265162
0.00249384
0.00235299
0.00250005
0.00255029
0.00259952
0.00262165
0.00246598
0.00424241
0.00232060
0.00251855
0.00227242
0.00286825
0.00220620
0.00251743
0.00277745
0.00231023
0.00303287
0.00243115
0.00235104
0.00241446
0.00220005
0.00262802
0.00260119
0.00258385
0.00229491
0.00236442
0.00301953
0.00239704
0.00292368
0.00281464
0.00308542
0.00266925
0.00227860
0.00339308
0.00241151
0.00288928
0.00240859
0.00231870
0.00203528
0.00245558
0.00306176
0.00250404
0.00230406
0.00235797
0.00211393
0.00212693
0.00277257
0.00212965
0.00246653
0.00235869
0.00337308
0.00240822
0.00246586
0.00216766
0.00210950
0.00199216
0.00207146
0.00306176
0.00250404
0.00230406
0.00235797
0.00211393
0.00212693
0.00277257
0.00212965
0.00246653
0.00235869
0.00337308
0.00240822
0.00246586
0.00216766
0.00210950
0.00199216
0.00207146
0.00245986
0.00241661
0.00246571
0.00492584
0.00277932
0.00223384
0.00251896
0.00226601
0.00215127
0.00249515
0.00208872
0.00241157
0.00217236
0.00236259
0.00218794
0.00225811
0.00225794
0.00389161
0.00338053
0.00267038
0.00231296
0.00279129
0.00218367
0.00237848
0.00261583
0.00259549
0.00340932
0.00294065
0.00247671
0.00219318
0.00208322
0.00260453
0.00213690
0.00295359
0.00243495
0.00208330
0.00206479
0.00383192
0.00235431
0.00239727
0.00341212
0.00258387
0.00247034
0.00356224
0.00223395
0.00211212
0.00272827
0.00240380
0.00251064
0.00282612
0.00251833
0.00289038
0.00240528
0.00338724
0.00247987
0.00393763
0.00229201
0.00254829
0.00240865
0.00308405
0.00247580
0.00268027
0.00337342
0.00236685
0.00243805
0.00281825
0.00230325
0.00247556
0.00260227
0.00226867
0.00214051
0.00224730
0.00218861
0.00267216
0.00244607
0.00249737
0.00202187
0.00219050
0.00210276
0.00253112
0.00265812
0.00228720
0.00212148
0.00220974
0.00276691
0.00227094
0.00335394
0.00229224
0.00223192
0.00237476
0.00211631
0.00257633
0.00248569
0.00262661
0.00286945
0.00202337
0.00229605
0.00471231
0.00272850
0.00215278
0.00213407
0.00339879
0.00224859
0.00252772
0.00254090
0.00236071
0.00219121
0.00302160
0.00217220
0.00369648
0.00249971
0.00268468
0.00272119
0.00326615
0.00227157
0.00304199
0.00288693
0.00222587
0.00221365
0.00253697
0.00220798
0.00235102
0.00250208
0.00232444
0.00299543
0.00231291
0.00197830
0.00195747
0.00232947
0.00339933
0.00218017
0.00316788
0.00325207
0.00257693
0.00300455
0.00260072
0.00229069
0.00226576
0.00258430
0.00227433
0.00207510
0.00285031
0.00291508
0.00350818
0.00297721
0.00206572
0.00247358
0.00228614
0.00241553
0.00235180
0.00201762
0.00234605
0.00227341
0.00270268
0.00266352
0.00233471
0.00285042
0.00242709
0.00244763
0.00248259
0.00268364
0.00287600
0.00273949
0.00271936
0.00272147
0.00262201
0.00308143
0.00236737
0.00229966
0.00230532
0.00216317
0.00238694
0.00225215
0.00246516
0.00225941
0.00197523
0.00261975
0.00330299
0.00227933
0.00223037
0.00225609
0.00354814
0.00217841
0.00229194
0.00281304
0.00282937
0.00289950
0.00228612
0.00249811
0.00219895
0.00219582
0.00246601
0.00240162
0.00323644
0.00242423
0.00182202