0.00836524
0.00941948
0.00960794
0.01351838
0.01449659
0.00766172
0.00834948
0.01052696
0.00893131
0.00745250
0.01105835
0.00894340
0.01026913
0.01061299
0.00921128
0.01287797
0.00872996
0.00850077
0.00870412
0.01505146
0.01327899
0.00961542
0.00682237
0.00828866
0.01044963
0.00891448
0.00907452
0.00897359
0.01020182
0.01055509
0.00826809
0.00904387
0.00951804
0.01396883
0.01086160
0.01132710
0.00858728
0.02370335
0.00974551
0.00840542
0.01051637
0.00815540
0.00913754
0.01075028
0.00689659
0.00800182
0.00805663
0.01218285
0.00706858
0.00844156
0.00723867
0.00706511
0.01137825
0.01068259
0.01189786
0.00850660
0.01017961
0.00794111
0.00794757
0.00797332
0.01000127
0.01357458
0.00802191
0.00742446
0.00925040
0.01066421
0.01021186
0.01340726
0.00769625
0.01142054
0.01388814
0.00664694
0.00953989
0.00879924
0.00881089
0.00695527
0.00751069
0.01442690
0.00796774
0.00805574
0.00925242
0.00818150
0.00709306
0.00765215
0.00703224
0.00904060
0.00914184
0.00800954
0.00828912
0.01430229
0.00863486
0.00945597
0.02601650
0.01270776
0.00874972
0.01031178
0.00828327
0.01591001
0.00994699
0.00931119
0.00827714
0.01178683
0.00788866
0.00753014
0.00833299
0.00721201
0.01069843
0.00781086
0.01022035
0.00815325
0.00682590
0.01040368
0.01327465
0.00844942
0.00916688
0.01436455
0.01078325
0.00891709
0.00990094
0.01174489
0.00780713
0.00959422
0.00825564
0.00763395
0.00852269
0.00817641
0.00691553
0.00779412
0.00779492
0.00941200
0.00930950
0.00777230
0.00853509
0.00872310
0.00649612
0.01118258
0.00850721
0.00937200
0.00944522
0.01393353
0.00704035
0.00864845
0.00672976
0.00726849
0.00917055
0.01191108
0.00622743
0.00852011
0.01023637
0.00987573
0.00641260
0.00851736
0.02450725
0.01134062
0.00795377
0.01601332
0.02244176
0.00905515
0.00774779
0.00677064
0.00983456
0.01394623
0.01123578
0.00913185
0.01165802
0.01000744
0.01143168
0.00748171
0.01236835
0.00701593
0.01114581
0.01115277
0.01021353
0.00680909
0.00868145
0.00862263
0.00731150
0.01350147
0.00813212
0.01242814
0.01030697
0.01017180
0.01076990
0.00921060
0.01257981
0.00710686
0.01817068
0.00980479
0.00824865
0.01043940
0.00619751
0.00724816
0.00778612
0.00739388
0.00755040
0.02890845
0.01194967
0.01143509
0.00667951
0.01074800
0.00764263
0.02824904
0.01179161
0.00854742
0.00940782
0.01258300
0.00713669
0.03388966
0.01164662
0.01377352
0.00968334
0.00916600
0.00841564
0.01876092
0.01233921
0.00844728
0.00964487
0.01238833
0.01059725
0.00828744
0.00979884
0.00701069
0.00928614
0.01050977
0.01106564
0.00834469
0.00968696
0.01232707
0.01324898
0.00788435
0.02294472
0.00934494
0.00664526
0.00952323
0.00894697
0.00877752
0.00697588
0.00664264
0.00723226
0.00809509
0.00753011
0.00869673
0.00883082
0.01037985
0.00899824
0.00632528
0.00929747
0.01437854
0.01004699
0.01117579
0.00904300
0.00981247
0.00965360
0.00922514
0.00864351
0.00675815
0.00924040
0.01190732
0.00705524
0.00940701
0.00809089
0.01082704
0.00750441
0.00641041
0.01011978
0.00835551
0.00792027
0.00948838
0.00926182
0.00929244
0.00836524
0.00941948
0.00960794
0.01351838
0.01449659
0.00766172
0.00834948
0.01052696
0.00893131
0.00745250
0.01105835
0.00894340
0.01026913
0.01061299
0.00921128
0.01287797
0.00872996
0.00836524
0.00941948
0.00960794
0.01351838
0.01449659
0.00766172
0.00834948
0.01052696
0.00893131
0.00745250
0.01105835
0.00894340
0.01026913
0.01061299
0.00921128
0.01287797
0.00872996
0.00850077
0.00870412
0.01505146
0.01327899
0.00961542
0.00682237
0.00828866
0.01044963
0.00891448
0.00907452
0.00897359
0.01020182
0.01055509
0.00826809
0.00904387
0.00951804
0.01396883
0.01086160
0.01132710
0.00858728
0.02370335
0.00974551
0.00840542
0.01051637
0.00815540
0.00913754
0.01075028
0.00689659
0.00800182
0.00805663
0.01218285
0.00706858
0.00844156
0.00723867
0.00706511
0.01137825
0.01068259
0.01189786
0.00850660
0.01017961
0.00794111
0.00794757
0.00797332
0.01000127
0.01357458
0.00802191
0.00742446
0.00925040
0.01066421
0.01021186
0.01340726
0.00769625
0.01142054
0.01388814
0.00664694
0.00966217
0.00788037
0.01227561
0.01198313
0.00922647
0.00698746
0.00649083
0.00669154
0.00933573
0.00637744
0.00757760
0.01282420
0.00730312
0.00660203
0.01132292
0.00975735
0.00989818
0.00974378
0.00841770
0.01106788
0.00857496
0.00720293
0.00700477
0.00858077
0.01160029
0.00922313
0.00924946
0.01406678
0.01066494
0.01236362
0.01213393
0.00703880
0.01013234
0.00695204
0.00799243
0.01268228
0.00703621
0.00765883
0.00644688
0.00862822
0.00764025
0.00807851
0.02607468
0.00813825
0.01219197
0.00855470
0.00697374
0.00767284
0.00905375
0.00733686
0.00988976
0.01138496
0.01159267
0.01644131
0.00940842
0.01090110
0.00812358
0.00968130
0.00973865
0.00989701
0.00987938
0.01088263
0.00848482
0.01283540
0.01120354
0.01310759
0.00910483
0.00849696
0.01154249
0.01578416
0.01255952
0.00893319
0.00772434
0.01408381
0.00849495
0.00860791
0.01201782
0.01477801
0.01816531
0.01399357
0.00852917
0.00779413
0.01108995
0.02202977
0.00795138
0.00687686
0.00962520
0.00827438
0.01336482
0.00934210
0.00979232
0.00748361
0.01260517
0.00902097
0.01488922
0.00980661
0.05852524
0.00681091
0.00792103
0.01154778
0.00835794
0.00998572
0.01210119
0.01073931
0.00917436
0.00836342
0.01101592
0.01171265
0.01205897
0.00817018
0.00854988
0.02845067
0.00705081
0.01013766
0.01223308
0.00812258
0.00745233
0.00747568
0.00848219
0.00895116
0.00922124
0.00811855
0.00943410
0.00833283
0.00699192
0.01599434
0.00742842
0.01048237
0.00842325
0.00737740
0.02825897
0.01423053
0.01107311
0.01024565
0.01131658
0.00831840
0.01333023
0.00845194
0.01544308
0.00735488
0.00919685