0.00254908
0.00257396
0.00234855
0.00232122
0.00247979
0.00244757
0.00272608
0.00199900
0.00301079
0.00278102
0.00204774
0.00214697
0.00326319
0.00258152
0.00381346
0.00256161
0.00286138
0.00251484
0.00288892
0.00260659
0.00190336
0.00191283
0.00168591
0.00206435
0.00300258
0.00337808
0.00267852
0.00206825
0.00244622
0.00242951
0.00303587
0.00247619
0.00223191
0.00272859
0.00229660
0.00205904
0.00207138
0.00297307
0.00192372
0.00196114
0.00175158
0.00224118
0.00209284
0.00160651
0.00268050
0.00357000
0.00253544
0.00241818
0.00271462
0.00266572
0.00306007
0.00261751
0.00359164
0.00260807
0.00206077
0.00239492
0.00287912
0.00287179
0.00335271
0.00426852
0.00355840
0.00210264
0.00276458
0.00201579
0.00234187
0.00314558
0.00256914
0.00253811
0.00293084
0.00282254
0.00202715
0.00218259
0.00215632
0.00203514
0.00191230
0.00245432
0.00233235
0.00213308
0.00243349
0.00183594
0.00195902
0.00202374
0.00185903
0.00222906
0.00304079
0.00376589
0.00187789
0.00193695
0.00290491
0.00225965
0.00241856
0.00241785
0.00235393
0.00218066
0.00182133
0.00211032
0.00208618
0.00293669
0.00181225
0.00250461
0.00295419
0.00190482
0.00227415
0.00174293
0.00298450
0.00250928
0.00188485
0.00207693
0.00243897
0.00291297
0.00163306
0.00190718
0.00173825
0.00241630
0.00214963
0.00244870
0.00316464
0.00270448
0.00255856
0.00168768
0.00263502
0.00271297
0.00217227
0.00296072
0.00245522
0.00277264
0.00308506
0.00273748
0.00258488
0.00251358
0.00237541
0.00316185
0.00225956
0.00188715
0.00356929
0.00342177
0.00189865
0.00331024
0.00247008
0.00233583
0.00257026
0.00224436
0.00303161
0.00200634
0.00258200
0.00262053
0.00245024
0.00273898
0.00213100
0.00167066
0.00305954
0.00221071
0.00222073
0.00190403
0.00212301
0.00227324
0.00258030
0.00298134
0.00218409
0.00211231
0.00205335
0.00328808
0.00279648
0.00427555
0.00216797
0.00269827
0.00240560
0.00330167
0.00207449
0.00210405
0.00244153
0.00242969
0.00244958
0.00189987
0.00229956
0.00352184
0.00263360
0.00196279
0.00253669
0.00330781
0.00188718
0.00183241
0.00241967
0.00245585
0.00239163
0.00242256
0.00234262
0.00227546
0.00245225
0.00180436
0.00265303
0.00304860
0.00208634
0.00232315
0.00219111
0.00200725
0.00264689
0.00282675
0.00226702
0.00210598
0.00298310
0.00202428
0.00370555
0.00236296
0.00273431
0.00325522
0.00200842
0.00361262
0.00220179
0.00240695
0.00283521
0.00290004
0.00273394
0.00191234
0.00299563
0.00389515
0.00290237
0.00251871
0.00356846
0.00253820
0.00238633
0.00218674
0.00209427
0.00275153
0.00219509
0.00250279
0.00278462
0.00288421
0.00294863
0.00231612
0.00223149
0.00232046
0.00250475
0.00244290
0.00239818
0.00187730
0.00337248
0.00219982
0.00223034
0.00232780
0.00211126
0.00182446
0.00264406
0.00250581
0.00252556
0.00246001
0.00255194
0.00304846
0.00240262
0.00247492
0.00277877
0.00210805
0.00337938
0.00234992
0.00231738
0.00290140
0.00287759
0.00262102
0.00238340
0.00227054
0.00192110
0.00234155
0.00233195
0.00258002
0.00300996
0.00209877
0.00199955
0.00206691
0.00322246
0.00240381
0.00215996
0.00254908
0.00257396
0.00234855
0.00232122
0.00247979
0.00244757
0.00272608
0.00199900
0.00301079
0.00278102
0.00204774
0.00214697
0.00326319
0.00258152
0.00381346
0.00256161
0.00286138
0.00251484
0.00254908
0.00257396
0.00234855
0.00232122
0.00247979
0.00244757
0.00272608
0.00199900
0.00301079
0.00278102
0.00204774
0.00214697
0.00326319
0.00258152
0.00381346
0.00256161
0.00286138
0.00251484
0.00288892
0.00260659
0.00190336
0.00191283
0.00168591
0.00206435
0.00300258
0.00337808
0.00267852
0.00206825
0.00244622
0.00242951
0.00303587
0.00247619
0.00223191
0.00272859
0.00229660
0.00205904
0.00207138
0.00297307
0.00192372
0.00196114
0.00175158
0.00224118
0.00209284
0.00160651
0.00268050
0.00357000
0.00253544
0.00241818
0.00271462
0.00266572
0.00306007
0.00261751
0.00359164
0.00260807
0.00206077
0.00239492
0.00287912
0.00287179
0.00335271
0.00426852
0.00355840
0.00210264
0.00276458
0.00201579
0.00234187
0.00314558
0.00256914
0.00253811
0.00293084
0.00282254
0.00202715
0.00218259
0.00215632
0.00258895
0.00179329
0.00323434
0.00237286
0.00177896
0.00376871
0.00274499
0.00277644
0.00224839
0.00266057
0.00293721
0.00235915
0.00222769
0.00207859
0.00290301
0.00448024
0.00203039
0.00306743
0.00228990
0.00220891
0.00228749
0.00238320
0.00240093
0.00256847
0.00191574
0.00265299
0.00321696
0.00223044
0.00224273
0.00240261
0.00289835
0.00194829
0.00168527
0.00186304
0.00367615
0.00207593
0.00280752
0.00214358
0.00187273
0.00212620
0.00285336
0.00209332
0.00230726
0.00321636
0.00311053
0.00235761
0.00249569
0.00249277
0.00271441
0.00181628
0.00290493
0.00318326
0.00256725
0.00256603
0.00288924
0.00246008
0.00283363
0.00281223
0.00239080
0.00234589
0.00315436
0.00264537
0.00169612
0.00340209
0.00220110
0.00315564
0.00253961
0.00211459
0.00206647
0.00338858
0.00275558
0.00217878
0.00181518
0.00253250
0.00338594
0.00256819
0.00194149
0.00176076
0.00207887
0.00305548
0.00277735
0.00275491
0.00227751
0.00325834
0.00219744
0.00269423
0.00254114
0.00211391
0.00154261
0.00251474
0.00272894
0.00314124
0.00265269
0.00309954
0.00247980
0.00219605
0.00308811
0.00275867
0.00254482
0.00301743
0.00217453
0.00235292
0.00211406
0.00213054
0.00330654
0.00297900
0.00374241
0.00241088
0.00234732
0.00328493
0.00236689
0.00253491
0.00209808
0.00180019
0.00285303
0.00196337
0.00187473
0.00252965
0.00204534
0.00238945
0.00218778
0.00185360
0.00231771
0.00293135
0.00217130
0.00158844
0.00208921
0.00325424
0.00287588
0.00320156
0.00353424
0.00206341
0.00265537
0.00278146
0.00227201
0.00205857
0.00252901
0.00194736