0.00605541
0.00634176
0.00604613
0.00692293
0.00719850
0.00613030
0.00701801
0.00687377
0.00643279
0.00616177
0.00597049
0.00598002
0.01037061
0.00878635
0.00541423
0.00715101
0.00778861
0.00760385
0.00802058
0.00537826
0.00619429
0.00603540
0.00590877
0.00670266
0.00587556
0.00763691
0.00788100
0.00632381
0.00711026
0.00912053
0.00528669
0.00609280
0.00725836
0.00714898
0.00777841
0.00663233
0.00578569
0.01251557
0.00608866
0.00700998
0.00785489
0.00867414
0.00635455
0.00570456
0.00694566
0.00763688
0.00576251
0.00649932
0.00630701
0.00517902
0.01241199
0.00628331
0.00636359
0.00592454
0.00884036
0.00999959
0.00617116
0.00747991
0.00581116
0.00630587
0.00681568
0.00773235
0.00597375
0.00653637
0.00640061
0.00675467
0.00974572
0.00639611
0.00653224
0.00669416
0.00806192
0.00753214
0.00580684
0.00589030
0.00611289
0.00725214
0.00652965
0.00559651
0.00584523
0.00657825
0.00551502
0.00648113
0.00767743
0.00817552
0.00598899
0.00875089
0.00677334
0.00671128
0.00584822
0.00720506
0.00602890
0.00757226
0.00570467
0.00608903
0.00542884
0.00615419
0.00632644
0.00667296
0.00636431
0.00542875
0.00762473
0.00976057
0.00552140
0.00656904
0.00549698
0.00632961
0.00624936
0.00709874
0.00665576
0.00553140
0.00628928
0.00808806
0.00654007
0.00746455
0.00701677
0.00618329
0.00634475
0.00724686
0.00549409
0.00566928
0.00604629
0.01045690
0.00670435
0.00730714
0.00586549
0.00636569
0.00901582
0.00504688
0.00929625
0.00724412
0.00694846
0.00739212
0.00573310
0.00672917
0.00649519
0.00622062
0.00706152
0.00643302
0.00636940
0.00782445
0.00768854
0.00669086
0.00789080
0.00646763
0.00863432
0.00646431
0.00630981
0.00591633
0.00586946
0.00706878
0.00671146
0.00737017
0.00681356
0.00638636
0.00554668
0.00709074
0.00970593
0.00722622
0.00795429
0.00578078
0.00871648
0.00572720
0.00651795
0.00627587
0.00678267
0.00799905
0.00621035
0.00705705
0.00629898
0.00657271
0.00760886
0.00669381
0.00578058
0.00682483
0.00696235
0.00536123
0.00621988
0.00613593
0.00774213
0.00747857
0.00858039
0.00647168
0.00610468
0.01279190
0.00590001
0.00655020
0.00649293
0.00592865
0.00651521
0.00713777
0.00633222
0.00639548
0.00764459
0.00803781
0.00723239
0.00562016
0.00609196
0.00568975
0.00792136
0.00598264
0.00678525
0.00730825
0.00747150
0.00662992
0.00682504
0.00630537
0.00654254
0.00573115
0.00760161
0.00610438
0.00630709
0.00649282
0.00643467
0.00643458
0.00614961
0.00677532
0.00611560
0.00651260
0.00836792
0.00698705
0.00685851
0.00772838
0.00624400
0.00739692
0.00739389
0.00675218
0.00521065
0.00701693
0.00604822
0.00864272
0.00946519
0.00656021
0.00529100
0.00552859
0.00597450
0.00659856
0.00685314
0.00637505
0.00683066
0.00592166
0.00645453
0.00535320
0.00578641
0.00693585
0.00600459
0.00719208
0.01055897
0.00553437
0.00575230
0.00721453
0.00658053
0.00723791
0.00637948
0.00608101
0.00570639
0.00576340
0.00581994
0.00592789
0.00767990
0.00768703
0.00632743
0.00546374
0.00617779
0.00604928
0.00648324
0.00605168
0.00635646
0.00690728
0.00608928
0.00878663
0.00605541
0.00634176
0.00604613
0.00692293
0.00719850
0.00613030
0.00701801
0.00687377
0.00643279
0.00616177
0.00597049
0.00598002
0.01037061
0.00878635
0.00541423
0.00715101
0.00778861
0.00605541
0.00634176
0.00604613
0.00692293
0.00719850
0.00613030
0.00701801
0.00687377
0.00643279
0.00616177
0.00597049
0.00598002
0.01037061
0.00878635
0.00541423
0.00715101
0.00778861
0.00760385
0.00802058
0.00537826
0.00619429
0.00603540
0.00590877
0.00670266
0.00587556
0.00763691
0.00788100
0.00632381
0.00711026
0.00912053
0.00528669
0.00609280
0.00725836
0.00714898
0.00777841
0.00663233
0.00578569
0.01251557
0.00608866
0.00700998
0.00785489
0.00867414
0.00635455
0.00570456
0.00694566
0.00763688
0.00576251
0.00649932
0.00630701
0.00517902
0.01241199
0.00628331
0.00636359
0.00592454
0.00884036
0.00999959
0.00617116
0.00747991
0.00581116
0.00630587
0.00681568
0.00773235
0.00597375
0.00653637
0.00640061
0.00675467
0.00974572
0.00639611
0.00653224
0.00669416
0.00806192
0.00753214
0.01921955
0.00737641
0.01045590
0.00544587
0.01012933
0.00705037
0.00644918
0.00518477
0.00669120
0.00629230
0.00623840
0.00688109
0.00615638
0.00603850
0.00999474
0.00831731
0.00668622
0.00668773
0.00614102
0.00657909
0.00862356
0.00760375
0.00580990
0.00584627
0.00583847
0.00586067
0.00613594
0.00770506
0.00587969
0.00703389
0.00915522
0.00637725
0.00540212
0.00664256
0.00834646
0.00751897
0.00665568
0.00602266
0.00674363
0.00755749
0.00624975
0.00987828
0.00685501
0.00571652
0.00590113
0.00684025
0.00668643
0.00540292
0.00831200
0.00753018
0.00772970
0.00602468
0.00660843
0.00643298
0.00577302
0.00543905
0.00604359
0.00714140
0.00593996
0.00522015
0.00579850
0.00781914
0.00774471
0.00484566
0.00742579
0.00691815
0.00622084
0.00664922
0.00675115
0.00609515
0.00674644
0.00715698
0.00611025
0.00867976
0.00749721
0.00642217
0.00628054
0.00721553
0.00685608
0.00628489
0.00579530
0.00726669
0.00560778
0.00622024
0.00903049
0.01280474
0.00531968
0.00606508
0.00862315
0.00727762
0.00789268
0.00622023
0.00584631
0.00958724
0.00949429
0.00606437
0.00628252
0.00662514
0.00567665
0.00550844
0.00572352
0.00777753
0.00640575
0.00662864
0.01088294
0.01028531
0.00626357
0.00792826
0.00523871
0.00740235
0.00662890
0.00856434
0.00827339
0.00623262
0.00499219
0.00730351
0.00913259
0.00549919
0.00614713
0.00542010
0.00629341
0.00734948
0.00647113
0.00646462
0.00569514
0.00535445
0.00872240
0.00525338
0.00619376
0.00621684
0.00660280
0.00822796
0.00659517
0.00574194
0.00726737
0.00624362
0.00694465
0.00625794
0.00600697
0.00601498
0.00729202