0.00325237
0.00648150
0.00414171
0.00714797
0.00501210
0.00366727
0.00671148
0.00515792
0.00345235
0.00398936
0.00365761
0.00358827
0.01084057
0.00679254
0.00537460
0.00437556
0.00571858
0.00642656
0.00429805
0.00616398
0.00380081
0.00513057
0.00384909
0.00410116
0.00345771
0.00306913
0.00522965
0.00516255
0.00340542
0.00552294
0.00450107
0.00424875
0.00297023
0.00561624
0.00373667
0.00477967
0.00354869
0.00623577
0.00325843
0.00417461
0.00336709
0.00429876
0.00318763
0.00528728
0.00402870
0.00564007
0.00364322
0.00571085
0.00615507
0.00472369
0.00428705
0.00387924
0.00460835
0.00480967
0.00482496
0.00498464
0.00351549
0.00474375
0.00627420
0.00521607
0.00494016
0.00397151
0.00463099
0.00489946
0.00318871
0.00353281
0.00560415
0.00503765
0.00440005
0.00466226
0.00548631
0.00475157
0.00502621
0.00352482
0.00622150
0.00658036
0.00448953
0.00293416
0.00305789
0.00402379
0.00400252
0.00474754
0.00431828
0.00560406
0.00373196
0.00500971
0.00326182
0.00481386
0.00628332
0.00428079
0.00487826
0.00533932
0.00373766
0.00418199
0.00453185
0.00321145
0.00381354
0.00410173
0.00416373
0.00539185
0.00395338
0.00529378
0.00543837
0.00649225
0.00426419
0.00658140
0.00382205
0.00542632
0.00348962
0.00368295
0.00348817
0.00447960
0.00382633
0.00493228
0.00304216
0.00370573
0.00383001
0.00330849
0.00501906
0.00478742
0.00429434
0.00476272
0.00354721
0.00368716
0.00410475
0.00492780
0.00375782
0.00530094
0.00410129
0.00498739
0.00334006
0.00784292
0.00403742
0.00318266
0.00490702
0.00551475
0.00396032
0.00391462
0.00525426
0.00387782
0.00972589
0.00370831
0.00314107
0.00758992
0.00381780
0.00492421
0.00371717
0.00407811
0.00423809
0.00366564
0.00339188
0.00580073
0.00505496
0.00465855
0.00357337
0.00381412
0.00483755
0.00426664
0.00311012
0.00890730
0.00387813
0.00520013
0.00600872
0.00389179
0.00452900
0.00366916
0.00360975
0.00504829
0.00624292
0.00309127
0.00395189
0.00541549
0.00687870
0.00450430
0.00424801
0.00515059
0.00366339
0.00335271
0.00315423
0.00656120
0.00401024
0.00412057
0.00418759
0.00473591
0.00347725
0.00392920
0.00364061
0.00366600
0.00435832
0.00346504
0.00350119
0.00552461
0.00444574
0.00424511
0.00314853
0.00643038
0.00402180
0.00932401
0.00325651
0.00374605
0.00454610
0.00675289
0.00467481
0.00438956
0.00373663
0.00478840
0.00362452
0.00607628
0.00342315
0.00442806
0.00595040
0.00418728
0.00354031
0.00726246
0.00329475
0.00383157
0.00318982
0.00335550
0.00603649
0.00355309
0.00348818
0.00407166
0.00382040
0.00611972
0.00466741
0.00464958
0.00481307
0.00456943
0.00749052
0.00401139
0.00622824
0.00519056
0.00517437
0.00489268
0.00352767
0.00364110
0.00368352
0.00335899
0.00434701
0.00372607
0.00307743
0.00468607
0.00331361
0.00426781
0.00621818
0.00406101
0.00408040
0.00306222
0.00538664
0.00423269
0.00335402
0.00662101
0.00369791
0.00540772
0.00380001
0.00401245
0.00624818
0.00488601
0.00296417
0.00315771
0.00877765
0.00604368
0.00515866
0.00326380
0.00610587
0.00457145
0.00431772
0.00462806
0.00625013
0.00775016
0.00325237
0.00648150
0.00414171
0.00714797
0.00501210
0.00366727
0.00671148
0.00515792
0.00345235
0.00398936
0.00365761
0.00358827
0.01084057
0.00679254
0.00537460
0.00437556
0.00571858
0.00325237
0.00648150
0.00414171
0.00714797
0.00501210
0.00366727
0.00671148
0.00515792
0.00345235
0.00398936
0.00365761
0.00358827
0.01084057
0.00679254
0.00537460
0.00437556
0.00571858
0.00642656
0.00429805
0.00616398
0.00380081
0.00513057
0.00384909
0.00410116
0.00345771
0.00306913
0.00522965
0.00516255
0.00340542
0.00552294
0.00450107
0.00424875
0.00297023
0.00561624
0.00373667
0.00477967
0.00354869
0.00623577
0.00325843
0.00417461
0.00336709
0.00429876
0.00318763
0.00528728
0.00402870
0.00564007
0.00364322
0.00571085
0.00615507
0.00472369
0.00428705
0.00387924
0.00460835
0.00480967
0.00482496
0.00498464
0.00351549
0.00474375
0.00627420
0.00521607
0.00494016
0.00397151
0.00463099
0.00489946
0.00318871
0.00353281
0.00560415
0.00503765
0.00440005
0.00466226
0.00548631
0.00475157
0.00509274
0.00544776
0.00539639
0.00374290
0.00378005
0.00319405
0.00464100
0.00383033
0.00401946
0.00449779
0.00418016
0.00437797
0.00539683
0.00389364
0.00508913
0.00408988
0.00443628
0.00394486
0.00547346
0.00385962
0.00386594
0.00452217
0.00524445
0.00453048
0.00378676
0.00284611
0.00354448
0.00508389
0.00398334
0.00429169
0.00357086
0.00427224
0.00370523
0.00515056
0.00515926
0.00352853
0.00447359
0.00357616
0.00557884
0.00328887
0.00565429
0.00361947
0.00363989
0.00438874
0.00613800
0.00493684
0.00401908
0.00574198
0.00333882
0.00369841
0.00397298
0.00519689
0.00633985
0.00356903
0.00584459
0.00339600
0.00351968
0.00347462
0.00330929
0.00465080
0.00518751
0.00377875
0.00471856
0.00320642
0.00478810
0.00356648
0.00497169
0.00751600
0.00444620
0.00383920
0.00441639
0.00467594
0.00647966
0.00826178
0.00731443
0.00532422
0.00377746
0.00436870
0.00872106
0.00667779
0.00404099
0.01040687
0.00472521
0.00443191
0.00342501
0.00325513
0.00401664
0.00562833
0.00314226
0.01085272
0.00585971
0.00538168
0.00515379
0.00322488
0.00352707
0.00447955
0.00490795
0.00362265
0.00430309
0.00282389
0.00447063
0.00440143
0.00318197
0.00422278
0.00412752
0.00474899
0.00307920
0.00497528
0.00565034
0.00439275
0.00803495
0.00744285
0.00500468
0.00325759
0.00417363
0.00354675
0.00550320
0.00410854
0.00462192
0.00464293
0.00571172
0.00443532
0.00667733
0.00355300
0.00434577
0.00435973
0.00313188
0.00436456
0.00426530
0.00549224
0.00575200
0.00368454
0.00452367
0.00396356
0.00451876
0.01015828
0.00478008
0.00378833
0.00592366
0.00403810
0.00378264