0.00468100
0.00375026
0.00391483
0.00283176
0.00244639
0.00382996
0.00349590
0.00460714
0.00537791
0.00503998
0.00350911
0.00355984
0.00482412
0.00305957
0.00433424
0.00289156
0.00367101
0.00374309
0.00289360
0.00497821
0.00523963
0.00380487
0.00278228
0.00281783
0.00619111
0.00234917
0.00382743
0.00342982
0.00469530
0.00272163
0.00256953
0.00358211
0.00408285
0.00359737
0.00323558
0.00461726
0.00481473
0.00315399
0.00291763
0.00397609
0.00345160
0.00363519
0.00396787
0.00385183
0.00331064
0.00390420
0.00526144
0.00415884
0.00336366
0.00368465
0.00340681
0.00233569
0.00282713
0.00554216
0.00349451
0.00368452
0.00245728
0.00373620
0.00277626
0.00240177
0.00339376
0.00400486
0.00258109
0.00347715
0.00304131
0.00352451
0.00281560
0.00387989
0.00262723
0.00328468
0.00284621
0.00349147
0.00441292
0.00273661
0.00301770
0.00581606
0.00284869
0.00380817
0.00335613
0.00264333
0.00361167
0.00428208
0.00482977
0.00344378
0.00335953
0.00281817
0.00245147
0.00287556
0.00503204
0.00300130
0.00377421
0.00308156
0.00306757
0.00371736
0.00610036
0.00337072
0.00386414
0.00318388
0.00361774
0.00323750
0.00573854
0.00428151
0.00482141
0.00417628
0.00237136
0.00370224
0.00245125
0.00339880
0.00302328
0.00351712
0.00239173
0.00258994
0.00337795
0.00279719
0.00345417
0.00265816
0.00386400
0.00439273
0.00451789
0.00304355
0.00421168
0.00284517
0.00315409
0.00346847
0.00328950
0.00264159
0.00360273
0.00396488
0.00271467
0.00287116
0.00502608
0.00330608
0.00493513
0.00489288
0.00349416
0.00348145
0.00258337
0.00345591
0.00378920
0.00300267
0.00327241
0.00399222
0.00780940
0.00346502
0.00534768
0.00262166
0.00330674
0.00392146
0.00311924
0.00353003
0.00361588
0.00362919
0.00412376
0.00434036
0.00270400
0.00211815
0.00361489
0.00355745
0.00460153
0.00303908
0.00267200
0.00352090
0.00314633
0.00404535
0.00472275
0.00405216
0.00402779
0.00373065
0.00306388
0.00273029
0.00306634
0.00301902
0.00284218
0.00259158
0.00327575
0.00256942
0.00288408
0.00308661
0.00290182
0.00327689
0.00459622
0.00365834
0.00383001
0.00260510
0.00413656
0.00255620
0.00740771
0.00359969
0.00282588
0.00318756
0.00304617
0.00364744
0.00290284
0.00350604
0.00224829
0.00407666
0.00264263
0.00314687
0.00340961
0.00275820
0.00400368
0.00421943
0.00445854
0.00558315
0.00562904
0.00467934
0.00440596
0.00441749
0.00238366
0.00384334
0.00415070
0.00301598
0.00293336
0.00405394
0.00388828
0.00499237
0.00303553
0.00428363
0.00295449
0.00312354
0.00484516
0.00336747
0.00265388
0.00236710
0.00295646
0.00615123
0.00349979
0.00279165
0.00330620
0.00468500
0.00362569
0.00544146
0.00430078
0.00283128
0.00325520
0.00342164
0.00446153
0.00310272
0.00309376
0.00333226
0.00245784
0.00245287
0.00318418
0.00265324
0.00421189
0.00235720
0.00342805
0.00953110
0.00336216
0.00334841
0.00267502
0.00247499
0.00300977
0.00354039
0.00265587
0.00498636
0.00619623
0.00327239
0.00328875
0.00343552
0.00367547
0.00344142
0.00442579
0.00260697
0.00253437
0.00257698
0.00319528
0.00407716
0.00396888
0.00293499
0.00447146
0.00468100
0.00375026
0.00391483
0.00283176
0.00244639
0.00382996
0.00349590
0.00460714
0.00537791
0.00503998
0.00350911
0.00355984
0.00482412
0.00305957
0.00433424
0.00289156
0.00367101
0.00468100
0.00375026
0.00391483
0.00283176
0.00244639
0.00382996
0.00349590
0.00460714
0.00537791
0.00503998
0.00350911
0.00355984
0.00482412
0.00305957
0.00433424
0.00289156
0.00367101
0.00374309
0.00289360
0.00497821
0.00523963
0.00380487
0.00278228
0.00281783
0.00619111
0.00234917
0.00382743
0.00342982
0.00469530
0.00272163
0.00256953
0.00358211
0.00408285
0.00359737
0.00323558
0.00461726
0.00481473
0.00315399
0.00291763
0.00397609
0.00345160
0.00363519
0.00396787
0.00385183
0.00331064
0.00390420
0.00526144
0.00415884
0.00336366
0.00368465
0.00340681
0.00233569
0.00282713
0.00554216
0.00349451
0.00368452
0.00245728
0.00373620
0.00277626
0.00240177
0.00339376
0.00400486
0.00258109
0.00347715
0.00304131
0.00352451
0.00281560
0.00387989
0.00262723
0.00328468
0.00284621
0.00349147
0.00264804
0.00317525
0.00328323
0.00334289
0.00368925
0.00281783
0.00337159
0.00291649
0.00602068
0.00360171
0.00302200
0.00246544
0.00321856
0.00260562
0.00466872
0.00295678
0.00359025
0.00373074
0.00256972
0.00421313
0.00325589
0.00272779
0.00267980
0.00227932
0.00366996
0.00610436
0.00243514
0.00651115
0.00319192
0.00279880
0.00242629
0.00281470
0.00288209
0.00404908
0.00333709
0.00419572
0.00253827
0.00323715
0.00314466
0.00434242
0.00368944
0.00417034
0.00444525
0.00359385
0.00271146
0.00374378
0.00370114
0.00311843
0.00369317
0.00257490
0.00283673
0.00303461
0.00364267
0.00256512
0.00255166
0.00317436
0.00436686
0.00425354
0.00225352
0.00390290
0.00323858
0.00318936
0.00401213
0.00350654
0.00323813
0.00308471
0.00362072
0.00279050
0.00414289
0.00271485
0.00370792
0.00320208
0.00401485
0.00299731
0.00358298
0.00304143
0.00332484
0.00255897
0.00443044
0.00365398
0.00559459
0.00315603
0.00318329
0.00261883
0.00400891
0.00321034
0.00495113
0.00333283
0.00420139
0.00374835
0.00321176
0.00290093
0.00355392
0.00317433
0.00321841
0.00254112
0.00322495
0.00585629
0.00460696
0.00312683
0.00400304
0.00378027
0.00238791
0.00373697
0.00262261
0.00322642
0.00377520
0.00311396
0.00316042
0.00422379
0.00315316
0.00367820
0.00312182
0.00362616
0.00509080
0.00357399
0.00386918
0.00403264
0.00402917
0.00505714
0.00284415
0.00316412
0.00226374
0.00334780
0.00491047
0.00328410
0.00348009
0.00297098
0.00492802
0.00376353
0.00380807
0.00305735
0.00283615
0.00372133
0.00261717
0.00437452
0.00384793
0.00250343
0.00493714
0.00938221