0.00458910
0.00553201
0.00397368
0.00497039
0.00600675
0.00420062
0.00470138
0.00627876
0.00450890
0.00402429
0.00503579
0.00550222
0.00740902
0.00536044
0.00531298
0.00512547
0.00316809
0.00512312
0.00366518
0.00781961
0.00495262
0.00508333
0.00454845
0.00406682
0.00331526
0.00674206
0.00742202
0.00455453
0.00550324
0.00732544
0.00468795
0.00412108
0.00580744
0.00602483
0.00348583
0.00391386
0.00555406
0.00585730
0.00459115
0.00338816
0.00391415
0.00384603
0.00444355
0.00330018
0.01108037
0.00493669
0.00766164
0.00480837
0.00551433
0.00378528
0.00414445
0.00410179
0.00525539
0.00582829
0.00771267
0.00429264
0.00509640
0.00472978
0.00727314
0.00537080
0.00481431
0.00495078
0.00358753
0.00477125
0.00444321
0.00435745
0.00378343
0.00444747
0.00445979
0.00432460
0.00619225
0.00644006
0.00430533
0.00464730
0.00406823
0.00544207
0.00659192
0.00538131
0.00652753
0.00498862
0.00397182
0.00753416
0.00918511
0.00566612
0.00457545
0.00754758
0.00536237
0.00455196
0.00324572
0.01009448
0.00861647
0.00340121
0.00603419
0.00569474
0.00620301
0.00763622
0.00610496
0.00524188
0.00710122
0.00468534
0.00572344
0.00575630
0.00569932
0.00386638
0.00611114
0.00619289
0.00466012
0.00444780
0.00578461
0.00507462
0.00655203
0.00527795
0.00380784
0.00717693
0.00695679
0.00394951
0.00305852
0.00563398
0.00355764
0.00462915
0.00694179
0.00475844
0.00526861
0.00420587
0.00620602
0.00897773
0.00404336
0.00516610
0.00561031
0.00527688
0.00383986
0.00406740
0.00536087
0.00761349
0.00668231
0.00803323
0.00350843
0.00575556
0.00563911
0.00576389
0.00408399
0.00542950
0.00448384
0.00389193
0.00499413
0.00324609
0.00651896
0.00545461
0.00623808
0.00321821
0.00396687
0.00671525
0.00415294
0.00628147
0.00550078
0.00569665
0.00452091
0.00598366
0.00543353
0.00479585
0.00353522
0.00472333
0.00424480
0.00409154
0.00506737
0.00388391
0.00680194
0.00450098
0.00382410
0.00398280
0.00359131
0.00347120
0.00619730
0.00520293
0.00488849
0.00661123
0.00323202
0.00484659
0.00804117
0.00409997
0.00547588
0.00563495
0.00612742
0.00448170
0.00512086
0.00929841
0.00484659
0.00410419
0.00529714
0.00360611
0.00585431
0.00409893
0.00492789
0.00467243
0.00802012
0.00671804
0.00702036
0.00585993
0.00682954
0.00561220
0.00582990
0.00651971
0.00645603
0.00493697
0.00539104
0.00494930
0.01000522
0.00483675
0.00533930
0.00718998
0.00467993
0.00511021
0.00483238
0.00561036
0.00419439
0.00807359
0.00553367
0.00338447
0.00586887
0.00365937
0.00656262
0.00863262
0.00474338
0.00489837
0.00487924
0.00344373
0.00642416
0.00379025
0.00569043
0.00381371
0.00664729
0.00411084
0.00358460
0.00567680
0.00483271
0.00524546
0.00384756
0.00478746
0.00526141
0.00885670
0.00689588
0.00414627
0.00323041
0.00393379
0.00567084
0.00542866
0.00677051
0.00419981
0.00534497
0.00521665
0.00560621
0.00296038
0.00331552
0.00561256
0.00494011
0.00399344
0.00564579
0.00615940
0.00337078
0.00602131
0.00538550
0.00596854
0.00413923
0.00442289
0.00546581
0.00409493
0.00426495
0.00358014
0.00461060
0.00416744
0.00377325
0.00458910
0.00553201
0.00397368
0.00497039
0.00600675
0.00420062
0.00470138
0.00627876
0.00450890
0.00402429
0.00503579
0.00550222
0.00740902
0.00536044
0.00531298
0.00512547
0.00316809
0.00512312
0.00458910
0.00553201
0.00397368
0.00497039
0.00600675
0.00420062
0.00470138
0.00627876
0.00450890
0.00402429
0.00503579
0.00550222
0.00740902
0.00536044
0.00531298
0.00512547
0.00316809
0.00512312
0.00366518
0.00781961
0.00495262
0.00508333
0.00454845
0.00406682
0.00331526
0.00674206
0.00742202
0.00455453
0.00550324
0.00732544
0.00468795
0.00412108
0.00580744
0.00602483
0.00348583
0.00391386
0.00555406
0.00585730
0.00459115
0.00338816
0.00391415
0.00384603
0.00444355
0.00330018
0.01108037
0.00493669
0.00766164
0.00480837
0.00551433
0.00378528
0.00414445
0.00410179
0.00525539
0.00582829
0.00771267
0.00429264
0.00509640
0.00472978
0.00727314
0.00537080
0.00481431
0.00495078
0.00358753
0.00477125
0.00444321
0.00435745
0.00378343
0.00444747
0.00445979
0.00432460
0.00619225
0.00644006
0.00430533
0.00499144
0.00481574
0.00377377
0.00485910
0.00549161
0.00617834
0.00482155
0.00538927
0.00315066
0.00322259
0.00557695
0.00515372
0.00349154
0.00384826
0.00712135
0.00551519
0.00511085
0.00542869
0.00391923
0.00705057
0.00765222
0.00582109
0.00427123
0.00577881
0.00408319
0.00382997
0.00489842
0.00296031
0.00619295
0.00374909
0.00652272
0.00464965
0.00659218
0.00611597
0.00549175
0.00399899
0.00571994
0.00358620
0.00553679
0.00463301
0.00614643
0.00380391
0.00792656
0.00339036
0.00497949
0.00371997
0.00662074
0.00646861
0.00371967
0.00426384
0.00411128
0.00306744
0.00597985
0.00480331
0.00777780
0.00875758
0.00602623
0.00350757
0.00410321
0.00593884
0.00575181
0.00720543
0.00535234
0.00431759
0.00551643
0.00411823
0.00677687
0.00490658
0.00451726
0.00522045
0.00492081
0.00742064
0.00367974
0.00458866
0.00401725
0.00421729
0.00344490
0.00479806
0.00537792
0.00428535
0.00416856
0.00591990
0.00445481
0.00437483
0.00439287
0.00438802
0.00709347
0.00393655
0.00556423
0.00310047
0.00471003
0.00794952
0.00432140
0.00689848
0.00790390
0.00733759
0.00569511
0.00586940
0.00428545
0.00411162
0.00563132
0.00516442
0.00466089
0.00583115
0.00661113
0.00717743
0.00460067
0.00672921
0.00541268
0.00757606
0.00525026
0.00477187
0.00856905
0.00327911
0.00517751
0.00665197
0.00830357
0.00759271
0.00540204
0.00460016
0.00510023
0.00766562
0.00377072
0.00447918
0.00588900
0.00517869
0.00524008
0.00464039
0.00419498
0.00412455
0.00416386
0.00561416
0.00367897
0.00680516
0.00270555
0.00698418
0.00604961
0.00481823