0.879360389611753
0.8741638135555648
0.9108258454014849
0.9104559042424486
0.9231872257333913
0.914656048127207
0.9194302202667388
0.9167515388201266
0.9255283527877884
0.9131180064515954
0.9118463823006095
0.9073036461367184
0.9206267077360987
0.9318371092115209
0.9193996257817425
0.931069100727435
0.9416600738762005
0.9433584522057136
0.9442803997945691
0.9413295056244
0.9453427399706272
0.9417189903379903
0.9554347251184265
0.957139139036605
0.9558785658049989
0.946590466367013
0.9621416144991537
0.9587683655974453
0.9594672654949363
0.9601333942169924
0.9665583588541703
0.9569570989739933
0.9685301578833616
0.9636641385912834
0.9633209470297424
0.9745230238120611
0.9703997682603661
0.9836436410655582
0.9759325571403588
0.9729292081701685
0.9697033040181688
0.9741065415720755
0.9791299619573965
0.9794589874973971
0.9785045904048998
0.9794929686364736
0.9764408752227043
0.9769439820918254
0.9798315902260181
0.9807970856188543
0.9788539490087175
0.9787282082144233
0.9774894238078062
0.9787393428037664
0.9841679540440771
0.9820918516813737
0.9834283161405325
0.982170449379066
0.982617917455109
0.9808519101037373
0.9799165273385242
0.9814127147062663
0.9819619061966316
0.9862678700074123
0.9837381238296307
0.982587781057413
0.9804316342990487
0.9813997310945541
0.9843942611076993
0.9851349062918829
0.9826977214732228
0.9843092867811939
0.9847673288707657
0.986100203779738
0.9807689248706387
0.9839350873803836
0.9821685893605214
0.9830203729279967
0.9869745140508303
0.983568206109664
0.9844361608610664
0.9837360794661795
0.984782784519761
0.983107146746689
0.9804866929816428
0.9872193618360561
0.9867769683879718
0.9834174342438838
0.9841032124151322
0.9802984288189641
0.9834292357931443
0.9858384631160626
0.9832089090203815
0.9844189838116627
0.9823978470442262
0.9811015776298244
0.9872266811309346
0.9829476364397368
0.9876199120634879
0.9798784336150429
0.9813953330746386
0.9844299285449891
0.9812539504515726
0.9842695560227399
0.9860989292031281
0.9837705567472157
0.9813470819045622
0.9835784217924494
0.9835841937129716
0.9840117673766916
0.987297072400182
0.9840309332123042
0.9834474475025329
0.9830128803871138
0.9832080525304235
0.9851919345857573
0.9814765785264856
0.9878143069202442
0.9855080257919547
0.9828772962838073
0.9826197653463054
0.9842370458000791
0.9856150536298766
0.9837505705585676
0.9827945194656021
0.9840955222335324
0.9830089787264409
0.986537966479303
0.9830399023683042
0.9851055792712896
0.9862424459426467
0.9846832816643802
0.9836089980844903
0.9837960707465666
0.9866850625086174
0.984571778160198
0.9844631140220779
0.9844743699896706
0.9834977856419199
0.9858461634858665
0.9820156760175967
0.9842175777462411
0.9847809921507706
0.9845050731993572
0.9844283270995908
0.985283736811596
0.983364753969538
0.9857913554281598
0.9826946916774619
0.9852950056626494
0.9859141702097663
0.9858268810341131
0.9791786280202548
0.9831585030609727
0.9845263311219409
0.9841966760565625
0.982263657221715
0.9856151993502913
0.9812086092064964
0.9859722720527618
0.98400885737837
0.9842740464650032
0.9803136201384439
0.9819196751239839
0.9860495001400789
0.9844382900925077
0.9815518043785965
0.9851624003597125
0.9827880173264677
0.9848893939011417
0.9794904152868233
0.9823026434069123
0.985047279818476
0.9819339531613597
0.9848334338765787
0.9860392548112575
0.9851607053539155
0.9830398943323831
0.9815022757986093
0.9858094450976119
0.9841294463310898
0.9807607533251503
0.98441270797186
0.9826071764586182
0.982115139145903
0.9868219581614196
0.985375845561067
0.9831432291437607
0.983836994867373
0.9809776953614491
0.9847337355918409
0.9859698496668835
0.9842465017407469
0.9831857699537833
0.9867039213162421
0.9861347225038043
0.9849789357533116
0.9824302632289627
0.9861474290774903
0.9833956021201214