0.8539536463966637
0.8393170661131174
0.8664683764476987
0.866626589033211
0.8940242630416008
0.8871560697471378
0.91123050970818
0.908336389853652
0.8981273964217759
0.9065248667149192
0.9294183248530462
0.9258878772470542
0.9384299346529414
0.9560542364139982
0.9487747816966636
0.9578619908306384
0.9634715034763213
0.9620778704079332
0.9649141537455115
0.962064888881742
0.9655946172223429
0.9646433482618093
0.967611076034486
0.9648273620366122
0.957638698665019
0.9589541565311294
0.9621953955830184
0.9683042256783304
0.976110871767541
0.9624930134508511
0.9714946443808
0.9610636203627415
0.9725916993465041
0.9693688286726271
0.9540711989838405
0.961789503056619
0.9656269479636238
0.9586052179561352
0.9710876516065637
0.9636945229371482
0.971040099022429
0.9742973246701432
0.9742081832755164
0.9714252348275602
0.9666972200357563
0.9680369823261306
0.9723678236987453
0.9811128580606541
0.9782528865570278
0.9716934527898509
0.97528023578584
0.9780731642993572
0.9697290361387954
0.9744318974261251
0.9759854879211974
0.975964100655424
0.9824638165586655
0.9794226318311532
0.9810196279958003
0.9792817655071208
0.9797389868897018
0.9802590311414786
0.9809993492474716
0.9772974014122259
0.9826344842130885
0.9834885289350556
0.9807603401123736
0.9840072876437677
0.9856840374146114
0.9788765018996327
0.98382015708116
0.9814563567909917
0.9872327030122144
0.9857589850445327
0.9826419100547783
0.9833698347812329
0.9833888169739822
0.982223332444842
0.9869722989118078
0.9841841697094119
0.9852189437303293
0.9849666838824958
0.9816049766474332
0.9853052795608409
0.984439267110286
0.9844760957811147
0.9826310559607373
0.9870993546125115
0.9834851001280136
0.9841986298991349
0.98357183051283
0.9835519705451099
0.9843921004614067
0.985055532290954
0.9852099853816152
0.9842731513057069
0.9870101642166976
0.9848024889847048
0.985789494218378
0.9831424367511242
0.9825442464976147
0.9845800687913352
0.9831074396768947
0.9887312524241532
0.9874180802670631
0.9846522787963208
0.9813282588941411
0.9852952775042313
0.982792004386943
0.9832464563324187
0.9855089833390774
0.9848359437377182
0.979805988410567
0.9862771220225557
0.9841092223488848
0.9849200607806143
0.9855143562521945
0.9847050735165288
0.9826386931194661
0.9837312204008991
0.9822903849050176
0.9827692433430906
0.9851212580255477
0.9829730848546719
0.9856867834070041
0.9812735349534397
0.9846421511125741
0.9847119386741052
0.9832149581745638
0.9853110442892202
0.9819252938872238
0.9826826234742064
0.9852935580332786
0.9820380473554019
0.981203149815249
0.9818834792947722
0.9814500680618533
0.9828109214522712
0.9844656317114893
0.9866246300928853
0.9858974121842149
0.9812227712691489
0.9807464147284877
0.9832264037804569
0.9849803160844322
0.9866718647537952
0.9835602759201869
0.983487719520469
0.9851062027709788
0.9871181178437992
0.9867422699190229
0.9831078844702951
0.9811560177703147
0.9865716011007946
0.9866154679723402
0.9832667235796216
0.9839090860744263
0.9853793729405959
0.9851874699970878
0.983559475430244
0.9867502575533377
0.9887027821499172
0.9815866189218625
0.986456852757482
0.9828232007780794
0.9848262948907908
0.9815021919223018
0.9843471290549654
0.9873836077423561
0.9805798764441456
0.9814398239707893
0.9831438955192248
0.9821878872704779
0.9836690677634732
0.9850531001564279
0.9828356189237901
0.9846730299883721
0.9839481092927165
0.9859414469218648
0.9825544697953373
0.9828557569649797
0.9834395066279956
0.9846596538781404
0.9836554919388587
0.9845142567796223
0.983060318507453
0.9827817933427963
0.9845417266639528
0.9865704118500053
0.9846108895159312
0.9824261376704279
0.9854776316115484
0.9872858766965211
0.9804371176690121
0.9823792577314134
0.9838184183209215
0.9863009312216166
0.9860312550754063
0.9802906221500156
0.9821565705650603