0.835667870780716
0.8592484364101953
0.8592542450088455
0.8506629055267193
0.8876764481598416
0.8735197546944892
0.8860805116779896
0.8869548170228693
0.9049878363207469
0.8802975450036908
0.8892891331809204
0.8999247499961076
0.8965926260793218
0.9041984026211425
0.9152405527415758
0.9173666021727591
0.916250883155968
0.9223957289457887
0.9355061381249746
0.9466084009060158
0.9485309415971135
0.9507801756528831
0.9619610368899784
0.9561250814638282
0.9641673894823465
0.9557931575522939
0.9638450759913195
0.9573863910865587
0.9589499718591133
0.9607094112252312
0.968264600548144
0.9674010366799471
0.9657041296088716
0.9715572789279261
0.9622083882665787
0.9606236686901287
0.9766645565825398
0.9721778440207567
0.9708634916769059
0.9727145770256004
0.9714522497251568
0.9738453928782618
0.9739604857798295
0.9669963851881118
0.978300638961768
0.9731128419788716
0.9738129107212012
0.9799942979152183
0.981681805432973
0.9806807204299315
0.9849650119963694
0.9836149154235718
0.9844473914226021
0.9818797208716172
0.9838730827886885
0.9822977869132026
0.9849746219254645
0.9844538320201148
0.9846681878030548
0.9836535220887656
0.9836265725214265
0.9855127960068987
0.980759577901819
0.9834119083754704
0.9828063393978141
0.9813758004240914
0.9862174638463722
0.9835262880856882
0.9802444010251634
0.9801974196137176
0.9854483681365754
0.9784946708618629
0.9837763192228466
0.986353385107417
0.9845540367197585
0.9823691194511703
0.9833728956926591
0.984666576802639
0.9831895608972933
0.9870093100066686
0.9850877173781569
0.9851285669414951
0.9830046866846481
0.9859258141792909
0.9856660105106693
0.9835202292570376
0.987699167662135
0.9822683237057105
0.9815336694872034
0.9834359078034512
0.9834491603462365
0.9825562236690739
0.9864029692350006
0.9823174899219995
0.982106657745802
0.9845241299995756
0.9813381151159565
0.9797217824852715
0.9822291964086929
0.9784989690853381
0.9821607516483367
0.9834480937217556
0.9839519837361392
0.9826879108156312
0.9853813075978255
0.9865351057161464
0.9836620850852321
0.9866042544645068
0.9810148572344353
0.9829603806527315
0.9835893664494714
0.9845623283830766
0.9825622956269977
0.9821367167533187
0.9825214300375045
0.9829410937507923
0.9787116803189626
0.9835810888551209
0.9850880647091401
0.98159722938983
0.9831742161457009
0.988572802544145
0.9813984821912733
0.9843299017305146
0.9838718121251415
0.9854443566018638
0.9846590108653658
0.9831672383524476
0.9858415645637788
0.9816718542135827
0.9832774068844802
0.9861389771149369
0.9855027960158215
0.9823488497988966
0.9845614967858656
0.9840581988290126
0.986397594959619
0.9863378085723569
0.9818336191800696
0.9862304939880652
0.984779935253453
0.9861743365245489
0.9836815654095251
0.9853439378327176
0.9853967774938539
0.9867580617193668
0.9846192610428126
0.9842314036654878
0.9836783146183369
0.978385610685118
0.9814592930122616
0.9859239946759965
0.984381896335629
0.9879799340806302
0.9854713569440198
0.9829866349369898
0.9813672392487747
0.9821719600661273
0.9847332693477362
0.9822249853250361
0.9840906697090165
0.9837720367905647
0.9839486483503579
0.9852373237662054
0.9841351414814777
0.9841423007059451
0.9853509758023995
0.9850293071170729
0.9849841113470766
0.9834396360646445
0.9826469064629576
0.9851837783158534
0.9836440676328125
0.9875217109350325
0.9822909171720658
0.9817591578322823
0.9829048094500373
0.9814727925668828
0.9811167820282717
0.9867809438847128
0.9809461564801093
0.9846464076405222
0.9856388363205977
0.9834804807408213
0.9851511808928819
0.9842316602886635
0.9823634535492597
0.9826023483280539
0.984230123603526
0.982261399520935
0.9796981088422718
0.9829865693452469
0.9856588006870534
0.9818506889241015
0.9858843670652183
0.9880279860819081
0.985774661903687
0.9808040859959839
0.9827236432712512
0.9835620502277278