0.8812343883798681
0.905174456846899
0.9133805408066177
0.9034484981520415
0.8947859318772103
0.9144473731513384
0.9158831790216913
0.9316778944520578
0.9309032146211443
0.917202572694559
0.9440232313878731
0.9435810611981439
0.9579006048230341
0.9642296584831321
0.9609589746057381
0.9596345704749838
0.9546964783456001
0.970947513796031
0.9593643423623037
0.9523628739917811
0.9611863858183214
0.9638118376623028
0.9609457465313861
0.9717116764797528
0.9649448344722938
0.9625526070755199
0.9654728727617757
0.9745195623554425
0.9717271034247923
0.9634529006725588
0.9630985854891398
0.9656725242012476
0.9749551674777972
0.9689663794277691
0.9695021396816966
0.9676062581983446
0.9696057131375159
0.9681662037406755
0.9701804733133783
0.9669617381416349
0.9700291306968866
0.971972784323573
0.9711222942339254
0.9692012364681892
0.9798646897895793
0.9765367464510527
0.9773683785406136
0.9724983705461061
0.9715370171246853
0.9751347696410533
0.9655712662270163
0.9750578108541365
0.978419271041894
0.9824916889574955
0.9875940817407721
0.9858132952804239
0.9819993827080353
0.979717712173633
0.9772012492365921
0.9827127658739185
0.9793344131690839
0.9835108263406549
0.9854912415956107
0.982121692586909
0.9857536256850011
0.9826907834314048
0.9794243201282714
0.9835199968764357
0.9829511077060143
0.98411955736819
0.9852947049252045
0.9837285605081459
0.9826378965471103
0.9846595908923694
0.9825002877123667
0.9870083318084348
0.9839728459896874
0.9835921104487888
0.9811291523041649
0.9808543740863197
0.979767007897919
0.9823434844417982
0.9845765560498867
0.9837226647629496
0.9863640257865304
0.9810519424176062
0.9848131977440134
0.9830050335278528
0.9839625760793504
0.9849543219426757
0.9845893778249932
0.9821616245749425
0.9831867349808605
0.9822206153309065
0.9837219310947499
0.983337539882842
0.9829180932435123
0.9831831558540948
0.985141731755351
0.9848264605217486
0.9846313230892012
0.9839358273922458
0.9850386240490784
0.9848013775645328
0.9855101792299078
0.9824218280374106
0.9833750647708749
0.9825715879718429
0.9839288850335008
0.9847194945900856
0.9832249784040873
0.9844119137411144
0.9856178119376741
0.9825106242313438
0.9838073136279013
0.9782476325597455
0.9826687467915629
0.9831044229083935
0.9872794315892162
0.9836276662978136
0.9875466247330285
0.9838078791755723
0.9848894693828246
0.9823979842774885
0.9840326516235421
0.9824926061978106
0.9846414410417159
0.9856702394217035
0.9828888659152797
0.9821509596772751
0.9853520085939022
0.9861221326633194
0.9828227433588087
0.9872366014327605
0.9827340501656924
0.9839134940918257
0.9824408043610301
0.9846532900212773
0.9850256133015864
0.9820841620107253
0.9864271456461593
0.9858481975057873
0.9833063230316568
0.9865975120202806
0.982925601093186
0.982520785226717
0.9834366948318096
0.9827459150071257
0.9856115855507587
0.9812630264443004
0.981426698339813
0.982588707978973
0.9848355132939307
0.9832839212918111
0.9836361099391026
0.9833036532977668
0.9821225194184473
0.9855078254411057
0.9834376185479335
0.9842812842255941
0.983095992006037
0.9861002146595219
0.9851401715557263
0.9866071809438197
0.984412961494324
0.9827973261299312
0.9853379212132188
0.9832345569968086
0.985282778887987
0.9836324662921094
0.9883460436972649
0.982970683149932
0.9832111373941149
0.9844301496258376
0.9833183828404255
0.9820972939997725
0.9845727598937564
0.9874405037146283
0.9867993049901785
0.9829648294473385
0.9808324712833658
0.9828147493965809
0.9834031080756186
0.983225723596816
0.9849559887496229
0.9819084650705757
0.9802919535483895
0.9841599486172027
0.9844110460967849
0.9833620989531853
0.981083759520033
0.9801098858008868
0.9847105979068681
0.9850860816318203
0.984405949499288
0.9844774954862052
0.9805144728265411
0.981878448094158
0.9838683790639297
0.9828774289105112