0.8745164277802605
0.8925958597177359
0.9032300931642756
0.9005448699119715
0.8951228028119883
0.906831761466632
0.9104827856580947
0.9117612030549079
0.8938507409274271
0.912279474530122
0.9102704594591815
0.9063114055059036
0.9144702369483637
0.9217048713938817
0.9040545529032431
0.9275784698848991
0.9197489580611412
0.9248639309345833
0.9432661948085527
0.9427095317238525
0.9390579817468189
0.9427185063583459
0.9384519201305708
0.9450052530785422
0.943712110188484
0.9497632578820274
0.9499304062417083
0.9586919685834004
0.9548797857789139
0.9613873385396914
0.9560998279228456
0.9525538533713533
0.9611446323201257
0.970016119036435
0.9530169004774174
0.9751923626895126
0.966005440688649
0.967391220135098
0.9702288636772793
0.9667415758288328
0.9642568141057041
0.9639011382909
0.9715352178712299
0.9712418463693979
0.969070986654232
0.9742141622674143
0.9713346188008763
0.9693476287838035
0.9659969678824766
0.9788630053408578
0.977462220893674
0.98046449661386
0.9746199394695811
0.9798011516504788
0.9770602883104985
0.9665078897493962
0.9738191122219294
0.9772664929995665
0.9765475744396115
0.9795673008171655
0.9798922846021075
0.9832106921666814
0.9812167862560299
0.9760985766796986
0.979092274969277
0.9762909635143684
0.9777488120434197
0.9787342878879892
0.9845122207165545
0.9809553628529468
0.9813245485274246
0.9815040255316854
0.9852760235301138
0.9818908355925735
0.9807955121168226
0.9791660558357322
0.9791899987539533
0.9784602326617189
0.9789895332109317
0.980939706846183
0.9788347016884955
0.9833751218686665
0.981212743456275
0.9822093302511248
0.983325471773682
0.9809764980159033
0.9824418486586889
0.9803682527296087
0.9842330042124385
0.9838534112125888
0.9806639090453149
0.9825642423275643
0.9845354849421234
0.9811255006876587
0.9814700690609626
0.9851650964136119
0.9859331901819219
0.9816446621226379
0.983694731448921
0.9828210638668493
0.9853779279397757
0.9823821382864075
0.9807338439134128
0.9841669218452404
0.9862982130340793
0.987383020985488
0.9827952178698157
0.9849474437994226
0.9847832329536037
0.9842066906973238
0.9854649527274715
0.9813069818343816
0.9809784402915775
0.9851749652951023
0.9797472279858063
0.9826677270890586
0.9865891643647329
0.9836932723375922
0.9851548125435459
0.9848847456216047
0.9878394207477674
0.9849672837057226
0.9824012353741655
0.9873090653753571
0.9856661389374058
0.9843396451052105
0.9843708331199281
0.9787960620184971
0.9807227995385129
0.9860259392651174
0.9842224760514128
0.9880411157181331
0.984761130017317
0.9839220686649235
0.9854768907635125
0.9841264052434588
0.9818854862839342
0.9850486884941472
0.9848727413722768
0.9834011792028857
0.9879068482970074
0.9844719173551654
0.9852537484657065
0.9823005409118087
0.9859974416813846
0.9839904891919212
0.9868957634810002
0.9820356264638874
0.9847600987716951
0.9897832297525986
0.9820589558598201
0.9831329221678347
0.9827681152909102
0.9857885399978293
0.9839355689558877
0.9820392333616578
0.9863639605117928
0.983690848105456
0.9858890175833026
0.9846204874463497
0.9838705381528757
0.9849378432111249
0.986068767938717
0.983927887601074
0.9855668663391393
0.9849220241742977
0.9847142544992625
0.9872093151390284
0.9846784323020944
0.9826914940763503
0.9833644928278482
0.9852005052487758
0.9783215454371826
0.9837181647965173
0.9834311678669357
0.9862408312585879
0.985549307888339
0.9846476998262869
0.9862278690161187
0.9874764870905621
0.9856726499815922
0.987535988427842
0.984744957278197
0.9873666156501111
0.9843830767944667
0.9848075013411557
0.9841700538953162
0.9803751728596737
0.9840964312984201
0.9852399174415308
0.9862901079096494
0.9857193097559326
0.9830267093605438
0.9863526281584375
0.9849517683390091
0.9814042538395618
0.9856086781136909
0.9825416226808643
0.9824796169828002
0.9869246042736036