0.873255641772153
0.889211905024908
0.8710828205019411
0.8898110689540717
0.8754651722671458
0.8806949459669525
0.8820149629875754
0.8969684742149612
0.8925107543705273
0.8874753502876993
0.8833661887284322
0.9037097943115141
0.9138820225687144
0.9289123405193439
0.926491504713176
0.942143582249717
0.9578716875176352
0.9571125666917502
0.9616098040074432
0.9573359147735222
0.9684388433717597
0.9638083047664024
0.9634676565552118
0.97564797784726
0.9695077642376819
0.9648491021103979
0.9672975322490542
0.9677902485680613
0.9729622368391909
0.9662316621575759
0.968919969240238
0.9632955574160786
0.9717317836480087
0.9752202207301656
0.9705258000286815
0.9770864924017124
0.9781576080701291
0.9747455469928065
0.9756965406847228
0.9822490308549154
0.9780323940974366
0.9803223496777439
0.9762360868935426
0.9809729291668343
0.9767200990244916
0.9783022948089009
0.9829889413528522
0.9834603651480013
0.9839614397955714
0.979215165314209
0.9839702572292072
0.9826280372857471
0.985651910505258
0.9802227189228987
0.9832293837821434
0.9819518796357497
0.9839613447040512
0.982008011674116
0.983703948415977
0.9842858163271457
0.9872297278523706
0.9854716817354767
0.9833294232729978
0.9830095403788865
0.9824151381043833
0.9852355837879724
0.9822487087337863
0.9807847112315001
0.9841791658200484
0.983606260722936
0.9809979791303531
0.9844119786520933
0.9811588830514366
0.9835529754125707
0.9833470550016767
0.9849190461955308
0.981650988209131
0.9840670081328105
0.9835873451259384
0.9824280292206419
0.9829834657392393
0.9835768292279561
0.9839584792323579
0.98193261989445
0.98227577745297
0.9869899311458711
0.9826316338375688
0.9833782608401497
0.9856861658546535
0.9857175971988562
0.9860279271700076
0.9839045869712275
0.9835494181713201
0.9820730754571023
0.9820682672676293
0.9835054103035361
0.9835528118399864
0.9825405743194413
0.9829219759389514
0.9822669053865967
0.9837740699828226
0.9832083062251659
0.9831660241798028
0.9855582188726797
0.9833422861003172
0.9811497279465321
0.984229638805062
0.9840395873547457
0.9828254699413307
0.9856005453075768
0.9828482375642719
0.9862456431165217
0.9832154829230899
0.9820603012727566
0.9852980062860328
0.9845955443184441
0.9789935004351364
0.9845557153154327
0.9835677646552489
0.9821782119857635
0.9850856809587958
0.9821560524827097
0.9834657510420951
0.9859263962279969
0.9839050080545177
0.9807176834989053
0.981000436411129
0.985092681191598
0.981323101000569
0.9846145828477517
0.9871939067605845
0.987506633403076
0.9868955893877706
0.9814528619082141
0.9811285093140623
0.9814408412715196
0.9804970043636743
0.9825060023597767
0.9837558696650196
0.9854532581267738
0.984121979883632
0.9834367924460848
0.985306818708131
0.9822715390963122
0.987709090273304
0.9791883092210069
0.9839845266205807
0.9828752147106807
0.9865393693698296
0.9840945863001653
0.9837635722327706
0.9832971517624235
0.9845864019871955
0.9839035593657056
0.984815966270688
0.9815726796783127
0.9805724580169465
0.9824072598594813
0.9856682122509807
0.9832353996654714
0.9829305793269395
0.9836191654837211
0.9846399035258021
0.9853963890010391
0.9822789374196419
0.9834577884944425
0.9812370928626796
0.9807119608261032
0.9879886232118699
0.9847363131858583
0.9826864225862078
0.9817305577127401
0.9835255749894998
0.9846352112171275
0.9829663177624116
0.9843579710839677
0.9827995059978883
0.9842870638854202
0.986809749531682
0.9859578728261379
0.9820639626074573
0.9885240935627503
0.9831888219331907
0.9807909983728474
0.9874337315550997
0.9810271387365441
0.9857208376140874
0.9861415431321361
0.9832315854556657
0.9822926396819582
0.9855185111316093
0.9855564362048834
0.985586650533757
0.9857255055048236
0.9839324487580414
0.9807242948852839
0.9823686916648577
0.9847120187563576
0.9862298256713636
0.9852424881730784