0.868082212876875
0.8950180521867382
0.89954779905204
0.8920679419042779
0.8888093232529585
0.8865892981788829
0.902030118179737
0.9032988699071882
0.9099058462799923
0.9012243581948682
0.9071728809044589
0.8982698763352579
0.9035381383595363
0.8976125304966438
0.9153567785791314
0.9143141994414313
0.9183615869895568
0.9223443499168721
0.9340857189534405
0.9221387780209789
0.9465499558996369
0.9307361887179034
0.9307152124810325
0.9272813884365725
0.9332059007187273
0.9409563055464772
0.9359546848836833
0.9448991385898796
0.9522110546967697
0.9499957586777519
0.9601423206769034
0.961732299528917
0.9527150630017678
0.9664540192809409
0.9648049004088196
0.9634842642225954
0.958339633812129
0.9675406426912696
0.9741119470859735
0.973173395256071
0.9679419709949335
0.9743670347214562
0.9717750087822132
0.9716664179216226
0.9684185900351803
0.9777516911592015
0.9758858702769725
0.9770037957519017
0.97975460141919
0.9830937928182767
0.9785333064986859
0.9748113599793872
0.9757385114450041
0.9806552486829072
0.9766665552691279
0.9811307786450868
0.9807803660374931
0.9760728159215583
0.9794236932537186
0.9817856999022707
0.9840245240403435
0.9827237609779221
0.9791326286050984
0.9833538154782653
0.9829863271767756
0.9817252703124604
0.9855210426672179
0.9843093451795576
0.9870470181873331
0.9841249152158028
0.9867445787507572
0.9810544227656757
0.979121346619413
0.9851720550545299
0.9826939408865976
0.9835324911057483
0.9828894954285562
0.9843914890893822
0.9853091703936765
0.9823312378540598
0.9847523276897883
0.982280862347865
0.9830952322756259
0.9841468796477025
0.9864044994893792
0.9819670032152821
0.9826357056180983
0.98427376084804
0.9879918836078531
0.9846320239578966
0.9838451510789598
0.9859669808194372
0.9838144734072846
0.9833594956382079
0.9827789915713983
0.9839092809082698
0.9845472816334068
0.9859462125847507
0.9854826321066789
0.9805476461326079
0.9824917677392975
0.9836170103566912
0.9841778559178054
0.9857377828628344
0.9833961300501464
0.9851434826483567
0.9841194710438789
0.9829913146333886
0.9868646421600192
0.9857641878579849
0.9856874503771781
0.9860611828188529
0.9840520420796285
0.9834688352434208
0.9859525980203884
0.9846031656413252
0.9851712549754478
0.982620853409808
0.9833424224793264
0.9830323838806401
0.9822544870408252
0.9797443439052942
0.9841943593258917
0.9849873034383521
0.9843785685186869
0.9826956785306424
0.9831452259519021
0.9866830832308452
0.9848727947248925
0.98356308988067
0.9843753065503003
0.9857277076042124
0.9835761574474684
0.9843859599672917
0.9849546756048031
0.9850498193366289
0.983653895335407
0.9804543115499287
0.9830097702684004
0.9829008783401534
0.9846116305889206
0.9816051670278099
0.9877261762507018
0.9812780420603926
0.983193707413776
0.9868292023654331
0.9859722157936825
0.9843816543982138
0.9846370988558916
0.9818887800955496
0.9832355121741634
0.9804064767790385
0.983114945498469
0.9832080780806025
0.9841387787318635
0.9855716833116187
0.9846770967358813
0.9852116504464103
0.9831380056164386
0.9841079850279154
0.9873777102398182
0.9859309853462261
0.9846171194278067
0.9824134520582777
0.9840874120606169
0.988781572349827
0.9846833218626427
0.9818665174254838
0.9831459700732097
0.9830478876019292
0.9862753633784206
0.9821106466282391
0.9816024639119167
0.982838314694455
0.9820735095033516
0.9846969091101597
0.9861175831579072
0.9853782645605063
0.9846085492580917
0.9845768385433378
0.9857710563998139
0.9817941008966833
0.9821156929697726
0.9860925637388287
0.9846218170918378
0.982845879157247
0.9831888234022351
0.9825361540071811
0.9839393478464474
0.9816102453686859
0.9829500941928591
0.985523370496723
0.9864053677391396
0.983467416935259
0.983567865743139
0.9824734726331661
0.9825978136658264
0.98451105801192
0.9815480807085933
0.9819769078044789