9.520292975140657310e-01
9.507483758718067168e-01
9.485273482176149740e-01
9.663527958250688332e-01
9.411154494891806888e-01
9.395485046130300777e-01
9.548849926916868069e-01
9.511605783011713999e-01
9.603815010160527965e-01
9.582678252534820862e-01
9.515900250371577274e-01
9.493989829688005422e-01
9.486756155893022457e-01
9.561153559663208013e-01
9.543875440944052935e-01
9.412491042298246624e-01
9.521773504977693037e-01
9.509605709752322333e-01
9.518948017034659648e-01
9.313599051185346145e-01
9.596333622999430046e-01
9.468560442192742732e-01
9.357289674140553126e-01
9.581107911735620153e-01
9.539564263204003414e-01
9.459114174901139815e-01
9.563112410986442935e-01
9.393297811411843723e-01
9.533685518742234244e-01
9.409623941242507561e-01
9.637009230252333580e-01
9.606934579747199443e-01
9.467736784233514724e-01
9.417620614456260197e-01
9.393429518985856319e-01
9.675627925877582358e-01
9.626764776944045643e-01
9.567271223974281869e-01
9.581561625848931119e-01
9.431086322334523153e-01
9.569045992099307618e-01
9.443878759788668642e-01
9.531529232473825441e-01
9.646479512579744231e-01
9.553644218702075364e-01
9.482106387004354264e-01
9.512000087580499974e-01
9.719322396254898022e-01
9.530651208481110137e-01
9.638991643959988753e-01
9.658792807316142204e-01
9.577956960179602186e-01
9.565189252990320412e-01
9.609576292301496014e-01
9.564681060249761169e-01
9.613047798300109470e-01
9.713357185570629104e-01
9.597457256077874810e-01
9.680403884375501367e-01
9.547907893491637266e-01
9.587221404678463177e-01
9.616612791971271834e-01
9.532969531354429371e-01
9.641825457211542494e-01
9.669404738563289747e-01
9.621518660951098312e-01
9.491921845979089944e-01
9.566910528554918303e-01
9.645132817415885684e-01
9.494409056012967918e-01
9.697152055110725977e-01
9.682060205508024042e-01
9.631627304393068911e-01
9.674326054517257134e-01
9.621570265616743445e-01
9.689142318113930230e-01
9.714880901552378489e-01
9.633130926928973325e-01
9.638872798451818547e-01
9.646433260517472963e-01
9.612366270008638747e-01
9.584612054777744694e-01
9.611643426651363953e-01
9.682839046791594795e-01
9.547081023298353841e-01
9.643833529678872418e-01
9.661113427078876770e-01
9.548697787661187819e-01
9.598470232107196853e-01
9.676518262308032581e-01
9.590882356008227916e-01
9.586650566585416255e-01
9.584111733361462271e-01
9.649638824463028230e-01
9.714255978214467735e-01
9.689929920929497564e-01
9.660659024490264590e-01
9.546445185147157675e-01
9.581642802613843379e-01
9.632569231058103476e-01
9.618449505707183933e-01
9.563410841218000780e-01
9.569029321535174049e-01
9.650765863796340049e-01
9.670857923302889070e-01
9.650630204734195194e-01
9.581616961286151257e-01
9.578164545962561949e-01
9.703455789111457008e-01
9.707761844185569533e-01
9.731379495185643602e-01
9.770534440647500318e-01
9.565747922175205087e-01
9.689374784648941974e-01
9.527801657625849518e-01
9.692958090525849446e-01
9.675384806013721528e-01
9.659486805601321668e-01
9.524431813836465865e-01
9.629645123583674415e-01
9.647962355627336395e-01
9.596427195363409490e-01
9.736191498103066166e-01
9.687713179547909892e-01
9.682973086918538197e-01
9.657812454297440841e-01
9.786891097668898309e-01
9.602956015931666256e-01
9.677086416504286914e-01
9.693463401072370811e-01
9.613533133247033069e-01
9.722670221549967184e-01
9.588450927346221508e-01
9.617643720181422440e-01
9.717456841003533352e-01
9.616492277686471413e-01
9.543745626577273544e-01
9.565779859502576699e-01
9.641195640692327151e-01
9.552756105390765029e-01
9.604725911576741382e-01
9.549671141197022539e-01
9.702911843846081519e-01
9.680373622393659838e-01
9.671244687958501229e-01
9.586723170790750759e-01
9.659731519464258565e-01
9.669585234554403108e-01
9.620215880380805773e-01
9.623791193354900297e-01
9.708446481900181446e-01
9.672084081684279022e-01
9.603579927487237988e-01
9.710870689657743471e-01
9.609682659051778097e-01
9.560070931348121359e-01
9.693136384903232594e-01
9.671462038940765726e-01
9.623149948278847399e-01
9.685259894299441674e-01
9.658711259310046593e-01
9.652565031966874320e-01
9.517089146277936118e-01
9.578441717521930521e-01
9.611933803542902499e-01
9.603303015400591613e-01
9.590255747232718786e-01
9.621420114762964104e-01
9.595538162927864656e-01
9.640089475200227520e-01
9.667060415318619038e-01
9.688259882864300732e-01
9.617475822209400338e-01
9.611246481461919178e-01
9.566459737677329711e-01
9.616844597083988866e-01
9.621243794943582506e-01
9.680902837085393342e-01
9.639592517675091843e-01
9.631776678798691371e-01
9.599945673063849938e-01
9.645814853021774660e-01
9.729352567694882215e-01
9.617088439621620521e-01
9.672701174937188284e-01
9.677420721633721579e-01
9.641924349628707702e-01
9.580857834315834598e-01
9.696466474730185414e-01
9.638286345492812490e-01
9.591194459828623620e-01
9.573074010455434601e-01
9.725044032490163248e-01
9.631296547394541108e-01
9.585445067747430103e-01
9.662532875750055039e-01
9.668661727233576197e-01
9.681263242255682133e-01
9.577871889240756609e-01
9.718414996639315184e-01
9.723732050155453610e-01
9.677482903680556525e-01
9.627721115045629885e-01
9.647115206790347619e-01
9.642435551593596665e-01
9.675454246637115174e-01
9.653791362981566371e-01
9.710688289737291479e-01
9.603539677212061809e-01
9.624757717508559685e-01
9.600713750594046525e-01
9.598267886748144129e-01
9.629337467275331797e-01
9.615477288143052803e-01
9.516407801439453751e-01
9.689255014487391238e-01
9.605216634542691478e-01
9.631466828513343126e-01
9.532317145013515791e-01
9.557755560264667993e-01
9.704274424389518483e-01
9.599401744771773881e-01
9.527260803063833938e-01
9.586117841689789643e-01
9.579303160256401606e-01
9.611913347241589634e-01
9.654088102148490336e-01
9.750743580260754495e-01
9.611194681526005201e-01
9.635499898419727094e-01
9.660587229166809342e-01
9.588139251715931399e-01
9.726884611769768263e-01
9.718558448129406280e-01
9.625010668982512119e-01
9.631317275897403052e-01
9.546785897625507111e-01
9.653827075543014447e-01
9.600916507791167342e-01
9.711509443139142439e-01
9.693603947918135733e-01
9.658130963391444723e-01
9.678385742210697806e-01
9.715253141754750521e-01
9.703582025915166165e-01
9.640303050187890577e-01
9.667462300568985256e-01
9.742874147987906630e-01
9.659059862793406559e-01
9.725257609151666260e-01
9.634339904359130458e-01
9.758898762630443535e-01
9.699792632725534602e-01
9.689303164863803941e-01
9.642145056208031306e-01
9.710330184021398470e-01
9.647190389825058832e-01
9.656744662057387130e-01
9.708733536032100320e-01
9.778528460897726315e-01
9.616389336886070893e-01
9.691515322144789168e-01
9.741173416206160285e-01
9.641261208202369648e-01
9.631461308905195917e-01
9.596189866900216581e-01
9.636214695210533199e-01
9.698385487492457990e-01
9.769447116100923312e-01
9.756117036257135888e-01
9.748312541857744318e-01
9.641061044220012866e-01
9.651523794591791994e-01
9.737024725108435197e-01
9.604440345347794450e-01
9.687088842447049153e-01
9.696292273713775778e-01
9.611868117385887755e-01
9.691021227443376018e-01
9.588003755236287340e-01
9.584671269634431612e-01
9.688220806052041389e-01
9.677133931528081323e-01
9.671669230511531490e-01
9.636326586121800597e-01
9.781241855119980899e-01
9.713304688369663875e-01
9.644514908781448570e-01
9.705294154212150692e-01
9.707656087824807489e-01
9.721026546499252907e-01
9.681630031884408405e-01
9.666989786637600890e-01
9.617500335116160315e-01
9.644085124458540159e-01
9.702031636108054968e-01
9.709064169212762163e-01
9.777848021193186190e-01
9.786366027561896885e-01
9.571288536521106449e-01
9.645711153324024734e-01
9.761109965056649074e-01
9.638522965757608807e-01
9.690252060078884400e-01
9.684855387906323720e-01
9.702039833943442160e-01
9.713356260496475159e-01
9.708472649267173571e-01
9.656418536844044720e-01
9.619396643030944105e-01
9.713264592786878815e-01
9.715935021338001354e-01
9.731524248326585136e-01
9.787564263053297742e-01
9.798822734826404535e-01
9.665908280306706457e-01
9.712805861014207620e-01
9.691796533669599922e-01
9.776979338015867604e-01
9.747747059384599400e-01
9.695912398538282240e-01
9.747265162221256940e-01
9.778706247236546023e-01
9.749940900513743847e-01
9.696967900995195899e-01
9.677961816509896842e-01
9.704633211487976308e-01
9.777116831591409207e-01
9.757732460242121153e-01
9.746563698488610594e-01
9.782037614639521594e-01
9.732478390332883755e-01
9.637815599035667313e-01
9.666266600762025707e-01
9.766329888940771253e-01
9.732695166768481343e-01
9.680631705465893022e-01
9.694636108101879479e-01
9.750329364325073245e-01
9.619235778890921074e-01
9.653644420646477764e-01
9.698904586911123449e-01
9.712879801668077295e-01
9.695982039793160645e-01
9.709735904903874504e-01
9.691305115965053174e-01
9.713622816960210127e-01
9.728989324406270844e-01
9.598998714731166171e-01
9.659465212604572137e-01
9.767681294528339775e-01
9.719189601033424442e-01
9.696349579552245856e-01
9.661410977513853471e-01
9.665259176010471132e-01
9.632916007990498519e-01
9.676623208844310486e-01
9.830015856525270435e-01
9.696208657517629836e-01
9.709047139303454976e-01
9.673670025062801603e-01
9.721465996480519456e-01
9.750249256929690578e-01
9.775090946248614632e-01
9.768099727604395710e-01
9.729031339801003098e-01
9.685106921737560715e-01
9.673568074678428053e-01
9.711034321740034114e-01
9.706503286209421377e-01
9.735214981470928786e-01
9.703211124348886107e-01
9.681730478102512638e-01
9.657787392701864260e-01
9.649386145280079985e-01
9.721771787295042655e-01
9.725959710909115596e-01
9.744292127263828318e-01
9.703570324848618256e-01
9.667038332125978961e-01
9.685192021322122091e-01
9.738270383672965602e-01
9.733759229801602908e-01
9.733225096213230509e-01
9.612001775045656560e-01
9.698217864411664557e-01
9.599069997181424174e-01
9.685489581560123851e-01
9.640995581975433382e-01
9.715581009333053020e-01
9.665411862693187306e-01
9.695761182450332027e-01
9.770982503655054607e-01
9.722287994327944993e-01
9.830428143346563452e-01
9.776287294295882280e-01
9.658758807539661317e-01
9.727401104321623526e-01
9.755043828646727810e-01
9.761251801305880216e-01
9.707844675380269406e-01
9.753997975966894884e-01
9.725386297709374128e-01
9.683458157006235023e-01
9.773983677881850074e-01
9.756966356111925753e-01
9.707941604984848816e-01
9.786331097587530614e-01
9.635962315776199771e-01
9.744668715570021789e-01
9.679327368468929604e-01
9.639790208491340051e-01
9.746319625426344002e-01
9.719401923119065367e-01
9.646794305061895392e-01
9.741623074180871811e-01
9.595327251871836882e-01
9.688332614887655847e-01
9.693677075678074351e-01
9.734534838672539436e-01
9.698169982726043692e-01
9.723688711485215519e-01
9.756733967300056376e-01
9.739328140552910851e-01
9.670700842706032585e-01
9.640177572097499148e-01
9.666632118848760280e-01
9.747385402482191541e-01
9.703108841682260843e-01
9.747266446263529449e-01
9.727186878869804598e-01
9.722294418214728617e-01
9.660140030456897398e-01
9.749162075851355302e-01
9.737640937432299193e-01
9.695330798413719364e-01
9.660761847338895647e-01
9.744957368528843755e-01
9.658060774261596482e-01
9.747868229762617354e-01
9.691646282077188701e-01
9.666448025532774491e-01
9.668212371201785338e-01
9.676662742143424811e-01
9.776635321789319821e-01
9.687186054965393200e-01
9.678316547393167601e-01
9.639092811434921693e-01
9.626541542457794920e-01
9.677574628467877638e-01
9.745198579177412057e-01
9.655835910223963259e-01
9.737798632477202565e-01
9.615819814909316587e-01
9.721827495867910729e-01
9.674744895237890052e-01
9.769209442152417822e-01
9.717911477042378010e-01
9.748725863437769368e-01
9.713880076682953613e-01
9.636788533943939639e-01
9.694413059503529384e-01
9.670448215897264888e-01
9.689634159051985218e-01
9.674236976524364096e-01
9.654596061654803218e-01
9.651758170644109125e-01
9.690417578993986147e-01
9.740747982447166553e-01
9.842069592079017992e-01
9.727828989335864929e-01
9.678354035872720473e-01
9.691285947481577123e-01
9.712193807351400254e-01
9.690929520901722105e-01
9.727485275407772303e-01
9.641200561657399248e-01
9.641301439904685910e-01
9.609174780298893603e-01
9.752850038324990534e-01
9.618330160951906738e-01
9.710729385160761229e-01
9.718056918353157325e-01
9.636038462852305475e-01
9.672048512918409724e-01
9.747355659976701947e-01
9.767070691533554783e-01
9.625306536409670155e-01
9.650682885585449844e-01
9.648367208419085239e-01
9.676740531098063647e-01
9.640489794342421703e-01
9.696275119119331931e-01
9.643106449338396668e-01
9.728170587585881490e-01
9.731908191843959832e-01
9.733305061502490751e-01
9.689297054367190798e-01
9.687421392014253785e-01
9.701545598422376404e-01
9.691245731333405500e-01
9.823914757650594742e-01
9.720391702418388347e-01
9.676187261969448894e-01
9.701131400643632219e-01
9.758224903146188733e-01
9.730906931148672889e-01
9.655976581178506990e-01
9.691123783826828264e-01
9.676321967808422242e-01
9.752580702411717262e-01
9.638753045985184453e-01
9.731241842084692450e-01
9.750179792874491547e-01
9.734619648475058007e-01
9.680437185833496994e-01
9.753238316776099426e-01
9.752606036242910115e-01
9.720523543784139742e-01
9.734826439562153100e-01
9.700498973778861611e-01
9.604417336655025617e-01
9.740328121409858042e-01
9.800398606233384768e-01
9.702860747534480801e-01
9.733635938238193175e-01
9.725650515671226959e-01
9.712854733052702638e-01
9.743126937091023398e-01
9.800513999353017702e-01
9.799694677850400160e-01
9.676359506698888335e-01
9.728244419509198826e-01
9.667472499124803997e-01
9.661967590974672726e-01
9.714069799447209164e-01
9.653202288721095536e-01
9.729027722812152446e-01
9.692750487341429411e-01
9.777137455186709625e-01
9.610235663855319910e-01
9.701542893780452648e-01
9.690407065042435653e-01
9.717522603914694468e-01
9.671294672253378799e-01
9.706653960841359341e-01
9.709159259132097430e-01
9.654230714956887338e-01
9.716688649922129439e-01
9.725920251336629407e-01
9.707114892188269950e-01
9.714244196735956072e-01
9.691530840005139202e-01
9.741981284153147236e-01
9.663944466754014195e-01
9.603850542316577643e-01
9.704390400393496652e-01
9.693142811990379526e-01
9.689743343566200595e-01
9.730923337429626674e-01
9.699057061966834814e-01
9.707880957443272285e-01
9.729679912833479882e-01
9.685520140597151384e-01
9.658871022532395934e-01
9.713120519858441382e-01
9.701800963059986627e-01
9.785792360004076373e-01
9.709541670168910787e-01
9.677791628510464816e-01
9.713615748592289156e-01
9.688077568991779742e-01
9.771530969928629018e-01
9.711501935598658708e-01
9.708655902029579288e-01
9.619659918800170795e-01
9.699485442861026652e-01
9.764364125785962578e-01
9.624651083325282963e-01
9.697312889205478292e-01
9.704262581641549534e-01
9.751417848493860729e-01
9.721150722816118694e-01
9.715523327615761540e-01
9.665394674282454801e-01
9.708750926504353673e-01
9.642222653822278833e-01
9.617462641743405038e-01
9.653604614317277122e-01
9.700634343346665744e-01
9.687004020427623097e-01
9.688777093974074717e-01
9.768707465624905106e-01
9.721393680158317840e-01
9.746677388407941622e-01
9.741963843779265497e-01
9.739936734077287994e-01
9.722042923686318172e-01
9.696458551216297073e-01
9.671272048981763847e-01
9.605454480598484279e-01
9.767142959745294117e-01
9.683845886406835524e-01
9.717087443388885415e-01
9.695406856798678419e-01
9.736830011248518435e-01
9.726402167601836402e-01
9.668076060612494915e-01
9.705527673467524430e-01
9.685087583725129345e-01
9.709686485983920479e-01
9.703510951123240913e-01
9.695445509994332633e-01
9.663467039857441820e-01
9.684239302364063828e-01
9.670386414744952530e-01
9.688364759972809548e-01
9.711913720454012910e-01
9.720253598498632686e-01
9.645398271837508641e-01
9.752388990541244196e-01
9.799090323486489007e-01
9.718265410863266007e-01
9.691170211125316181e-01
9.744732210942244066e-01
9.691875729607158929e-01
9.765987804217104440e-01
9.668210216065885598e-01
9.661649306714417129e-01
9.635157465279717837e-01
9.718801571266481032e-01
9.778442046536492960e-01
9.727657121468422652e-01
9.702080009121695214e-01
9.701061662145644693e-01
9.747223154439269566e-01
9.739114078216521975e-01
9.777558250982589794e-01
9.773170024781997478e-01
9.710768061197780909e-01
9.686501692565206989e-01
9.698260161225878973e-01
9.687041656767639841e-01
9.723125942992193460e-01
9.776003275596133468e-01
9.704554071544585492e-01
9.758874176524193755e-01
9.689245037253668702e-01
9.728686162307299545e-01
9.706382672392357414e-01
9.681821193669764014e-01
9.763867125148751880e-01
9.788270966164112075e-01
9.629435246770980950e-01
9.798168521358882055e-01
9.742496784865921633e-01
9.779758112566309114e-01
9.752623733492575830e-01
9.763447644632045064e-01
9.678755637829249414e-01
9.802493507447490595e-01
9.733224947104381908e-01
9.730932086468433440e-01
9.733937207408825953e-01
9.685552984977066071e-01
9.628368790775586605e-01
9.709696819845702320e-01
9.722432120374567832e-01
9.696535870607262408e-01
9.731216151089605582e-01
9.743752008147521515e-01
9.662100935897810494e-01
9.738856966489929379e-01
9.669275340285865550e-01
9.747708423704343206e-01
9.711835677990745541e-01
9.749789515807679718e-01
9.776198671450654354e-01
9.757863976383266413e-01
9.725398154069317957e-01
9.711932898220126953e-01
9.791207695144198420e-01
9.740254364150366939e-01
9.630049281969061958e-01
9.712511394893310612e-01
9.746974520341331605e-01
9.768093075090465982e-01
9.798872419098862974e-01
9.694027528241042635e-01
9.762357758324050616e-01
9.717349726990813785e-01
9.744300691851166540e-01
9.719685033466550772e-01
9.659844504326200454e-01
9.702310749670526313e-01
9.720886946813278584e-01
9.700655739827825919e-01
9.646806189189285341e-01
9.659447777293508342e-01
9.793018526145174096e-01
9.685746270230661814e-01
9.663424304988995628e-01
9.742051379756572205e-01
9.634014639489794085e-01
9.825020029875614069e-01
9.801569008752589740e-01
9.755695482683804931e-01
9.711915642535764448e-01
9.753037681081293542e-01
9.699308124437517886e-01
9.643217867704625412e-01
9.720547147291179746e-01
9.643898966643295045e-01
9.756378033761333723e-01
9.710082985653241128e-01
9.782652367552659989e-01
9.749734329301751323e-01
9.764535629480988188e-01
9.758223856786402139e-01
9.691067549754583954e-01
9.771623666287054810e-01
9.708302055304119937e-01
9.737493262037719699e-01
9.658137510821592775e-01
9.643806450550289622e-01
9.719639203241614567e-01
9.649687175428409702e-01
9.766764767843740813e-01
9.654326046088800295e-01
9.775034918185718791e-01
9.700006746388057932e-01
9.687242480161012415e-01
9.704467734305991522e-01
9.659871528345402858e-01
9.723267559729407150e-01
9.694265810726483412e-01
9.716891371898346286e-01
9.727788452980079548e-01
9.754894506292864920e-01
9.725256176257396357e-01
9.705803900223838321e-01
9.764871438729540998e-01
9.771093746390191459e-01
9.710955625528192581e-01
9.713756587139852350e-01
9.771951633476325672e-01
9.731850638206176463e-01
9.794193216318344275e-01
9.720637631272911472e-01
9.776987728699758629e-01
9.828299666688522507e-01
9.777567780906933903e-01
9.788099594446622032e-01
9.707119188578515745e-01
9.732766963384078540e-01
9.746670617007344717e-01
9.732373759093486676e-01
9.712589790098483666e-01
9.736609217268434868e-01
9.668876924371615500e-01
9.579546366037743343e-01
9.766498676279203872e-01
9.708144850505767698e-01
9.702237808517911732e-01
9.690569030133429074e-01
9.734136020656697363e-01
9.732145706260850737e-01
9.708054935881524905e-01
9.712760602594382453e-01
9.683273651338264454e-01
9.773597644522934447e-01
9.728724320957039540e-01
9.655848493079787209e-01
9.685297631633527082e-01
9.691786666537153261e-01
9.700468575821770134e-01
9.701267269845401664e-01
9.696804783430384989e-01
9.696115821103458154e-01
9.669751612855147505e-01
9.780307430343647690e-01
9.724696903792070524e-01
9.728197476766179408e-01
9.692060403938534963e-01
9.706117020905999926e-01
9.787313790057856622e-01
9.743417644188540061e-01
9.725754182369351630e-01
9.647008175777136429e-01
9.766361946412319694e-01
9.595279653330202052e-01
9.718200439823863057e-01
9.733262748615829629e-01
9.795243424364623586e-01
9.742656946459704592e-01
9.659847375826449145e-01
9.768569706352790982e-01
9.694697791051063440e-01
9.754588941548715253e-01
9.707909843287698681e-01
9.680339655902574503e-01
9.790396176795939098e-01
9.723462424921121006e-01
9.665739618254447496e-01
9.714035910580625099e-01
9.586641682803461739e-01
9.654537414235503379e-01
9.629037012286383312e-01
9.679586703173137519e-01
9.663468815376196064e-01
9.828564089530358316e-01
9.723645386629919951e-01
9.761634400186943727e-01
9.725193071985220872e-01
9.728990015357843468e-01
9.797809288713439368e-01
9.797702915194637097e-01
9.652701614442963374e-01
9.794352839772619834e-01
9.682735405178061194e-01
9.735886889863847315e-01
9.647660648378655335e-01
9.758375751677086374e-01
9.733036920073749876e-01
9.758332636960898032e-01
9.764088054120588778e-01
9.849589240263919576e-01
9.693548884475839955e-01
9.717047267810121625e-01
9.688183517964028546e-01
9.730539541009665117e-01
9.733728519842133053e-01
9.696157175127588790e-01
9.760997380365623588e-01
9.661644654943054578e-01
9.768320833024201066e-01
9.684896543758704235e-01
9.704072930427268817e-01
9.736325852365824707e-01
9.778100326887997351e-01
9.739842587915417127e-01
9.700713118541045565e-01
9.691408922887825295e-01
9.691246778610295154e-01
9.662670670553814567e-01
9.655549069847141341e-01
9.694783127143482560e-01
9.728258637406623777e-01
9.694581724861507377e-01
9.706259861912586162e-01
9.664160575743153681e-01
9.691846893282035635e-01
9.746602998306985732e-01
9.639465183442023077e-01
9.772164563690651784e-01
9.680252896319266886e-01
9.714053959109720804e-01
9.701963284837019641e-01
9.754838886565554423e-01
9.761704716874572973e-01
9.710804712074886380e-01
9.728980475312033471e-01
9.701855981416150909e-01
9.704544653728190973e-01
9.732520179620965939e-01
9.775626018329732769e-01
9.769508218458595739e-01
9.773249407558967095e-01
9.710837188958051369e-01
9.628042195392267910e-01
9.709704093702299366e-01
9.684861373528452777e-01
9.693980289623156388e-01
9.701341334972941599e-01
9.690142317870419353e-01
9.694424575392678323e-01
9.707315214449744323e-01
9.490140167733923660e-01
9.724360985399694846e-01
9.758843379010662122e-01
9.731555515986459737e-01
9.750958356642684954e-01
9.804062414454566277e-01
9.678084926734921156e-01
9.717331311692268825e-01
9.660859236490602076e-01
9.696130527002465582e-01
9.703098280024073929e-01
9.776666335284213138e-01
9.758586244041907998e-01
9.666280837457067454e-01
9.707156400003753571e-01
9.710058982400062710e-01
9.644226193408074188e-01
9.701516683011517372e-01
9.628840701031051719e-01
9.666172308977294403e-01
9.790036245451402275e-01
9.743573516149277580e-01
9.658136635340713871e-01
9.701026503611754892e-01
9.759559322149503613e-01
9.630761018711817556e-01
9.674084756212812941e-01
9.725632091449740724e-01
9.702011223276534313e-01
9.699451554189789659e-01
9.764208783031859129e-01
9.750003092363571655e-01
9.623819437638921892e-01
9.676250625231911373e-01
9.686884310807036824e-01
9.726203457707477407e-01
9.782294981998229666e-01
9.720421661340864494e-01
9.722087896353994729e-01
9.683655452318167267e-01
9.721463531424526794e-01
9.755374667209855133e-01
9.684817488950749897e-01
9.785140500780658002e-01
9.746171250117374729e-01
9.732229368693817717e-01
9.625577099603860320e-01
9.587658902433680019e-01
9.632295103508766720e-01
9.739161114383927398e-01
9.663314863154063294e-01
9.775850498248420672e-01
9.710478390441888985e-01
9.700737314538627754e-01
9.686517919701231882e-01
9.718443555216279561e-01
9.700060865575207414e-01
9.644409923747745417e-01
9.736824125635024085e-01
9.744207045192745387e-01
9.700388486449732506e-01
9.679802669097461454e-01
9.781301425133714922e-01
9.752087757236803656e-01
9.755765171846689787e-01
9.761170287843330406e-01
9.664833421275836889e-01
9.779301484545187551e-01
9.777426330859845249e-01
9.766759844536930801e-01
9.762263827615513812e-01
9.775761392903384861e-01
9.660885185227372496e-01
9.655124227072822141e-01
9.652347163523207207e-01
9.673650543672951407e-01
9.778674771555759815e-01
9.673395898573015073e-01
9.776748177457212918e-01
9.792375762063662004e-01
9.781908533370675674e-01
9.723971993369419087e-01
9.763759573485732979e-01
9.696938263192492746e-01
9.686122484581745073e-01
9.705735269332902426e-01
9.707592767928179267e-01
9.663100165004897546e-01
9.718952387877934918e-01
9.701531767065175726e-01
9.726667063314761164e-01
9.784967624586718982e-01
9.694649700014538185e-01
9.721838232272496105e-01
9.743818908471304496e-01
9.672510841761208233e-01
9.722543469420269480e-01
9.669066656812052019e-01
9.710135134365727172e-01
9.723763717396038953e-01
9.729380034690109369e-01
9.721422935721325542e-01
9.720685577360481666e-01
9.677156458578747289e-01
9.750582474851074988e-01
9.735436296693066316e-01
9.722477155491331402e-01
9.714408978678469309e-01
9.814143147409570833e-01
9.770271479969064865e-01
9.676529870365796482e-01
9.762549819811781049e-01
9.678636242359935915e-01
9.599634147733780987e-01
9.744401345710023143e-01
9.729794805180682626e-01
9.645884686840061617e-01
9.689107230367830503e-01
9.682685353696551811e-01
9.663569435585155354e-01
9.742025870005710519e-01
9.724233047263208807e-01
9.756315113851298237e-01
