8.884813007912693017e-01
9.094472196369356443e-01
9.141006024675669694e-01
9.263114022305403150e-01
9.306811239276568948e-01
9.224086048273366645e-01
9.454665825670393042e-01
9.227460870412987903e-01
9.337667756783831763e-01
9.047790854092353507e-01
9.246163532284871200e-01
9.353581751228469132e-01
9.454802100173353985e-01
9.278199914330178544e-01
9.212730426999445887e-01
9.399225657199266060e-01
9.347203577271721020e-01
9.377342937285751967e-01
9.305365000362819661e-01
9.349614959911362044e-01
9.339866652936259506e-01
9.303318857269990971e-01
9.204033563451337052e-01
9.350479473299850852e-01
9.427803352871911846e-01
9.265216469746881955e-01
9.432708269423136782e-01
9.262349665425729794e-01
9.410875580072739499e-01
9.283819494585234811e-01
9.360739548780162567e-01
9.338683506102196663e-01
9.263621414861610281e-01
9.355897420843928280e-01
9.367954627313853644e-01
9.388869313074068579e-01
9.300239404102113028e-01
9.358993820415286713e-01
9.408257054476512060e-01
9.402611618976807195e-01
9.375678210262112788e-01
9.326557785194132810e-01
9.348592453714940076e-01
9.455814400094495475e-01
9.502065135879794733e-01
9.404520071708084572e-01
9.350249308392034608e-01
9.388030471978899838e-01
9.453410185011182909e-01
9.370418249733046823e-01
9.352822014146983109e-01
9.429529434537627930e-01
9.407525163399194090e-01
9.478592505012531921e-01
9.371485009927961185e-01
9.544031389387316322e-01
9.336274296540422180e-01
9.367683541851539175e-01
9.465334657969383114e-01
9.406295121617267441e-01
9.517478655768595308e-01
9.388922947911396699e-01
9.377579414709118488e-01
9.455248923989048038e-01
9.495152295939344178e-01
9.483877324597128622e-01
9.539520826641475493e-01
9.382048318136384513e-01
9.390951444075811283e-01
9.515182571417721835e-01
9.472299819290599388e-01
9.404775574235914037e-01
9.613741946705272046e-01
9.462737427218078645e-01
9.519841244532653013e-01
9.467935417124698771e-01
9.493584044116977205e-01
9.391793500076128787e-01
9.486594408780975041e-01
9.354230046334499615e-01
9.469395472195571983e-01
9.437864666205514341e-01
9.423525378652354290e-01
9.615440422491405847e-01
9.417981898810959818e-01
9.415540170570793066e-01
9.354447384653216124e-01
9.473849786032707554e-01
9.476143913338771485e-01
9.431369096550085152e-01
9.389455396025140343e-01
9.471748956399902442e-01
9.426132796504422817e-01
9.350815309985490709e-01
9.397853438939814952e-01
9.488817769691508808e-01
9.535196348473442551e-01
9.421247481357124531e-01
9.420034044804447282e-01
9.420158471371361530e-01
9.394704057487380799e-01
9.467785421730480211e-01
9.624020030577628004e-01
9.498585527378832216e-01
9.490783907107845918e-01
9.453097135558782282e-01
9.511314720120422894e-01
9.490368726591187354e-01
9.432050665491324981e-01
9.438878347784016576e-01
9.460399348646998385e-01
9.393780088968902708e-01
9.452508593866585374e-01
9.470691880440168520e-01
9.427819285260747861e-01
9.391166474861197822e-01
9.388446354045187903e-01
9.564797295477934780e-01
9.521150282165048440e-01
9.419048175420570157e-01
9.427399428825172789e-01
9.362142251720210195e-01
9.522666949687560445e-01
9.493192514924807535e-01
9.368359530598604490e-01
9.608444551013755053e-01
9.517564832759249915e-01
9.443095836320998249e-01
9.319693685239306413e-01
9.387668019502354300e-01
9.493463781247073463e-01
9.533918426604657270e-01
9.505688976204900165e-01
9.505814244270990310e-01
9.463289765293209088e-01
9.535953484406269887e-01
9.425776363277563741e-01
9.521763294784918452e-01
9.473651066702984958e-01
9.426396210382317342e-01
9.537176899708955657e-01
9.484555557721620067e-01
9.574886551743908569e-01
9.552250536549728999e-01
9.532311563120565712e-01
9.378531403728321836e-01
9.531421409429853275e-01
9.492799993382043944e-01
9.482846124118792241e-01
9.540019100933498919e-01
9.557897896888896128e-01
9.469994100802273662e-01
9.597464254818544038e-01
9.499910893434266868e-01
9.590215633752262603e-01
9.509831156442338784e-01
9.591086718568164748e-01
9.527789484407348519e-01
9.469654153483983983e-01
9.518398663090779088e-01
9.389586084907546315e-01
9.444120389243384484e-01
9.486364529728555928e-01
9.539920599996537520e-01
9.402689899035330257e-01
9.523096203524420433e-01
9.547121466587431549e-01
9.593730276517846711e-01
9.419489204523416870e-01
9.468650960585048848e-01
9.585746697272502503e-01
9.454534039324156147e-01
9.552656599951580008e-01
9.387007002279862400e-01
9.550467308514569709e-01
9.381527709750164812e-01
9.650613117094236637e-01
9.512308833783967854e-01
9.482059080292382092e-01
9.483898358617885993e-01
9.534791520968143308e-01
9.501587849226279525e-01
9.472518631609520012e-01
9.532175980457515685e-01
9.561916646809115461e-01
9.636388104666280263e-01
9.576803465043716157e-01
9.440327862691439975e-01
9.479778768770928954e-01
9.523873909726329190e-01
9.388176226787328105e-01
9.493817546920366723e-01
9.536192837709865922e-01
9.488487114862202976e-01
9.575822473059681927e-01
9.482596409528949444e-01
9.540401316457007841e-01
9.519248838137005508e-01
9.631743555426995895e-01
9.514794393744893108e-01
9.553634656770420008e-01
9.518413607891205164e-01
9.443497251096776290e-01
9.453492805628431750e-01
9.588207749640030864e-01
9.495377693080336856e-01
9.438455913507362016e-01
9.521407174900983206e-01
9.552913197585506389e-01
9.576778220572528255e-01
9.509006260608500183e-01
9.486838947647364684e-01
9.589940780140451260e-01
9.424869613472030005e-01
9.521494875001476066e-01
9.537371989701788344e-01
9.574720107310237260e-01
9.497970838035721952e-01
9.600847798287687196e-01
9.527992002240237568e-01
9.690619015476665821e-01
9.626071457501461648e-01
9.523334395600369096e-01
9.636978822125871202e-01
9.523672914549885515e-01
9.602256432128762897e-01
9.515421384907135627e-01
9.483662522139543194e-01
9.584447873400021578e-01
9.507707395514450877e-01
9.495890266504320998e-01
9.660351668409774550e-01
9.610211629483158546e-01
9.616752641472556817e-01
9.642028872576474674e-01
9.457311510771230223e-01
9.530622614102510770e-01
9.617688115248662628e-01
9.595905735112698620e-01
9.547764999820842480e-01
9.498687361041404653e-01
9.601768504124837955e-01
9.553956413844771900e-01
9.489106006763250445e-01
9.624975895964128503e-01
9.523862019173395810e-01
9.449929061661841434e-01
9.548286956313131180e-01
9.517099168624636452e-01
9.551606045625051777e-01
9.541103950818182744e-01
9.569211320280119892e-01
9.623600011584990677e-01
9.636892815532263068e-01
9.625863079775800468e-01
9.648245902381650252e-01
9.536845939126219474e-01
9.503320882696183469e-01
9.693314020833672107e-01
9.521227315342507547e-01
9.648055280535722256e-01
9.541153039377157086e-01
9.561017947403840367e-01
9.575321151540714393e-01
9.594852409804366378e-01
9.659370144189882712e-01
9.625226216050201122e-01
9.654056938498327689e-01
9.587080834778580751e-01
9.488926425689523381e-01
9.500271662831728525e-01
9.594160977373333843e-01
9.564647952970539713e-01
9.553722019632547857e-01
9.603802168303491316e-01
9.413543582387212671e-01
9.608109304634082637e-01
9.510484523303162074e-01
9.563609952123626190e-01
9.626478594124588950e-01
9.516482677183620842e-01
9.549952993123433931e-01
9.585378310994184803e-01
9.537814708779390749e-01
9.559379820596538568e-01
9.484943116645447869e-01
9.547352781625917384e-01
9.620842689281607907e-01
9.548188818498073438e-01
9.693949499923485424e-01
9.629510693444375269e-01
9.542541202030007108e-01
9.592182427100206521e-01
9.661145629691538783e-01
9.582714993040741813e-01
9.631284971120801508e-01
9.605868135751249870e-01
9.560385396941657454e-01
9.635109816834228624e-01
9.598110065804362767e-01
9.633241324470676048e-01
9.488821593824826595e-01
9.641388230273277848e-01
9.613828108862065847e-01
9.578553829009457399e-01
9.509393451496330751e-01
9.583609910486633465e-01
9.598223107494178175e-01
9.590115572374625641e-01
9.569255211978524578e-01
9.638135962097793552e-01
9.671996786416109382e-01
9.644442698413807635e-01
9.669129378054975854e-01
9.567059468766214714e-01
9.475036218624052209e-01
9.680330673408732434e-01
9.624136372133036410e-01
9.540689243458239099e-01
9.564187206006454778e-01
9.578671330195165368e-01
9.534935668658577335e-01
9.562683859604299563e-01
9.696357618962856417e-01
9.597704229047999691e-01
9.591230406012115628e-01
9.618791755915847563e-01
9.634574055373964496e-01
9.571740313922673105e-01
9.609537905853929862e-01
9.557699856135402072e-01
9.630962242232834480e-01
9.611970214150485914e-01
9.548033261249492254e-01
9.597356427694456737e-01
9.542261429496664560e-01
9.578973605103766609e-01
9.590777149724790673e-01
9.549525197373320839e-01
9.631476535513070480e-01
9.645404817459508617e-01
9.583543471455713281e-01
9.681489367253042211e-01
9.600573823517780658e-01
9.679215001000326390e-01
9.659788619665448106e-01
9.579399628984508475e-01
9.590943067329915639e-01
9.565936341919646368e-01
9.618475216104367398e-01
9.565322470031015767e-01
9.563308330676905111e-01
9.650697734716581211e-01
9.578706746614480405e-01
9.546206464031810057e-01
9.695108916882843042e-01
9.640399218743502807e-01
9.583433796826735795e-01
9.548458381837281461e-01
9.485019085767766311e-01
9.609936803296045271e-01
9.661589338742625488e-01
9.680794017496565651e-01
9.657903093346179579e-01
9.579797890318201281e-01
9.641927243754413457e-01
9.621873306425885453e-01
9.646475424022767919e-01
9.671072738763542009e-01
9.560405203879644986e-01
9.619920842804994265e-01
9.617373033615848055e-01
9.572818949090716734e-01
9.640501810332631205e-01
9.649937428554984375e-01
9.667872215614050635e-01
9.691744377089012152e-01
9.698609387908725399e-01
9.506185760242370497e-01
9.633920996963384331e-01
9.639744872755642291e-01
9.654636235696473223e-01
9.604220554000297838e-01
9.514348124285723074e-01
9.541168792518806008e-01
9.645260535807627100e-01
9.684215748616823438e-01
9.695796661887647883e-01
9.613311775500389400e-01
9.607420125343402173e-01
9.679733861679851170e-01
9.587500688781276370e-01
9.610557248197971747e-01
9.630885590260510609e-01
9.653938720581715094e-01
9.699416540773994067e-01
9.636994215285423770e-01
9.603247138675956585e-01
9.693479631545065534e-01
9.641013160584148700e-01
9.697233612233837619e-01
9.595071895580530308e-01
9.652914252747037960e-01
9.592492019622462784e-01
9.547398123665099545e-01
9.608798532431975792e-01
9.625369118242862454e-01
9.578630074790274174e-01
9.444898827787223672e-01
9.563092647849869010e-01
9.635933121749515884e-01
9.546440433414166149e-01
9.563687586507098048e-01
9.631657178782206952e-01
9.511348597279558614e-01
9.647145337220506267e-01
9.553969690252592795e-01
9.752634996841454962e-01
9.702707796739106216e-01
9.665587207675386816e-01
9.618895311477276833e-01
9.579896882906900890e-01
9.680235775666878872e-01
9.704702667408270367e-01
9.532486450660170307e-01
9.559594843683618670e-01
9.513788041099797699e-01
9.661505818493817399e-01
9.552527834590291977e-01
9.632531341290417881e-01
9.530336076939623924e-01
9.593630552132645928e-01
9.632214548983425439e-01
9.548458337829590636e-01
9.593445902235790967e-01
9.611179526097599624e-01
9.673601872986244965e-01
9.671354063120602973e-01
9.560904521700411829e-01
9.610750492183980365e-01
9.674284807103508133e-01
9.655664247616256857e-01
9.620603550684972971e-01
9.596639156645158097e-01
9.640894824618742032e-01
9.676988164542954518e-01
9.700076320103790950e-01
9.573428233118427277e-01
9.575688626594651698e-01
9.580482029765657881e-01
9.681058368188543151e-01
9.659890100922882139e-01
9.647398642447929662e-01
9.749160345350770251e-01
9.599923050932445134e-01
9.574342136547968618e-01
9.689031569194250793e-01
9.640167040842280155e-01
9.636786924706585156e-01
9.566979723378019607e-01
9.536237230752930838e-01
9.727388087539927675e-01
9.685534400633041274e-01
9.562429390802626994e-01
9.641259361033549524e-01
9.677225991782626435e-01
9.513690734493858159e-01
9.644042661065155286e-01
9.668565678346648928e-01
9.651174006332254862e-01
9.614348787602708946e-01
9.654639571717502644e-01
9.583072530202132455e-01
9.686519686569077248e-01
9.656136036617131158e-01
9.638161891746743759e-01
9.660660162793794914e-01
9.663997711618325104e-01
9.622661882710407122e-01
9.606872511510844426e-01
9.591158918340130235e-01
9.637566108643984553e-01
9.734615465954646885e-01
9.595466552368269175e-01
9.620497750324484842e-01
9.547828021621334038e-01
9.715490048290934544e-01
9.585906304255330523e-01
9.612376010219901845e-01
9.641734562839155975e-01
9.650368032903895443e-01
9.546090354969257730e-01
9.690021914627771071e-01
9.555622036521275176e-01
9.587957481858121467e-01
9.641043773228419322e-01
9.569012384895769774e-01
9.719669953229644888e-01
9.629431143571872687e-01
9.688312150974863757e-01
9.590648584935134169e-01
9.497910711624432123e-01
9.642522459325337802e-01
9.633230669573048521e-01
9.624499811587834408e-01
9.700866830714056643e-01
9.546161768028663674e-01
9.721217577103360430e-01
9.603660557575938173e-01
9.658228801597553703e-01
9.768947442581855656e-01
9.620281405191503099e-01
9.543047374394578730e-01
9.673225068888191558e-01
9.677208757322921517e-01
9.664139928158986814e-01
9.614289130361793889e-01
9.584891585586976515e-01
9.576893517109094089e-01
9.565736790546535140e-01
9.662454635029865679e-01
9.649025462109090956e-01
9.667045450841413867e-01
9.632693014856771319e-01
9.520454192019979223e-01
9.677195171086330205e-01
9.582778033590477751e-01
9.621261702744027255e-01
9.706960899366912088e-01
9.645772720830507740e-01
9.568373569671548839e-01
9.654120159673366119e-01
9.653541707966769581e-01
9.600711657412659417e-01
9.743713452657540852e-01
9.633486691384959277e-01
9.591998378947882431e-01
9.635833504646772463e-01
9.620456036603564076e-01
9.660004535366368827e-01
9.571229875128427489e-01
9.598041945717779022e-01
9.450514861660168631e-01
9.666556838465071300e-01
9.624315559181908508e-01
9.597284059167066061e-01
9.610018250127356776e-01
9.525973630780782964e-01
9.695419175599986339e-01
9.568424914775782719e-01
9.709310059124078851e-01
9.609905669056670874e-01
9.681704054830437833e-01
9.623189911130930474e-01
9.644643932352426896e-01
9.559696123004554069e-01
9.704488069273840001e-01
9.624430245607491496e-01
9.614488895024657644e-01
9.628171218750927185e-01
9.718407632299675969e-01
9.667371354320535293e-01
9.657681571939978893e-01
9.656676563141229908e-01
9.611344955822782588e-01
9.703700332864897415e-01
9.631320148838946604e-01
9.696196047304437293e-01
9.644428144558818694e-01
9.654026135340261217e-01
9.593363189444137351e-01
9.657176822326445365e-01
9.599317011908948816e-01
9.668114275127980273e-01
9.693026858989093331e-01
9.656621819562208886e-01
9.737895898634257863e-01
9.608247620008885104e-01
9.740421300363354407e-01
9.646426823904674652e-01
9.659539278219316794e-01
9.564307025778230331e-01
9.665677457786668869e-01
9.549855081621602126e-01
9.596172263099498334e-01
9.663362196727806053e-01
9.550627844137267175e-01
9.675710263027351710e-01
9.683942702211119080e-01
9.656064493333027521e-01
9.676154176672916440e-01
9.632803333347762509e-01
9.646569563879584530e-01
9.699955677180936986e-01
9.714774522509103116e-01
9.667735725535925306e-01
9.582809279954516146e-01
9.638812847795921179e-01
9.690796446067646563e-01
9.621151293305908458e-01
9.743246559453093703e-01
9.576716669752962652e-01
9.601506287337876477e-01
9.587553316554249250e-01
9.550148532858365735e-01
9.618824246516132215e-01
9.592609725490439665e-01
9.626158132527204980e-01
9.649653570397895841e-01
9.710552173161786094e-01
9.624196508586743137e-01
9.660628437830464099e-01
9.696378407840048341e-01
9.626711289304478170e-01
9.627317901877290307e-01
9.614390962582364253e-01
9.629578541307040052e-01
9.649715852287085172e-01
9.637781295393882397e-01
9.628980663693600395e-01
9.475983633188037603e-01
9.670638227491827887e-01
9.650718042301704713e-01
9.639880135136561501e-01
9.656542075763810962e-01
9.587003391125114016e-01
9.571039720208558421e-01
9.627960359862127726e-01
9.726208423749993504e-01
9.540975462901832849e-01
9.713707390438525158e-01
9.672423034225734462e-01
9.619006724648855311e-01
9.633380478116625456e-01
9.690330305756377216e-01
9.655544055550052684e-01
9.725467115310540978e-01
9.624676192482530812e-01
9.626214682588118965e-01
9.742155063062846176e-01
9.663091510734929113e-01
9.704802105161511872e-01
9.719201066560771984e-01
9.607253378141649147e-01
9.689555646666455635e-01
9.615180810081284113e-01
9.574871697024575079e-01
9.628125856859555132e-01
9.661270176325907899e-01
9.653422165110688846e-01
9.559876308709900350e-01
9.658941248576191629e-01
9.572011489994602940e-01
9.604518192773453533e-01
9.601919518269579346e-01
9.630991392469681056e-01
9.613210502613668273e-01
9.686303659573800573e-01
9.643809126995059877e-01
9.654380170872777223e-01
9.685705298517633954e-01
9.671645171356613169e-01
9.689914505451057147e-01
9.638584437953686690e-01
9.676964568169654779e-01
9.669586249171356895e-01
9.654955668729369167e-01
9.636120501355898149e-01
9.702105919783793331e-01
9.599827584031476180e-01
9.615270665692835506e-01
9.669340809241847579e-01
9.561907201591957062e-01
9.612508796228707020e-01
9.675794500586940572e-01
9.647562055397861380e-01
9.762831003856193846e-01
9.575513890110093351e-01
9.634428959604925957e-01
9.586557662923744783e-01
9.582001178174104350e-01
9.615908218259631157e-01
9.621847676834636154e-01
9.692912784543717963e-01
9.630582374308614968e-01
9.624128153890343373e-01
9.570745763156313091e-01
9.636690060596226903e-01
9.595682954858746339e-01
9.717909441731518161e-01
9.625793540325979780e-01
9.665650025944489965e-01
9.677282108266702654e-01
9.567906214277178689e-01
9.617874762325661075e-01
9.616969236026022827e-01
9.640105975856739784e-01
9.635726175776188063e-01
9.673570211225720472e-01
9.623768241986813132e-01
9.642360771923255136e-01
9.577958413184437525e-01
9.679198671883049165e-01
9.583617314408201526e-01
9.600795437843439029e-01
9.606857701344415634e-01
9.622395999711548242e-01
9.551157904191002190e-01
9.683145232561036764e-01
9.668752484820948290e-01
9.715478190028933314e-01
9.558323362075890062e-01
9.673043179312516004e-01
9.764649772559873542e-01
9.726011063250520339e-01
9.645745060237007618e-01
9.622278550037500766e-01
9.627185788229027930e-01
9.641527651025235679e-01
9.693203606168946385e-01
9.621974424558021877e-01
9.564482356127566032e-01
9.665599825839423787e-01
9.753136754602081959e-01
9.711056894279854745e-01
9.619194649685102183e-01
9.607357047307637510e-01
9.663859518756997558e-01
9.659911670292286034e-01
9.758770530371202456e-01
9.568665283919297604e-01
9.708666783143233836e-01
9.721538732285636142e-01
9.663557960766380184e-01
9.615209782142237760e-01
9.737740939458476852e-01
9.587592530329562823e-01
9.640980616127663438e-01
9.648155480930762362e-01
9.638892068485952480e-01
9.676298427437578509e-01
9.689533445886011620e-01
9.649887960067304871e-01
9.612199556894893693e-01
9.668337898025427535e-01
9.597929692948237168e-01
9.666571839503436125e-01
9.626080992765710942e-01
9.687072337729013549e-01
9.640984560848044893e-01
9.598413326070470708e-01
9.658092094218866386e-01
9.655075484764036320e-01
9.606104558905118607e-01
9.603773554098508081e-01
9.693288964628495874e-01
9.654271768308956281e-01
9.683923571800526764e-01
9.573361120297305682e-01
9.668160632104910723e-01
9.705601546730729945e-01
9.608999778083969767e-01
9.654870912540419736e-01
9.627131276786465852e-01
9.656209482523293586e-01
9.641260052179353446e-01
9.651719461538108558e-01
9.641927866540446201e-01
9.678631610166665844e-01
9.609022630039300017e-01
9.642929634322946475e-01
9.622493729817140906e-01
9.659884961895199851e-01
9.574091489640349506e-01
9.635160673754187277e-01
9.663831233031738854e-01
9.560241665124903365e-01
9.700845475650519134e-01
9.653935033336806804e-01
9.671485971285608274e-01
9.661729128114140419e-01
9.649950787328994695e-01
9.594332596417416426e-01
9.616985658711013629e-01
9.704035429492133824e-01
9.761972551430870837e-01
9.642270352453143900e-01
9.640590317383904706e-01
9.633122971193555095e-01
9.669549829821499909e-01
9.515737185688811772e-01
9.645134584350644191e-01
9.614612597757781209e-01
9.640541757835733305e-01
9.680644632072231692e-01
9.689164608656194444e-01
9.555829855957327368e-01
9.643261928671623684e-01
9.712916932629024336e-01
9.640569647958844302e-01
9.647987695096706950e-01
9.684650640489651519e-01
9.674114522645799186e-01
9.687205864677883582e-01
9.631937402775043733e-01
9.603992074923097810e-01
9.671725133879981451e-01
9.651408610690753731e-01
9.590019065260428910e-01
9.709112107253875523e-01
9.729988253406770538e-01
9.637474421383607215e-01
9.676032481633706217e-01
9.587855561509870395e-01
9.642825456837688103e-01
9.688119873228506762e-01
9.709221669962705414e-01
9.644539006476491316e-01
9.698093020218816473e-01
9.721346467931988311e-01
9.624611881518955192e-01
9.703631487232197150e-01
9.702974872675271811e-01
9.648728918731880322e-01
9.581860645580184688e-01
9.593469955474138722e-01
9.555081336510545809e-01
9.626470155659686556e-01
9.696535024051142759e-01
9.701204017093708609e-01
9.625914558647922226e-01
9.635575596447065738e-01
9.702976007786793256e-01
9.587979376492602457e-01
9.545650460256314140e-01
9.702544374721600029e-01
9.570368907641954026e-01
9.512106349935669503e-01
9.668059902648260540e-01
9.642310305215180399e-01
9.655110620086851947e-01
9.591827417307033921e-01
9.698662968565032738e-01
9.551970551159715273e-01
9.657951256649872640e-01
9.573872755544801105e-01
9.592228941551246280e-01
9.654107331962389349e-01
9.671562081218019191e-01
9.656447831261707471e-01
9.588723077317929944e-01
9.642436454851868177e-01
9.727476957063434515e-01
9.675914504899464363e-01
9.625206224911032615e-01
9.660143335416674359e-01
9.584279607611722041e-01
9.661006803834369938e-01
9.557945443255003726e-01
9.579672496644515700e-01
9.698620379268551028e-01
9.575486370135891656e-01
9.645152878383141948e-01
9.704288000722740559e-01
9.556799047658104396e-01
9.658458910847607104e-01
9.600856512324562608e-01
9.626823427174994174e-01
9.666413741965907969e-01
9.654615322514650266e-01
9.682344753295295536e-01
9.683734324518258330e-01
9.597282677665769368e-01
9.581528139569936986e-01
9.667512359440801895e-01
9.568284695666604556e-01
9.624686270414017919e-01
9.592684517751233209e-01
9.696248778044194161e-01
9.680923973320915144e-01
9.568675705524870567e-01
9.555746930956071639e-01
9.727228764315042353e-01
9.571027239383889107e-01
9.714212340068886231e-01
9.617389359739229038e-01
9.624364725267257059e-01
9.615124515796453775e-01
9.616045280967884246e-01
9.651986864035561053e-01
9.699074819752009358e-01
9.704267698193317360e-01
9.623786029687343424e-01
9.641561768275118682e-01
9.725845685623401016e-01
9.665612024380625389e-01
9.691851669769766531e-01
9.706603229690006218e-01
9.707607929124614232e-01
9.541621284779224776e-01
9.602784274180161672e-01
9.565826549690475966e-01
9.640159154490948179e-01
9.669489448191473935e-01
9.627912905695749091e-01
9.676426006491359866e-01
9.670457648708929987e-01
9.663482240403005186e-01
9.574597545908042351e-01
9.625604942333048086e-01
9.627269898941274162e-01
9.641766892946906919e-01
9.704016814330419516e-01
9.720498228768557070e-01
9.564443892092998611e-01
9.664072398401651887e-01
9.728338151709492454e-01
9.742808749725212492e-01
9.668506030206548418e-01
9.579147218364906236e-01
9.611073123465346812e-01
9.675786109628816689e-01
9.624452580490128195e-01
9.556270272326856663e-01
9.593479531059574406e-01
9.636766045279245851e-01
9.656318170400249867e-01
9.674809735980756109e-01
9.705897787798111187e-01
9.630005619441047715e-01
9.592686935055505515e-01
9.559045985026755066e-01
9.654896508853074710e-01
9.621381973396377907e-01
9.652194503203042064e-01
9.676476402229386986e-01
9.613717585140645339e-01
9.668356567355743669e-01
9.714444806369949559e-01
9.587564616935319028e-01
9.724839868553653011e-01
9.591938026433588504e-01
9.652444183826014434e-01
9.555594810812911843e-01
9.651868956571942881e-01
9.599299383031233424e-01
9.701235533947298872e-01
9.651884692499287377e-01
9.605687023867516272e-01
9.687079242487141029e-01
9.644546558861177843e-01
9.583685021754558830e-01
9.713910385639208389e-01
9.694965333275936681e-01
9.621810465138034285e-01
9.702339741997354494e-01
9.702162476768915189e-01
9.659244296860376444e-01
9.621876440961208976e-01
9.604544375624977093e-01
9.630230964906175695e-01
9.583431659668817382e-01
9.656941213512795219e-01
9.650035979205773273e-01
9.604565403767552079e-01
9.704545821028941477e-01
9.629451604353418404e-01
9.627746351461422547e-01
9.677564117886449102e-01
9.640204032975414616e-01
9.599291623571458709e-01
9.615192980150898405e-01
9.565800876985447454e-01
9.620679384033858916e-01
9.599791507230438503e-01
9.670853855240666430e-01
9.587223043596522221e-01
9.551871714619951659e-01
9.701378570559997527e-01
9.624254788959107909e-01
9.644540613901901871e-01
9.605258299310035497e-01
9.683655621913834777e-01
9.621051054722823404e-01
9.607596908602308305e-01
9.667087109097362019e-01
9.658330937246689674e-01
9.617440045411285165e-01
9.637940654391468076e-01
9.654962588152141700e-01
9.722149985043694320e-01
9.695281955589198919e-01
9.707340307609290120e-01
9.670133326198009360e-01
9.658915944765128492e-01
9.674659325712700042e-01
9.686449533228481679e-01
9.662091291082181010e-01
9.655097520353755902e-01
9.684355656555875269e-01
