8.781146261256828067e-01
8.968875449143266509e-01
9.001409617567412980e-01
8.965590952057879148e-01
8.934963786498448801e-01
9.058392813584077441e-01
9.058848300553296040e-01
8.986782676667738334e-01
9.107555461951056808e-01
9.169025416137437379e-01
8.971348272405763602e-01
8.993795168471236945e-01
9.039181518791657988e-01
9.065854674045674688e-01
9.031812240230369104e-01
9.135602880135361703e-01
8.961811503162988579e-01
8.993091139355520180e-01
9.025812736606489972e-01
8.970972416121518744e-01
9.127021402575787867e-01
9.203562308102830603e-01
9.033069388719399129e-01
9.094780707181788770e-01
8.987328583844526042e-01
9.003275011386990823e-01
8.956278889640291174e-01
9.097193948332155111e-01
9.160791822474242396e-01
9.084663770503330626e-01
9.217772573993543439e-01
9.066269308179838449e-01
9.125047390972100825e-01
9.230944569074186479e-01
9.121909714786684553e-01
9.162041136369575289e-01
9.108792202408261263e-01
9.047074647962739524e-01
8.965214512940140601e-01
9.093254607449636762e-01
9.150274059814786920e-01
9.278149752946824869e-01
9.203304216784790048e-01
9.133101973683942498e-01
9.019343559428980583e-01
9.191411404878746527e-01
9.098026064818605096e-01
9.214140633148413251e-01
9.139496475698263289e-01
9.135811102551774088e-01
9.178098308323550114e-01
9.140138280299363593e-01
9.102338791385031769e-01
9.230899225332011016e-01
9.097697826069611748e-01
9.201660692399558084e-01
9.159262069533206096e-01
9.197128555767215552e-01
9.136784245492424184e-01
9.078797107094855878e-01
9.151081222776619173e-01
9.164845845355905629e-01
9.044426983781245211e-01
9.066262966814719881e-01
9.176089400946050301e-01
9.087666355328045675e-01
9.123603299421182422e-01
9.158602595836476956e-01
9.161609341023122521e-01
9.052890513933898875e-01
9.070313044015730908e-01
9.089151608102156166e-01
9.129758073452063361e-01
9.177257114873279553e-01
9.008543812005578300e-01
9.116104568374303607e-01
9.075342779778086122e-01
9.150832116142407768e-01
9.178345649976468179e-01
9.156689201381389420e-01
9.287307492326086766e-01
9.126431665848255825e-01
9.078847475400018130e-01
9.103823368287402573e-01
9.167066009052179387e-01
9.133418534204541528e-01
8.998795418057723428e-01
9.152426688507604435e-01
9.142593533474859813e-01
9.151636867879935355e-01
9.054254677264679252e-01
9.124299284565786650e-01
9.113283547352233338e-01
9.120675472611187162e-01
9.118040691904141237e-01
9.065756508322000418e-01
8.922754656191753675e-01
9.175586751308970612e-01
9.108836172722248881e-01
9.016643084467639291e-01
9.065701014618069431e-01
9.143974259823197670e-01
9.162482993819665023e-01
9.134077458593096166e-01
9.182695280847384955e-01
9.244391414139139229e-01
9.026321756220354597e-01
9.195013024647975541e-01
9.072332388224014776e-01
9.108846169203523857e-01
9.150517949730567757e-01
9.152769305473824613e-01
9.097228258042209248e-01
9.178598634456630601e-01
9.122976072720812013e-01
9.183601819597704274e-01
9.102637584604810206e-01
9.281851411565490428e-01
9.112802296226689691e-01
9.174795539084759088e-01
9.102296450116764692e-01
9.210688956602094413e-01
9.005807726457450979e-01
9.265753849104815254e-01
9.179354354755112633e-01
9.075182191052916236e-01
9.308862236160143633e-01
9.048825207413411231e-01
9.050614418228134506e-01
8.852932067122379900e-01
9.033832935394380259e-01
9.003976281568684126e-01
8.961097795949249933e-01
9.258137245208092336e-01
9.238714034812995912e-01
9.197328593235890581e-01
9.312472088785745949e-01
9.233297662279494888e-01
9.330089460887143193e-01
9.265524422651839620e-01
9.151944410433796584e-01
9.289215159589997439e-01
9.259613952600805886e-01
9.241543122862900805e-01
9.186118796170948952e-01
9.152855134113150326e-01
9.307045027324418740e-01
9.263328289515836422e-01
9.355775678503504000e-01
9.287612966384836133e-01
9.355891117869168383e-01
9.365021139264559924e-01
9.446784469705459264e-01
9.245865454275593587e-01
9.357093547526748045e-01
9.395094586324027608e-01
9.395054341171139578e-01
9.400908322074944534e-01
9.443607695979281402e-01
9.431756107745146167e-01
9.407467712124472081e-01
9.488254749376688890e-01
9.459483668027219849e-01
9.501332770851000920e-01
9.421812587367479619e-01
9.429496115407398626e-01
9.390798657424308526e-01
9.470171283399808626e-01
9.436027083348881295e-01
9.452512540033081168e-01
9.297701997095697557e-01
9.409616589110995077e-01
9.451797328144303512e-01
9.411998097325945389e-01
9.548425234549324792e-01
9.342001270989958028e-01
9.407415455484217093e-01
9.385741567466832080e-01
9.398865782816456793e-01
9.554515282009738986e-01
9.352993424315905191e-01
9.567920573831670827e-01
9.492306144572129067e-01
9.412924495915622192e-01
9.408027036559499789e-01
9.413613734800779786e-01
9.444153745080625662e-01
9.502586639884943454e-01
9.510468721840341644e-01
9.416120373444328839e-01
9.390695765547917295e-01
9.501964457363172301e-01
9.489546522061855782e-01
9.418539785435535716e-01
9.414506582423523007e-01
9.541091009941747858e-01
9.448939515051535398e-01
9.404993333508856468e-01
9.540749332283458006e-01
9.470423532059204508e-01
9.442108265667695788e-01
9.407317444211407143e-01
9.464182898249390297e-01
9.458882201882897744e-01
9.499012439990329737e-01
9.432669151204627900e-01
9.525548517168205276e-01
9.467111516723939468e-01
9.461115451571641133e-01
9.444944707114469873e-01
9.481196666642099924e-01
9.481663483455694541e-01
9.432716805209547806e-01
9.436686947011108106e-01
9.409374026968222449e-01
9.482372303964133886e-01
9.446778962848173533e-01
9.414500037765131113e-01
9.551975674851946874e-01
9.488359190836557211e-01
9.457938486557800895e-01
9.483658041167127850e-01
9.450954656892863737e-01
9.422929789621832253e-01
9.478144562195096601e-01
9.459527616222065394e-01
9.501571891738267439e-01
9.496769579286269414e-01
9.494733700817006294e-01
9.488518714975687773e-01
9.499548104492103739e-01
9.550483371542874966e-01
9.434932513508907936e-01
9.463578648732089427e-01
9.507220721648295125e-01
9.480343879848740496e-01
9.413204839046084293e-01
9.506478018014141718e-01
9.532694320923877918e-01
9.449105682212859403e-01
9.484388985261337224e-01
9.491084601500829887e-01
9.451896709785867490e-01
9.466547290634117484e-01
9.480184289124992114e-01
9.443203130824366909e-01
9.421459539980792108e-01
9.484902116589662979e-01
9.416253327606445289e-01
9.412220005934337497e-01
9.412824229886896932e-01
9.501682128918925718e-01
9.425982898847053981e-01
9.500368613207212931e-01
9.516682121795102534e-01
9.410064968590787782e-01
9.525392672523115278e-01
9.542438551585926687e-01
9.563588554741070391e-01
9.445578759380104383e-01
9.517191381734518840e-01
9.579647301032728768e-01
9.514577246893505258e-01
9.498280370304584830e-01
9.501942462524352040e-01
9.515602095844188923e-01
9.543404167114724057e-01
9.488464761023390759e-01
9.472351673072907374e-01
9.541234740330678532e-01
9.549453501871073557e-01
9.480165371717703682e-01
9.575941809321268927e-01
9.480381081940905119e-01
9.547616370502929328e-01
9.511175330871991518e-01
9.465631626877579752e-01
9.477250693626655398e-01
9.501749052103164450e-01
9.554802092566967442e-01
9.549850857653530145e-01
9.480427167077324357e-01
9.561231417976365776e-01
9.558163968472186411e-01
9.570136822888235528e-01
9.560437289009761086e-01
9.473121522388177063e-01
9.508635744723058503e-01
9.618083668151814480e-01
9.451554950192432303e-01
9.510459329396937500e-01
9.485047009884077784e-01
9.490766639404629723e-01
9.538206269973108498e-01
9.526211673392579460e-01
9.596960665793404788e-01
9.548902561315195658e-01
9.486271678900211057e-01
9.568377063932306248e-01
9.531323454670848072e-01
9.528313796877847519e-01
9.535907566978736316e-01
9.581341917131034336e-01
9.560380045894204537e-01
9.547784212175295382e-01
9.609037048253747937e-01
9.574770406707975301e-01
9.486209610432573269e-01
9.540071747129955648e-01
9.458946365521363475e-01
9.444843812100605085e-01
9.514728809583392621e-01
9.577638623835514897e-01
9.553394072901022493e-01
9.579719373925983383e-01
9.493291471910978441e-01
9.500391277494202313e-01
9.523891201008936047e-01
9.515427803014639974e-01
9.508836050052947853e-01
9.525114304549114896e-01
9.534088082152148980e-01
9.562311067608952886e-01
9.556533146495246323e-01
9.547082986112949143e-01
9.567571757610453531e-01
9.509665563371818564e-01
9.588940605434936870e-01
9.490847657796428471e-01
9.538790362726659033e-01
9.594038984700347106e-01
9.524761440401975365e-01
9.580839718158919993e-01
9.539196768114240887e-01
9.609995173141441249e-01
9.449435497251263971e-01
9.573842039427188366e-01
9.578151926308692277e-01
9.503620639196797004e-01
9.508414643161831048e-01
9.494903156138336797e-01
9.548424460547580983e-01
9.584897764910818019e-01
9.505018497788094711e-01
9.532173611764512833e-01
9.537362602082734009e-01
9.539999915619378212e-01
9.503512301523769912e-01
9.455024541892410594e-01
9.430918688511191750e-01
9.532629872590934195e-01
9.550563688668995965e-01
9.530848833852243462e-01
9.498437369692050991e-01
9.540696231889310708e-01
9.525515880891316511e-01
9.626461405571303809e-01
9.489536727822350803e-01
9.553569666257841764e-01
9.511508031275478503e-01
9.567051995895807792e-01
9.517873480120357943e-01
9.507087891663107415e-01
9.476155549134115397e-01
9.601789088402733485e-01
9.567190350167196211e-01
9.480157558603914403e-01
9.479255435709884603e-01
9.449948585629392994e-01
9.459378786162635500e-01
9.437909309146377268e-01
9.558760621236175314e-01
9.530712192615475864e-01
9.544950674926653278e-01
9.480556533676027797e-01
9.478861628983119569e-01
9.498905591552313510e-01
9.510766980800169357e-01
9.574338595196008050e-01
9.571748155636757849e-01
9.486076748892710020e-01
9.574944745830886728e-01
9.554365521115519844e-01
9.508942367895323322e-01
9.614376681605096842e-01
9.522051950442861346e-01
9.512964789151469036e-01
9.546976130004140026e-01
9.493658850904158619e-01
9.467869124106631507e-01
9.543079696866462180e-01
9.487227002806521980e-01
9.470102406314828691e-01
9.567340246145248361e-01
9.551408923086522895e-01
9.554947428084125116e-01
9.509633906820428306e-01
9.532609411666247423e-01
9.495808350046871515e-01
9.508547678615625331e-01
9.505335273987198796e-01
9.545808047112965822e-01
9.515422901806249723e-01
9.563833468951594696e-01
9.550542564028151604e-01
9.552702329451314700e-01
9.605320194702836600e-01
9.502116310617424455e-01
9.495592525904161807e-01
9.588640941963675335e-01
9.517416973961290161e-01
9.566213005028179062e-01
9.559992241421368941e-01
9.595528290602349797e-01
9.524941541631091191e-01
9.604802432912242782e-01
9.516101049110811116e-01
9.621230836126261066e-01
9.556402366878724575e-01
9.562355745682400432e-01
9.607663580583399865e-01
9.491642018812960213e-01
9.499506304500122678e-01
9.579497099389694403e-01
9.571103762997621445e-01
9.622294887857796297e-01
9.468788132048356898e-01
9.480933998777331118e-01
9.521355215169735597e-01
9.505864575271695260e-01
9.551865051398630291e-01
9.511456474181261278e-01
9.442379304554689989e-01
9.577704221142019358e-01
9.540772933616807894e-01
9.503552112639001015e-01
9.560154093659840591e-01
9.626046296041999017e-01
9.467539868976555528e-01
9.524755914896995135e-01
9.539045360210036684e-01
9.518063058103573004e-01
9.559775910064306492e-01
9.507084866484468710e-01
9.468283486328742393e-01
9.553213294329663263e-01
9.571272546378640778e-01
9.507997168513432351e-01
9.508298400497657843e-01
9.559655127982159550e-01
9.519232426872362707e-01
9.512793299557894544e-01
9.537340042550952468e-01
9.502954137636493437e-01
9.544604256446913570e-01
9.503111079497300606e-01
9.514851054398113517e-01
9.471876708129345346e-01
9.482557495553280980e-01
9.537818143140358584e-01
9.451082546718551081e-01
9.592126167788213031e-01
9.519039497631455182e-01
9.492231487479908525e-01
9.609361478640616738e-01
9.508891879759435728e-01
9.539735650704609382e-01
9.574393719721635554e-01
9.506203549882424886e-01
9.475928299903767504e-01
9.577869945241110905e-01
9.508595948702281975e-01
9.481472395706215250e-01
9.520833576018939981e-01
9.517847363358320489e-01
9.462832163242715922e-01
9.536789033841851504e-01
9.585109460218125266e-01
9.575401281211469717e-01
9.523093699416310676e-01
9.474445452492641362e-01
9.516808246435768393e-01
9.518279112265186637e-01
9.555551061947713531e-01
9.580756422811030903e-01
9.489603046372594441e-01
9.589784725520863473e-01
9.575965741452324709e-01
9.544660290989263052e-01
9.483221547564888443e-01
9.476460425485784267e-01
9.492262597653088330e-01
9.577266894771544470e-01
9.549353298171086024e-01
9.590438895966690858e-01
9.529814842133290664e-01
9.533723766432729008e-01
9.507047902718950283e-01
9.458458655852340913e-01
9.485529443822645623e-01
9.587752233432854654e-01
9.594412991199605667e-01
9.542850937044952131e-01
9.564540537228826134e-01
9.567407263392176953e-01
9.507125615584587353e-01
9.569640346518424323e-01
9.586652507269449730e-01
9.571608337872326011e-01
9.529671389424381189e-01
9.527144979655184365e-01
9.505187171820983494e-01
9.566770149476555574e-01
9.514105128872719641e-01
9.450944112149751719e-01
9.548782603361984922e-01
9.546384890113743804e-01
9.531749670612862380e-01
9.524967745360440885e-01
9.536078150303431977e-01
9.539402280285461666e-01
9.545033194012930711e-01
9.508310135887565462e-01
9.497466829196347105e-01
9.573180954932181130e-01
9.518571512317628436e-01
9.467150916010761419e-01
9.489102068260268918e-01
9.492887259885586237e-01
9.541111414247116507e-01
9.521534666342122977e-01
9.496578313475761979e-01
9.505865458453116590e-01
9.489551309397793455e-01
9.610226312347305289e-01
9.531709973968446326e-01
9.474545646667930088e-01
9.525690611118937667e-01
9.516472522819295898e-01
9.537824960303186161e-01
9.536694549090101169e-01
9.517896255708930831e-01
9.527913190536788646e-01
9.510542209571817285e-01
9.509203420914918992e-01
9.555929654837992393e-01
9.522410317457472573e-01
9.579158269586544039e-01
9.466905314170779295e-01
9.559431827684125027e-01
9.524533893216216018e-01
9.517770960409150938e-01
9.562991884957305899e-01
9.543580292812019472e-01
9.478063968937882056e-01
9.553836245994672405e-01
9.469780048519250704e-01
9.521791115695643626e-01
9.497112998291580288e-01
9.522563666708857566e-01
9.566014668201614501e-01
9.557133402845910952e-01
9.548896740475321110e-01
9.533092750801631654e-01
9.531700941596621401e-01
9.476344290181459851e-01
9.532451768246380519e-01
9.534413630360839553e-01
9.543061987571733740e-01
9.495011874944012664e-01
9.594710604773055707e-01
9.465600589396301334e-01
9.568047524897029810e-01
9.558648902484787602e-01
9.553459619685515936e-01
9.609992021924479433e-01
9.445736256745220771e-01
9.531054551884230452e-01
9.539532372411255734e-01
9.568799051001332101e-01
9.594208605769851683e-01
9.557734090850376063e-01
9.521389838514103809e-01
9.529350859910453719e-01
9.583357054734296110e-01
9.539160043326719851e-01
9.537850409369732496e-01
9.513433213760784657e-01
9.557709376628747977e-01
9.601544135404148639e-01
9.444050972016309053e-01
9.494964139818481419e-01
9.589277295656427613e-01
9.545651229222351652e-01
9.529390404803921300e-01
9.469074894432160105e-01
9.469609718234217599e-01
9.553673464203036314e-01
9.534879427085595216e-01
9.529767174471962532e-01
9.591704919584058686e-01
9.460481885266848190e-01
9.516825254562739644e-01
9.533544058649259245e-01
9.526755882189098523e-01
9.512034577673534885e-01
9.585485058590673679e-01
9.491950019707382502e-01
9.489165959968752784e-01
9.475861980742784629e-01
9.489095676235170806e-01
9.622011427321660593e-01
9.566149065752584946e-01
9.546358943126550534e-01
9.524280499101267505e-01
9.606307883822124971e-01
9.597675055630456864e-01
9.620652642460687520e-01
9.548032668780248589e-01
9.494481042959447281e-01
9.508337770014455570e-01
9.534688532911773651e-01
9.533579466305471817e-01
9.491283322135768419e-01
9.555180811026892096e-01
9.524589115648389726e-01
9.539217769829047011e-01
9.549080220193192359e-01
9.549765548123062553e-01
9.589860980952861214e-01
9.588648206692909071e-01
9.602805709736165207e-01
9.499542579116280194e-01
9.569196872523478836e-01
9.539144980403431173e-01
9.580667055431306700e-01
9.557065660047744382e-01
9.516585210498496039e-01
9.489608299061965679e-01
9.607485927640440071e-01
9.512803667748326308e-01
9.569080275934175317e-01
9.603901820501380415e-01
9.488472137929980788e-01
9.532886845911491269e-01
9.507916413974761838e-01
9.577920017055011614e-01
9.499344143619768976e-01
9.532683444149258056e-01
9.497416854089389959e-01
9.468813301189912268e-01
9.552511158617709164e-01
9.520180546782439635e-01
9.532707200922763136e-01
9.519011977900884158e-01
9.589434225300198511e-01
9.560788448410393325e-01
9.531696879136870582e-01
9.550365358536435645e-01
9.607314765396463008e-01
9.623390875341949480e-01
9.553338754629584484e-01
9.581860560948648464e-01
9.561326757803558785e-01
9.545616398126951507e-01
9.497155480559045237e-01
9.477920195447993024e-01
9.501131547324308535e-01
9.559411337949158538e-01
9.545903887016267131e-01
9.645807938976673768e-01
9.546919153950927939e-01
9.500967786409009186e-01
9.543812356639498340e-01
9.541917493894507274e-01
9.516740297589110220e-01
9.577028178039485029e-01
9.528065562968497382e-01
9.510979940997854598e-01
9.628332998133504184e-01
9.551578980268469188e-01
9.619367580969173659e-01
9.545751962441478833e-01
9.561716721221479309e-01
9.438621960470215955e-01
9.581790425102713060e-01
9.498272979593248566e-01
9.476670455640343604e-01
9.501369800078930394e-01
9.572745632759940282e-01
9.633386064246676206e-01
9.609229826122647200e-01
9.531731418022836300e-01
9.571768830266371708e-01
9.452862314391546894e-01
9.482555577002561575e-01
9.479172143161863628e-01
9.421649201771664650e-01
9.499911835310345110e-01
9.515650137229737515e-01
9.510400704902278735e-01
9.496535417309750482e-01
9.561680196354245265e-01
9.482435351260802836e-01
9.477056153475073019e-01
9.472984957112343674e-01
9.361154704221225087e-01
9.366868826514839208e-01
9.426421253924864851e-01
9.414486891924807033e-01
9.412826870370590848e-01
9.484850421348192118e-01
9.404277059566267249e-01
9.400729600229964511e-01
9.459231633595243105e-01
9.330433195197447294e-01
9.361162634001649607e-01
9.458925942092781813e-01
9.390332358905887356e-01
9.378390428428214909e-01
9.433423154732291094e-01
9.408836669729191415e-01
9.257369774699369946e-01
9.409575462326782436e-01
9.382330541039698435e-01
9.426823614735614365e-01
9.574503251525322556e-01
9.491559843241021976e-01
9.504344565599245342e-01
9.457820202396208797e-01
9.417816185580654142e-01
9.492809058099906938e-01
9.456731335854507980e-01
9.456603969735395410e-01
9.533596829556332253e-01
9.452691819935621353e-01
9.447243826781642762e-01
9.465309624020459278e-01
9.495595990204587222e-01
9.563012832228955373e-01
9.559461181878334823e-01
9.533914230228550668e-01
9.538366761907469682e-01
9.561140563096366396e-01
9.510175416317148134e-01
9.525217290607956855e-01
9.575744664216305768e-01
9.494552067042368870e-01
9.564768446352165387e-01
9.540703720241313635e-01
9.598295008916565285e-01
9.558226377480626423e-01
9.565293150076515927e-01
9.456191039882052563e-01
9.481538085989694720e-01
9.524445188331127632e-01
9.573272256326778029e-01
9.489712928400301228e-01
9.504789976649266059e-01
9.570893917540951312e-01
9.530118858082911037e-01
9.554722091712630760e-01
9.453742171993515520e-01
9.517594383510571410e-01
9.569363015668111982e-01
9.511293850635061942e-01
9.449091871691942535e-01
9.516882913919672005e-01
9.499892441395921816e-01
9.507865121522960372e-01
9.488479816693721203e-01
9.560883838822366032e-01
9.514116103309254724e-01
9.615185042954869088e-01
9.565611560650579825e-01
9.509849900683698953e-01
9.534625488912898961e-01
9.547260654117948331e-01
9.516626804514334292e-01
9.530094791181649150e-01
9.508892633152845608e-01
9.502802866658822678e-01
9.548557803398581845e-01
9.592319166004885655e-01
9.521947511238352257e-01
9.565000933537852745e-01
9.553664311345427818e-01
9.524885196693168021e-01
9.597505774598334982e-01
9.573046426350679816e-01
9.586377916147904577e-01
9.512177975284349385e-01
9.567104763458924577e-01
9.537990575196451104e-01
9.601925468799703545e-01
9.554446350078691363e-01
9.428085149404068499e-01
9.617302729781072035e-01
9.562519601660298685e-01
9.509816174104518405e-01
9.531176244577059808e-01
9.561572869998657964e-01
9.591277336773150752e-01
9.501898251729048450e-01
9.491588127185869306e-01
9.536166973796658120e-01
9.563183331107029117e-01
9.516535718966200319e-01
9.571774339308229962e-01
9.572777074085694338e-01
9.500651990666857394e-01
9.534320509151232859e-01
9.554221045442203852e-01
9.542547762577683335e-01
9.600493679577860595e-01
9.475505024438837243e-01
9.527991131787929557e-01
9.483732571913894294e-01
9.604194783642807653e-01
9.482282415809091258e-01
9.458867065033181865e-01
9.495819807353288455e-01
9.486916229039740189e-01
9.516235799891071823e-01
9.527933196774263092e-01
9.570112353796441651e-01
9.575770511422184716e-01
9.544406430333585156e-01
9.466495901074076791e-01
9.514268673465906545e-01
9.558068776594170757e-01
9.548838843181277625e-01
9.481033443958041262e-01
9.532615991143684742e-01
9.548104975267657224e-01
9.527058736863404098e-01
9.520454366655607403e-01
9.549271655981214080e-01
9.504674540650942527e-01
9.528641338490113633e-01
9.527758861798767409e-01
9.531710673231568176e-01
9.540743058653685660e-01
9.498158905973608235e-01
9.499383326658596971e-01
9.526221234322072018e-01
9.535089643577652208e-01
9.538769124267238997e-01
9.571066812968479498e-01
9.493200158184460502e-01
9.550370277837452182e-01
9.562044009225784125e-01
9.520881495741062572e-01
9.489100631524736151e-01
9.494895186723318892e-01
9.552653038230848326e-01
9.508852627769712740e-01
9.586693742409145846e-01
9.511442604055924122e-01
9.572482960196373458e-01
9.556860490826498689e-01
9.511359993603213381e-01
9.578555053901226524e-01
9.502589392140962099e-01
9.569421983942497656e-01
9.485200153736195183e-01
9.582200186262642694e-01
9.505210602546975140e-01
9.525038692119995876e-01
9.572562711268918223e-01
9.629877026880595547e-01
9.522154712531087917e-01
9.541416588405899901e-01
9.571771618764379763e-01
9.615339701780024617e-01
9.552829302445356996e-01
9.557790569368226352e-01
9.548478758187115556e-01
9.526916244654201060e-01
9.581847593886562153e-01
9.562048039129558141e-01
9.571706789159325490e-01
9.501572106798481521e-01
9.562850405347202987e-01
9.510157792193589810e-01
9.526484730792104116e-01
9.579447207140809883e-01
9.550109434718108137e-01
9.540284567175129071e-01
9.546652195673921426e-01
9.508600942922997845e-01
9.493879393985167336e-01
9.587873843662947371e-01
9.513432138148708583e-01
9.573831016775632419e-01
9.546788908881690405e-01
9.540173914230452024e-01
9.506721150992265557e-01
9.568069313072880000e-01
9.631569716474239762e-01
9.538522262214986780e-01
9.549261582640998780e-01
9.630193572801881707e-01
9.521037771330269628e-01
9.579045884586263604e-01
9.497842210978743038e-01
9.560366811564056100e-01
9.576214408031538117e-01
9.552202609480456852e-01
9.553216695282312765e-01
9.532069519842836236e-01
9.532341761731442098e-01
9.515891637415194726e-01
9.655493800647815261e-01
9.498890781265173500e-01
9.546220055866782017e-01
9.527387461258629564e-01
9.521019794278424708e-01
9.540821516199566865e-01
9.520598463108497223e-01
9.512958117331549168e-01
9.483022016413673594e-01
9.562470683438398789e-01
9.488053162688752096e-01
9.587885505857228763e-01
9.510773164480920139e-01
9.590809329673284367e-01
9.564823679685723334e-01
9.514162195845456971e-01
9.532983621121290385e-01
9.540193156702126975e-01
9.570119697091894473e-01
9.562922537577942528e-01
9.527073282570230894e-01
9.632207661703362511e-01
9.537514520476690905e-01
9.517849370007104293e-01
9.522514585850848645e-01
9.544911391948712742e-01
9.577225679482783693e-01
9.578692700794506631e-01
9.638181449085859720e-01
9.528457556101662673e-01
9.494383375220872834e-01
9.503037439425071620e-01
9.532209980337076338e-01
9.584106809862177334e-01
9.527779835086509497e-01
9.526388217391899005e-01
9.504547510423887458e-01
9.589427258704728008e-01
9.489265130524977554e-01
9.570392948728395632e-01
9.479896708801439642e-01
9.506876897017894068e-01
9.596470805353449762e-01
9.529871120897825953e-01
9.617015509015025554e-01
9.498187476219576153e-01
9.537790034614617163e-01
9.492916518713134799e-01
9.503859811808499369e-01
9.435345977046951660e-01
9.503972830833633534e-01
9.554675896523385781e-01
9.522912428584995315e-01
9.546170730186767095e-01
9.530933190715432657e-01
9.576877048163910944e-01
9.588477430859246864e-01
9.486819151725757182e-01
9.526240037582449638e-01
9.526720715653440585e-01
9.542194710631278776e-01
9.490849218446075763e-01
9.552723646293322934e-01
9.536551787854723461e-01
9.526910910031289870e-01
9.510380828446912682e-01
9.529103016871949272e-01
9.546728064320244567e-01
9.573666362153807619e-01
9.488782958896903041e-01
9.535520031853783607e-01
9.548207289096266592e-01
9.511868691611872206e-01
9.490015743971806916e-01
9.541854160715627087e-01
9.488301639933415244e-01
9.505353649962987594e-01
9.508753385799431079e-01
9.464222467110151582e-01
9.516424943283788851e-01
9.505102050982516815e-01
9.603299113274583743e-01
9.606563968634544981e-01
9.560384966321227029e-01
9.523630659229348483e-01
9.564357945975209274e-01
9.573822058323441242e-01
