8.772006999309391873e-01
8.890240788384808912e-01
8.893754554733845907e-01
8.771785919861482261e-01
8.852473594394085765e-01
8.874354519648474104e-01
8.951344221251150701e-01
8.918828742900842821e-01
8.873715011778684492e-01
8.855863498280521773e-01
8.886980715804226882e-01
8.817157212234698616e-01
8.833022153594655146e-01
8.910746694741282781e-01
8.941183317239996819e-01
8.876137162008421733e-01
8.882986717963283763e-01
8.873665348159920363e-01
8.859492088284446343e-01
8.871726136703181886e-01
8.889152363135734980e-01
8.961949673503575298e-01
8.937671376232861897e-01
8.978560134388806624e-01
8.967446881140074266e-01
8.930367744943596975e-01
8.958823294508470036e-01
8.950396214446307841e-01
8.931777490769039485e-01
8.939877918636607301e-01
8.967328620587098342e-01
9.024427023735027698e-01
8.924906665689475993e-01
8.933709095705918424e-01
8.937348352906263615e-01
8.993066030111280806e-01
8.972434117943851595e-01
8.934373290396148137e-01
8.969653922773044297e-01
8.975610485780213255e-01
9.029855513472121453e-01
9.011257774090662975e-01
8.978099615492861618e-01
9.060368190367136254e-01
9.036767198975514948e-01
9.073103423529843559e-01
9.007629315106261414e-01
8.957733458214957034e-01
8.975560707481686773e-01
9.044328753337725901e-01
8.996562588077162692e-01
9.062976823223343192e-01
8.981259199206861332e-01
9.020977902345015398e-01
9.000820172138905839e-01
9.015133550333541690e-01
9.022947602556969926e-01
9.020414332106168054e-01
8.980889918377096270e-01
9.002337704042844280e-01
9.048297601763900522e-01
9.044993473772803272e-01
8.990875636316679742e-01
9.087467922588378100e-01
9.064336591280016675e-01
9.011942671121713211e-01
9.077695530299759730e-01
9.055092880688156987e-01
9.075660292623267678e-01
9.108900882080223083e-01
8.997418234590084385e-01
9.123342020490774473e-01
9.153297783913387775e-01
9.162255822316426324e-01
9.078273108023868776e-01
9.053054945769580808e-01
9.163019141853970817e-01
9.095999633391089745e-01
9.097571075547766783e-01
9.203265116730889872e-01
9.194480032446072926e-01
9.173086847945407518e-01
9.251112715564588918e-01
9.183464471229584314e-01
9.217745684474540901e-01
9.169813913695744612e-01
9.202528733591128773e-01
9.211118106418143547e-01
9.253005528909911126e-01
9.249630848367467184e-01
9.225275614782367795e-01
9.269168409912192930e-01
9.285419404595783854e-01
9.223922608344434781e-01
9.253638800229233574e-01
9.303970402011962904e-01
9.311591962064308392e-01
9.326907661853729437e-01
9.308569051188568810e-01
9.275753238505363152e-01
9.355184340480805494e-01
9.326259708244939439e-01
9.279220084052356432e-01
9.294419886211154891e-01
9.350279103103663614e-01
9.311738647370243482e-01
9.333331932595801961e-01
9.295543648506056078e-01
9.334046647847012990e-01
9.338604815752479249e-01
9.200515758905771779e-01
9.280453732005881085e-01
9.088221280688254522e-01
9.215295310261619743e-01
9.297514595147666761e-01
9.356031480994242422e-01
9.303230646469891063e-01
9.317786965762725471e-01
9.342635791215326835e-01
9.358177677079041468e-01
9.395121289066178383e-01
9.323458452980493139e-01
9.299667687478568867e-01
9.364602028519659616e-01
9.378950819235845060e-01
9.364696114395003601e-01
9.389075527205936744e-01
9.343941980234227174e-01
9.333521188086341125e-01
9.382791532481564722e-01
9.354293024941390255e-01
9.305751971499277575e-01
9.361611020536395600e-01
9.396316881151023370e-01
9.381004676225812577e-01
9.392953380709185840e-01
9.382327170156210538e-01
9.305345521604935222e-01
9.285368229271658835e-01
9.359934949836195006e-01
9.383440382367130850e-01
9.326546185217793328e-01
9.371542960533235656e-01
9.296303616775758449e-01
9.348349889411236013e-01
9.342943825250432655e-01
9.378676787136305260e-01
9.276173440282122762e-01
9.415207950901787193e-01
9.360651273963911390e-01
9.370146089133086775e-01
9.331259870442971671e-01
9.322264265193166421e-01
9.402101701126451827e-01
9.294192668608114438e-01
9.323591957485487525e-01
9.333453662595010414e-01
9.334643575896864887e-01
9.359558949260070593e-01
9.368917106773227976e-01
9.433090915437659651e-01
9.385379040829868735e-01
9.358297921426637078e-01
9.417364297274152252e-01
9.403918885382843706e-01
9.318338254852999158e-01
9.384216971749691494e-01
9.402823568603914106e-01
9.330854296206186893e-01
9.327442151195284303e-01
9.404430897151566660e-01
9.349329645922087595e-01
9.384566060540023846e-01
9.378196970051284609e-01
9.393978762891138645e-01
9.415841494197659811e-01
9.399582723931564354e-01
9.389168554586112547e-01
9.420057368133227804e-01
9.432779394348895785e-01
9.407662935363674261e-01
9.410333643287781547e-01
9.323450334822659391e-01
9.419331039389479132e-01
9.387479981404379670e-01
9.448986069626691409e-01
9.303211692649778763e-01
9.328964844094705944e-01
9.449231319191505607e-01
9.405489148559655899e-01
9.370743641207407437e-01
9.351914530162249717e-01
9.385146227607326086e-01
9.392127356201038779e-01
9.419526014363910349e-01
9.384597930122160481e-01
9.392164162727435484e-01
9.395192987972338372e-01
9.388297477179776696e-01
9.430018098305567031e-01
9.437460707208132904e-01
9.378907701864698243e-01
9.418435621627638810e-01
9.439804117739971634e-01
9.400622336161751358e-01
9.447732425803917478e-01
9.449902443448885414e-01
9.449711972072596389e-01
9.388280481100780284e-01
9.368876513578482390e-01
9.413039118235185798e-01
9.407934166134361842e-01
9.345317231725509544e-01
9.382248208612439244e-01
9.348424714218274145e-01
9.444392638127732109e-01
9.395046953702813619e-01
9.395924637802760548e-01
9.385014086181648896e-01
9.422101980542646471e-01
9.405078722721827988e-01
9.401087386214834751e-01
9.377225716569732583e-01
9.456726180817577321e-01
9.380588444068820309e-01
9.373549468783493044e-01
9.396125758444113796e-01
9.441381977344512899e-01
9.445432853393973538e-01
9.399782970608656640e-01
9.393960170099789897e-01
9.339697461425511271e-01
9.426201464723606982e-01
9.449173884769014320e-01
9.457032323186282952e-01
9.444643633037577146e-01
9.441466958569735279e-01
9.447038264886228331e-01
9.427514783061213821e-01
9.380091625141711020e-01
9.357040884822583893e-01
9.426522170033153625e-01
9.420331946385348543e-01
9.433900199252471808e-01
9.399600702231881710e-01
9.410124143141516129e-01
9.491862134500996806e-01
9.398368530294041179e-01
9.470964685603229238e-01
9.393610478825080712e-01
9.370420685405604910e-01
9.457040792784282557e-01
9.482093671358242659e-01
9.396469943486924770e-01
9.429020001849224286e-01
9.433035835318631657e-01
9.385969506636548942e-01
9.377647827639695732e-01
9.391132344865684711e-01
9.366159381493855962e-01
9.377857359157233397e-01
9.448752145223964227e-01
9.434028336075271914e-01
9.427089849942491551e-01
9.415140581780414575e-01
9.461677064474109944e-01
9.482950156526247509e-01
9.451610658767479745e-01
9.401146724176534519e-01
9.466677937582042013e-01
9.453970605220738399e-01
9.424350389403722827e-01
9.448309974132028666e-01
9.400942170310208068e-01
9.436060886514698876e-01
9.434046306996597409e-01
9.377064281374578592e-01
9.400588492952366426e-01
9.495367721309412312e-01
9.373651187860214673e-01
9.467821911066431895e-01
9.452255364595407716e-01
9.486570435603498552e-01
9.433668504700176705e-01
9.462228735342350650e-01
9.440705521203812678e-01
9.398344989740731181e-01
9.418849649680031133e-01
9.455861753619448917e-01
9.412086822962324462e-01
9.486624395149353406e-01
9.441597617474098980e-01
9.373669972237886894e-01
9.378233639225637130e-01
9.419261649990086083e-01
9.403591699883001587e-01
9.408683945517587466e-01
9.453421158152217618e-01
9.392307611292028957e-01
9.333605558326054652e-01
9.396108071419297936e-01
9.459641019401737738e-01
9.435711002315863016e-01
9.388292908684009452e-01
9.452367038715344671e-01
9.437443243343232036e-01
9.457369093987114672e-01
9.446296245906331546e-01
9.397007967789376970e-01
9.434254050513434242e-01
9.446308475588658382e-01
9.418954911238701655e-01
9.326133080190004421e-01
9.401944989609453129e-01
9.477032089876423759e-01
9.405153960380592260e-01
9.402297180543948141e-01
9.379985616002329829e-01
9.446462844595866493e-01
9.462115674820088529e-01
9.453765133479425931e-01
9.440837865180234934e-01
9.339228717582207517e-01
9.380347694216080168e-01
9.423266244953849569e-01
9.350948832712514536e-01
9.417152060949461889e-01
9.460346774394916558e-01
9.460121370678129527e-01
9.406112468562954909e-01
9.433433151769053948e-01
9.505563848077888123e-01
9.471486771732050558e-01
9.504269608616389142e-01
9.458491308211636195e-01
9.470643133284289972e-01
9.458652441194235205e-01
9.405795753597235853e-01
9.459170778626151410e-01
9.499031835050146810e-01
9.440231706520232358e-01
9.496501457802044577e-01
9.438470518540635901e-01
9.525079330829459012e-01
9.437093051827060153e-01
9.478789850952515916e-01
9.482713573004915020e-01
9.440212533111964621e-01
9.484258006440891009e-01
9.486826569735078429e-01
9.450365716423648754e-01
9.439471512113619678e-01
9.457789950445218974e-01
9.486476131996416372e-01
9.467173396374616301e-01
9.444593384440976847e-01
9.423120581099526660e-01
9.472241380203889616e-01
9.399863786324431647e-01
9.431748726398896387e-01
9.454462961957739164e-01
9.421884433317515573e-01
9.477135084429419987e-01
9.382512795379122084e-01
9.467767549595947907e-01
9.467186053938803081e-01
9.453369714784060074e-01
9.446563505904707059e-01
9.518191144982455221e-01
9.490838068148468309e-01
9.509783081869592758e-01
9.413744670346292365e-01
9.503923135458868243e-01
9.445599241551981828e-01
9.397957681135770125e-01
9.451822404782896925e-01
9.465373227797637679e-01
9.413797974779734012e-01
9.380519778427579558e-01
9.450971003064819742e-01
9.479255655217195820e-01
9.511763985023996559e-01
9.505737472616949679e-01
9.423859692808547184e-01
9.447493019021746541e-01
9.465615844426473746e-01
9.494705186077889714e-01
9.430740163594135694e-01
9.468762110986074232e-01
9.504521919005992636e-01
9.428942601147757285e-01
9.465859619189642693e-01
9.435338236848874738e-01
9.428678709366786759e-01
9.427017494551432897e-01
9.466090791323408249e-01
9.469576857174953899e-01
9.455627705559023211e-01
9.446771024402592642e-01
9.450624529673453678e-01
9.504371163896937480e-01
9.467743019781778013e-01
9.419093107666094422e-01
9.454650924377550059e-01
9.492702079179937691e-01
9.479996064954455681e-01
9.475382136966746804e-01
9.482709992755108397e-01
9.453752136195068267e-01
9.410974977996940938e-01
9.416301087172874729e-01
9.403134892021950408e-01
9.474042299584968241e-01
9.391956383710379219e-01
9.478292698387782433e-01
9.418446149278021373e-01
9.460409274557807224e-01
9.446863975222986598e-01
9.432041719940300606e-01
9.458103523898597764e-01
9.437658926941016047e-01
9.456260187806839745e-01
9.485301547340272421e-01
9.427269781423929240e-01
9.448206141120911727e-01
9.463907532799646916e-01
9.421064526948681461e-01
9.443600543892662902e-01
9.448578109024891036e-01
9.426294094350968766e-01
9.437304171718429169e-01
9.492319250342441395e-01
9.479664682461462766e-01
9.465163642851738279e-01
9.468346387162983602e-01
9.455328616354354843e-01
9.477350624215027386e-01
9.451079467003105083e-01
9.477101653290118666e-01
9.433854625947638572e-01
9.429729240935594836e-01
9.433228442984915585e-01
9.452799678019190299e-01
9.412998295946825023e-01
9.423876932751561464e-01
9.399087530217290487e-01
9.440581281955141568e-01
9.420356789117595442e-01
9.460226459255309805e-01
9.438478641357117560e-01
9.449155134895383945e-01
9.450555198940885360e-01
9.448492279388521764e-01
9.473724822084822472e-01
9.494666879675733862e-01
9.442015764805460343e-01
9.413719454038830259e-01
9.465885018893476222e-01
9.379018142827051374e-01
9.468084441397479623e-01
9.425963187483082928e-01
9.460757445053640247e-01
9.397376086049068489e-01
9.484762041878940231e-01
9.428737886496803000e-01
9.483793633288829517e-01
9.496831019021618747e-01
9.479532609673423371e-01
9.524598743766629072e-01
9.477608316247017051e-01
9.383936324068455903e-01
9.436902028948960242e-01
9.406473115147261366e-01
9.497242250728639146e-01
9.508218882754791990e-01
9.530731074102347655e-01
9.452107602431633060e-01
9.538919775355038100e-01
9.420345641823827387e-01
9.419752044464735352e-01
9.495987200337664413e-01
9.484955663925069835e-01
9.513170665890423594e-01
9.489344385210363164e-01
9.406025778892846967e-01
9.507504216435009869e-01
9.468903567860444959e-01
9.483253218682637931e-01
9.458344725544595155e-01
9.454017903497500264e-01
9.426468352415728891e-01
9.470244262520902678e-01
9.457842469624114790e-01
9.405635567097359040e-01
9.436274638614982058e-01
9.451519569056729964e-01
9.392295311682139491e-01
9.394479243658167000e-01
9.486207854797420458e-01
9.488911111964440925e-01
9.494271955711320876e-01
9.492042430789120466e-01
9.486690486678085454e-01
9.494421340677816623e-01
9.545253610651391885e-01
9.471184419866102155e-01
9.478445439454185051e-01
9.509506546903270241e-01
9.434093823778819665e-01
9.473671457301010568e-01
9.365932275959384379e-01
9.467105796761039471e-01
9.449999639824276931e-01
9.498618355554292458e-01
9.487345534575044592e-01
9.407907280798375460e-01
9.486364429463796100e-01
9.427671430216509885e-01
9.465308644696672769e-01
9.403873098356595461e-01
9.454277653233918999e-01
9.510255237515674587e-01
9.438260031633884939e-01
9.442434906211484291e-01
9.469665308397781089e-01
9.395825226117644480e-01
9.485655531120023021e-01
9.399721958602775818e-01
9.479576043471193980e-01
9.446371247455447318e-01
9.436798810950125516e-01
9.444228037764168526e-01
9.460476677543036006e-01
9.460085535502905651e-01
9.419591425662097173e-01
9.465396007854305349e-01
9.465443986663067966e-01
9.479277694622929573e-01
9.493979472905624828e-01
9.457354130562235506e-01
9.493001874562989606e-01
9.494075312069655270e-01
9.471533119767024944e-01
9.472809146072720399e-01
9.483049677180076520e-01
9.426786704776407566e-01
9.490976831357902377e-01
9.484715606017168898e-01
9.453144692726708209e-01
9.476824023677794528e-01
9.466910391301668337e-01
9.388041316518080937e-01
9.487093746008785633e-01
9.470001311705671387e-01
9.449822312367511801e-01
9.440362680264037243e-01
9.494839105412160585e-01
9.467264261344604526e-01
9.468138591719917896e-01
9.495195657123939315e-01
9.409783035941441387e-01
9.451619639691486441e-01
9.425345758766071613e-01
9.490511746436540719e-01
9.469417406515456825e-01
9.464045946123101904e-01
9.441628962024174454e-01
9.518327765291192399e-01
9.481035195022308182e-01
9.474566114755884616e-01
9.492645870246326778e-01
9.434509158093983272e-01
9.407988608526964835e-01
9.497305127265672775e-01
9.468500651595096462e-01
9.453578464059324560e-01
9.475766403632465140e-01
9.431830848970677028e-01
9.437932517084834938e-01
9.433345126442751472e-01
9.451298003674279968e-01
9.506765934159523423e-01
9.379427024256346002e-01
9.441579268341980802e-01
9.457537547436360992e-01
9.485159433176866273e-01
9.477272701868193483e-01
9.451917472308246637e-01
9.460311916208904437e-01
9.457658469955346758e-01
9.491918613862493359e-01
9.463041585230391739e-01
9.451240577394394160e-01
9.455956647468646281e-01
9.449905790291479590e-01
9.489255296344242252e-01
9.446034286102050759e-01
9.486411597019741571e-01
9.461140679693532674e-01
9.471380238271938090e-01
9.452404863511191246e-01
9.482635872602130922e-01
9.478633794701534221e-01
9.455769666540265739e-01
9.479071409375534607e-01
9.456071331379359846e-01
9.345621733029635392e-01
9.487800530096993645e-01
9.476300540616127144e-01
9.504696365484774923e-01
9.452750972677463892e-01
9.442001149455659936e-01
9.488770610337308176e-01
9.418899266336090426e-01
9.456778480850820401e-01
9.440034760446215367e-01
9.468003019256472363e-01
9.477062554995704380e-01
9.479531419776408008e-01
9.433083232032848375e-01
9.457431724696140352e-01
9.413104918583320435e-01
9.397869712675582798e-01
9.469758313319540655e-01
9.514082857870325149e-01
9.472638180634312954e-01
9.494817009353393455e-01
9.501467780379567740e-01
9.476532581690152446e-01
9.525717516496627901e-01
9.484955904197840404e-01
9.478687757412593839e-01
9.497818296829690921e-01
9.491802019267526758e-01
9.432768678405648588e-01
9.446289495688064974e-01
9.482778297772861409e-01
9.485867890013142123e-01
9.489258650302564435e-01
9.500329555431327178e-01
9.486673516866319655e-01
9.484701605446744788e-01
9.503134630466828492e-01
9.416084487240975465e-01
9.503149431880315579e-01
9.407757132481736617e-01
9.369893577327781387e-01
9.434553891177900331e-01
9.509278064445161327e-01
9.442092443462252183e-01
9.472183715861755005e-01
9.463255315229595066e-01
9.462026379201848858e-01
9.456476887945474141e-01
9.488211784920977943e-01
9.520887433121223431e-01
9.466231997996084058e-01
9.414234623751953634e-01
9.471951825181922358e-01
9.460030770637757325e-01
9.492106423736612619e-01
9.450476331866013435e-01
9.475591676717576295e-01
9.470866996611223554e-01
9.425816306525794941e-01
9.491913342272966236e-01
9.482101640616937832e-01
9.481481459921167199e-01
9.487255472379564347e-01
9.478084322362909653e-01
9.421596687095149525e-01
9.515614335839360782e-01
9.455765321916088650e-01
9.431343928474116289e-01
9.478176784585236048e-01
9.468199612617484995e-01
9.477569804012867527e-01
9.459898990935041718e-01
9.519189407848748230e-01
9.463955121414069360e-01
9.360850327118781511e-01
9.440115342216137684e-01
9.404203657069681865e-01
9.454663861426404470e-01
9.457912040410936250e-01
9.396780622673549521e-01
9.482185817979010833e-01
9.496203029561524067e-01
9.447997112886542537e-01
9.466393235921853888e-01
9.418344065618668992e-01
9.420787543636629513e-01
9.457895007984002955e-01
9.442989476339493926e-01
9.465540297116866730e-01
9.424427615035704253e-01
9.440532412636356563e-01
9.462095449487166743e-01
9.442889390832971408e-01
9.469721237057914243e-01
9.496479836036622046e-01
9.483474258227139186e-01
9.396498414739339333e-01
9.458559922843032819e-01
9.446340250613759482e-01
9.414297631345953654e-01
9.476930139447306001e-01
9.492562346510012850e-01
9.469191762524289402e-01
9.430759670730042288e-01
9.443077282009058049e-01
9.466660610081660820e-01
9.417636093217843785e-01
9.510407997215289955e-01
9.376337935921115196e-01
9.395920732501346073e-01
9.519004614444623869e-01
9.459396492928110467e-01
9.437904097571653272e-01
9.474286790957984206e-01
9.448514407975394658e-01
9.458277648539861193e-01
9.498249481507643477e-01
9.481201982364408920e-01
9.415981002456633719e-01
9.456192670629391950e-01
9.495699560930769278e-01
9.451395886473454855e-01
9.403360844833715815e-01
9.400351811450013972e-01
9.506908245026478577e-01
9.493930884852562757e-01
9.518474994158764302e-01
9.444091234411893243e-01
9.508457968174272024e-01
9.481504795103582461e-01
9.467316663630315210e-01
9.471783091439134328e-01
9.411563081651808105e-01
9.487563256649244048e-01
9.442946248957655442e-01
9.512309667976276417e-01
9.494053343018785673e-01
9.559785560092544099e-01
9.483665939211483042e-01
9.463024982570218402e-01
9.463851993020112596e-01
9.470961549614339559e-01
9.481486327213241028e-01
9.507516234319720594e-01
9.481289912168000544e-01
9.462138458948861075e-01
9.500657134967944728e-01
9.497506149416445886e-01
9.455492937577573143e-01
9.512933199768772718e-01
9.470851605689231123e-01
9.429168605286740723e-01
9.466188002165526472e-01
9.496032602624506769e-01
9.525099623519556191e-01
9.478255538251726398e-01
9.400636427096068504e-01
9.495067975625955947e-01
9.419123166738820885e-01
9.515714257345396776e-01
9.475141315884582083e-01
9.479578470439322668e-01
9.456673688966752422e-01
9.441934994072580523e-01
9.482210722295971728e-01
9.449444729444812507e-01
9.437265095032540962e-01
9.497793545935284687e-01
9.466202766745361874e-01
9.481528848722180491e-01
9.471183115510660722e-01
9.459587359106386151e-01
9.363386652464812387e-01
9.461512384890979899e-01
9.488023944340869820e-01
9.459339697975562844e-01
9.478215652995893858e-01
9.493296599185350182e-01
9.427208724019439101e-01
9.465421870956782779e-01
9.482489020346297481e-01
9.505552343265901705e-01
9.470684766724062342e-01
9.465740218366899272e-01
9.515468371379057766e-01
9.451976240058663770e-01
9.491322631417706823e-01
9.487030760471263369e-01
9.477020556519039074e-01
9.502326039552901893e-01
9.487356416276737647e-01
9.453290481949386814e-01
9.487695799377280359e-01
9.433359402098762114e-01
9.440191355787541649e-01
9.444417937018614317e-01
9.472151237306418725e-01
9.480702729782320981e-01
9.469747009823372697e-01
9.480079665547924694e-01
9.479451676451218223e-01
9.434076190584039789e-01
9.526876505322968702e-01
9.428636257274836119e-01
9.482333410062301349e-01
9.468553295777306644e-01
9.486430231113769374e-01
9.464914273677413892e-01
9.508139889930586897e-01
9.453837316321050954e-01
9.496170102127385881e-01
9.484300940902180566e-01
9.467542206228894974e-01
9.510282592161951598e-01
9.468334054957354695e-01
9.455384735143330666e-01
9.467871992771255130e-01
9.434797841933627582e-01
9.454821157470654214e-01
9.457935299931230499e-01
9.496012434065032037e-01
9.504555081647887427e-01
9.446301303373247915e-01
9.477447893803768730e-01
9.475290697740157420e-01
9.478679551281430360e-01
9.467661207834803250e-01
9.488198812023695972e-01
9.510850194811873992e-01
9.463307724530536369e-01
9.478211870304639186e-01
9.487660096828964829e-01
9.433059009268498496e-01
9.406464596628881791e-01
9.440182686134186429e-01
9.458321943262086862e-01
9.462013042821690867e-01
9.476920469734960717e-01
9.473298438064360338e-01
9.461083749577057223e-01
9.482916717474171309e-01
9.457269052537917720e-01
9.506182385220036668e-01
9.419579173367007563e-01
9.460688911244541366e-01
9.533975133585417261e-01
9.492949910648377232e-01
9.472882441303492884e-01
9.455750453143672019e-01
9.484305087474557139e-01
9.469803945792548694e-01
9.479931764937168381e-01
9.469725987302973769e-01
9.560442702343263655e-01
9.485048517626617492e-01
9.542224042896583214e-01
9.483099528620201335e-01
9.472940997022720744e-01
9.399193189656038783e-01
9.420832548528096373e-01
9.427953577206740210e-01
9.496156438690726009e-01
9.531465153339750973e-01
9.497317359548165250e-01
9.463745603022180042e-01
9.485422415439107580e-01
9.504287327007721053e-01
9.433509706977762921e-01
9.438240974751457291e-01
9.531092946186642267e-01
9.476756251514902862e-01
9.470075701441819094e-01
9.473332037814095052e-01
9.453187236639759572e-01
9.470832152201154042e-01
9.517522996139582414e-01
9.480649036612639469e-01
9.494037663822895157e-01
9.518942332185296173e-01
9.487093360527631969e-01
9.475658485145602716e-01
9.480031025812415413e-01
9.493607878799870115e-01
9.453834106408233184e-01
9.487194855942986393e-01
9.465162388425731876e-01
9.438840620081505595e-01
9.477146150643256384e-01
9.480503492055113446e-01
9.512734513193347174e-01
9.448137546327330938e-01
9.486061354908866816e-01
9.517962331852396485e-01
9.484125076511028540e-01
9.457596917505851630e-01
9.510440432101836539e-01
9.458789572893873121e-01
9.488405706125142558e-01
9.450355216208862208e-01
9.457876697376603747e-01
9.473777437520207734e-01
9.455057857221728090e-01
9.461264500557724499e-01
9.502422062518242063e-01
9.435623721402349728e-01
9.453409572447255549e-01
9.520748713327565893e-01
9.408900755611118161e-01
9.478941587371388922e-01
9.430984005582956353e-01
9.465593658533255628e-01
9.516500133283614105e-01
9.455785023250892207e-01
9.525280108505459475e-01
9.447940022321708042e-01
9.444997286294903871e-01
9.440138941546026841e-01
9.458628853833787042e-01
9.505057091718720486e-01
9.501059771427847744e-01
9.524500268682219994e-01
9.453029406517912125e-01
9.475326571317885804e-01
9.466945147261596194e-01
9.452137479191897729e-01
9.511623472074539620e-01
9.483236776059895679e-01
9.477375678670857395e-01
9.486198643722706381e-01
9.521444052730551055e-01
9.491630804786391762e-01
9.480566611764273954e-01
9.498007949284749118e-01
9.449078581597493143e-01
9.481586580364390615e-01
9.448385684036459953e-01
9.465672569063033892e-01
9.503853202452066107e-01
9.455463633308829330e-01
9.463569228283660317e-01
9.506602782575990229e-01
9.388316566008603203e-01
9.389770588571447751e-01
9.456688485605313499e-01
9.501391931030229721e-01
9.481533721380341895e-01
9.427266146694551763e-01
9.460067463671048005e-01
9.513163898287353426e-01
9.496033941836715675e-01
9.510125589142560676e-01
9.437607590363608079e-01
9.467147719388633309e-01
9.458041574680194907e-01
9.430345972281312106e-01
9.457922101092343103e-01
9.485880743616017519e-01
9.488744602490879476e-01
9.502614380668212846e-01
9.465635962953169447e-01
9.425551948201060792e-01
9.490160944156156297e-01
9.482985113474344807e-01
9.499033378755090684e-01
9.509037215860495218e-01
9.509523172344901409e-01
9.431642432302810297e-01
9.467453657210943563e-01
9.514392359849307423e-01
9.455303007666419068e-01
9.478697598610119623e-01
9.450367947736235674e-01
9.531127552599647501e-01
9.518571342424112514e-01
9.500193787303734538e-01
9.415785080911919236e-01
9.516080678073848276e-01
9.493730698487097275e-01
9.484550714540688210e-01
9.462104955603770629e-01
9.492370391963816934e-01
9.467972924532328527e-01
9.491742361714508025e-01
9.471717232596961189e-01
9.512674258973560226e-01
9.487673275081074387e-01
9.482885121550671537e-01
9.447758225185921566e-01
9.507963640400505234e-01
9.463281363260662715e-01
9.433613640410440926e-01
9.462439425695131634e-01
9.499006987140066194e-01
9.484066773715856824e-01
