9.767701944375073442e-01
9.708524298415968090e-01
9.773135048161449845e-01
9.680406482506256349e-01
9.726227632519856003e-01
9.723510155709211844e-01
9.713712737669989439e-01
9.750169214434057929e-01
9.744328445443389830e-01
9.765771160513192495e-01
9.705012615746706484e-01
9.733674500955502573e-01
9.719435961077332875e-01
9.770144349924899663e-01
9.643514071832198775e-01
9.686336858366318969e-01
9.805461059651028322e-01
9.735086874484312203e-01
9.808597967474403934e-01
9.732991826335438690e-01
9.763754296682829459e-01
9.730519890759827817e-01
9.685814691827340228e-01
9.774908356433161805e-01
9.751290565386916409e-01
9.745256582663782696e-01
9.770902255530435898e-01
9.782537744680189773e-01
9.686526963235150278e-01
9.722641375126559460e-01
9.678789460623039576e-01
9.741403962510445380e-01
9.758721793472857620e-01
9.824991578604176379e-01
9.620415858884209248e-01
9.742564794834414066e-01
9.674370498422849574e-01
9.794668289093517721e-01
9.790817234826610926e-01
9.740110673589208456e-01
9.645887451332163520e-01
9.707408767466614297e-01
9.758053398174511006e-01
9.752067989464814346e-01
9.616624527852688509e-01
9.723754849474033346e-01
9.781018601067082985e-01
9.719728612601776785e-01
9.753545528135881826e-01
9.838809140822952770e-01
9.849289933999411106e-01
9.786787814335669022e-01
9.849899653023206358e-01
9.757951845359136289e-01
9.662619559572940275e-01
9.765094463865539032e-01
9.658689844813350689e-01
9.724945716275911201e-01
9.669165972539712772e-01
9.757355856845120190e-01
9.743366654654710413e-01
9.822639189454371866e-01
9.805626319111290234e-01
9.717481345164064033e-01
9.826364696262650522e-01
9.582668940639653687e-01
9.727117479697351410e-01
9.747637186385518238e-01
9.886437229367850410e-01
9.577801961600523883e-01
9.680878049419768816e-01
9.803881893625265853e-01
9.691443453466536129e-01
9.691298470834646128e-01
9.828223281791720334e-01
9.771497104847756132e-01
9.798549103496000390e-01
9.849585543483523331e-01
9.774523931423870771e-01
9.858621767257822466e-01
9.675926603795275138e-01
9.724267646466639992e-01
9.700250979674681640e-01
9.765086088759474814e-01
9.726041470170132541e-01
9.646789928091983324e-01
9.729514480617343919e-01
9.783289274352333642e-01
9.831534012631963915e-01
9.746451345343944972e-01
9.696547527455847693e-01
9.785443680175660575e-01
9.773303952860276089e-01
9.758756029531390208e-01
9.707886779540357836e-01
9.778632726340655834e-01
9.760919279617410460e-01
9.780922446557301919e-01
9.729972512307480947e-01
9.773748664738706182e-01
9.735235358705700559e-01
9.776326459049603512e-01
9.775217998357308424e-01
9.650148702922426436e-01
9.805011945425045061e-01
9.669382056402935355e-01
9.803781890196197057e-01
9.837276643371342111e-01
9.745413222619994098e-01
9.802477577836268274e-01
9.802079997196365690e-01
9.731135979282095061e-01
9.803023439650463411e-01
9.732857896170072909e-01
9.790220239831133320e-01
9.798244157260124210e-01
9.727116418025201217e-01
9.771233629066287119e-01
9.670076108486769240e-01
9.773816339345856585e-01
9.786826480705296261e-01
9.809892864261713363e-01
9.787676567435050767e-01
9.765339912108653708e-01
9.733770056368885593e-01
9.805094101133865481e-01
9.719691646078149061e-01
9.792645891214992737e-01
9.816889167660550752e-01
9.776614949169848412e-01
9.793900286795268473e-01
9.764632524077286879e-01
9.716194850236605784e-01
9.734748614055596105e-01
9.877500776615047995e-01
9.766563712601431524e-01
9.728429245619367727e-01
9.762694533376682360e-01
9.646000533740215488e-01
9.829502138882502127e-01
9.809555557583848895e-01
9.716620204098690428e-01
9.749115111946690115e-01
9.751940020836252776e-01
9.754292116123822742e-01
9.833097157145196388e-01
9.731449466355812650e-01
9.741978278949416925e-01
9.813536918123375585e-01
9.743903776483058277e-01
9.782783526181717537e-01
9.733068917922419461e-01
9.705678174594070118e-01
9.797248151567781171e-01
9.810979999472368984e-01
9.722749112249373660e-01
9.799944277842019824e-01
9.852419949053825565e-01
9.751946293357087736e-01
9.837579540392659139e-01
9.731803862949516271e-01
9.768914598776455849e-01
9.765956240734879890e-01
9.805215574884483809e-01
9.805594303467087824e-01
9.713574923067821443e-01
9.716431189571045346e-01
9.830381350091482728e-01
9.749883069888255482e-01
9.734326965873261184e-01
9.816466024474954644e-01
9.802431812162744063e-01
9.792212415935022118e-01
9.702028308288227487e-01
9.771545727387842550e-01
9.794073393191063959e-01
9.736628440577049792e-01
9.787843289949281766e-01
9.770502847717688066e-01
9.818372586665128354e-01
9.785572085657906483e-01
9.699725765170019720e-01
9.842587363615461493e-01
9.826738576969518135e-01
9.780657883157646282e-01
9.744731370921962954e-01
9.832126594629650995e-01
9.735685169218689650e-01
9.851009989283012747e-01
9.723675243907703436e-01
9.767795023106361496e-01
9.800435019950033411e-01
9.773943758341885335e-01
9.788903619536452050e-01
9.669882239603200258e-01
9.744694689271122812e-01
9.805350294666723698e-01
9.830188666475290216e-01
9.754793768028927614e-01
9.719382278456453195e-01
9.828215588713223871e-01
9.823735854030308801e-01
9.855514095818972420e-01
9.752715474071638191e-01
9.797654254164421816e-01
9.762424359744501512e-01
9.805333485230423030e-01
9.769384669430476453e-01
9.821947269313784368e-01
9.798380490037481572e-01
9.716832040770897461e-01
9.808605070203373355e-01
9.731076408876703221e-01
9.839857432520868752e-01
9.804147864592390738e-01
9.736844500730537089e-01
9.708683419139160220e-01
9.805464798754914835e-01
9.763216744616007858e-01
9.736405645464881742e-01
9.779559292108980229e-01
9.852231532675521652e-01
9.843459552307352034e-01
9.721214822689830948e-01
9.718657697802760564e-01
9.779859342579649839e-01
9.817520802568767690e-01
9.780495059848419714e-01
9.811123622422047719e-01
9.759319284776297732e-01
9.844859250115439719e-01
9.706300863040661087e-01
9.705799618021224706e-01
9.761337207326455934e-01
9.854837391682451653e-01
9.820276928221258750e-01
9.701080604244386452e-01
9.739529426319003536e-01
9.672475939002513901e-01
9.815979766002905782e-01
9.789108407917660459e-01
9.741696398358130615e-01
9.788366526169478554e-01
9.776939540153954944e-01
9.755270102717493730e-01
9.847615590629650306e-01
9.726969347842949754e-01
9.865762909953110782e-01
9.749377953951244846e-01
9.828228804556425890e-01
9.782103343556977082e-01
9.676095854104116434e-01
9.745304727376329357e-01
9.795592022123082998e-01
9.865671759063601165e-01
9.804584207841218202e-01
9.833693396504847861e-01
9.806359789918819292e-01
9.789973115238304047e-01
9.806547305060950848e-01
9.775092483049628855e-01
9.798762519132259152e-01
9.689003168764888096e-01
9.657408790123720443e-01
9.816784665303264212e-01
9.802841243523039427e-01
9.742783748106513819e-01
9.673972947640183673e-01
9.757008765280720253e-01
9.788952294303076007e-01
9.724250996117591583e-01
9.731503597553722296e-01
9.779351259265421925e-01
9.784862630108597248e-01
9.777081065677741822e-01
9.771273538615865561e-01
9.781334098000183941e-01
9.863272244850999071e-01
9.788755788196451535e-01
9.791361801459228520e-01
9.739678370556533737e-01
9.868748793172418265e-01
9.731089047555662175e-01
9.720974413948861859e-01
9.786924701925837633e-01
9.774118418129138508e-01
9.733659093898355819e-01
9.817676802710753048e-01
9.715426040297484578e-01
9.744854900680646193e-01
9.781030641401551318e-01
9.719576180178072233e-01
9.739805393765494923e-01
9.663915082272811485e-01
9.803774017691112563e-01
9.821149128508125381e-01
9.770719418597647588e-01
9.783485408194987354e-01
9.791369782189345283e-01
9.735091760564869023e-01
9.835344141191108003e-01
9.766840248524734092e-01
9.804837613116186290e-01
9.780672922737365660e-01
9.735284344777928034e-01
9.704604237788079235e-01
9.711507088338318106e-01
9.778995270845745047e-01
9.751872065420665869e-01
9.695252019169297020e-01
9.813241151880925939e-01
9.753484083213542766e-01
9.821996531339278746e-01
9.795141763963414183e-01
9.762709082468624677e-01
9.755041452624518827e-01
9.853683344188037818e-01
9.824426817367379883e-01
9.802689180938415348e-01
9.763348277712537993e-01
9.842688438128084361e-01
9.825491070647899283e-01
9.801434423041704980e-01
9.830667433941135958e-01
9.747382970590949824e-01
9.749775166723297914e-01
9.765241908809377813e-01
9.770969907226788598e-01
9.826091869673847512e-01
9.762773044635559838e-01
9.710162511184137202e-01
9.782870553340862196e-01
9.673759246648669929e-01
9.731605491568221522e-01
9.740672286085615417e-01
9.725550391938274641e-01
9.799530041286730331e-01
9.870294316587698846e-01
9.824861740044243952e-01
9.688767133201307002e-01
9.743396016932809323e-01
9.781512676779027249e-01
9.810414036176600128e-01
9.743075252955416543e-01
9.879072925370180336e-01
9.815064076033093166e-01
9.791110003377494486e-01
9.805500087384948493e-01
9.718147621227900546e-01
9.819321388185848765e-01
9.731634127561175074e-01
9.674975000825167815e-01
9.741346826999438546e-01
9.749971346126575789e-01
9.710395677673619996e-01
9.784168375568388365e-01
9.820731428762772275e-01
9.806939638247992308e-01
9.788811144507864048e-01
9.637185973967359320e-01
9.831558818695651514e-01
9.743017232580997167e-01
9.808355622443972743e-01
9.684653740695385871e-01
9.828594854272968417e-01
9.759647351509292967e-01
9.780300900533783759e-01
9.785973313352067660e-01
9.717558649140152216e-01
9.806035092291751631e-01
9.762583877167279045e-01
9.736010111342562334e-01
9.670512633144093817e-01
9.843589700536783393e-01
9.865690701232856519e-01
9.741534626561363375e-01
9.765585035103544476e-01
9.832248860159996662e-01
9.853415470885801275e-01
9.752419420115377990e-01
9.797185774817560588e-01
9.825346892143781430e-01
9.822353467212902034e-01
9.760843920707898969e-01
9.671099899945889700e-01
9.778488410681304144e-01
9.804154278244149312e-01
9.825042277400470869e-01
9.756528800478967423e-01
9.800755649253855006e-01
9.798867751913796775e-01
9.739907161400285229e-01
9.731311295393182403e-01
9.842028294240070529e-01
9.797725934404007964e-01
9.779959760499827848e-01
9.774654294009850197e-01
9.729806848689784848e-01
9.853320162555395667e-01
9.788311859700769002e-01
9.812866138809451799e-01
9.777894839950789230e-01
9.727356579526643676e-01
9.719687932780003425e-01
9.760620349348079205e-01
9.808566484240078820e-01
9.796485071684003509e-01
9.768061873164047837e-01
9.779482210399060849e-01
9.798687859728901772e-01
9.746540282110482956e-01
9.707120225842497119e-01
9.812928708348895857e-01
9.732569547634376539e-01
9.768089826893554539e-01
9.865533652921564256e-01
9.804489598066286060e-01
9.783323520911492155e-01
9.743256756328712020e-01
9.848949125349569789e-01
9.845530305707661523e-01
9.831923081808162657e-01
9.812841970348131770e-01
9.810666511838327386e-01
9.845398087278504073e-01
9.826437249075878899e-01
9.879438873585040248e-01
9.755576410763666662e-01
9.756641685506189932e-01
9.781188277906207595e-01
9.767038609063173338e-01
9.745588553957338362e-01
9.739475004045730078e-01
9.707013010962632915e-01
9.791752764513713680e-01
9.689315099953635935e-01
9.762497973719783673e-01
9.814875298604114340e-01
9.796155373716814996e-01
9.813691065310675699e-01
9.658270942505480239e-01
9.751721046571130147e-01
9.721950946673680871e-01
9.781462467601190758e-01
9.789692079968211891e-01
9.803198897343182727e-01
9.780788686610353277e-01
9.702335752899632348e-01
9.806028320393089803e-01
9.732817254061769674e-01
9.732986349007528570e-01
9.732467777347889593e-01
9.830045145154002739e-01
9.832211525660089491e-01
9.756678742328294129e-01
9.788398013172492362e-01
9.813001655778279542e-01
9.786884429531620411e-01
9.752191843589943510e-01
9.737192114049555425e-01
9.805355775084361181e-01
9.713953643161792328e-01
9.834476566496971328e-01
9.752409433508998360e-01
9.702169674987924930e-01
9.786921612479251298e-01
9.744088284365491903e-01
9.870489264806957541e-01
9.763821513834953780e-01
9.784186573543028898e-01
9.762823633914671229e-01
9.832435527479030934e-01
9.726007089068615663e-01
9.822876859971946262e-01
9.823626919679494529e-01
9.842395784439158524e-01
9.769698920154009647e-01
9.844962846380284072e-01
9.854875214187509558e-01
9.821840435876532105e-01
9.796393706018142744e-01
9.837797458060683065e-01
9.799291242147846193e-01
9.779763662403767599e-01
9.838367512922129299e-01
9.725731642361608031e-01
9.811762624130645483e-01
9.770789306057702239e-01
9.726620889290962246e-01
9.705256654322209631e-01
9.753374916652248761e-01
9.752907192020602301e-01
9.779127181606388497e-01
9.734971953513208431e-01
9.818691273185697899e-01
9.776153523459037986e-01
9.757832366268462954e-01
9.716442847933819404e-01
9.759773793417149124e-01
9.748608510677877481e-01
9.747444748603567577e-01
9.851353964391569296e-01
9.861034614911596830e-01
9.757900267849271003e-01
9.848178090905698179e-01
9.773749868914868300e-01
9.766997863654971468e-01
9.757271773986415653e-01
9.739440420025576861e-01
9.784487029864902263e-01
9.721650123775552599e-01
9.729245129940550241e-01
9.809844936108877977e-01
9.801329674609492448e-01
9.826205870762738659e-01
9.845665072921139238e-01
9.770326007963328063e-01
9.791194251392819625e-01
9.823056008902639746e-01
9.814218525837355989e-01
9.813468082934897474e-01
9.770445113070246324e-01
9.816348136614517772e-01
9.785159581936738737e-01
9.725797559343355436e-01
9.798937806776645276e-01
9.751601424626941128e-01
9.845078081322617969e-01
9.826002075933714108e-01
9.769741990480901306e-01
9.770895885191795971e-01
9.754902230656726791e-01
9.840347459984564171e-01
9.734141063371744007e-01
9.742197739954058244e-01
9.762327840161109105e-01
9.758281992879013211e-01
9.772148837536047683e-01
9.796910872120330183e-01
9.787793338662473808e-01
9.830319809825415200e-01
9.638506228115164554e-01
9.778866384984331583e-01
9.775276018152745383e-01
9.787088617957173664e-01
9.802890523403630096e-01
9.725646696608168940e-01
9.771078510614056301e-01
9.731872416374552914e-01
9.693840899913575004e-01
9.774640827613768623e-01
9.827140140090320219e-01
9.751433668941412725e-01
9.721436466917979802e-01
9.744258112871677646e-01
9.807814371110106233e-01
9.775504086848225693e-01
9.818857820789432811e-01
9.765177560975218940e-01
9.818870187258794680e-01
9.816269553910699219e-01
9.733755944415350969e-01
9.739988387573917938e-01
9.797448660781384877e-01
9.802623806754112712e-01
9.755220475185133466e-01
9.867425297619303315e-01
9.792170276924010430e-01
9.643577275662532644e-01
9.778982464465439950e-01
9.729779127626211332e-01
9.788337162222680021e-01
9.763745908882568436e-01
9.789833021369058752e-01
9.715794813966129873e-01
9.784464694216679082e-01
9.752469020775510478e-01
9.804696293182185718e-01
9.713476187811846962e-01
9.786111945360040920e-01
9.826654848360880656e-01
9.757897538497101175e-01
9.688390476660805328e-01
9.787349009549910495e-01
9.757646483289486028e-01
9.779585851807641728e-01
9.813433230080306213e-01
9.762320900430829784e-01
9.805202934445944596e-01
9.826601524644548169e-01
9.738763365582565612e-01
9.803181495523829447e-01
9.705319319658504140e-01
9.722167847668342633e-01
9.737871432699957142e-01
9.777422149333016010e-01
9.698592097517895194e-01
9.745714762147976717e-01
9.741981363645230152e-01
9.809099876023923414e-01
9.786913927640393807e-01
9.822770424131544997e-01
9.818172864330781957e-01
9.755119517685773012e-01
9.731850127134977768e-01
9.649008563871415145e-01
9.840704269928575165e-01
9.754930112657855812e-01
9.780657078787426961e-01
9.731718159026937487e-01
9.828803587953265364e-01
9.778282060826727351e-01
9.775153070842614866e-01
9.774446827519324144e-01
9.771959663971350185e-01
9.736433858458858337e-01
9.721119602284759020e-01
9.758788445537569523e-01
9.788754677107408542e-01
9.752562257404455703e-01
9.833846314873081473e-01
9.792714710339640583e-01
9.706962538531394014e-01
9.822195210753084105e-01
9.774747941253959516e-01
9.872073594115893247e-01
9.881735627513354991e-01
9.790598159116686849e-01
9.792848514464610465e-01
9.762723549819568580e-01
9.768092733705969755e-01
9.739040573034813963e-01
9.728225523336280212e-01
9.732187550769917372e-01
9.748590604190020548e-01
9.767504266972880655e-01
9.686535849731287007e-01
9.683229875185443980e-01
9.812488756615713736e-01
9.783049588115375617e-01
9.704012162424853205e-01
9.746420855378080672e-01
9.804894522092015841e-01
9.803276588442444428e-01
9.736135922432243017e-01
9.737244768186426036e-01
9.763141800177933538e-01
9.818662095883955443e-01
9.854895046571177097e-01
9.750014735690081258e-01
9.837679029361331429e-01
9.816738045361681486e-01
9.827151658655425281e-01
9.749353232188398000e-01
9.775322122907459388e-01
9.798235006116061685e-01
9.822825793525439275e-01
9.728794083973915097e-01
9.763123889762839180e-01
9.744317488042979480e-01
9.760103643372894933e-01
9.744102244221772846e-01
9.672177989956527444e-01
9.818586460686751227e-01
9.802189217596276594e-01
9.821421465086338509e-01
9.720498903206423735e-01
9.772172857641509003e-01
9.832009667790135854e-01
9.788763393460762074e-01
9.820688666825767577e-01
9.796058658962134569e-01
9.714197960392449982e-01
9.741246803532876974e-01
9.851563762253827683e-01
9.726950170650335847e-01
9.832676804635462897e-01
9.859997587167095290e-01
9.781108920479785196e-01
9.746418931993956480e-01
9.735587904708097318e-01
9.778335437332477120e-01
9.742846895078700609e-01
9.777326823250134247e-01
9.776463983609013919e-01
9.835856343305341420e-01
9.781643590358471974e-01
9.845687714187536521e-01
9.729800300483201214e-01
9.695118771295295756e-01
9.805466938410574151e-01
9.835109523992346947e-01
9.807434890982996700e-01
9.782431755644503957e-01
9.750718025316884585e-01
9.778140669680666086e-01
9.863478791724040740e-01
9.777664333215905224e-01
9.625961831333493812e-01
9.808816575438785712e-01
9.768582535721506144e-01
9.788831691329185070e-01
9.782164574752161279e-01
9.793377714798904288e-01
9.869401989066970415e-01
9.699310823189990494e-01
9.639724252049979292e-01
9.699744306115234416e-01
9.704792574274019312e-01
9.795017236275199712e-01
9.819671992816378925e-01
9.819295233366938103e-01
9.750957319318419581e-01
9.756432519672952886e-01
9.808539996634587643e-01
9.799189426016681193e-01
9.770698140687484878e-01
9.798316324143765410e-01
9.790468148876159127e-01
9.832607098413046476e-01
9.759518229530986799e-01
9.826875617015070619e-01
9.728952174086243909e-01
9.838762058677774647e-01
9.893560543117975170e-01
9.743973234582976595e-01
9.781247791574945172e-01
9.828429027577402222e-01
9.787658417696450952e-01
9.809038622972682253e-01
9.736591990612099012e-01
9.847382301461671261e-01
9.788018231461624863e-01
9.787103570342503556e-01
9.872207849779337518e-01
9.773048077922821264e-01
9.782382272209595442e-01
9.745088281244330686e-01
9.800723833642127625e-01
9.805201543280677168e-01
9.819718547388583962e-01
9.749906380474975265e-01
9.726481997151538161e-01
9.816552173222887756e-01
9.757160678438130397e-01
9.765366121303419300e-01
9.726963764086498099e-01
9.823440146234735382e-01
9.755359111536666683e-01
9.825060055904392131e-01
9.878644551909298022e-01
9.843182367040727021e-01
9.782621238014855836e-01
9.643848932683405373e-01
9.666065217777293217e-01
9.815155608666137343e-01
9.748906341239553797e-01
9.738955090416793192e-01
9.771633050693193656e-01
9.852689480992495863e-01
9.765665260739211373e-01
9.790113481912905424e-01
9.797367631423250511e-01
9.781266518635615137e-01
9.767841797393750358e-01
9.741098001515041682e-01
9.798152417900835021e-01
9.806616712182720796e-01
9.716406033122518826e-01
9.782118571728765088e-01
9.771197351018168220e-01
9.832973485087264098e-01
9.787454157537058830e-01
9.771904025362100343e-01
9.816825716253980705e-01
9.865157961678090448e-01
9.852068543707906967e-01
9.833063166988008641e-01
9.855564456781087390e-01
9.756104649004775364e-01
9.757157764972624880e-01
9.788339979138528379e-01
9.669357176104516061e-01
9.771812454590131924e-01
9.832988387057807200e-01
9.726285140048779310e-01
9.841407825108768881e-01
9.760266359465369357e-01
9.793861086004244099e-01
9.755230453969504500e-01
9.810217698443821632e-01
9.803641505080474827e-01
9.786765862620935286e-01
9.810120226880159056e-01
9.764470486322750498e-01
9.778292028288027016e-01
9.696812875018592237e-01
9.845525492579767501e-01
9.760868466127226029e-01
9.873135366891818698e-01
9.839365166936662188e-01
9.844627927869101791e-01
9.695776254097785429e-01
9.767661509860816604e-01
9.813413575069338535e-01
9.711151383034024587e-01
9.813552766776179048e-01
9.720157922726171407e-01
9.853253848154926997e-01
9.789286065043435459e-01
9.893759857526106538e-01
9.873705189854800057e-01
9.823403298095716440e-01
9.839542212743346283e-01
9.719898330942089437e-01
9.784431542306174512e-01
9.829546039884593522e-01
9.785474450257239942e-01
9.835288977592082649e-01
9.784450859269487877e-01
9.827544994346055773e-01
9.755157049663085722e-01
9.744448077271289366e-01
9.707021757051585986e-01
9.813895514928704378e-01
9.827178994200679307e-01
9.797230214019808647e-01
9.879068372188626324e-01
9.710045287086334076e-01
9.800413439584874098e-01
9.746900625878781588e-01
9.731750396991567520e-01
9.733864305899575520e-01
9.749836853085220856e-01
9.784516083001275621e-01
9.792587661182651226e-01
9.695323993138166285e-01
9.814553172351436761e-01
9.871448512407412501e-01
9.769967403083161805e-01
9.825143173894798077e-01
9.758410299338382554e-01
9.712622993151671658e-01
9.787900029139183777e-01
9.898258591452365751e-01
9.740791631702111486e-01
9.732897741449159090e-01
9.879721602511787326e-01
9.753668664395171994e-01
9.823836879275418266e-01
9.716234752830061883e-01
9.779499894188947717e-01
9.795448134148745378e-01
9.769220116751746730e-01
9.717474134300998490e-01
9.692785437730871978e-01
9.788856078553931361e-01
9.794928654835476367e-01
9.749709939440751594e-01
9.795853286437511409e-01
9.815269094014732465e-01
9.881246314380637275e-01
9.783101519527974688e-01
9.774448297741819003e-01
9.845936326853620413e-01
9.830716700695951715e-01
9.790125487328750209e-01
9.782113060303474494e-01
9.817237711419281032e-01
9.805534569982559123e-01
9.780393294595972620e-01
9.741261429892732471e-01
9.848692364280698941e-01
9.811264590922226247e-01
9.810951877098068596e-01
9.763756489732160482e-01
9.858514565471626634e-01
9.738126216283078396e-01
9.761324286997706823e-01
9.757156776613730154e-01
9.810774098674776011e-01
9.846591702495562926e-01
9.824921331654598022e-01
9.735356367277654410e-01
9.717451652549862207e-01
9.751352351310564881e-01
9.816365319463333794e-01
9.817384766406523910e-01
9.786931927436520740e-01
9.817128658178743139e-01
9.791053189057451478e-01
9.789934502031918395e-01
9.722481131298487123e-01
9.900953844087052591e-01
9.773603018310288437e-01
9.781474804652324773e-01
9.864364659883829711e-01
9.757366636744609911e-01
9.726863864715629138e-01
9.813166519631613127e-01
9.709566752271235890e-01
9.756263048522270109e-01
9.821746770697693529e-01
9.824219798992592789e-01
9.765755646826036473e-01
9.852152467575332473e-01
9.791056848833314952e-01
9.813190491134767823e-01
9.786436544824757000e-01
9.813135290529788612e-01
9.782190891472404282e-01
9.814881268839202866e-01
9.660050446038376259e-01
9.744728092969781041e-01
9.796769210262492589e-01
9.836784482660008155e-01
9.842964972384733446e-01
9.722470538014333918e-01
9.811017894431874886e-01
9.719650422031410608e-01
9.823581992400279850e-01
9.798898742998598532e-01
9.737628018876134384e-01
9.766896924112057343e-01
9.766451842239420866e-01
9.754310635217783299e-01
9.790011809799543663e-01
9.780125235936643069e-01
9.864699028061683084e-01
9.825120037451404720e-01
9.789149528070507644e-01
9.741883833768812950e-01
9.749461102777463584e-01
9.788363130059158923e-01
9.795575381283017080e-01
9.787027330348077037e-01
9.740014413327604537e-01
9.774519963293762936e-01
9.838218474431463800e-01
9.798805377674688621e-01
9.762894920894943374e-01
9.782525878287247068e-01
9.826519184493751613e-01
9.750731308222678750e-01
9.826540122495910357e-01
9.730179959417778468e-01
9.760864682216241484e-01
9.692236242569771676e-01
9.773629916505227611e-01
9.734334403390525470e-01
9.767933459942141905e-01
9.690666871006708982e-01
9.712946075913153621e-01
9.827725971269452021e-01
9.834965614754562768e-01
9.719045211563162034e-01
9.801679747661460329e-01
9.758672634424928605e-01
9.795862729848365813e-01
9.828478168686303196e-01
9.815798900764796109e-01
9.852873298855522322e-01
9.780478458842373213e-01
9.720063010780971569e-01
9.735460827335435940e-01
9.882189429577035167e-01
9.733166367692100973e-01
9.719027546852981869e-01
9.815447973302852125e-01
9.726893608472262365e-01
9.841762961069032700e-01
9.786631643487636589e-01
9.861445827589615520e-01
9.836603234988584576e-01
9.773066625242654570e-01
9.753032365472591447e-01
9.753584233294907424e-01
9.761301669220976418e-01
9.840703439635413163e-01
9.779504943518692039e-01
9.677311879507053405e-01
9.839846930439789530e-01
9.762856652718319150e-01
9.774479721272778532e-01
9.834694809333557330e-01
9.864831458519539575e-01
9.841543678443578358e-01
9.853997141140490301e-01
9.805334710022783895e-01
9.831360104789982346e-01
9.759669122887431048e-01
9.833967595731949451e-01
9.790759760610988627e-01
9.851583455887715779e-01
9.785165834663785978e-01
9.825716588338069268e-01
9.764964797252514428e-01
9.732406079966458012e-01
9.773111728519161545e-01
9.738434244963031228e-01
