0.8412177915677281
0.874624646189838
0.8797133029425858
0.8843563575360133
0.8838514826569073
0.8939831374265961
0.8877364371320128
0.9052536447719426
0.9058065470079889
0.905486970424739
0.9061272578395314
0.9204167574329568
0.9138570831401082
0.917720356635463
0.9267027912104493
0.9066746450979513
0.9142471927737091
0.921376852541142
0.9144592698574837
0.9182799820390402
0.918942087961194
0.9179430055840183
0.9177784154994681
0.9149430953916443
0.9176851893023368
0.9164500179616027
0.9147267206156706
0.926618770816442
0.9064102480079943
0.9278647464726905
0.9155195470786356
0.9180473677886762
0.9308614259777237
0.9235071560453799
0.9245006689115138
0.9282027319191617
0.9307942590354449
0.9364868857826428
0.918880737302446
0.9321924958007927
0.9332633982139014
0.9289845128671895
0.9502357767156531
0.9350434947743389
0.9398989642069221
0.9361185396389975
0.9369511965953953
0.9314353261724585
0.9445026713766626
0.9351207961392298
0.9376359269323928
0.9323102166612043
0.9486344624960817
0.9399713683684909
0.9377877654076582
0.9338066882192254
0.9439759627784552
0.9333226275244185
0.9294382469281766
0.9363759860501161
0.9441672631710236
0.9405434328608332
0.9364401274497938
0.9435863866134698
0.9425433977404496
0.9475994596992748
0.9337665948796315
0.9338166799058392
0.9415592957331214
0.9396563513841442
0.9364966229104823
0.9515060675570315
0.94146423274997
0.9512777080694916
0.9453908875247621
0.9304808081766908
0.9328399371080224
0.941534801158247
0.9394266690370575
0.9426734512705894
0.9484278741678418
0.9385216787091675
0.944318287350632
0.9371753220793505
0.9499519119246382
0.9378518761257064
0.9432564847298677
0.9473721879004272
0.9424473211954155
0.9447005301587132
0.9501555562026431
0.9408570980471027
0.9276709594907081
0.9395654496072504
0.9450234821762515
0.9413919265071864
0.9343623144729375
0.9425474591156623
0.9548167815925526
0.9356107456923308
0.9373523205136748
0.9447233631059662
0.9462691533703055
0.940583596458
0.93937027607807
0.9468415832397795
0.9380839038968619
0.9398047919780785
0.9405843693028639
0.9438422268255379
0.9371051982007508
0.9391724689495754
0.9430291422472638
0.9475321792038942
0.9345765024420468
0.939663540398961
0.9440104029086475
0.9426636546032848
0.9394926789296804
0.9448828841032235
0.9470327669731878
0.9495255012806753
0.947786998911893
0.9588547888874882
0.9442333306213111
0.9408160746412797
0.9416277518963827
0.9385726108544219
0.9420210533701159
0.9396732068607987
0.9483963059866716
0.9522155791906504
0.9259520099966643
0.9486234444897085
0.9401228277555005
0.9410002515896565
0.9328967978773178
0.9406776177765641
0.9429346468453023
0.9369073583951198
0.9437818761173509
0.9388385502804704
0.9440306285579092
0.9475274696254071
0.9415876074517207
0.9384797851128006
0.9419878638247731
0.9283607076824743
0.9391538634569033
0.9331917681939202
0.9441285398943298
0.9386647614849667
0.9344407342490875
0.9416378031831288
0.9518996763224996
0.9536170947940802
0.9346038645599597
0.9453294177029992
0.9487371556994867
0.9366740498436347
0.9385395371900778
0.9450817266929553
0.9467915032066189
0.9416647077720282
0.9533673355744418
0.9518664388356531
0.9476711945405226
0.9389973711296102
0.9393349174964003
0.9416183103620045
0.9413697845802502
0.9378954055006038
0.9387821420749557
0.9472738816131144
0.9413249802607606
0.9463471513495514
0.9513299316114893
0.9400099582571647
0.9448117668282441
0.9422620260548764
0.9501183156029858
0.9494461424294558
0.9366997785931446
0.9357179374298796
0.9440450285168331
0.9512453610583624
0.945449952319612
0.9437554087370623
0.948882845114609
0.9435329705245384
0.9461169796762217
0.9395705540277981
0.9482320382637398
0.9335593577065951
0.9426886127133204
0.9367383244816512
0.928750499721068
0.9421140222789184
0.9464928736767029
0.9385572481880726