0.8416287904747164
0.8668160487610064
0.8843771329908656
0.8807772876558423
0.8795345600473162
0.8811348181370526
0.8817824752751973
0.8940524978157733
0.8962999666282042
0.9071820195743396
0.8951307767290144
0.908957100460612
0.9056147963439675
0.9096980663517529
0.9173084901199765
0.9274303060572686
0.9281954914200315
0.9276127235611895
0.9414793740230504
0.9307454256218837
0.9312781646644757
0.9264764266740606
0.9379101829152442
0.9390904303889454
0.9369152554024445
0.9329893750174653
0.9229466926659261
0.9320915173395935
0.9340985306438944
0.9347343728902223
0.9287640866859398
0.9341589335859709
0.9343950231839832
0.9317338448583341
0.9362442774134633
0.9379770406653867
0.9304343809281626
0.9360274843843805
0.9407589683362272
0.9452421137894812
0.9394868143918025
0.941831570370796
0.9495304847543591
0.9354049666223497
0.9452764673818947
0.9460783129711205
0.9446871071514029
0.941474026323454
0.9390003369419798
0.9465253087749672
0.942209667364108
0.9428634663326138
0.9535708406276389
0.9347712015535379
0.9364039559085708
0.9363021449243623
0.941695349210659
0.9296632586025866
0.9457637937619058
0.9435687230966304
0.9434312625811252
0.9443538079557362
0.9345110907688782
0.9451069401430481
0.9331850795007638
0.9435640045688726
0.9355407202234973
0.9418641116855102
0.9351092683812504
0.9351429409977495
0.9522439627980903
0.9443920852488172
0.9386413820610876
0.9335874676346851
0.9378252922729365
0.9349350032465971
0.9418062889852294
0.9407796634885564
0.9484267661020344
0.9369484884386969
0.9452547336907365
0.9412434176167426
0.9470317866738686
0.9439857685706647
0.9478334115099091
0.9346278104266774
0.9419149793760769
0.9321430111793062
0.9543950316463982
0.9469660207208815
0.9390121425010449
0.9264471303359969
0.9530060540568839
0.9399055611897508
0.941003061355958
0.9327869639165478
0.9422946957207671
0.939738410443097
0.9404895417035726
0.9492211336961858
0.9379064636041002
0.945524720160167
0.9425131437913586
0.9428955217428755
0.9383274692716177
0.9368794800336248
0.9474386651640271
0.9464855607976363
0.9453491013215737
0.9461609946213525
0.9391415919346922
0.9505990608277837
0.9338246137825017
0.93346160790205
0.9436200408463533
0.9382365946665447
0.9405624377300188
0.9421661510986157
0.9424751471047608
0.9378796131521696
0.937551401422181
0.9409604294950316
0.9436392068274069
0.9397260167182675
0.9547589882371033
0.9458141090861223
0.9421061557038791
0.9419245392868529
0.9453137390016303
0.9378158841130461
0.9479195033753982
0.9373044656041213
0.9490718960510247
0.9372311224489357
0.9443987557759995
0.9452071850821337
0.942326741735953
0.9391648980745783
0.943301763528417
0.9434783327040114
0.9436435113607725
0.9388701876236262
0.943126894787707
0.939587483942474
0.9389697916523048
0.9290658862899684
0.9490619910425104
0.9399705124308539
0.9358438330608059
0.9402047902907096
0.941108976502988
0.9438426601163303
0.9408905978496801
0.9336435641219073
0.9392547386248654
0.9379914554669532
0.939574161307132
0.9478200063002217
0.9455513507065354
0.9395040231977676
0.935838572847202
0.9412702223600593
0.9419998966119961
0.9483945445693455
0.9482495285600081
0.9389234692607907
0.9322172927314853
0.940254743199759
0.9316791210886318
0.9413023177336324
0.9388230236027613
0.94457081345567
0.9432235511159175
0.9371819960481095
0.9375848673700999
0.9386263023690848
0.9383554313618347
0.9351599511308415
0.9415662307344124
0.9500851780166774
0.9479284616040015
0.9429660740076727
0.9428452874461678
0.9295921463234387
0.9461249621645532
0.9416538709190536
0.9427395079447713
0.9309728252493815
0.9477679161581486
0.9302349546152096
0.9349029723766451
0.9425406814970413
0.9429896808841645
0.9425287877836442
0.9470310807133194
0.9435667367594633
0.9463617024314643
0.9328376261807477
0.9437609504874136
0.9388358145038076