0.8569441735856204
0.890098856657928
0.891507606851345
0.892055640978681
0.8809408353979206
0.8948074796097303
0.9046159532311886
0.8955799082715572
0.8885399844885821
0.9046240147422628
0.9032480333332853
0.9056377278468248
0.8994933287534325
0.9166697752957027
0.9199485362977496
0.9206556494713254
0.9197529461344705
0.9199791249642204
0.9227277915452476
0.914819187328714
0.9236073252233048
0.9108616581590923
0.9200952077276147
0.9170063092387221
0.9139863332453718
0.9183466633774016
0.9099692334694859
0.9114037471440227
0.9157566004707176
0.922024970367781
0.9166645843221193
0.919016211339409
0.9223721673431626
0.9240998093815733
0.9138274944962547
0.9144489280305937
0.920362743964691
0.9139000417527002
0.9191148421084508
0.9306981488113857
0.9134367827603342
0.9249204800704536
0.9199927642706666
0.9207501621297297
0.9315225440672401
0.936273250975542
0.9424394537218592
0.9407351279691956
0.941571029310077
0.9291023722588017
0.9350785088511593
0.9371871429135037
0.9487464804868175
0.9218378604745442
0.9317544620008807
0.9336836006925797
0.9313842760035874
0.9404756802018914
0.945479493762813
0.9465933902841326
0.9442558086379869
0.9405951315859776
0.9296475650582398
0.9354298918985364
0.9414975786122309
0.9390666500217414
0.9406831894612796
0.9395659700621871
0.9437084955019028
0.9369702253218294
0.9421183546882438
0.9480252955668702
0.9356957104811624
0.9491849536723564
0.9391556232156602
0.9433018973086276
0.9295006507757689
0.9391383517470845
0.9429895129046743
0.9404311996899846
0.9471289484477556
0.9457734861495181
0.9372352938903517
0.9453413164360718
0.9411252247143858
0.950356785964128
0.9420093705565858
0.9451294213166967
0.9301914723302249
0.943062712447545
0.93521372306778
0.935894266729076
0.949549914192296
0.940916567495551
0.9342011253252726
0.9293378503443196
0.9352835466334888
0.9468560736043389
0.9486386298570031
0.9441315863061394
0.941634497311447
0.9387605015906831
0.9322764356488239
0.9470953623239383
0.9498675983383912
0.9472104568699947
0.9328577298781517
0.9507226647358558
0.9448864393497972
0.9428719391537169
0.9293416311856407
0.9378266450870026
0.938483310022946
0.9462943173184374
0.9541823929661432
0.9509212385963791
0.9290403891758917
0.943897314999659
0.9491031271199105
0.94419720230333
0.9478972055134832
0.9512474234288176
0.9317963046346377
0.9422479430292324
0.9428990478692711
0.9390829805938253
0.9392636016774165
0.9395138628376426
0.9407976748282952
0.9374461382835029
0.9451423774269447
0.9482326264504876
0.9380474132544103
0.9520535564787012
0.9395776122978816
0.9435960669292628
0.9421584721111833
0.9435017906848127
0.9421751712772912
0.9393468313727894
0.9380479272810877
0.9293116258255373
0.9415541631880309
0.9353568594544015
0.9476042318848868
0.9271757695209567
0.9449373570768439
0.936251187111069
0.938114893142718
0.9363872090780965
0.951689941631402
0.9343045802596696
0.9394266574760869
0.9408200869912285
0.9475182672792845
0.9401237044681849
0.9427244700936093
0.9364349257497431
0.9474854931943041
0.9384278946099894
0.9589797779877348
0.9386643065000223
0.938832999529844
0.9337818283617539
0.9374027171782869
0.9376982676321931
0.9453845029112357
0.9357385213682002
0.9442716313049055
0.933581883952931
0.9354123682696625
0.939044819311204
0.935627351418331
0.9349240508054389
0.9401070934393028
0.9363237515894687
0.9430552174225801
0.9454177581249112
0.9362539387723455
0.9419738758075961
0.9549157692882965
0.9382079536464748
0.9478436052723412
0.941540254484986
0.9480732339195544
0.9386367896448963
0.9322417206186043
0.9337940604032288
0.9301845960070232
0.9374305022866776
0.9384933942052863
0.9459056814699507
0.931469137569048
0.9402305374845626
0.9452921986221317
0.9312458780399004
0.9461601446745661
0.938270691527139
0.9439781221686186
0.9448202567117296