0.8469948865393643
0.906077255821029
0.9079213685919915
0.9077174663806258
0.9071005167551478
0.9071376059051451
0.9083501666488842
0.9053320088807911
0.9017436010046106
0.9042670040373169
0.9165272222910024
0.9220873263179292
0.9146044441535506
0.920244366270999
0.9186340075408911
0.9149585827616061
0.9130888676355328
0.925793485950006
0.9233928048970741
0.918137511251009
0.9208160883387313
0.9299122843714706
0.929356919851098
0.9230073249977079
0.9268081848843681
0.9339002289521516
0.9240234106328736
0.9300710249176853
0.9317338123141267
0.9370986482102558
0.9328848138762421
0.9287556768749521
0.92276602681412
0.9308172323443142
0.9219875571685617
0.9301253884327929
0.9347636253966443
0.9298229554141132
0.9269159349084103
0.9384338993228911
0.9269863182614922
0.9255454710115891
0.9268475911606678
0.9326992973564672
0.9350323524159091
0.9419306452902432
0.9373729564914899
0.9306074234564069
0.9334982187206506
0.9297209604884958
0.9380225268573357
0.9308928669912617
0.9408521425613658
0.9314246891086863
0.9352891368609645
0.9341937383211727
0.93596860538438
0.9361458336152971
0.9394733025431367
0.9272925679703152
0.9367037301845487
0.9351136347080689
0.9391782081403446
0.9354755172098703
0.9404622317483861
0.9361303389691377
0.9366125271279576
0.9338894178530878
0.9255538511020118
0.9334597461654843
0.9385596269714012
0.9343668858205573
0.936129758494168
0.9335418194355833
0.929400630660089
0.932520599134905
0.9360637846141597
0.9433227545172009
0.9382533080773099
0.944070471274469
0.9388022208738042
0.9495244390652082
0.93717919789168
0.9350527672293345
0.9386167816880732
0.9378378188311829
0.9330960825770498
0.9380959752419652
0.9403101988367435
0.94080331845739
0.937434218293271
0.9351541438577609
0.9362832375868244
0.9370949488216538
0.9435240034592072
0.9419375157128717
0.9343875328822827
0.9295689291884567
0.931078375952172
0.9352795147032386
0.9403610066414666
0.9383220871965997
0.9314342442508263
0.9420041622741111
0.9248247669667958
0.9307689026219489
0.9419756399654685
0.9390477571623578
0.9343808800129706
0.9384800409500328
0.9386666600117165
0.9358338726703767
0.9415959052700735
0.9300893207401972
0.9359249791982905
0.9368871436276492
0.9407800389175403
0.9334301186618086
0.9365793151898898
0.935561111157691
0.94401804516865
0.9425440880232349
0.9378700277079969
0.9398282750796108
0.9331177582411238
0.9359033622712093
0.9320817691791544
0.93525301559073
0.9392436756311432
0.9380271899076388
0.9384366795019444
0.9380305172796191
0.929853442266789
0.9411863900602319
0.9347559514714422
0.9324697101840266
0.943401005515294
0.9325279667059383
0.933084740684394
0.9438395616705472
0.9320375893249871
0.9346986968906124
0.9417944575402459
0.9454978687157998
0.9399143797427207
0.9388466053736215
0.9418026318472564
0.9384360949438546
0.9362766959838129
0.9424714208704785
0.9351108480321968
0.9422854474411875
0.9387018068504236
0.9380530580206496
0.9385400841536948
0.933946734083267
0.9416226405493877
0.9359675878083462
0.9298245672204253
0.9383648790237613
0.9284679660835491
0.9396031902794225
0.9418323342522567
0.9332104055868534
0.9257220698476769
0.9245711020989108
0.9368892758057419
0.931935395920446
0.9412228525297239
0.9368965818142994
0.9330177575711018
0.9361461958167393
0.9440468646245164
0.9313714296963049
0.9368292021567273
0.9483813739230704
0.9364106386438626
0.9341713184575166
0.934040640518037
0.9257236879444193
0.9330545013326902
0.93280450405834
0.943840843493124
0.9337506616650504
0.9382175129745433
0.9423161025336175
0.9379543111955391
0.9366151644540344
0.9316626127792103
0.9415315052741963
0.9316254915054529
0.9381654676347446
0.939806948570375
0.9311816969797957
0.9424948058438275
0.9437006090967919
0.9380815769829977
0.9368816973426445
0.9364308275479136
0.9441742390243963