0.7518249363952135
0.7786964581306478
0.7683819521690688
0.7619299181154322
0.7966322125895096
0.853176502944647
0.8687838186313114
0.8680337597709855
0.8847698039346057
0.8772066243960732
0.8827617084308366
0.8874983696974198
0.8737454652561993
0.877563687049287
0.8845284056270372
0.8921557512973134
0.9000261848697001
0.9035661417498957
0.8932364449842509
0.8900137523697592
0.9044535945646301
0.9007325319066206
0.9061844876004639
0.9015197863161157
0.8968263739924259
0.9049349397062262
0.8977157408028424
0.9019536206060704
0.9172792243587142
0.9192923467380689
0.9208073475367456
0.9150693574603858
0.913748416973637
0.9235435845909901
0.929000819279547
0.9249930982660942
0.9251237801859595
0.93048570759116
0.9348027614274699
0.9361728262109343
0.9206718285681411
0.9277398404296183
0.9342983148612711
0.9313938885485956
0.9309760705856874
0.9337493271033865
0.9285293771738266
0.9389285562790113
0.9429114043822344
0.9397384956186001
0.9352214002877234
0.938286526475562
0.9418336619055151
0.9456312430185619
0.9395947911490878
0.9405014855508951
0.9390575508041156
0.9489621467324283
0.9411906707478223
0.9401265760314947
0.9342945349624597
0.9390560743648217
0.9421140248712048
0.9380796414317689
0.9447268329666183
0.9453940809966174
0.9335700496617733
0.9411839041122099
0.9381960250506545
0.9357572222076537
0.9434014654260658
0.9434092377296799
0.9466750929203251
0.9422934395842839
0.9476379901176146
0.9421147011157868
0.9482692090311233
0.9367637857268165
0.9381108260976032
0.9475876272437744
0.9454690222623493
0.9423853968922729
0.9435313584648809
0.936705904660456
0.9381917277135695
0.9342100411192132
0.9470473922802521
0.9323825833611831
0.9509861773407821
0.9427338248509081
0.9407440047284851
0.9378953448424397
0.9418056115056427
0.93680559136548
0.9375527382090596
0.9386225369262872
0.944620808958256
0.9497398420123556
0.946608546547964
0.9348778460557634
0.9466337000736179
0.9465068934898752
0.9452631343424136
0.9479993575743082
0.9451556671973854
0.9402135372889433
0.935972183233866
0.939197526241458
0.9445607469419092
0.9332691190845184
0.9442381040802882
0.938312997189086
0.9363445370180656
0.9298690746669217
0.9480205443582156
0.9445036455940047
0.9385911000249614
0.9402533106637179
0.9448901621141633
0.9290339538511604
0.9475905767503313
0.9407794774915337
0.946444455316007
0.9391506622586104
0.9419623874494977
0.9414819882773962
0.9417517996723989
0.9313197111307803
0.9428937006063934
0.9282750916901661
0.9456272772841365
0.9511472308229315
0.9428074831341331
0.9368856920411263
0.9339214470365134
0.9464994204036432
0.9523474947914851
0.9395389265227807
0.9292815366146673
0.9270943233792821
0.9361302038099254
0.9376998469803824
0.9288562365766968
0.9445633206013051
0.9436337427147304
0.9409494828051039
0.9366867892395618
0.9470853596889632
0.9383248805834544
0.9395017879868296
0.9396628980548745
0.925481083775719
0.9397715035511234
0.9341972152292896
0.9428760308095434
0.932186729559133
0.9405703794307455
0.9415540135541167
0.9362785838346821
0.9420893428851684
0.9344317837908175
0.9484869415610477
0.9484228310272909
0.9323357810591917
0.9437913550054264
0.9415233786923022
0.940545531157804
0.9354902402561698
0.948127723532611
0.9381709174946361
0.9337640338893379
0.9453468004256774
0.9404720910995252
0.9442012551472287
0.9399833308291103
0.941230698650968
0.9368887580903107
0.9370279543347669
0.9471725420084147
0.938183195299984
0.9289427213356931
0.952069734447612
0.9282519920034291
0.9448495660551047
0.9430142458650436
0.9419280919020959
0.9370649332277966
0.9422171157383693
0.9444819155904927
0.946611305018832
0.9493128840608372
0.9358076998176371
0.9404464836258403
0.9470048279084984
0.9383864176893844
0.9432832446529724
0.9346892975182887
0.9420409211774877
0.947838521835257
0.9300880438459695