0.849194420073003
0.8584306222450203
0.8617849633674459
0.865599589963532
0.8668380191674703
0.8740572261427281
0.8577781445154851
0.8586496226236675
0.8669439888637354
0.8662796768687302
0.8924622452125477
0.9030726246781344
0.9082167347495098
0.9071660793669172
0.9191955799048273
0.9155360911298335
0.9209005694364659
0.9187082675684547
0.9209991719946662
0.9238948249355272
0.9223694836395702
0.9202866591185617
0.9315247697592229
0.92544408367504
0.9240222167968065
0.9218682541808221
0.9223452133709305
0.9286040115082811
0.9230284172839198
0.9194287247229984
0.9248670610309698
0.9185182829446654
0.919208937570713
0.9289937254741545
0.9245274484958252
0.9274485812731268
0.9206443611553154
0.92756465258483
0.9280574016715888
0.9302409591084274
0.9244061740163088
0.9231499731491981
0.9230048401322858
0.9293219558307078
0.9298848651645492
0.9268267095880363
0.9345921270303762
0.9298116110862766
0.9304492032523848
0.9413123169287005
0.9364611114185791
0.9293512561146356
0.9289115762348602
0.9336932599105279
0.9394513386947065
0.9320063692776657
0.9315466398284739
0.9466462568357191
0.9316718517444194
0.9399203283597457
0.9371921660912512
0.9338957451525924
0.9450820378357316
0.9323431449774504
0.9357695895048153
0.9348596214860612
0.9329934780790566
0.9401460484966409
0.9324066322015402
0.9363403292307814
0.936908656765563
0.9354159287348209
0.9350034148462096
0.9374125695391059
0.934161426304066
0.9353368706145282
0.9457793846712503
0.9392683152976903
0.9408018663155389
0.9367259110356114
0.937100816320604
0.9370820026515648
0.9439942828314942
0.9350171005418847
0.9418814802703466
0.9394667271852071
0.9399446122425223
0.9429022244559873
0.9328090086260217
0.9362912642292258
0.9355463239745277
0.9356729998101091
0.9404040335761323
0.9350700970154011
0.9355675996666268
0.9352449455298381
0.9365939710535889
0.9370746561890683
0.9364953921607219
0.9348369985049304
0.936164303084771
0.926603936736754
0.9347592589427562
0.9383006929151979
0.937738352279909
0.9307886503256811
0.9347805292055905
0.9313131951245868
0.9411496062215073
0.9315230471912099
0.9401416369309159
0.9350953977921543
0.9358329266775034
0.947872808745856
0.932897924828203
0.9364280396766371
0.9395191065810045
0.9345173991460808
0.939284372369599
0.9401877396136378
0.9423510290397147
0.934271251436635
0.9368575537488028
0.9321778811822388
0.9495090773015009
0.942188764151045
0.9365587303338424
0.9348767188949065
0.937584898239078
0.9237488599529374
0.9392002480477573
0.9400843069158938
0.9349247116658571
0.9348217674823726
0.9352461341432455
0.9398570019683277
0.9471882491397643
0.9362162063940205
0.9388419242651517
0.9369282443213847
0.9376491376487192
0.9266874869899538
0.9341715080552035
0.9338374610331548
0.9301745943697235
0.9335072061862154
0.9385792122193696
0.941812034739873
0.9287974100179278
0.9463281332420819
0.9364070489406646
0.9433452654701513
0.9303779028731755
0.9359267657526551
0.9303312768308887
0.9357744291918145
0.9354181081983264
0.9415999528630498
0.9327546799431992
0.936894909927041
0.9382848555258481
0.9389021692423459
0.9403887575385589
0.9401945097233968
0.9400047717103382
0.9359042596862628
0.934816920298347
0.9308505412408369
0.9367274792954322
0.9366182684307515
0.9361979148098907
0.9300526352886435
0.9375323888163689
0.9369925794728373
0.9341897122612095
0.9391815565936938
0.9376123657667974
0.9300466628161927
0.9407901075608719
0.9406985385511303
0.9310364158987855
0.9428569416622113
0.934895127957557
0.9327165076550995
0.9459867744036665
0.9399952825774903
0.9375246138735664
0.9307125175938105
0.9442224121646854
0.9422724558853957
0.938177065243415
0.9319898666437129
0.9379269982648453
0.9425136651582687
0.9296168818331693
0.9400048088400063
0.9358223975894063
0.9388374857618845
0.9399472127132548
0.9362633584463235