0.00822533
0.00707048
0.01085520
0.00834575
0.00746695
0.00808240
0.00762794
0.00871909
0.00709117
0.00871513
0.00910065
0.00767648
0.00977860
0.00850347
0.00966290
0.00709381
0.00696925
0.00905616
0.00772254
0.00778802
0.00768997
0.00726698
0.00659541
0.00825064
0.00820372
0.00980157
0.00819640
0.00771101
0.00790248
0.00846391
0.00808292
0.00785888
0.00942874
0.00789990
0.00841386
0.00810895
0.00784568
0.00879935
0.00789350
0.00814153
0.00876605
0.00742251
0.00803045
0.00779316
0.00695485
0.00852067
0.00771647
0.00860748
0.00847112
0.00792027
0.00965074
0.00752061
0.00769685
0.00757722
0.00762745
0.00760966
0.00926127
0.00746568
0.00879404
0.00818206
0.00739233
0.00773719
0.00790758
0.00779781
0.00686606
0.00943404
0.00714525
0.00843320
0.00759152
0.00977992
0.00724999
0.00736495
0.00759313
0.00802456
0.00834340
0.00865270
0.00699927
0.00755910
0.00653913
0.00807604
0.00718328
0.00680230
0.00799945
0.00768249
0.00694415
0.01146233
0.00822095
0.00946537
0.00789683
0.00725437
0.00771743
0.00773934
0.00716395
0.00924796
0.00736268
0.00873700
0.00837155
0.00933369
0.00901595
0.00755720
0.00912469
0.00884676
0.00739913
0.00753933
0.00744115
0.00711209
0.00757620
0.00942910
0.00737541
0.00837783
0.00718263
0.00940032
0.00831444
0.00678158
0.00812796
0.00835422
0.00719131
0.00787635
0.00674773
0.00846269
0.00715297
0.00695960
0.00801406
0.00756290
0.00781638
0.00709568
0.00812668
0.00787743
0.00798809
0.00787477
0.00781088
0.00805263
0.00836437
0.00718883
0.00860347
0.00730269
0.00710177
0.00766836
0.00959324
0.00673234
0.00695493
0.00719109
0.00734483
0.00737649
0.00737488
0.00714066
0.00679837
0.00765063
0.00771050
0.00805809
0.00918486
0.00817397
0.00732801
0.00785510
0.00777855
0.00893664
0.00899282
0.00789704
0.00810102
0.00846642
0.00832113
0.00745746
0.00749101
0.00754264
0.00791947
0.00685740
0.00759291
0.00699955
0.00747050
0.00786908
0.00791877
0.00785211
0.00752510
0.00788200
0.00825444
0.00762428
0.00786473
0.00748551
0.00837058
0.00789754
0.00821465
0.00824569
0.00953997
0.00920896
0.00813846
0.00761213
0.00857127
0.00921912
0.00870214
0.00751855
0.00723787
0.00754423
0.00943885
0.00710009
0.00779255
0.00770789
0.00717193
0.00707544
0.00772936
0.00791061
0.00709199
0.00807496
0.00682676
0.00780446
0.00789834
0.00874526
0.00757001
0.00805463
0.00752125
0.00708892
0.00742365
0.00722296
0.00736902
0.00822009
0.00743470
0.01055902
0.00772349
0.00716290
0.00829337
0.00826958
0.00824547
0.00801729
0.00816904
0.00718771
0.00797391
0.00700440
0.00771043
0.00843024
0.00790362
0.00758406
0.00777835
0.00782146
0.00714973
0.00798357
0.00816207
0.00786354
0.00815305
0.00802894
0.00799313
0.00848915
0.00730349
0.00775707
0.00849717
0.00740087
0.00673797
0.00741989
0.00866874
0.00771606
0.00685850
0.00775650
0.00940282
0.00711391
0.00781480
0.00712576
0.00717630
0.00864185
0.00852902
0.00867471
0.00710524
0.00860955
0.00887737
0.00773634
0.00734896
0.00754083
0.00712509
0.00701753
0.00757769
0.00944061
0.00839498
0.00748311
0.00798034
0.00812136
0.00668847
0.00941014
0.00822682
0.00810993
0.00813534
0.00867702
0.00727145
0.00796897
0.00774922
0.00776826
0.00912437
0.00852679
0.00889465
0.01018039
0.00716692
0.00737888
0.00861626
0.00657914
0.00678869
0.00742486
0.00706362
0.00729424
0.00857659
0.00703263
0.00769520
0.00840287
0.00846103
0.00865163
0.00822705
0.00773976
0.00838402
0.00768173
0.00724481
0.00761891
0.00831644
0.00730004
0.00748058
0.00894395
0.00790172
0.00723373
0.00724263
0.00829987
0.00785188
0.00823183
0.00837949
0.00884044
0.00877865
0.00742355
0.00810463
0.00918481
0.00767378
0.00679482
0.00753365
0.00766560
0.00933797
0.00841818
0.00739643
0.00712551
0.00909603
0.00952498
0.00737025
0.00691301
0.00735821
0.00778316
0.00704599
0.00862039
0.00834491
0.00748396
0.00952977
0.00778007
0.00697676
0.00879636
0.00742078
0.00747748
0.00743556
0.00790723
0.00827929
0.00830144
0.00916331
0.00852940
0.01006017
0.00798262
0.00822224
0.00785562
0.00723390
0.00868303
0.00862285
0.00786097
0.00712410
0.00802389
0.00822279
0.00894305
0.00738381
0.00767478
0.00843101
0.00834571
0.00716885
0.00734285
0.00842992
0.00758936
0.00824553
0.00864804
0.00840004
0.00763107
0.00754749
0.00803898
0.00726367
0.00844510
0.00713167
0.00698131
0.00818374
0.00742169
0.00726188
0.00750552
0.00741594
0.00836655
0.00804039
0.00768463
0.00823745
0.00785526
0.00820255
0.00823795
0.00807642
0.00707580
0.00755730
0.00816097
0.00852996
0.00831367
0.00766207
0.00768707
0.00883035
0.00803497
0.00859877
0.00997618
0.00734177
0.00723543
0.00739120
0.00715745
0.00725823
0.00815856
0.00833443
0.00829556
0.00869745
0.00828790
0.00748187
0.00762927
0.00818077
0.00802753
0.00769116
0.00642673
0.00892732
0.00742426
0.00775643
0.00759249
0.00839473
0.00817131
0.00860833
0.00741175
0.00747313
0.00813145
0.00688808
0.00823584
0.00668607
0.00924423
0.00765006
0.00714949
0.00814553
0.01027064
0.00843374
0.00838029
0.00735056
0.00738499
0.00738132
0.00826598
0.00793458
0.00790827
0.00788458
0.00888192
0.00855806
0.00731464
0.00725983
0.00691558
0.00775830
0.00903850
0.00740827
0.00753996
0.00872735
0.00662843
0.00845920
0.00861785
0.00794476
0.00720004
0.00941783
0.00721230
0.00776213
0.00830992
0.00760483
0.00817662
0.00759891
0.00887664
0.00813009
0.00756040
0.00787103
0.00847598
0.00801364
0.00709329
0.00751476
0.00784061
0.00853905
0.00737039
0.00767619
0.00798592
0.00823095
0.00764614
0.00880531
0.00810149
0.00790667
0.00708329
0.00918776
0.00856729
0.00832410
0.00776038
0.00843987
0.00729989
0.00805582
0.00746014
0.00820185
0.00836612