0.01359292
0.01213106
0.01387052
0.01236617
0.01288134
0.01489741
0.01403686
0.01252521
0.01263520
0.01436573
0.01208839
0.01328531
0.01292646
0.01283829
0.01263165
0.01233921
0.01345563
0.01688852
0.01295037
0.01222466
0.01267643
0.01231003
0.01194647
0.01521301
0.01278090
0.01223004
0.01335261
0.01258339
0.01277504
0.01428561
0.01248662
0.01516641
0.01317085
0.01302112
0.01422590
0.01301264
0.01458473
0.01251092
0.01200706
0.02052699
0.01216667
0.01388483
0.01298992
0.01256894
0.01371135
0.01315829
0.01195832
0.01386808
0.01396121
0.01157374
0.01328426
0.01320735
0.01290358
0.01281904
0.01277654
0.01332787
0.01251083
0.01229453
0.01362562
0.01228147
0.01251119
0.01541848
0.01265602
0.01149225
0.01218940
0.01411792
0.01204475
0.01443984
0.01327057
0.01149264
0.01215781
0.01367844
0.01286323
0.01195765
0.01278545
0.01314562
0.01199105
0.01209826
0.01192771
0.01322274
0.01347048
0.01257469
0.01372066
0.01236984
0.01337964
0.01242755
0.01392088
0.01278601
0.01268274
0.01282152
0.01340999
0.01230630
0.01252611
0.01212679
0.01311275
0.01174457
0.01333761
0.01245864
0.01370505
0.01411028
0.01327081
0.01255586
0.01285839
0.01217607
0.01312518
0.01255908
0.01414651
0.01254487
0.01303953
0.01150029
0.01283770
0.01344691
0.01346702
0.01143262
0.01193306
0.01314541
0.01271417
0.01555093
0.01235449
0.01185190
0.01292531
0.01222409
0.01384672
0.01265401
0.01367916
0.01388274
0.01332230
0.01306653
0.01526178
0.01315417
0.01197810
0.01454561
0.01236256
0.01210696
0.01234731
0.01471124
0.01322879
0.01216307
0.01340651
0.01330424
0.01555995
0.01220992
0.01238488
0.01483372
0.01267646
0.01239886
0.01439881
0.01309429
0.01293723
0.01293865
0.01572905
0.01272967
0.01300503
0.01355768
0.01177035
0.01411730
0.01172090
0.01323686
0.01247760
0.01168907
0.01201212
0.01268689
0.01428868
0.01662203
0.01292662
0.01191957
0.01306742
0.01317670
0.01246249
0.01337819
0.01222394
0.01278448
0.01243684
0.01272111
0.01252508
0.01349880
0.01417376
0.01389604
0.01365317
0.01351101
0.01277720
0.01353436
0.01276637
0.01263918
0.01346661
0.01261853
0.01263868
0.01215334
0.01259451
0.01395028
0.01375729
0.01327027
0.01267828
0.01196407
0.01234476
0.01320561
0.01370186
0.01506795
0.01356918
0.01461297
0.01281622
0.01386635
0.01234961
0.01183646
0.01250966
0.01315974
0.01281216
0.01337057
0.01296625
0.01424537
0.01300924
0.01338171
0.01372648
0.01547040
0.01197955
0.01240748
0.01229675
0.01208668
0.01417761
0.01525355
0.01220250
0.01320620
0.01315829
0.01138717
0.01273074
0.01230193
0.01305009
0.01315416
0.01292732
0.01490277
0.01239253
0.01297248
0.01301686
0.01365556
0.01630189
0.01250183
0.01289426
0.01417604
0.01312647
0.01243358
0.01264221
0.01354056
0.01333634
0.01327452
0.01381019
0.01255485
0.01265349
0.01234735
0.01198703
0.01321248
0.01270329
0.01491881
0.01290540
0.01340863
0.01378126
0.01264795
0.01284335
0.01285136
0.01184857
0.01390243
0.01238083
0.01319431
0.01426339
0.01214308
0.01260528
0.01287455
0.01246885
0.01357489
0.01328803
0.01268042
0.01315495
0.01427578
0.01261152
0.01172290
0.01311561
0.01243384
0.01374907
0.01376867
0.01271251
0.01427587
0.01297197
0.01299321
0.01353208
0.01193776
0.01305347
0.01405443
0.01348176
0.01245493
0.01437728
0.01405785
0.01670032
0.01389212
0.01216769
0.01402152
0.01190483
0.01310291
0.01264795
0.01270440
0.01285947
0.01351697
0.01253784
0.01313218
0.01236098
0.01229293
0.01272967
0.01369113
0.01269467
0.01368840
0.01327356
0.01399989
0.01259826
0.01288155
0.01281894
0.01382666
0.01260269
0.01218667
0.01273925
0.01168670
0.01249712
0.01206040
0.01315698
0.01368382
0.01380024
0.01198721
0.01259557
0.01347229
0.01270891
0.01308283
0.01359467
0.01267491
0.01308428
0.01281636
0.01313399
0.01426644
0.01269303
0.01369093
0.01332552
0.01381448
0.01238600
0.01213050
0.01263711
0.01289901
0.01162313
0.01299850
0.01171934
0.01446481
0.01172127
0.01418847
0.01264893
0.01430612
0.01192317
0.01295148
0.01353847
0.01294633
0.01598894
0.01257843
0.01362596
0.01179855
0.01368296
0.01223626
0.01279687
0.01265675
0.01268212
0.01244992
0.01807696
0.01346005
0.01259771
0.01245265
0.01310900
0.01343997
0.01253989
0.01305265
0.01629695
0.01506770
0.01280571
0.01395657
0.01301108
0.01208832
0.01330970
0.01278477
0.01363164
0.01210884
0.01178545
0.01245111
0.01535962
0.01204601
0.01313552
0.01317846
0.01195907
0.01258560
0.01322674
0.01387422
0.01515051
0.01250960
0.01235849
0.01373057
0.01293746
0.01159546
0.01323271
0.01285823
0.01280581
0.01232602
0.01286223
0.01301744
0.01247719
0.01282695
0.01532295
0.01339263
0.01223355
0.01314354
0.01233903
0.01313210
0.01245133
0.01544438
0.01383514
0.01312376
0.01310127
0.01239012
0.01329179
0.01323681
0.01439657
0.01249526
0.01349792
0.01328043
0.01971990
0.01162010
0.01275464
0.01205743
0.01260775
0.01313587
0.01379684
0.01269986
0.01271422
0.01342915
0.01545779
0.01271649
0.01246407
0.01240244
0.01251284
0.01251079
0.01314472
0.01237144
0.01232727
0.01365108
0.01225564
0.01328256
0.01307538
0.01235516
0.01324317
0.01227716
0.01357947
0.01510223
0.01369251
0.01269587
0.01238660
0.01251981
0.01243412
0.01327474
0.01247667
0.01404663
0.01373450
0.01245796
0.01346111
0.01230466
0.01300459
0.01257903
0.01164210
0.01247764
0.01303486
0.01336004
0.01299299
0.01300513
0.01334685
0.01253793
0.01199721
0.01315999
0.01264392
0.01264115
0.01320052
0.01251752
0.01512950
0.01227919
0.01260990
0.01351820
0.01345015
0.01171214
0.01161484
0.01261377
0.01286691
0.01273088
0.01346458
0.01245043
0.01359666
0.01346386
0.01178635
0.01162924
0.01305887
0.01222336
0.01422477
0.01271654