0.03138033
0.03060434
0.03135778
0.02976360
0.03462022
0.03018606
0.02879136
0.03134908
0.03189155
0.02711291
0.03605764
0.03555342
0.02870003
0.03629677
0.03620633
0.03163382
0.03074385
0.02888012
0.03271603
0.02927831
0.03651886
0.02794656
0.04965621
0.03438445
0.03399026
0.03034656
0.03352979
0.03068236
0.03762038
0.03268660
0.02873422
0.03137264
0.03022637
0.03153999
0.02987424
0.03578497
0.03413960
0.03116680
0.02773352
0.03381081
0.02645567
0.04455511
0.02976715
0.02987769
0.03136399
0.02916061
0.02766676
0.02882218
0.03605679
0.02861865
0.03172892
0.02572692
0.02941689
0.03346789
0.03560428
0.04099146
0.03295061
0.02791522
0.02882888
0.03053543
0.06526997
0.02708401
0.03197507
0.03339760
0.03276675
0.02950781
0.03251983
0.03020888
0.02715800
0.02965063
0.03478101
0.02838469
0.03031197
0.03211379
0.03084330
0.04396372
0.03921148
0.03023136
0.02939369
0.03780111
0.03003228
0.03160417
0.03771456
0.04249023
0.03432967
0.03194622
0.03434690
0.02920963
0.03016038
0.03179146
0.03734859
0.03235220
0.03090738
0.03023922
0.02688679
0.03644096
0.03481144
0.02719180
0.03373802
0.03023008
0.03787443
0.03040003
0.03107529
0.03486674
0.03209927
0.03030050
0.03174972
0.02854232
0.03435259
0.02968568
0.02823165
0.02684573
0.02999326
0.04586129
0.03410809
0.02907200
0.03020593
0.03304559
0.05064594
0.03253832
0.03895336
0.04012326
0.02927195
0.03699583
0.02943974
0.02865617
0.02791460
0.03989909
0.03743165
0.03103355
0.03820487
0.02889560
0.04244758
0.03006033
0.03060441
0.03709632
0.02833591
0.02660732
0.02879897
0.03182228
0.02765804
0.05149422
0.03354004
0.02995141
0.04225581
0.03188977
0.02905045
0.03299855
0.03429761
0.03182191
0.03006464
0.03545042
0.02719893
0.03152349
0.04230618
0.04818808
0.02870079
0.03302977
0.02914705
0.04014815
0.03677784
0.03037442
0.02724197
0.03337193
0.03385916
0.02986599
0.05300804
0.05268094
0.02985526
0.02487197
0.02839609
0.02879611
0.02846693
0.03375269
0.03142789
0.02949382
0.02881107
0.02929534
0.02936134
0.05463394
0.03111511
0.02910228
0.02737198
0.02712348
0.02923141
0.03340916
0.03541128
0.03080633
0.02858698
0.02998673
0.03226255
0.03184096
0.03451027
0.03489455
0.02868484
0.03095268
0.02923350
0.04276623
0.04374944
0.03107177
0.03092648
0.03656474
0.03019299
0.02761767
0.03198888
0.03881854
0.03005830
0.03541562
0.03934453
0.03705522
0.03603278
0.04114687
0.03728651
0.03542734
0.03477036
0.02990380
0.03118049
0.03388600
0.03283290
0.03099935
0.04171007
0.03275902
0.03680244
0.03606474
0.02961770
0.02964100
0.03979516
0.03599248
0.02515124
0.03477577
0.03767534
0.02890359
0.03450540
0.02926261
0.03416899
0.03169694
0.03311121
0.02661993
0.03680222
0.02632808
0.02712852
0.03179244
0.03737755
0.03203492
0.03164615
0.03033460
0.03261312
0.02807486
0.04361611
0.03408366
0.03100945
0.02870548
0.02832780
0.02775673
0.03348532
0.03299929
0.03083904
0.03291928
0.02943263
0.02933827
0.03496334
0.02622503
0.02853989
0.03487929
0.02743801
0.02842366
0.03337986
0.02861945
0.03361214
0.03591250
0.03175131
0.02995946
0.03957634
0.03284597
0.03545042
0.03296882
0.03188619
0.02981248
0.03015732
0.02839356
0.02948533
0.04205718
0.02869243
0.03527140
0.02704560
0.02773500
0.02991732
0.03160959
0.03728559
0.04620667
0.02956186
0.06583063
0.03523166
0.03459457
0.02761136
0.02739131
0.02896637
0.04318846
0.04990817
0.02786815
0.02940091
0.03075181
0.02766055
0.03684274
0.02882738
0.02827378
0.02855133
0.03305207
0.02842745
0.03126289
0.03112281
0.03483627
0.02831935
0.02646570
0.03298316
0.03140169
0.03400228
0.02922877
0.03054237
0.02743624
0.02926052
0.04410874
0.02788976
0.02711634
0.05187156
0.02685427
0.03435723
0.03425241
0.03102331
0.03298680
0.03005275
0.03256711
0.05120811
0.04211500
0.03336448
0.03558659
0.03233555
0.03288018
0.02819388
0.03109839
0.02928466
0.03498000
0.04413855
0.03276535
0.02787501
0.02848865
0.03062951
0.03203330
0.04596315
0.04031617
0.03309877
0.03160953
0.03487347
0.05321800
0.03013203
0.02898422
0.02856703
0.03120584
0.02647970
0.03253013
0.03047636
0.03372399
0.03010124
0.03039821
0.03833363
0.02909881
0.03307581
0.03507276
0.02581239
0.02864498
0.03436665
0.02800520
0.03664678
0.03658827
0.03355623
0.02941868
0.03207475
0.03047653
0.03400855
0.02598450
0.02979591
0.04135997
0.02632314
0.02788021
0.02869456
0.03952169
0.02927741
0.03736971
0.03182729
0.04712817
0.03492124
0.02918196
0.03986310
0.03103372
0.03612936
0.03196696
0.03240797
0.03477384
0.03718281
0.02984422
0.04508265
0.03146921
0.03133723
0.03066942
0.03222556
0.04073760
0.03572429
0.04183418
0.04000134
0.02907861
0.02851737
0.03065322
0.03740898
0.03759975
0.04591639
0.02885115
0.03339076
0.02800578
0.03574336
0.02869363
0.03085758
0.02998957
0.03421984
0.02922460
0.03080161
0.03048828
0.04250911
0.02623005
0.03250784
0.05959969
0.03481547
0.04196102
0.03009408
0.03426515
0.03123429
0.03314706
0.02931795
0.02667166
0.02987748
0.03052372
0.02855861
0.02755944
0.03161631
0.03035790
0.03190992
0.02937491
0.03147158
0.03388974
0.02815165
0.02934232
0.02891413
0.02812263
0.03147471
0.03664109
0.04155085
0.03475101
0.03311960
0.03128936
0.04111977
0.02531009
0.03006211
0.03130892
0.03106071
0.03328249
0.02927367
0.03209694
0.03368054
0.03074651
0.03089838
0.03154031
0.02858213
0.02849276
0.04878439
0.03579652
0.03201131
0.03341562
0.02547178
0.03157856
0.03162673
0.02907728
0.03453519
0.02667102
0.02824205
0.02824669
0.03899313
0.03154930
0.03066678
0.03127007
0.03653310
0.03279037
0.03237552
0.03136211
0.03304981
0.02858192
0.02699774
0.03024973
0.03169976
0.03787385
0.02875998
0.02788590