0.01772997
0.01581587
0.01405744
0.01504069
0.01416271
0.01798191
0.01473147
0.01536271
0.01598847
0.01789788
0.01362220
0.01333272
0.01501266
0.01478708
0.01453390
0.01443551
0.01531502
0.01495373
0.01585178
0.01475976
0.01465022
0.01616341
0.01651253
0.01554281
0.01903366
0.01589108
0.01460335
0.01669581
0.01473529
0.01441618
0.01453491
0.01351480
0.01314003
0.01354190
0.01535155
0.01381429
0.01557028
0.01528617
0.01548604
0.01485591
0.01545584
0.01401662
0.01489067
0.01527410
0.01600693
0.01631079
0.01484201
0.01831336
0.01373440
0.01490396
0.01369620
0.01794873
0.01520024
0.01773810
0.01593373
0.01418179
0.01424995
0.01554903
0.01561867
0.01778996
0.01505601
0.01500380
0.01555974
0.01613058
0.01374125
0.01493003
0.01503661
0.01363721
0.01574537
0.01527494
0.01316670
0.01681183
0.01444774
0.01503400
0.01540354
0.01593942
0.01513644
0.01501483
0.01389828
0.01472118
0.01387947
0.01437613
0.01368794
0.01393158
0.01437329
0.01747921
0.01462093
0.01356996
0.01592748
0.01555286
0.01425266
0.01509112
0.01484078
0.01510539
0.01402992
0.01264683
0.01679836
0.01438124
0.01720115
0.01570545
0.01334358
0.01329554
0.01522427
0.01464261
0.01561571
0.01923488
0.01603082
0.01523516
0.01569331
0.01467250
0.01406995
0.01476088
0.01476672
0.01392320
0.01628496
0.01379224
0.01479562
0.01394421
0.01520727
0.01445172
0.01479325
0.01571094
0.01493867
0.01384280
0.01307070
0.01390339
0.01502966
0.01431366
0.01473819
0.01555931
0.01371161
0.01356565
0.01538471
0.01563028
0.01594647
0.01580085
0.01521831
0.01488471
0.01550290
0.01644411
0.01664049
0.01870015
0.01498982
0.01363509
0.01383678
0.01520897
0.01562077
0.01458798
0.01721384
0.01563186
0.01606992
0.01624977
0.01464712
0.01429528
0.01602436
0.01864018
0.01405527
0.01554270
0.01704807
0.01661894
0.01468407
0.01822416
0.01702498
0.01477660
0.01569624
0.01382723
0.01394904
0.01455781
0.01966738
0.01578627
0.01436356
0.01369050
0.01581574
0.01528397
0.01432165
0.01521305
0.01545720
0.01398246
0.01574134
0.01512857
0.01624367
0.01557810
0.01698220
0.01488273
0.01581071
0.01783987
0.01490344
0.01619630
0.01397639
0.01572045
0.01327196
0.01703069
0.01353545
0.01510225
0.01457145
0.01464977
0.01537999
0.02070541
0.01809344
0.01540519
0.01584536
0.01480193
0.01510556
0.01404482
0.01591483
0.01598414
0.01531848
0.01942390
0.01454642
0.01482148
0.01650004
0.02031435
0.01520308
0.01540178
0.01567970
0.01424868
0.01623298
0.01394264
0.01974521
0.01492053
0.01431480
0.01430924
0.01357206
0.01580744
0.01419447
0.01576536
0.01360576
0.01605456
0.01501347
0.01541213
0.01517900
0.01298396
0.01771061
0.01447249
0.01621757
0.01402117
0.01568092
0.01716040
0.01684266
0.01516616
0.01307623
0.01380983
0.01532152
0.01340388
0.01715377
0.01533864
0.01297315
0.01460800
0.01334357
0.01536579
0.01419628
0.01385341
0.01772447
0.01677155
0.01707980
0.01412872
0.01598345
0.01697551
0.01786932
0.01670592
0.01573507
0.01667238
0.01499327
0.01465367
0.01800524
0.01544272
0.01562452
0.01467759
0.01984314
0.01558733
0.01649626
0.01363348
0.01480796
0.01536159
0.01503803
0.01498925
0.01420493
0.01362827
0.01890235
0.01472357
0.01495865
0.01577053
0.01425729
0.01538567
0.01573469
0.01697981
0.01468814
0.01613936
0.01577771
0.01484972
0.01386495
0.01322164
0.01482917
0.01521441
0.01336837
0.01474963
0.01848950
0.01462651
0.01432298
0.01581551
0.01605983
0.01855775
0.01395028
0.01390304
0.01384314
0.01497868
0.01465233
0.01425975
0.01624655
0.01636855
0.01554362
0.01570665
0.01869304
0.01470246
0.01531654
0.01460218
0.01659612
0.01428633
0.01466892
0.01460554
0.01553311
0.01496227
0.01388742
0.01504670
0.01467041
0.01535094
0.01388815
0.01458484
0.01438900
0.01651933
0.01614641
0.01444986
0.01535489
0.01808477
0.01732479
0.01383439
0.01473822
0.01572310
0.01957422
0.01716503
0.01636685
0.01511244
0.01657905
0.01442078
0.01603802
0.01551351
0.01557393
0.01319373
0.01499590
0.01759342
0.01478267
0.01499927
0.01528931
0.01341958
0.01566905
0.01294663
0.01938543
0.01455796
0.01510204
0.01532500
0.01453088
0.01574406
0.01532336
0.01461732
0.01561465
0.01481951
0.01370286
0.01659812
0.01387506
0.01454352
0.01835810
0.01456388
0.01657191
0.01596782
0.01598888
0.01417989
0.01574108
0.01455164
0.01499930
0.01467273
0.01513226
0.01302267
0.01583864
0.01390769
0.01608123
0.01573254
0.01702657
0.01906794
0.01431894
0.01440899
0.01518717
0.01764153
0.01293816
0.01483966
0.01372939
0.01733441
0.01442525
0.01451401
0.01850317
0.01725228
0.01417551
0.01890108
0.01478036
0.01848209
0.01517566
0.01620712
0.01767715
0.01451202
0.01369247
0.01500193
0.01519538
0.01623001
0.01575927
0.01434250
0.01420932
0.01518163
0.01596772
0.01446481
0.01664329
0.01642659
0.01385497
0.01348629
0.01486873
0.01592488
0.01620785
0.01515110
0.01679753
0.01544607
0.01665047
0.01639596
0.01746460
0.01382397
0.01435077
0.01477935
0.01438570
0.01516028
0.01451862
0.01720506
0.01493872
0.01509522
0.01643288
0.01507881
0.01485010
0.01443616
0.01402918
0.01439154
0.01506940
0.01407501
0.01487936
0.01496300
0.01436808
0.01498008
0.01508302
0.01764876
0.01468365
0.01733214
0.01458026
0.01532752
0.01873777
0.01349287
0.01586634
0.01488928
0.01798866
0.01469269
0.01326468
0.01437685
0.01415652
0.01373932
0.01377810
0.01509944
0.01592980
0.01367592
0.01521582
0.01595092
0.01463740
0.01447215
0.01597881
0.01592462
0.01575903
0.01448919
0.01933647
0.01395313
0.01441230
0.01479863
0.01405272
0.01506325
0.01507315
0.01787908
0.01461085
0.01481097
0.01646994
0.02085125
0.01403673
0.01602142
0.01539639
0.01378879
0.01428367
0.01399052
0.01424792
0.01436161