0.01212130
0.01156565
0.01077990
0.01097375
0.00872535
0.00935177
0.01030549
0.01035357
0.00985018
0.00945446
0.00915013
0.00940567
0.00951014
0.01089857
0.01110911
0.01012525
0.00978197
0.00951412
0.01336484
0.01007325
0.01048038
0.01039659
0.01115201
0.00992305
0.01170847
0.01041032
0.01039150
0.01061741
0.01036798
0.01017348
0.00998310
0.01030406
0.01031225
0.01015216
0.00907635
0.01051484
0.00940385
0.00956583
0.00908973
0.00990011
0.01046820
0.01094538
0.01350125
0.01267532
0.00950524
0.00977270
0.01212734
0.01130473
0.00937796
0.01043070
0.01065245
0.01061090
0.01175365
0.01060307
0.00984490
0.01090502
0.01034824
0.00944243
0.01361429
0.00946471
0.00928392
0.01009352
0.01199770
0.00900581
0.01000580
0.01100428
0.01127066
0.00991961
0.01128463
0.00975194
0.01022066
0.01138769
0.01024683
0.01128339
0.00893746
0.00915498
0.00961161
0.01115698
0.01000711
0.00980965
0.01116467
0.00970463
0.00947356
0.01027127
0.01093452
0.01038223
0.01177843
0.01058380
0.01201828
0.00949903
0.01072822
0.01011447
0.01041701
0.00974985
0.01001794
0.01015175
0.01005977
0.01340534
0.00966770
0.00934217
0.01009008
0.01015669
0.00984939
0.01089041
0.00949987
0.00980477
0.00973378
0.00921545
0.00959472
0.01008898
0.01318378
0.01050618
0.00949239
0.01037953
0.00953166
0.01030845
0.01125558
0.01050390
0.00870387
0.01003460
0.00999505
0.01127340
0.01029475
0.01176215
0.00905543
0.01061272
0.01216805
0.00985898
0.00978825
0.00935437
0.00991810
0.01054789
0.00919080
0.00952141
0.01120470
0.00993311
0.00997199
0.01091034
0.00914222
0.01042603
0.00942237
0.00916678
0.01029087
0.01043189
0.01267999
0.00951354
0.00908499
0.00986850
0.01036670
0.01092354
0.00924023
0.01052433
0.01038576
0.01077697
0.00999090
0.01118893
0.00997236
0.00964789
0.01149109
0.00960612
0.00977418
0.00924413
0.01006450
0.01144867
0.00915123
0.00960564
0.00925119
0.01041041
0.01022990
0.00992832
0.00970045
0.01078959
0.01079046
0.00944781
0.01012569
0.00979212
0.00980274
0.01094558
0.01061088
0.01073843
0.01524363
0.00997985
0.01127848
0.00869602
0.01225055
0.01131608
0.01018713
0.00931855
0.01079606
0.00959048
0.01128899
0.00955077
0.01152033
0.01084728
0.01052796
0.00950341
0.00910686
0.01151151
0.01088512
0.00972597
0.01001134
0.01160946
0.01006339
0.00889269
0.01074219
0.00967563
0.00915033
0.01090621
0.01005644
0.01124985
0.00966707
0.01039508
0.00980701
0.01430901
0.00999900
0.01054920
0.01042771
0.01048652
0.00969084
0.00984818
0.01005007
0.00984126
0.01079458
0.01278281
0.01184245
0.00997275
0.01151064
0.01048859
0.00952205
0.01019178
0.01299682
0.01034395
0.00967407
0.00857491
0.00889575
0.00979637
0.01064580
0.01029468
0.00995480
0.01051721
0.01151049
0.00968085
0.01044861
0.01033204
0.01448968
0.01230837
0.01047278
0.00983892
0.00994169
0.01081936
0.00987111
0.00937919
0.00986368
0.01012587
0.01069913
0.01039886
0.01052613
0.01086107
0.00959381
0.00928695
0.01170310
0.01387001
0.00981392
0.01059665
0.00920437
0.01047049
0.01049920
0.01058500
0.00891777
0.01036935
0.00986924
0.01323885
0.01213244
0.01052485
0.01163922
0.01184207
0.00962346
0.01133120
0.00962493
0.01002720
0.01040421
0.01001734
0.00921651
0.01028792
0.00994359
0.01076329
0.00874309
0.00941668
0.00998857
0.01191760
0.01234339
0.00992179
0.01020396
0.00959824
0.01151241
0.00983088
0.00888963
0.00893689
0.00943417
0.00984074
0.01231790
0.01000673
0.01213693
0.01003726
0.01034604
0.00986600
0.01007452
0.01029580
0.00955317
0.00975838
0.01022008
0.01075774
0.00925237
0.00996746
0.01184089
0.01120291
0.00946988
0.00949549
0.01010402
0.01201688
0.00942579
0.00894803
0.00961510
0.01376405
0.00970103
0.00915421
0.01026141
0.01019552
0.01209275
0.01121247
0.01152095
0.00952478
0.00982632
0.00920676
0.01050085
0.01110307
0.01041214
0.01010223
0.01138701
0.00878310
0.01147085
0.01193473
0.01100898
0.00921187
0.01102588
0.00928186
0.00992551
0.00926563
0.00917924
0.01117164
0.01069547
0.01028988
0.01019144
0.01029373
0.01020730
0.00987161
0.00950849
0.01033089
0.00942047
0.01120233
0.00925700
0.00894092
0.01180665
0.00936772
0.00968000
0.01012090
0.01027523
0.01035474
0.01035907
0.00916185
0.01058287
0.01145269
0.00997630
0.00981416
0.00996926
0.00956593
0.00944421
0.01047367
0.01088201
0.01073045
0.01037603
0.01305541
0.01013488
0.01279011
0.01129245
0.00982192
0.01084200
0.01030274
0.00983762
0.01118480
0.00957156
0.00978955
0.00947050
0.00977568
0.00980126
0.01002766
0.00937487
0.00934606
0.01116925
0.01034069
0.00983841
0.00990084
0.01169924
0.01052921
0.01020480
0.00996594
0.01132698
0.01127242
0.00932398
0.01128419
0.00958245
0.01035638
0.01133803
0.01154190
0.00977811
0.01138630
0.01014006
0.01242150
0.01022834
0.01011989
0.01038628
0.01069305
0.01201889
0.00872065
0.00985934
0.01021965
0.00928737
0.01025798
0.01008354
0.01146327
0.00897750
0.00928532
0.00992754
0.01001383
0.01068917
0.00968669
0.00973316
0.01033412
0.01025783
0.01003500
0.01060585
0.01009624
0.00969844
0.00920140
0.00997332
0.00928849
0.00944730
0.00935181
0.01136612
0.00871905
0.00944985
0.00954103
0.01064662
0.01281685
0.00963611
0.01030706
0.01087890
0.00985952
0.01115918
0.00943061
0.01066055
0.00951874
0.00981216
0.01000483
0.00965120
0.01062411
0.00914594
0.01188489
0.01110691
0.00990749
0.01096916
0.00972844
0.00952498
0.00908925
0.00918220
0.00952200
0.01010875
0.00974065
0.01025203
0.00937496
0.00989465
0.01009483
0.01055179
0.00953168
0.00968673
0.00914340
0.00907634
0.00994112
0.00969572
0.01077083
0.01044012
0.00969955
0.01031190
0.01060380
0.00960429
0.00996891
0.00895394
0.00886479
0.01359587
0.00932253