0.04489286
0.05208670
0.08416291
0.05158497
0.04124800
0.05194270
0.03982451
0.05496939
0.04212982
0.08046238
0.06781630
0.04281240
0.05105038
0.06459918
0.04588338
0.05042065
0.03697039
0.05979172
0.04728847
0.04515345
0.07007212
0.06114179
0.06379683
0.04831730
0.04696212
0.04208447
0.04166830
0.04040966
0.04342429
0.04836872
0.04478879
0.05833504
0.04652557
0.04330733
0.04359796
0.05250773
0.04648244
0.04338609
0.04381871
0.05629806
0.05033988
0.04227483
0.04055860
0.04561306
0.03957909
0.05366510
0.05398180
0.07454898
0.05493054
0.05752646
0.07843999
0.05486358
0.05875934
0.04946125
0.03432331
0.05367499
0.04077882
0.05320588
0.04622435
0.05640195
0.04238768
0.05213150
0.05130458
0.05512596
0.04654876
0.04624084
0.04861193
0.04487883
0.05927833
0.03697430
0.04650900
0.06001509
0.04006595
0.05182332
0.04623430
0.04153114
0.04245718
0.04612453
0.04042404
0.03895451
0.05971374
0.05130063
0.03939014
0.07085348
0.06572646
0.04441906
0.06641987
0.04224027
0.04643816
0.04117424
0.07890501
0.06347802
0.05084588
0.04337650
0.03720072
0.04026092
0.04550391
0.04770865
0.04399421
0.05054433
0.04134667
0.04596207
0.04663884
0.03673879
0.04300265
0.04157022
0.04670743
0.03556578
0.04769581
0.04198939
0.04252591
0.05111382
0.04623681
0.05980046
0.04916533
0.04622037
0.06667577
0.04328133
0.04500664
0.05281580
0.03996747
0.05840878
0.03951872
0.04208815
0.05382829
0.04781942
0.04377100
0.04441301
0.04864471
0.07485798
0.05893900
0.06165703
0.04612891
0.04874663
0.05700898
0.04439898
0.04737909
0.06442767
0.04566807
0.05641642
0.05326494
0.03993397
0.04452672
0.05015663
0.04064494
0.10196276
0.04833900
0.08835806
0.04747469
0.04109984
0.03853599
0.04754157
0.07604233
0.09672139
0.03722069
0.04750206
0.04754456
0.03908235
0.04837478
0.03996482
0.04460429
0.05282830
0.04665772
0.04659920
0.03605219
0.04777421
0.05211954
0.06163945
0.05486358
0.04492770
0.04103680
0.05050948
0.05981563
0.03991609
0.05771811
0.04098055
0.04514813
0.07407958
0.05329830
0.04665335
0.07267830
0.03792123
0.04653425
0.04202740
0.03809687
0.04853162
0.05268868
0.04862475
0.04655738
0.04391194
0.04250498
0.04767415
0.04803173
0.04350280
0.06781733
0.04790281
0.04510665
0.05728167
0.08071681
0.04330982
0.07395211
0.04697673
0.06665266
0.06183627
0.04537837
0.04030372
0.05943254
0.06714374
0.04170242
0.04885004
0.04358213
0.06675945
0.04372062
0.04256315
0.05445660
0.04514091
0.04121521
0.03835387
0.03911866
0.05652926
0.05342610
0.04311220
0.04995730
0.07063182
0.08123038
0.03992494
0.05131729
0.05045618
0.04653522
0.03616727
0.04539349
0.04530875
0.06835051
0.04180631
0.04534507
0.04659720
0.04982810
0.04101339
0.05571024
0.05309627
0.04146038
0.04420683
0.04599142
0.04227983
0.05299682
0.04204856
0.03785409
0.04985538
0.05896659
0.06515169
0.04989955
0.04244455
0.04124650
0.05351913
0.04179751
0.05673648
0.05125857
0.04865779
0.05882170
0.05519224
0.04398720
0.06367740
0.06634196
0.03661745
0.04450116
0.05096139
0.04651329
0.03708766
0.04366849
0.04383331
0.04507011
0.05414572
0.05700968
0.05200000
0.05753675
0.07899850
0.04355645
0.04500806
0.06454831
0.04349978
0.04864444
0.05021725
0.04675163
0.05747760
0.06173203
0.04261039
0.06252442
0.05361760
0.06447165
0.04522138
0.04073621
0.04505157
0.03836977
0.03801643
0.04359695
0.04832686
0.03335495
0.03944287
0.04916390
0.03988530
0.04921666
0.03789551
0.04675774
0.05044994
0.03945023
0.04302326
0.06583933
0.05017252
0.05092455
0.03817008
0.06611705
0.06179232
0.04023937
0.03854522
0.06860441
0.06972350
0.04974787
0.04243762
0.04679001
0.04645681
0.04251361
0.04371249
0.07928657
0.07300763
0.04017800
0.06661373
0.04282858
0.04554156
0.06851346
0.03756509
0.05005105
0.03544733
0.05683192
0.04608757
0.03960465
0.05236163
0.04976278
0.04348326
0.06197802
0.04822275
0.05252881
0.04699984
0.04610845
0.04376807
0.04589497
0.04417302
0.03536884
0.06673391
0.08316433
0.04425592
0.04183259
0.06414375
0.05926940
0.04379540
0.05826834
0.05550255
0.04665208
0.04906297
0.05087734
0.05878218
0.03858036
0.04341066
0.03807704
0.04495970
0.04797937
0.03930726
0.04226358
0.04559101
0.03992633
0.05170249
0.03975394
0.05967724
0.04495821
0.05784081
0.06316959
0.03933957
0.05746979
0.05427151
0.05587077
0.04667631
0.04306406
0.06142008
0.03964560
0.04172576
0.06921068
0.05133458
0.04782566
0.05034657
0.04151360
0.03591896
0.04215997
0.04977906
0.03902087
0.03998169
0.04499153
0.05876833
0.04466222
0.04311955
0.05709829
0.03807262
0.03728320
0.04525186
0.04160484
0.05590893
0.04893106
0.05621358
0.05228193
0.04868194
0.05569927
0.04605899
0.07633064
0.05640649
0.03721508
0.03683683
0.04321320
0.03955946
0.04412555
0.03512460
0.04980047
0.03968247
0.05250305
0.05294425
0.04605406
0.04420473
0.04562570
0.07337480
0.04355669
0.04394283
0.04257049
0.05408796
0.06007798
0.04937939
0.05168162
0.05901547
0.05541633
0.06948862
0.03711863
0.04793913
0.04106149
0.04913364
0.04146985
0.04048742
0.06269325
0.05997010
0.04707160
0.06328157
0.04431983
0.05840002
0.04641699
0.04166283
0.06403668
0.04801769
0.04569942
0.05101009
0.04226861
0.04880763
0.05069898
0.03635690
0.07481067
0.04159982
0.06230245
0.05154402
0.07467164
0.04766215
0.06434195
0.05323329
0.04247830
0.04805087
0.04244469
0.04653124
0.04298192
0.04214895
0.04242721
0.04741997
0.06355955
0.06187397
0.04998597
0.05125395
0.03993303
0.04871607
0.07003062
0.04966629
0.04248964
0.03828225
0.03808130
0.05477978
0.05334071
0.04130058
0.04066770
0.05648269
0.04285347
0.03975388
0.04262829
0.05057915
0.03736583
0.04342304
0.04337420
0.04364932
0.04552975
0.05675043