0.00994822
0.01076999
0.00817017
0.01132420
0.00872025
0.00955495
0.01017509
0.00873420
0.00895968
0.00936771
0.01009388
0.00944256
0.00934287
0.01026794
0.00884201
0.00959425
0.00952990
0.01013984
0.00970117
0.00898629
0.01028801
0.01093064
0.01341585
0.01024395
0.01030066
0.00911721
0.00961620
0.00907228
0.01103001
0.01180042
0.00885208
0.00889881
0.00930624
0.00878356
0.01040250
0.00858001
0.00994718
0.00886071
0.00905764
0.01036993
0.00992465
0.00980965
0.01265918
0.00890692
0.01175193
0.00918353
0.01022725
0.00900202
0.00937885
0.00967686
0.00884288
0.01118859
0.00909680
0.00924043
0.00897405
0.00967078
0.01089781
0.00864033
0.01037338
0.01062042
0.00920436
0.00989112
0.00918121
0.00990071
0.00923795
0.00944582
0.00975717
0.00949064
0.00924458
0.01021222
0.00961342
0.01017888
0.01034838
0.01047994
0.00877924
0.00942428
0.00962957
0.01015229
0.00936685
0.00928479
0.01104029
0.01194387
0.00864788
0.00983570
0.00974382
0.00948612
0.00907670
0.00986545
0.00917661
0.00990472
0.00936258
0.01008724
0.01007298
0.01154912
0.00928249
0.00973730
0.00877959
0.00978219
0.01056325
0.01000884
0.00856262
0.00940339
0.01030762
0.00996171
0.00883177
0.00844100
0.00857459
0.00894696
0.00921387
0.00968321
0.01135829
0.00934776
0.00954212
0.00919869
0.00946854
0.00986350
0.01084450
0.00931285
0.00932024
0.00927604
0.00928067
0.00880053
0.01025651
0.00868869
0.00852128
0.01088353
0.00945930
0.01018589
0.00931641
0.01090400
0.00955592
0.00937604
0.00904729
0.00962002
0.00964079
0.00941642
0.00982478
0.01084871
0.00878047
0.00939581
0.00967736
0.00990568
0.01062155
0.01044271
0.01357494
0.01116166
0.01017017
0.00894873
0.01028739
0.00961586
0.00921154
0.01134069
0.00925158
0.01071899
0.00915007
0.00926303
0.01007247
0.00855333
0.01273727
0.01158822
0.00909729
0.01042208
0.01141931
0.00912664
0.00971815
0.00972022
0.00974146
0.00847784
0.00893074
0.00958208
0.01138893
0.00979239
0.00868981
0.00870681
0.01051988
0.01023459
0.00894498
0.00939819
0.00988531
0.01162320
0.01000146
0.00986452
0.00934072
0.00967068
0.00888913
0.00923709
0.01076970
0.00885615
0.01017268
0.00965461
0.01182021
0.00944837
0.01084569
0.00916179
0.00874017
0.00953165
0.01078526
0.00887247
0.00958155
0.01010724
0.00914859
0.01003507
0.00927241
0.01079471
0.01007191
0.00835054
0.01247612
0.00866119
0.01238290
0.00940467
0.00862212
0.00959490
0.00972929
0.00976288
0.00954511
0.00866809
0.00885453
0.00888786
0.00978547
0.00857083
0.00968709
0.01075306
0.01001200
0.00881574
0.00950370
0.00904481
0.00936339
0.00881307
0.01085957
0.00967608
0.00910982
0.00925497
0.00891326
0.00999463
0.00935166
0.00917697
0.00904446
0.00985507
0.00940958
0.00979020
0.00988919
0.01002037
0.00935354
0.01128476
0.01066059
0.00992743
0.01105713
0.00936493
0.00979635
0.00969772
0.01069557
0.00998090
0.00952176
0.01000275
0.00971028
0.00890921
0.01013480
0.01229851
0.01120726
0.00941992
0.00938906
0.01168615
0.01015201
0.01080950
0.00855048
0.00875675
0.00887426
0.01297550
0.00921628
0.01132031
0.00945172
0.00889302
0.00916839
0.00871483
0.01042186
0.00892265
0.00996906
0.01017313
0.00916554
0.01036531
0.00948060
0.01244458
0.00962930
0.00937722
0.00909366
0.00911285
0.00927065
0.00838021
0.00895962
0.00863494
0.00977079
0.00892175
0.01187402
0.00939306
0.00918427
0.00926635
0.00941774
0.00963941
0.00989693
0.00976100
0.00936795
0.00948681
0.00903394
0.01003535
0.00977607
0.01059229
0.00924878
0.00916863
0.00912479
0.01033337
0.01016989
0.00811229
0.00968981
0.00850515
0.00922337
0.00876524
0.00999777
0.00925486
0.00925176
0.00979174
0.01139889
0.01098805
0.00978989
0.00914858
0.00951693
0.00999455
0.00882410
0.01006749
0.00982770
0.00977520
0.00915527
0.00950318
0.00958662
0.01142323
0.00933828
0.00967619
0.01060529
0.00882769
0.00897210
0.01182658
0.00926191
0.00936413
0.01058351
0.01037182
0.00988487
0.00890790
0.01076442
0.00918540
0.00852885
0.01007997
0.00957233
0.00975491
0.00876104
0.00902145
0.00870440
0.00914015
0.00887700
0.00985078
0.00959107
0.00909419
0.00933512
0.01071609
0.00922951
0.00884848
0.01083581
0.00975197
0.01091399
0.00913739
0.01037987
0.00941072
0.01001146
0.00925903
0.01026127
0.01225197
0.01107590
0.01169420
0.00998400
0.00907340
0.01059375
0.01193310
0.00900235
0.01017328
0.00889640
0.00966556
0.00889743
0.01018384
0.00972120
0.00960169
0.00847890
0.00934405
0.00977902
0.00878670
0.01064348
0.00956635
0.00933009
0.00922722
0.00965520
0.00904552
0.01025199
0.00960201
0.01053814
0.01014508
0.01087121
0.01003654
0.00968041
0.00920156
0.00964026
0.00945844
0.01096667
0.01090802
0.01144359
0.00907807
0.00864257
0.00920658
0.01099673
0.00924722
0.00896651
0.00964748
0.00880916
0.00983420
0.00976078
0.00895672
0.01099067
0.00839168
0.00974833
0.00979647
0.00886930
0.00875246
0.00880202
0.00960034
0.01150768
0.00900335
0.00936926
0.00948728
0.00946799
0.00943072
0.01198062
0.00959022
0.00897733
0.01019940
0.01101299
0.00933254
0.00977645
0.01132418
0.00956296
0.00975691
0.00954165
0.00828170
0.00967467
0.00957152
0.01149330
0.00894559
0.00955798
0.00891376
0.00968228
0.00938534
0.00989590
0.00950745
0.01046848
0.00932030
0.00956378
0.00935406
0.00938878
0.00944654
0.00877584
0.00942892
0.01031257
0.00968593
0.00945075
0.00958470
0.01019316
0.00893867
0.00864440
0.00932226
0.00988301
0.01181312
0.00863064
0.00985451
0.00968765
0.00923506
0.00953082
0.01025276
0.01010459
0.00883883
0.00950126
0.01061361
0.00881984
0.00936014
0.01030309
0.00874520
0.00918212
0.00967143
0.00852238
0.01017579
0.00950293
0.00925302
0.01146916
0.00912278
0.00988560
0.00937593