0.01276964
0.01231057
0.01135825
0.01181745
0.01301917
0.01287239
0.01614382
0.01077323
0.01158452
0.01197260
0.01247225
0.01422563
0.01195621
0.01273072
0.01104898
0.01136886
0.01218432
0.01284768
0.01235186
0.01330739
0.01269700
0.01516029
0.01040651
0.01203888
0.01221705
0.01302460
0.01221781
0.01459888
0.01123086
0.01183424
0.01050985
0.01337053
0.01065466
0.01103120
0.01128282
0.01300394
0.01113363
0.01269463
0.01301698
0.01243227
0.01414473
0.01104052
0.01425571
0.01273323
0.01241355
0.01588170
0.01316960
0.01144482
0.01423696
0.01340464
0.01257961
0.01414565
0.01149916
0.01152579
0.01320086
0.01127739
0.01235012
0.01427971
0.01165922
0.01090841
0.01254449
0.01479972
0.01239478
0.01247648
0.01439431
0.01136636
0.01059582
0.01145774
0.01222392
0.01078982
0.01047709
0.01182494
0.01133062
0.01398398
0.01944300
0.01127853
0.01413324
0.01231408
0.01235144
0.01459734
0.01107047
0.01146938
0.01161671
0.01322979
0.01135194
0.01171507
0.01354243
0.01174576
0.01282049
0.01171581
0.01406482
0.01801639
0.01166610
0.01180904
0.01393178
0.01190460
0.01393597
0.01306137
0.01140668
0.01243583
0.01209585
0.01261638
0.01415170
0.01216835
0.01119533
0.01074294
0.01137882
0.01198724
0.01171096
0.01265255
0.01044402
0.01031437
0.01346421
0.01194752
0.01310781
0.01816609
0.01407150
0.01590768
0.01161358
0.01122619
0.01362550
0.01303972
0.01123863
0.01216191
0.01086773
0.01369682
0.01313567
0.01109853
0.01338187
0.01280656
0.01129182
0.01391559
0.01145243
0.01523009
0.01165218
0.01140669
0.01109783
0.01295879
0.01319602
0.01247454
0.01358706
0.01120308
0.01402315
0.01167940
0.01192006
0.01200880
0.01116103
0.01239400
0.01169835
0.01614291
0.01247325
0.01174289
0.01598212
0.01077564
0.01514491
0.01113283
0.01187617
0.01275253
0.01347850
0.01201958
0.01231011
0.01225087
0.01303051
0.01112966
0.01079083
0.01112446
0.01310467
0.01022546
0.01308356
0.01394608
0.01191710
0.01360569
0.01156841
0.01125542
0.01183847
0.01280677
0.01248588
0.01223309
0.01233783
0.01348823
0.01175729
0.01182658
0.01232662
0.01200710
0.01181006
0.01513322
0.01355709
0.01151569
0.01425364
0.01324168
0.01243430
0.01293772
0.01395445
0.01377938
0.01273878
0.01354823
0.01122827
0.01190392
0.01214547
0.01066141
0.01384127
0.01425549
0.01439979
0.01285180
0.01273665
0.01228169
0.01596341
0.01435245
0.01520505
0.01030875
0.01435276
0.01260779
0.01075957
0.01497276
0.01541425
0.01269783
0.01125755
0.01193322
0.01255630
0.01162092
0.01180477
0.01153472
0.01148005
0.01279166
0.01266595
0.01126613
0.01249835
0.01161550
0.01364553
0.01288722
0.01124432
0.01316670
0.01189058
0.01170801
0.01185742
0.01269021
0.01163273
0.01205804
0.01684092
0.01346463
0.01280736
0.01399642
0.01257405
0.01351033
0.01145662
0.01277823
0.01159235
0.01108107
0.01192069
0.01229335
0.01360003
0.01405994
0.01234565
0.01408523
0.01432453
0.01329352
0.01256964
0.01193302
0.01112003
0.01314935
0.01343173
0.01296000
0.01145360
0.01756188
0.01380582
0.01295594
0.01249002
0.01303226
0.01143579
0.01187166
0.01347234
0.01123425
0.01297748
0.01059085
0.01299039
0.01174524
0.01179205
0.01383184
0.01270895
0.01084482
0.01438326
0.01324964
0.01107974
0.01369779
0.01641853
0.01279867
0.01229697
0.01393837
0.01245053
0.01100722
0.01386023
0.01337338
0.01300112
0.01217445
0.01386072
0.01035425
0.01053641
0.01117634
0.01230365
0.01126019
0.01359683
0.01543983
0.01129464
0.01243587
0.01208873
0.01105773
0.01097200
0.01238935
0.01188740
0.01436872
0.01435201
0.01172630
0.01507417
0.01152355
0.01122281
0.01138933
0.01153114
0.01163967
0.01380793
0.01106064
0.01245944
0.01089938
0.01365167
0.01274644
0.01240983
0.01114754
0.01216218
0.01776663
0.01254683
0.01247997
0.01253972
0.01107213
0.01171118
0.01317802
0.01090241
0.01128862
0.01232184
0.01263906
0.01276078
0.01216192
0.01206878
0.01292802
0.01121363
0.01272771
0.01533158
0.01595445
0.01220975
0.01197264
0.01095883
0.01249595
0.01611005
0.01095780
0.01308646
0.01385676
0.01201916
0.01213792
0.01524495
0.01413861
0.01287110
0.01125172
0.01287137
0.01200104
0.01226733
0.01353922
0.01142813
0.01128636
0.01226349
0.01338603
0.01159542
0.01228794
0.01342846
0.01266577
0.01323322
0.01184237
0.01413488
0.01250722
0.01210737
0.01413329
0.01089745
0.01127199
0.01140953
0.01144275
0.01158301
0.01365857
0.01335060
0.01281296
0.01171986
0.01389321
0.01334594
0.01493586
0.01420050
0.01300886
0.01134005
0.01375676
0.00994333
0.01190037
0.01192141
0.01184152
0.01263494
0.01275886
0.01139444
0.01217594
0.01303683
0.01328912
0.01078970
0.01053934
0.01276581
0.01039121
0.01228717
0.01383439
0.01279725
0.01202701
0.01176894
0.01462677
0.01225767
0.01272289
0.01263141
0.01136044
0.01164361
0.01434281
0.01250314
0.01173125
0.01349245
0.01452118
0.01071466
0.01432620
0.01463421
0.01260527
0.01297310
0.01151219
0.01473120
0.01122322
0.01238238
0.01395786
0.01306008
0.01382140
0.01302943
0.01247095
0.01528980
0.01264333
0.01193048
0.01127532
0.01183633
0.01226637
0.01437153
0.01243044
0.01653666
0.01084690
0.01101050
0.01127234
0.01326221
0.01244193
0.01117164
0.01280360
0.01149840
0.01201748
0.01077574
0.01304873
0.01412000
0.01326533
0.01207993
0.01345830
0.01194321
0.01073579
0.01283495
0.01301989
0.01660228
0.01392347
0.01043995
0.01127279
0.01193794
0.01478560
0.01138909
0.01404964
0.01139179
0.01267929
0.01182437
0.01490560
0.01139959
0.01475732
0.01408571
0.01079102
0.01259628
0.01305280
0.01298547
0.01259348
0.01346764
0.01256723
0.01524071
0.01025002
0.01247560
0.01108942
0.01131736
0.01255050
0.01449121
0.01166772
0.01171446
0.01216936
0.01190351
0.01457946