0.00900494
0.00833126
0.00980056
0.00838507
0.00988144
0.00814981
0.01000061
0.00829619
0.00904940
0.00864801
0.00980946
0.00853732
0.00999951
0.01010725
0.00834065
0.00839159
0.00981922
0.00859715
0.00854556
0.00872018
0.00858171
0.00837954
0.00879803
0.00886668
0.00843569
0.00798317
0.00984976
0.01035509
0.00925529
0.00778624
0.00842566
0.00809601
0.00892350
0.00847730
0.00922320
0.00910893
0.00905313
0.01027176
0.00900058
0.00953591
0.00810595
0.00949583
0.00848999
0.00880442
0.00906678
0.00850340
0.00924678
0.00859412
0.01030902
0.00891251
0.00885936
0.00833107
0.00995938
0.00856772
0.00799457
0.00856627
0.00938285
0.00895408
0.00888157
0.01010787
0.00960351
0.01004996
0.00805085
0.00835976
0.00948475
0.00901129
0.00791726
0.00825750
0.00821726
0.00903826
0.00928192
0.00902638
0.00843361
0.01088010
0.00848730
0.00983067
0.01025305
0.00813868
0.00896747
0.00915894
0.00953218
0.00847848
0.00875359
0.00832300
0.00872879
0.00929086
0.00809445
0.00806084
0.00921130
0.00891258
0.00889051
0.00858208
0.00976894
0.00847921
0.00954790
0.00840184
0.00801919
0.00868230
0.00870591
0.00908451
0.00859896
0.00869457
0.00869754
0.00783367
0.00911301
0.00821998
0.00892165
0.00834168
0.00893014
0.00973418
0.00792305
0.00858232
0.00920283
0.00790985
0.00773379
0.00984380
0.00886316
0.00957250
0.00906000
0.00892672
0.00945479
0.00821719
0.00777032
0.00849064
0.00848562
0.00858272
0.00989479
0.00868969
0.00943890
0.00876009
0.00863727
0.00848541
0.00962922
0.00794481
0.00892229
0.00849981
0.00875532
0.00877059
0.00897590
0.00972400
0.00955833
0.00853052
0.00823633
0.00834884
0.00804682
0.00876414
0.00903685
0.00866283
0.00857444
0.00867953
0.00922501
0.00926399
0.00808968
0.00852800
0.00918257
0.00956152
0.00813330
0.00873672
0.00981260
0.00909918
0.00883366
0.00877305
0.01063841
0.00940383
0.00894928
0.00847979
0.00853397
0.00852512
0.00929337
0.00768105
0.00812940
0.00889008
0.00801355
0.00809043
0.00781162
0.00985780
0.00787139
0.00879167
0.00826160
0.00816524
0.00878322
0.00958513
0.00839873
0.00861264
0.00863974
0.00822009
0.00860033
0.00893282
0.00922125
0.00984662
0.00860115
0.00796505
0.01041864
0.00822459
0.00824488
0.00804290
0.01037382
0.00987649
0.00821698
0.00789084
0.00909219
0.00889360
0.00928526
0.01030492
0.00898829
0.00933616
0.01154619
0.01076128
0.01021660
0.00865905
0.00948752
0.00833680
0.00861889
0.01120620
0.00899567
0.00821407
0.00767082
0.00837447
0.00794347
0.00804676
0.00846082
0.00887129
0.00849085
0.00930163
0.00931360
0.00859641
0.00814929
0.00912526
0.00817713
0.00916277
0.00885496
0.01145931
0.00864550
0.00852927
0.00984912
0.00833966
0.00936440
0.00884342
0.00801647
0.00937987
0.01016608
0.00821862
0.00894386
0.00783975
0.00933150
0.00839950
0.00971380
0.00912688
0.00875312
0.00838043
0.00845339
0.00914767
0.00869110
0.00940682
0.01024999
0.00865547
0.01062811
0.00910363
0.00968251
0.00990578
0.00816459
0.00798641
0.00939743
0.00874629
0.00807401
0.00909800
0.00824627
0.00854205
0.00829464
0.00867749
0.00989592
0.00788571
0.00866143
0.00857713
0.00789107
0.00935617
0.00808534
0.00880728
0.00864857
0.00943998
0.01238690
0.00876903
0.00908752
0.00805663
0.00820174
0.00913461
0.00813401
0.00823266
0.00870235
0.00949251
0.01017218
0.00941094
0.00857895
0.00884296
0.00941078
0.00844589
0.00838312
0.00860114
0.00881512
0.00815379
0.00938941
0.00904571
0.00910694
0.00847731
0.00926166
0.00802646
0.00916120
0.01039461
0.00854216
0.00810119
0.00938040
0.00777157
0.00841252
0.00844127
0.00897766
0.00826777
0.00826859
0.00933251
0.00796664
0.00892983
0.00984331
0.00903790
0.00861580
0.00843964
0.00877798
0.00828752
0.01112969
0.00962511
0.00778156
0.00820380
0.00822084
0.00919247
0.00789671
0.00802557
0.00865126
0.00816492
0.00829254
0.01036331
0.00903081
0.00884695
0.00835721
0.00807555
0.00825278
0.00806857
0.00859350
0.00925274
0.00838860
0.00811755
0.00887247
0.01011557
0.00781866
0.00840076
0.00923507
0.00868221
0.00846281
0.00867021
0.00832251
0.00995620
0.00801732
0.00954474
0.00806298
0.00780798
0.00862718
0.00832337
0.00843145
0.00802862
0.00965032
0.00976124
0.01017820
0.00915130
0.00853824
0.00842642
0.00846841
0.00839017
0.00787751
0.00841940
0.00859570
0.00804547
0.00884826
0.00946521
0.00815547
0.00864441
0.00834409
0.00877399
0.00941302
0.00757478
0.00914740
0.00881536
0.00790986
0.00781838
0.00816908
0.00863523
0.00897545
0.00782590
0.00929629
0.00975234
0.00931073
0.00818333
0.00874742
0.00834586
0.00890044
0.01007911
0.00984309
0.00830537
0.00862484
0.00861480
0.00899814
0.00943849
0.00879266
0.00939841
0.00905325
0.00890833
0.00860026
0.00898042
0.00786489
0.00828520
0.00797200
0.00785142
0.00830429
0.00939453
0.00809437
0.00869962
0.00998725
0.00880653
0.00918105
0.00816978
0.00800012
0.00798114
0.00824939
0.00878176
0.00824819
0.00882604
0.00830405
0.00886157
0.00979235
0.00919682
0.01229978
0.00865338
0.00858317
0.00989126
0.00941826
0.00847436
0.00815983
0.00873249
0.00864105
0.00878146
0.00806511
0.00876310
0.00949396
0.00877094
0.00961972
0.00831290
0.00780268
0.00837924
0.00921752
0.00809676
0.00859120
0.00823598
0.00915880
0.00835405
0.00916340
0.00799624
0.00867794
0.00887836
0.00988115
0.00824303
0.00794084
0.00811493
0.00962043
0.00957821
0.00993911
0.00888625
0.00919339
0.00876896
0.00826345
0.00837848
0.00846818
0.00783225
0.00899668
0.00852501
0.00917608
0.00881576
0.00960126
0.00927957
0.00862627
0.01023670
0.01005932
0.00862811
0.00947207
0.00938025
0.00856993
0.00895225
0.00918866
0.00895134
0.00878479
0.00901949
0.00917130
0.00891453
0.00907257
0.00824803