0.03512187
0.03701712
0.03767637
0.03669681
0.04110505
0.03640463
0.04049377
0.04041933
0.03642358
0.03706515
0.03636207
0.03656554
0.03933900
0.04031873
0.03758044
0.04275630
0.03844499
0.04799319
0.03868047
0.04127269
0.04062769
0.03664804
0.03880111
0.03907166
0.03653448
0.03717679
0.03718113
0.03917499
0.04014394
0.03932647
0.04300383
0.04464278
0.03662674
0.04052177
0.03923301
0.04241081
0.03534368
0.03818525
0.03709658
0.03546524
0.03896518
0.03651017
0.03835942
0.03594155
0.04007947
0.03884040
0.03816616
0.03702111
0.04091070
0.03688760
0.03752823
0.03636502
0.03907172
0.03682411
0.03791410
0.04125053
0.03703596
0.03882229
0.04033714
0.03702297
0.03802213
0.03864710
0.03611066
0.03691590
0.03712617
0.03653751
0.03657627
0.03775798
0.03825247
0.03849246
0.03652472
0.04011083
0.03778017
0.03953692
0.03888085
0.03861099
0.03948720
0.03637644
0.03849783
0.03667645
0.03657373
0.03871590
0.03775338
0.03981986
0.03758493
0.04109044
0.03993971
0.03551552
0.03959402
0.03870884
0.03610280
0.03614959
0.03629195
0.03690897
0.04073954
0.03855529
0.03811042
0.03602594
0.03939249
0.04155961
0.04062012
0.03809364
0.03881939
0.03652084
0.03684427
0.03545783
0.03744348
0.04071606
0.03611883
0.03707676
0.03705465
0.03918562
0.03838377
0.03806143
0.03766015
0.04129959
0.03774277
0.03886758
0.04467853
0.03832359
0.03545279
0.04009665
0.03823356
0.04234764
0.04130328
0.03524519
0.03711088
0.04092487
0.04391398
0.03762093
0.03901543
0.04060829
0.04059886
0.03606409
0.03810560
0.03585708
0.04009378
0.03664098
0.03701694
0.03998810
0.03956993
0.03955532
0.04067462
0.03640923
0.03566547
0.04096625
0.03607182
0.04019415
0.04040725
0.03762523
0.04091165
0.04140739
0.03838515
0.03939851
0.03957544
0.04152006
0.03976859
0.03943498
0.03783688
0.03696489
0.03786213
0.03548182
0.03696389
0.04405871
0.03839572
0.04120940
0.03823165
0.03953755
0.03757591
0.03677681
0.04280736
0.03980151
0.03950735
0.04208212
0.03693574
0.03825561
0.03764761
0.03514584
0.04263429
0.04066119
0.03722203
0.03964194
0.03885496
0.03835165
0.04045272
0.03984572
0.03949100
0.03655174
0.03891509
0.03754654
0.03676876
0.04131580
0.03793944
0.03941076
0.03499752
0.03743184
0.03692925
0.04077433
0.03837744
0.03832676
0.03606067
0.03952548
0.03930091
0.03784424
0.04053912
0.03897239
0.04423667
0.03655166
0.03558697
0.03934627
0.03700489
0.03737364
0.04336584
0.03762021
0.03763761
0.03955972
0.04021226
0.04115027
0.03651835
0.04022484
0.03685372
0.03756040
0.03814786
0.03729775
0.04399309
0.03967813
0.03676031
0.03801763
0.03765595
0.03524860
0.04153366
0.03856343
0.03947320
0.03894681
0.03877651
0.03909386
0.04150605
0.03666916
0.03773631
0.03844205
0.03761357
0.03605112
0.03789018
0.04004858
0.03745499
0.03608190
0.03954242
0.04134429
0.03960531
0.03891477
0.04095893
0.03984201
0.03985688
0.04211207
0.03970365
0.03732934
0.03694265
0.04018508
0.04573384
0.03655382
0.03994804
0.03618933
0.03516353
0.03852832
0.04411884
0.03805303
0.03717420
0.03365895
0.03924096
0.03568922
0.04153370
0.03807605
0.04205316
0.03580010
0.03612421
0.03833982
0.03868056
0.03622812
0.03976093
0.03666988
0.03565757
0.04219711
0.03771395
0.03950933
0.03692148
0.03584729
0.03491877
0.03864281
0.04264413
0.03607929
0.03833809
0.03906780
0.03621632
0.03725576
0.03583468
0.03864766
0.03729385
0.03573877
0.03787902
0.03662019
0.04041875
0.04047145
0.03917099
0.03972609
0.03557566
0.03790519
0.04207517
0.03858609
0.03689486
0.03923191
0.03978083
0.03737547
0.03620649
0.03888228
0.03669127
0.04132690
0.03761743
0.03936067
0.03950395
0.03667584
0.03777988
0.03580287
0.03910802
0.04766552
0.03694376
0.03592294
0.03662623
0.04277308
0.03725865
0.03577463
0.03540761
0.03782510
0.03790597
0.03639750
0.03934900
0.03779112
0.03691226
0.03860372
0.03829286
0.03684124
0.03619892
0.03960197
0.03842009
0.04116015
0.04237832
0.03703265
0.04089261
0.04074366
0.03724208
0.03895224
0.03841658
0.03762058
0.03572155
0.04027018
0.03649890
0.03551171
0.03684218
0.03648819
0.03772683
0.03757475
0.03702750
0.03773405
0.03858092
0.03797405
0.03463871
0.03859059
0.04333886
0.03982394
0.03689373
0.03559184
0.03750457
0.03968018
0.03947466
0.04334079
0.04022169
0.03855531
0.03659667
0.03621087
0.03860438
0.03654309
0.03702292
0.04208594
0.03695416
0.03967813
0.03740228
0.03849052
0.03965172
0.03645253
0.03657869
0.03912670
0.04081526
0.03712237
0.03636132
0.04124045
0.05009727
0.03881664
0.03778044
0.03775622
0.03899013
0.03630359
0.03898060
0.03927202
0.03876962
0.03627579
0.03775338
0.03824868
0.03775214
0.03676225
0.03883669
0.03731347
0.03735768
0.03737891
0.03768140
0.03792752
0.04262591
0.03466352
0.03686548
0.04160938
0.03685413
0.04061842
0.05260430
0.03665586
0.04041446
0.04126803
0.03634966
0.03958885
0.03586560
0.03881432
0.03943151
0.04492781
0.03744565
0.03924957
0.03755685
0.04531591
0.03545359
0.03898680
0.03585237
0.03866601
0.03821055
0.03881247
0.03658039
0.03947888
0.03822133
0.03874443
0.03544667
0.03814740
0.03659016
0.04302907
0.03909115
0.04499656
0.04214935
0.03658335
0.03916593
0.03550633
0.05177563
0.04118145
0.03702337
0.04432760
0.03949002
0.03557537
0.03681379
0.03639642
0.03736922
0.03662092
0.03789405
0.03879283
0.03933611
0.04162536
0.03584778
0.03836360
0.03684244
0.04037488
0.03952406
0.03753330
0.03693351
0.03586855
0.04180735
0.03792519
0.04087194
0.03936238
0.03672540
0.03699925
0.04166587
0.03753823
0.03772864
0.04140733
0.04819329
0.04085253
0.03953891
0.04046693
0.03700055
0.04264319
0.03779531
0.03918554
0.03572482
0.03621618
0.03756982
0.03497982
0.03885076
0.03807609