0.00862093
0.00774757
0.00902612
0.00861067
0.00752465
0.00848715
0.00748276
0.00857395
0.00855178
0.00792093
0.00822039
0.00856164
0.00743918
0.00837963
0.00709491
0.00752850
0.00763414
0.00722129
0.00767580
0.00755971
0.00648626
0.00816525
0.00780009
0.00844271
0.00811394
0.00791696
0.00713592
0.00787624
0.00739336
0.00770599
0.00850022
0.00801947
0.00776343
0.00997038
0.00826697
0.00874119
0.00775613
0.00735834
0.00925556
0.00757777
0.00782661
0.00781045
0.00813274
0.00857120
0.00879597
0.00921661
0.00725600
0.00662031
0.00792058
0.00742708
0.00893076
0.00755907
0.00833882
0.00853707
0.00862617
0.00840231
0.00834141
0.00744536
0.00866291
0.00784690
0.00748174
0.00715268
0.00711035
0.00718086
0.00717116
0.00947601
0.00926767
0.00657753
0.00852725
0.00870072
0.00850811
0.00819852
0.00928546
0.00957684
0.00763608
0.00866538
0.00755634
0.00821481
0.00864720
0.00784185
0.00726898
0.00728071
0.00767588
0.00747372
0.00869697
0.00882332
0.00863479
0.00721044
0.00796983
0.00954868
0.00828753
0.00792491
0.00776696
0.00725630
0.00820497
0.00736908
0.00799495
0.00842511
0.00875029
0.01066618
0.00773717
0.00717363
0.00980615
0.00755610
0.00951048
0.00880295
0.00745926
0.00832634
0.00755767
0.00854012
0.00749379
0.00774568
0.00727720
0.00706162
0.00787043
0.00759533
0.00775716
0.00819238
0.00753155
0.00789413
0.00750622
0.00838526
0.00769063
0.00833083
0.00738207
0.00864657
0.00698478
0.00787391
0.00694302
0.00749247
0.00883556
0.00790766
0.00986816
0.00728550
0.00808720
0.00761546
0.00786014
0.00858057
0.00790133
0.00707107
0.00825905
0.00875133
0.00829917
0.00692141
0.00850978
0.00771657
0.00825329
0.00944528
0.00762913
0.00874201
0.00809843
0.00780111
0.00708809
0.00758800
0.00879774
0.00770945
0.00745276
0.00795846
0.00699959
0.00836139
0.00834730
0.00776713
0.00778087
0.00827997
0.00790686
0.00786382
0.00821840
0.01031967
0.00714526
0.00700630
0.00821898
0.00827591
0.00877225
0.00829656
0.00893265
0.00874516
0.00907778
0.00887960
0.00890429
0.00918524
0.00933692
0.00757615
0.00777681
0.00818467
0.00768949
0.00819451
0.00883686
0.00849934
0.00797665
0.00732040
0.00813640
0.00794924
0.00799246
0.00875414
0.00736297
0.00740756
0.00807120
0.00802970
0.00772086
0.00877320
0.00867170
0.00762679
0.00706156
0.00755046
0.00866258
0.00785357
0.00756493
0.00790600
0.00940840
0.00805117
0.00872316
0.00788243
0.00853801
0.00747339
0.00733908
0.00863220
0.00769181
0.00825584
0.00889830
0.00806335
0.00940819
0.00744536
0.00829819
0.00781046
0.00795584
0.01024112
0.00944928
0.00772608
0.00808319
0.00887207
0.00767531
0.00842315
0.00961997
0.00710875
0.00790906
0.00879539
0.00858657
0.00857822
0.00853785
0.00934382
0.00883594
0.00930878
0.00846516
0.00724604
0.00762771
0.00812379
0.00992211
0.00769081
0.00932208
0.00725868
0.00724734
0.00758935
0.00731222
0.00733207
0.00861580
0.01004257
0.00806820
0.00756141
0.00819525
0.00881238
0.00695105
0.00786689
0.00911299
0.00782181
0.00850604
0.00771569
0.00768057
0.00792713
0.00771437
0.00798458
0.00797111
0.00891875
0.00736752
0.00812928
0.00839834
0.00960061
0.00831344
0.00809263
0.00810068
0.00877192
0.00832034
0.00828144
0.00702242
0.00922396
0.00822166
0.00812990
0.00890925
0.00845825
0.00798990
0.00865080
0.00806870
0.00870196
0.00795842
0.00656820
0.00711438
0.00870177
0.00873440
0.00913567
0.00860240
0.00823996
0.00718706
0.00803150
0.00885344
0.00782951
0.00829383
0.00873691
0.00859245
0.00829098
0.00799615
0.00807038
0.00795493
0.00711366
0.00775820
0.00690129
0.00832376
0.00846026
0.00778947
0.00733531
0.00807806
0.00850451
0.00718544
0.00870130
0.00748467
0.00821070
0.01015163
0.00854751
0.00781630
0.00805157
0.00852629
0.00792964
0.00796269
0.00862068
0.00739042
0.00875121
0.00983847
0.00711871
0.00762450
0.00777430
0.00681367
0.00863310
0.00881747
0.00847533
0.00972967
0.00735444
0.00743389
0.00883018
0.00792199
0.00836750
0.00827286
0.00869448
0.00849996
0.00746654
0.00756769
0.00850588
0.00841508
0.00825027
0.00915491
0.00923806
0.00873252
0.00766561
0.00841098
0.00800896
0.00898910
0.00799194
0.01001132
0.00772886
0.00811297
0.00704267
0.00790157
0.01041194
0.00918478
0.00744485
0.00936678
0.00885803
0.00771149
0.00841763
0.00828133
0.00702962
0.00866580
0.00722813
0.00690285
0.00861744
0.00855210
0.00819889
0.00851222
0.00740123
0.00776774
0.00865380
0.00848718
0.00902083
0.00896588
0.00810378
0.00753331
0.00775638
0.00811415
0.00858421
0.00715637
0.00817087
0.00838886
0.00820079
0.00870014
0.00723172
0.00808923
0.00794074
0.00855721
0.00774766
0.00849021
0.00757458
0.00857100
0.00803573
0.00849320
0.00796498
0.00765301
0.01001267
0.00799501
0.00732049
0.00771674
0.00828216
0.00844452
0.00742565
0.00769947
0.00819949
0.00988442
0.00870541
0.00752555
0.00993522
0.00735720
0.00909140
0.00775194
0.00824973
0.00775108
0.00946832
0.00765255
0.00771856
0.00902676
0.00923992
0.00776296
0.00755264
0.00706468
0.00731969
0.00779564
0.00899060
0.00719137
0.00749719
0.00839264
0.00858871
0.00823193
0.00745055
0.00783689
0.00758261
0.00844271
0.00772971
0.00810173
0.00886363
0.00713092
0.00926601
0.00803596
0.00998116
0.00924590
0.00745049
0.00894436
0.00817866
0.00938342
0.00848559
0.00774206
0.00708905
0.00823481
0.00958895
0.00787940
0.00870261
0.00765720
0.00715191
0.00784079
0.00706260
0.00796878
0.00733061
0.00822054
0.00789518
0.00801884
0.00933326
0.00751992
0.00762428
0.00763272
0.00835903
0.00754616
0.00734307
0.00695162
0.00730176
0.00751402
0.00804534
0.00887916
0.00854305
0.00766186
0.00736453
0.00769134
0.00807185
0.00788546
0.00897525
0.00897106
0.00840697