0.02298451
0.02086623
0.02027664
0.02203783
0.02349293
0.02019345
0.01983933
0.02030817
0.02095579
0.02367737
0.02176920
0.02381301
0.02128535
0.02127091
0.02023221
0.02239967
0.02133400
0.02218090
0.02161908
0.02241767
0.01998628
0.01957612
0.02020967
0.02079777
0.01997572
0.02053056
0.02181033
0.02685831
0.02071637
0.02149312
0.02004816
0.02203773
0.02283757
0.02230720
0.01994591
0.02014972
0.02472964
0.02379721
0.02119882
0.02402993
0.02479941
0.02377738
0.02273548
0.02180701
0.02140179
0.02095184
0.02333082
0.02101180
0.02114960
0.02043460
0.02198564
0.01949121
0.02248296
0.02103687
0.02176335
0.02040307
0.02261298
0.02078466
0.02127246
0.02117173
0.02156647
0.02094224
0.02638027
0.02215561
0.02080002
0.02019377
0.02241922
0.02407449
0.02155528
0.02170129
0.02118937
0.02058382
0.02203829
0.02053688
0.02071676
0.02181079
0.02000566
0.02118180
0.02014022
0.02150404
0.02113417
0.02061093
0.02454778
0.02132289
0.02223811
0.02050406
0.02569784
0.02118485
0.02061218
0.02177758
0.02035680
0.02177010
0.02228793
0.02274851
0.02065494
0.02226960
0.02415313
0.02182822
0.02116556
0.02330433
0.02228885
0.02204880
0.02099476
0.02174071
0.02201615
0.02371832
0.02168165
0.02126139
0.02116780
0.02064038
0.02063736
0.02096241
0.02159151
0.02043130
0.02352114
0.02414482
0.02198184
0.02060603
0.02083981
0.02251453
0.02294850
0.02121798
0.02204399
0.02341354
0.02168444
0.02101701
0.02201905
0.02246777
0.02125286
0.02173403
0.02186616
0.02156221
0.02074433
0.02182569
0.02129111
0.02106803
0.01962773
0.02045234
0.02447800
0.02213410
0.02199880
0.02149648
0.02059823
0.02264533
0.02102168
0.02328118
0.02019678
0.02285861
0.02139838
0.02185920
0.02054811
0.02100192
0.02259427
0.02070765
0.02057584
0.02267190
0.02109085
0.02233011
0.02100192
0.02077419
0.02109982
0.01981692
0.02139989
0.02100353
0.02306783
0.01983732
0.02253134
0.02072946
0.02109566
0.02168135
0.02209991
0.02233095
0.02082546
0.02115279
0.02093583
0.02078783
0.02117464
0.02296853
0.02224260
0.02115808
0.02103876
0.02056712
0.02044576
0.02149800
0.02121043
0.02967349
0.02417199
0.01979972
0.02183754
0.02034429
0.02170900
0.02179511
0.02255400
0.02008564
0.02369712
0.02066650
0.02172981
0.02042211
0.02134708
0.02226296
0.02042712
0.02102922
0.02272982
0.02293282
0.02247513
0.02058869
0.02254691
0.02504885
0.02257988
0.02325433
0.02273088
0.02096358
0.02159039
0.02120131
0.02068721
0.02014729
0.02133190
0.02115790
0.02030440
0.02200286
0.02223232
0.02289620
0.02047202
0.02081784
0.02094583
0.02128215
0.02390180
0.02406916
0.02130879
0.02181379
0.01948995
0.02086218
0.02258854
0.02338656
0.02154109
0.01992051
0.02017606
0.02118130
0.02113606
0.02182554
0.02224599
0.02329214
0.02075595
0.02238371
0.02062983
0.02276383
0.02083633
0.01980423
0.02261011
0.02026533
0.02251331
0.02164401
0.02315705
0.02432464
0.02016550
0.02104901
0.02197986
0.02214040
0.02234915
0.02377412
0.02303325
0.02385030
0.02070041
0.02257984
0.01934353
0.02253899
0.02138904
0.02220854
0.02114924
0.01952213
0.02053002
0.01988194
0.02171639
0.02137358
0.02093820
0.02266013
0.02332080
0.02085781
0.02107541
0.02222750
0.02229898
0.02302555
0.02275192
0.02357211
0.02483763
0.02135286
0.02201963
0.02492368
0.02107858
0.02369803
0.02150668
0.02159170
0.02105759
0.02299469
0.02125284
0.02028932
0.02058098
0.02251500
0.02066203
0.02139614
0.02248168
0.02252777
0.02153918
0.02444196
0.02241704
0.02098712
0.02236004
0.02185192
0.02164908
0.02247670
0.02261882
0.02032459
0.02277302
0.02062364
0.02234375
0.02122454
0.02238209
0.02154125
0.02444504
0.02367082
0.02162889
0.02060606
0.02109475
0.02082360
0.02683092
0.02079267
0.02210724
0.02175112
0.02090298
0.02237701
0.02363598
0.02274934
0.02177915
0.02231516
0.02260154
0.02586131
0.02164979
0.02168183
0.02212215
0.02397874
0.02198498
0.02051770
0.02126601
0.02218248
0.02219644
0.02246447
0.02134381
0.02068611
0.02220419
0.02087375
0.02037015
0.02317674
0.01946792
0.02133603
0.02158555
0.02190470
0.02112526
0.02309308
0.02137974
0.02428605
0.02257899
0.02181076
0.02200866
0.02020914
0.02167567
0.02025262
0.02345273
0.02515333
0.02060363
0.02265328
0.02119491
0.02502879
0.02215289
0.02029340
0.01997420
0.02155992
0.02290446
0.02180436
0.02278330
0.02257582
0.02419748
0.02178048
0.02752214
0.02363244
0.02025372
0.02093234
0.02444196
0.02120780
0.02117872
0.02073489
0.02527031
0.02016142
0.02063704
0.01967652
0.02095037
0.02171307
0.02056325
0.02239778
0.02152321
0.02182053
0.01984591
0.02376681
0.02511439
0.02036162
0.02052776
0.02174116
0.02186685
0.02413722
0.02294337
0.02240528
0.02270715
0.02247491
0.02181983
0.02266721
0.02032211
0.02261949
0.02246500
0.02314990
0.02084688
0.01972884
0.02138015
0.02115154
0.02249803
0.02071455
0.02162671
0.02067258
0.02074710
0.02552045
0.02107704
0.02081915
0.02108189
0.02074826
0.02303178
0.02316978
0.02332269
0.02150207
0.02317603
0.02071988
0.02226308
0.02102290
0.01989950
0.02158135
0.02073165
0.02162048
0.02248877
0.02283231
0.02374082
0.02163040
0.02136845
0.02246798
0.02169623
0.02202950
0.02400036
0.02093504
0.02167571
0.02256781
0.02406941
0.02437231
0.02029372
0.01966369
0.02169326
0.02242005
0.02480542
0.01982772
0.02077820
0.02127725
0.02463608
0.02348049
0.02027631
0.02473866
0.02194232
0.02062168
0.02203953
0.02052922
0.02074591
0.02150149
0.02243912
0.02123776
0.02176913
0.02155266
0.02203999
0.02300597
0.02021205
0.02234068
0.02084284
0.02326970
0.02370310
0.02041945
0.02149871
0.02143428
0.02186096
0.02341763
0.02332431
0.02367259
0.02060925
0.02408538
0.02138241
0.02104996
0.02144978
0.02282829