0.04840090
0.05357058
0.04506948
0.05031668
0.04394667
0.03937849
0.04344130
0.04467183
0.04462839
0.04533304
0.04429337
0.03882071
0.04480408
0.04887166
0.03732379
0.04184059
0.04440905
0.04756158
0.04487740
0.04381695
0.04693159
0.04357563
0.04150410
0.04452656
0.05055056
0.04179627
0.04411097
0.04274365
0.04184230
0.04283731
0.04155687
0.04247513
0.04050190
0.04110158
0.04486010
0.04583952
0.04228381
0.03827280
0.04308984
0.04986955
0.04067633
0.04443853
0.04073646
0.04070191
0.03720065
0.04075409
0.04518295
0.04289957
0.04554690
0.04477245
0.04124745
0.04137733
0.03963000
0.04365099
0.03984856
0.04567466
0.05014149
0.04337953
0.06094905
0.04639328
0.03866174
0.04013137
0.04330187
0.03970661
0.04028199
0.04007583
0.05393715
0.04495043
0.03926020
0.04181745
0.04759518
0.04119031
0.04146775
0.04507025
0.04003348
0.04287669
0.04241698
0.04577875
0.04282806
0.03971805
0.04205194
0.04439449
0.04489712
0.04443511
0.04058101
0.04383717
0.04239825
0.04204661
0.04155846
0.04418558
0.04497231
0.04721418
0.04377872
0.04396417
0.04751488
0.04416423
0.04204986
0.04007499
0.04734399
0.04177138
0.04713452
0.04730374
0.04033623
0.04947690
0.04275574
0.04679690
0.04262453
0.03846102
0.04055996
0.04065819
0.04027906
0.04382141
0.03841679
0.03852493
0.05073209
0.04713819
0.03944012
0.05422566
0.04379337
0.04369400
0.04576209
0.04207943
0.04454791
0.04043590
0.04301078
0.04212808
0.05311911
0.05250200
0.04206751
0.04424918
0.04273524
0.04916406
0.04118961
0.04523166
0.04209524
0.03992178
0.04289128
0.04185785
0.04131014
0.04550593
0.03934949
0.03952840
0.04158691
0.04399559
0.04529028
0.04004452
0.04253590
0.04206379
0.04094264
0.04861040
0.04307724
0.04400226
0.04160630
0.05066681
0.04485423
0.04336483
0.04039968
0.04281896
0.04516109
0.03938721
0.04095613
0.04318545
0.04984878
0.04186876
0.04361672
0.04556860
0.04132977
0.04036852
0.03924827
0.04113837
0.04323022
0.04151270
0.04330933
0.04347248
0.04006585
0.05343541
0.04293223
0.04340647
0.03957179
0.04589966
0.04430663
0.04888112
0.04345170
0.04855947
0.04161621
0.04408521
0.04306120
0.04654283
0.04716608
0.04495854
0.04431694
0.04296497
0.04052624
0.04345961
0.04551056
0.04884096
0.04211351
0.04088049
0.04212791
0.04009429
0.04233607
0.04891517
0.04234016
0.04273323
0.04134345
0.04345283
0.04205452
0.04508522
0.04112692
0.04060763
0.04180616
0.04512249
0.04335812
0.04342886
0.04082332
0.04196042
0.04465650
0.04261047
0.04589956
0.04174731
0.04547923
0.04425834
0.04413958
0.04340974
0.04405725
0.04232254
0.04066167
0.04246182
0.05283445
0.04398867
0.04306361
0.04237844
0.04230784
0.04402931
0.04429027
0.04058508
0.04392411
0.04293125
0.04494195
0.04487949
0.04752288
0.05395960
0.04263465
0.05053794
0.06461520
0.04227990
0.05890582
0.04139143
0.04329121
0.04220049
0.05430834
0.04303984
0.04505989
0.04466747
0.04262078
0.04385531
0.04460763
0.03947037
0.03930468
0.04790104
0.04069572
0.04215378
0.04243687
0.04375065
0.04877783
0.03991040
0.04547980
0.04388454
0.04036334
0.05147834
0.04023599
0.04104340
0.04094608
0.04231709
0.04518681
0.04132252
0.04398809
0.03973009
0.04231109
0.03773540
0.04036030
0.04382771
0.04254898
0.04340786
0.04268141
0.04690862
0.04765182
0.04358638
0.04557393
0.05118533
0.03942352
0.04184117
0.04109970
0.04889045
0.05147511
0.04455427
0.04001841
0.05430406
0.04470884
0.05087992
0.04612693
0.04218054
0.04243157
0.03996211
0.04814542
0.04495824
0.04376303
0.06218307
0.04931465
0.04360791
0.04099695
0.04071011
0.04215322
0.04188348
0.04422685
0.04672348
0.04261890
0.04295894
0.04172639
0.04460328
0.04151404
0.05424807
0.04501262
0.03920800
0.04099306
0.04196197
0.04106549
0.03764949
0.04346921
0.04157839
0.04372505
0.04258877
0.04000394
0.04315270
0.05192569
0.04618336
0.04219265
0.04027226
0.04626424
0.04664176
0.04363915
0.04256415
0.04283559
0.04441699
0.05033358
0.05351570
0.04432779
0.04312069
0.04285179
0.04664967
0.04029722
0.04084569
0.04318083
0.03752796
0.04771139
0.04612881
0.04145517
0.04088328
0.04915578
0.04321779
0.04185572
0.04313186
0.04066700
0.04240904
0.04893331
0.04027975
0.04777011
0.04763744
0.04655514
0.04566668
0.04870947
0.05192529
0.04397109
0.04208349
0.04121891
0.04328892
0.04876681
0.04386399
0.04537753
0.04286598
0.04647915
0.04004058
0.04814400
0.04587894
0.04020489
0.04233400
0.04183999
0.04158816
0.04033294
0.04408914
0.04547390
0.04009924
0.04044997
0.04445782
0.04812453
0.04218374
0.04637852
0.04609213
0.04318399
0.04061666
0.04116835
0.04145907
0.04650906
0.04361477
0.04250200
0.05214120
0.04532664
0.04115096
0.03933916
0.04859041
0.04236981
0.04087287
0.04647116
0.04206566
0.04139671
0.05493891
0.04453643
0.04216562
0.04248364
0.04508243
0.03993422
0.04628385
0.04446505
0.05388916
0.04155898
0.03895345
0.04775505
0.04570191
0.04242449
0.05003225
0.03923148
0.03948859
0.04880900
0.04366525
0.04188311
0.04196711
0.04872985
0.04009670
0.06252336
0.04367176
0.04204573
0.04355231
0.04312721
0.04023612
0.04228204
0.04077603
0.04307475
0.04079965
0.04461403
0.04167846
0.04816874
0.04527975
0.04188182
0.04438251
0.04637605
0.04544297
0.04125066
0.04070720
0.04552832
0.04806641
0.03878572
0.04410224
0.04130903
0.05848127
0.04577702
0.03748280
0.04600167
0.04494177
0.04045089
0.04374933
0.03950883
0.04395684
0.04414937
0.04135219
0.04309258
0.03902091
0.04247622
0.04051498
0.04020987
0.04540630
0.04806662
0.04593555
0.03940887
0.03911420
0.04100234
0.04491772
0.04013550
0.04804457
0.03864625
0.04127665
0.04980891
0.04161637
0.04486575
0.05056607
0.04131849
0.05140237
0.03995492
0.04705083
0.04070726
0.04408006