0.02229273
0.02260206
0.02561331
0.02031998
0.02375084
0.02315963
0.02318478
0.02284650
0.02370020
0.02262466
0.02303139
0.02135586
0.02368649
0.02166475
0.02279638
0.02373529
0.02254211
0.02317596
0.02590340
0.02701635
0.02296098
0.02479842
0.02518510
0.02306279
0.02518585
0.02401334
0.02313993
0.02284047
0.02182030
0.02298056
0.02236018
0.02273835
0.02425866
0.02597749
0.02428441
0.02269964
0.02128459
0.02290393
0.02197800
0.02313046
0.02321288
0.02260871
0.02040123
0.02236067
0.02189549
0.02330784
0.02311010
0.02225972
0.02121766
0.02295257
0.02843799
0.02480253
0.02530735
0.02070849
0.02224637
0.02277892
0.02046525
0.02289161
0.02227083
0.02207735
0.02268828
0.02254603
0.02254528
0.02389790
0.02366514
0.02926895
0.02151157
0.02523391
0.02377370
0.02188552
0.02282012
0.02213142
0.02220050
0.02216090
0.02280680
0.02131808
0.02473571
0.02262422
0.02397425
0.02183378
0.02294735
0.02363434
0.02093659
0.02285995
0.02354418
0.02127019
0.02399193
0.02155885
0.02161229
0.02399178
0.02317090
0.02318983
0.02233808
0.02224820
0.02440517
0.02275745
0.02131430
0.02395890
0.02269250
0.02174536
0.02354988
0.02278643
0.02259986
0.03426403
0.02367597
0.02322667
0.02510791
0.02133308
0.02256118
0.02253443
0.02633141
0.02451801
0.02264519
0.02625599
0.02222180
0.02148585
0.02201023
0.02281702
0.02134644
0.02331376
0.02224735
0.02459820
0.02401003
0.02288749
0.02272522
0.02533134
0.02242491
0.02378372
0.02111997
0.02205835
0.02512190
0.02656275
0.02285053
0.02531060
0.02232586
0.02219711
0.02290099
0.02147926
0.02302237
0.02815122
0.02082323
0.02571867
0.02685244
0.02189623
0.02235393
0.02120754
0.02263699
0.02024051
0.02361361
0.02518893
0.02250832
0.02261988
0.02153218
0.02552203
0.02120084
0.02687207
0.02125452
0.02252427
0.02200119
0.02240321
0.02521127
0.02368556
0.02183449
0.02241367
0.02186758
0.02258917
0.02259341
0.02483526
0.02181794
0.02424130
0.02402781
0.02184348
0.02271007
0.02195925
0.02077643
0.02333379
0.02185210
0.02325088
0.02266426
0.02322491
0.02338208
0.02479955
0.02700700
0.02066212
0.02260235
0.02408172
0.02299665
0.02474289
0.02192575
0.02185815
0.02319258
0.02487179
0.02166015
0.02380774
0.02501065
0.02187930
0.02092354
0.02228523
0.02205592
0.02275022
0.02218528
0.02432885
0.02204813
0.02255855
0.02309040
0.02427875
0.02154673
0.02199842
0.02187452
0.02248813
0.02217468
0.02158450
0.02198433
0.02297746
0.02109132
0.02031096
0.02425810
0.02527431
0.02269989
0.02338253
0.02386714
0.02344039
0.02530157
0.02277203
0.02248171
0.02321995
0.02096090
0.02126785
0.02273979
0.02201151
0.02314018
0.02503386
0.02145020
0.02391636
0.02303675
0.02187501
0.02471275
0.02153457
0.02321389
0.02311642
0.02396831
0.02214429
0.02412568
0.02455657
0.02195469
0.02310136
0.02244472
0.02298462
0.02316337
0.02136561
0.02288967
0.02379273
0.02137674
0.02194684
0.02176380
0.02606291
0.02170027
0.02164982
0.02274368
0.02299007
0.02338202
0.02424554
0.02311938
0.02165300
0.02390776
0.02433109
0.02340597
0.02248529
0.02060706
0.02328268
0.03171667
0.02142242
0.02535211
0.02171135
0.02234736
0.02179131
0.02261320
0.02113075
0.02634373
0.02313896
0.02245116
0.02305158
0.02071984
0.03349554
0.02158928
0.02570614
0.02294434
0.02258520
0.02294161
0.02183364
0.02140431
0.02180489
0.02131174
0.02329090
0.02994844
0.02492715
0.02137713
0.02567643
0.02484758
0.02327871
0.02163591
0.02200306
0.02310533
0.02200377
0.02131245
0.02284451
0.02257708
0.02473478
0.02277751
0.02262695
0.02328778
0.02211214
0.02078070
0.02217369
0.02160049
0.02478074
0.02300643
0.02189993
0.02397105
0.02312158
0.02356862
0.02142301
0.02320193
0.02615323
0.02205090
0.02213626
0.02406555
0.02079741
0.02362809
0.02443966
0.02280190
0.02239695
0.02242086
0.02533014
0.02471755
0.02428343
0.02719062
0.02542030
0.02561759
0.02234094
0.02451715
0.02235898
0.02227305
0.02392333
0.02707844
0.02090759
0.02636932
0.02503966
0.02144974
0.02164185
0.02396366
0.02138201
0.02276138
0.02269159
0.02505487
0.02498988
0.02192545
0.02518437
0.02316748
0.02539227
0.02177924
0.02446180
0.02024180
0.02056590
0.02092246
0.02219616
0.02284521
0.02267633
0.02422531
0.02235026
0.02082215
0.02234084
0.02190015
0.02303394
0.02371512
0.02285887
0.02435827
0.02269561
0.02212354
0.02252866
0.02234194
0.02309500
0.02113194
0.02249893
0.02266681
0.02459660
0.02315423
0.02356042
0.02215529
0.02268149
0.02275754
0.02384341
0.02553547
0.02391533
0.02271902
0.02284747
0.02374479
0.02903189
0.02236191
0.02423955
0.02199281
0.02224948
0.02387233
0.02306146
0.02749852
0.02327860
0.02383326
0.02502673
0.02406757
0.02118905
0.02303911
0.03018593
0.02074780
0.02237450
0.02276477
0.02184897
0.02250734
0.02107361
0.02194244
0.02413428
0.02283088
0.02111759
0.02482949
0.02248135
0.02252849
0.02329246
0.02211262
0.02612768
0.02573413
0.02016996
0.02231568
0.02302932
0.02155803
0.02249335
0.02201253
0.02139881
0.02291029
0.02344970
0.02095057
0.02363799
0.02562214
0.02142353
0.02425100
0.02502536
0.02165225
0.02484596
0.02525774
0.02423728
0.02984609
0.02336488
0.02151417
0.03535146
0.02246560
0.02247739
0.02200590
0.02263331
0.02284851
0.02293382
0.02300786
0.02514981
0.02116813
0.02296896
0.02602369
0.02607924
0.02642267
0.02422860
0.02073809
0.02137156
0.02048489
0.02115535
0.02144933
0.02283676
0.02256585
0.02237201
0.02500362
0.02320921
0.02749113
0.02181132
0.02342010
0.02157531
0.02225212
0.02195278
0.02095984
0.02451358
0.02303517
0.02356569
0.02380025
0.02257999
0.02344509
0.02252444
0.02183156
0.02508040
0.02177206
0.02506651
0.02387578
0.02597034
0.02242769
0.02715237
0.02159504
0.02318444