0.03101831
0.02865646
0.02444712
0.02496160
0.02709583
0.02494255
0.03002622
0.03032946
0.02659788
0.03215192
0.02419669
0.02574515
0.03262116
0.02674240
0.02903423
0.02481584
0.02898962
0.02312421
0.02775429
0.02369357
0.02936165
0.02411811
0.02651185
0.03097011
0.03191116
0.02884526
0.03024237
0.02759183
0.02573961
0.03538594
0.02812783
0.02777273
0.02740017
0.02635022
0.03255558
0.02544234
0.02521775
0.02681358
0.02468483
0.02569237
0.02911686
0.03035181
0.02916350
0.02750421
0.02565071
0.02889675
0.02499783
0.02648162
0.02556400
0.03724669
0.02822248
0.02991143
0.02603872
0.03127673
0.02555558
0.02927817
0.02591041
0.02488557
0.02680000
0.03219401
0.02591204
0.02593928
0.02886272
0.02707697
0.02553011
0.02465450
0.02716158
0.02385776
0.02453603
0.02459164
0.02678254
0.02747271
0.02925730
0.03164549
0.02686094
0.02672496
0.02652668
0.02844161
0.02575927
0.02739536
0.02490448
0.02699397
0.03966090
0.02601624
0.02492195
0.02925633
0.02727400
0.03056501
0.02668103
0.02457115
0.03326187
0.02679488
0.02766821
0.02602863
0.02633915
0.03111503
0.02892005
0.02801489
0.02331966
0.02561375
0.02711580
0.03207349
0.02593814
0.02590915
0.03426738
0.02611625
0.02565776
0.02424209
0.03574297
0.02725254
0.03121986
0.02950261
0.02944738
0.02492359
0.02613534
0.03528131
0.02700389
0.02963940
0.02754251
0.02910423
0.02854538
0.03069263
0.02764341
0.02321358
0.02466823
0.02598554
0.02814589
0.02811630
0.02906790
0.02590110
0.02800577
0.02665763
0.02672364
0.02485180
0.02733751
0.02879864
0.03362297
0.02901306
0.02500896
0.02804917
0.02309112
0.02865636
0.02476473
0.03070206
0.02780757
0.02806595
0.02507885
0.02831811
0.02643147
0.02664096
0.02936904
0.03655929
0.02389386
0.02835598
0.02812718
0.02864050
0.02938179
0.02858359
0.03024056
0.03013959
0.02650911
0.02543827
0.02353776
0.02628265
0.02739974
0.02545486
0.04734984
0.03198693
0.03313795
0.02731742
0.02540559
0.02575627
0.02674791
0.03467669
0.02816202
0.03854879
0.02612402
0.02783452
0.02682321
0.02511900
0.02786914
0.02939083
0.03523356
0.02985526
0.02495165
0.03419612
0.02542960
0.03022446
0.03351279
0.02576803
0.02487336
0.02777685
0.02759788
0.02917944
0.02753277
0.02570456
0.02526000
0.02825211
0.02519961
0.02934804
0.02541184
0.02611420
0.03161552
0.02834665
0.02938069
0.02442708
0.04001518
0.03016845
0.02453875
0.03258177
0.02714009
0.02894426
0.02785405
0.02703090
0.02789160
0.02868257
0.02458377
0.03303951
0.02848462
0.02667852
0.02549567
0.02669610
0.02664192
0.02615724
0.03261911
0.03007612
0.03789890
0.03128081
0.02453551
0.02725946
0.02876123
0.02625736
0.02542846
0.02990485
0.02634204
0.03424625
0.02633798
0.02846687
0.02435700
0.03497257
0.02659479
0.04829556
0.02570218
0.02445602
0.03003662
0.02374028
0.02681987
0.02564121
0.02618415
0.02513292
0.02655868
0.02762652
0.02755479
0.03241480
0.02595620
0.02545763
0.02665260
0.02534142
0.02580907
0.03702671
0.02731105
0.02595263
0.02662780
0.03044838
0.03618362
0.02631169
0.02538734
0.02970020
0.02629219
0.02639180
0.02289121
0.02712113
0.02521637
0.02946290
0.02657972
0.02500451
0.02834774
0.02623152
0.02520286
0.02633875
0.02390389
0.02958718
0.03145293
0.02423129
0.02549755
0.02792300
0.03044907
0.02491719
0.02615490
0.02488078
0.02477407
0.03026300
0.02995191
0.02651783
0.03041057
0.03817384
0.02437619
0.02611150
0.02972279
0.03821092
0.02600978
0.02868239
0.02506185
0.02556974
0.02757871
0.02532575
0.02864459
0.02710835
0.03526175
0.02759802
0.02953160
0.02808502
0.05644044
0.02367420
0.02875519
0.03267505
0.02339346
0.02695500
0.02760839
0.02675033
0.02417757
0.02885436
0.02563368
0.02855912
0.02400808
0.02593542
0.02632233
0.02754720
0.03701436
0.02732502
0.02746413
0.02769995
0.03041081
0.03392872
0.02696325
0.02897444
0.08537700
0.02699004
0.02726967
0.03317514
0.02486545
0.02591980
0.02571130
0.02652693
0.03016937
0.03214559
0.02588034
0.02842259
0.02723722
0.03164611
0.03101291
0.03034749
0.02902212
0.03115239
0.02952757
0.02556521
0.02322763
0.02380405
0.02679301
0.03636769
0.02569581
0.02591754
0.02592502
0.02792841
0.02836601
0.02733970
0.03107060
0.02709351
0.03090587
0.02822884
0.02699552
0.03147916
0.02497480
0.03109451
0.02707958
0.02724513
0.02766295
0.02551781
0.02526160
0.03387087
0.03082590
0.02624826
0.02832300
0.02590759
0.02959776
0.02696750
0.02694025
0.02376495
0.02977164
0.02741563
0.02823193
0.02711562
0.02788421
0.02500820
0.02736865
0.02509662
0.02704828
0.02832917
0.02882891
0.02813772
0.02355139
0.02602956
0.02672650
0.02673640
0.02480779
0.02472405
0.03103909
0.02507109
0.02512162
0.02472698
0.02889469
0.02526139
0.02737973
0.02683209
0.02845091
0.02813096
0.02543704
0.02549658
0.03001695
0.02525612
0.02992974
0.02593316
0.02647403
0.02626186
0.02856016
0.02717922
0.02770867
0.03252112
0.02884324
0.02684810
0.02831774
0.02662052
0.02735394
0.02923921
0.02480171
0.02528265
0.02513368
0.02642303
0.02944864
0.03036767
0.03150029
0.02591654
0.02704968
0.02529572
0.02686039
0.02556139
0.02586153
0.02838876
0.02656297
0.03023638
0.02511184
0.04047247
0.02804573
0.02709287
0.02263250
0.02842050
0.03797782
0.02608341
0.02849827
0.02769507
0.02938911
0.02960243
0.02411736
0.02687870
0.02656760
0.03078120
0.02561704
0.02928665
0.02953984
0.02703388
0.02652834
0.02556724
0.02405759
0.02755552
0.03358913
0.02606557
0.02944202
0.02641988
0.02583944
0.02760616
0.03105960
0.02789207
0.03449841
0.02614123
0.02812983
0.02940094
0.02763757
0.02638567
0.02843222
0.03516771
0.03591490
0.02640535
0.02650793
0.02721309
0.02812407
0.02779045
0.02635481
0.03325223
0.02600048
0.02781022