0.00697180
0.00805887
0.00679557
0.00709767
0.00849336
0.00697397
0.00775223
0.00719881
0.00742552
0.00811412
0.00770770
0.00781318
0.00790422
0.00722096
0.00991118
0.00721259
0.00673175
0.00827118
0.00818568
0.00660430
0.00975254
0.00670733
0.00715296
0.00731231
0.00793494
0.00850271
0.00744640
0.00777569
0.00660817
0.00732664
0.00708039
0.00779244
0.00770661
0.00763378
0.00852780
0.00805130
0.00662814
0.00791791
0.00765069
0.00747798
0.00782941
0.00803111
0.00764016
0.00809226
0.00761914
0.00673577
0.00731345
0.00642433
0.00789325
0.00680151
0.00738159
0.00804965
0.00773663
0.00749884
0.00674544
0.00733040
0.00765532
0.00757214
0.00723756
0.00729021
0.00750439
0.00714610
0.00795996
0.00856305
0.00685637
0.00738710
0.00707559
0.00768194
0.00781540
0.00803181
0.00655219
0.00858159
0.00813355
0.00805198
0.00683367
0.00773893
0.00895304
0.00737648
0.00669502
0.00776393
0.00810015
0.00803782
0.00779359
0.00700671
0.00811259
0.00809836
0.00666458
0.00814244
0.00645764
0.00782518
0.00745887
0.00658912
0.00771125
0.00660291
0.00733626
0.00701038
0.00704488
0.00776186
0.00816227
0.00850614
0.00824057
0.00638105
0.00812927
0.00678848
0.00838182
0.00764502
0.00704907
0.00789193
0.00730952
0.00699939
0.00838424
0.00680844
0.00688547
0.00718847
0.00763381
0.00798538
0.00640545
0.00783151
0.00709170
0.00770920
0.00779855
0.00774857
0.00705606
0.00698659
0.00980867
0.00700261
0.00816756
0.00694927
0.00800097
0.00749276
0.00779518
0.00754688
0.00844033
0.00707742
0.00812995
0.00669648
0.00882426
0.00784914
0.00721664
0.00745824
0.00819071
0.00640463
0.00686384
0.00896173
0.00800628
0.00788737
0.00727979
0.00688416
0.00796235
0.00694251
0.00851332
0.00796171
0.00788330
0.00678432
0.00762895
0.00746384
0.00685474
0.00745076
0.00659630
0.00879976
0.00725256
0.00783662
0.00728502
0.00820728
0.00908429
0.00730619
0.00668710
0.00770865
0.00722544
0.00856208
0.00771730
0.00731795
0.00757070
0.00815422
0.00713528
0.00770135
0.00766271
0.00709119
0.00800672
0.00669185
0.00683066
0.00868393
0.00793186
0.00808309
0.00775716
0.00778735
0.00677622
0.00706494
0.00968673
0.00706050
0.00675124
0.00720955
0.00806151
0.00876898
0.00686894
0.00667378
0.00749187
0.00740875
0.00760671
0.00866103
0.00888372
0.00866008
0.00746886
0.00779038
0.00941667
0.00756862
0.00891098
0.00771868
0.00714799
0.00833724
0.00782519
0.00933840
0.00724840
0.00716388
0.00721494
0.00773341
0.00713387
0.00767776
0.00832357
0.00717668
0.00746788
0.00750101
0.00726323
0.00804646
0.00757536
0.00738715
0.00947993
0.00670975
0.00696528
0.00686750
0.00740166
0.00744497
0.00732462
0.00703619
0.00855500
0.00699683
0.00651166
0.00696465
0.00791649
0.00707027
0.00819806
0.00722160
0.00808448
0.00868149
0.00730651
0.00741644
0.00761061
0.00761748
0.00798116
0.00773192
0.00790548
0.00728171
0.00870176
0.00820383
0.00712898
0.00790532
0.00825475
0.00663848
0.00694900
0.00752086
0.00848341
0.00931979
0.00778595
0.00840813
0.00780143
0.00786420
0.00805236
0.00752124
0.00757095
0.00757829
0.00742170
0.00778263
0.00711602
0.00834556
0.00833989
0.00707375
0.00756383
0.00717609
0.00883134
0.00707574
0.00739514
0.00747682
0.00774146
0.00766507
0.00697765
0.00767195
0.00782184
0.00824886
0.00810916
0.00881485
0.00841751
0.00783539
0.00819850
0.00736427
0.00765366
0.00758203
0.00725667
0.00716324
0.00735503
0.00940022
0.00867564
0.00782419
0.00740460
0.00705081
0.00766856
0.00809316
0.00719183
0.00720712
0.00795861
0.00785938
0.00808894
0.00771596
0.00928303
0.00787760
0.00777258
0.00794488
0.00870622
0.00778509
0.00692631
0.00858496
0.00827919
0.00802094
0.00754189
0.00797680
0.00730319
0.00718397
0.00754138
0.00682280
0.00782510
0.00765580
0.00800769
0.00758336
0.00722818
0.00747600
0.00807829
0.00794513
0.00820191
0.00691860
0.00747474
0.00733223
0.00683989
0.00766923
0.00730318
0.00770662
0.00655207
0.00722764
0.00746113
0.00924666
0.00745843
0.00758008
0.00737951
0.00768718
0.00736264
0.00774800
0.00776437
0.00834174
0.00735041
0.00751355
0.00750834
0.00732983
0.00733718
0.00882590
0.00762656
0.00813710
0.00852049
0.00783789
0.00746885
0.00728622
0.00921821
0.00796022
0.00768544
0.00735375
0.00752500
0.00659814
0.00669593
0.00712051
0.00766767
0.00716701
0.00700402
0.00860247
0.00826723
0.00720684
0.00827917
0.00729856
0.00861495
0.00713438
0.00707386
0.00768660
0.00773859
0.00783064
0.00720198
0.00726982
0.00752054
0.00687098
0.00838141
0.00698269
0.00799687
0.00748507
0.00751531
0.00694674
0.00722442
0.00775105
0.00745041
0.00618999
0.00795858
0.00728016
0.00820194
0.00711120
0.00678201
0.00810553
0.00707570
0.00745311
0.00788258
0.00776990
0.00761005
0.00799131
0.00766212
0.00732569
0.00887973
0.00750567
0.00805532
0.00746340
0.00775350
0.00794332
0.00833243
0.00741032
0.00763184
0.00831129
0.00681257
0.00864024
0.00711126
0.00743037
0.00759213
0.00784165
0.00675783
0.00769550
0.00820551
0.00726808
0.00699185
0.00752424
0.00772899
0.00863285
0.00688786
0.00745642
0.00818813
0.00797681
0.00812765
0.00698319
0.00834900
0.00758816
0.00820035
0.00830127
0.00723008
0.00716573
0.00740760
0.00740767
0.00757786
0.00775369
0.00682198
0.00756736
0.00786076
0.00796645
0.00847640
0.00684348
0.00732350
0.00763114
0.00686783
0.00721000
0.00767959
0.00755030
0.00771409
0.00778141
0.00765537
0.00688149
0.00774369
0.00740526
0.00762168
0.00816472
0.00743205
0.00655409
0.00795363
0.00866090
0.00788269
0.00715280
0.00769666
0.00748513
0.00745968
0.00715308
0.00889565
0.00728386
0.00831175
0.00718736
0.00720110
0.00702232
0.00881705
0.00695428
0.00848165
0.00739056
0.00719164
0.00823622