0.01379868
0.01219485
0.01477753
0.01297153
0.01263321
0.01501588
0.01504062
0.01376516
0.01306273
0.01416930
0.01424400
0.01423698
0.01482920
0.01322718
0.01316741
0.01352986
0.01359136
0.01271121
0.01336497
0.01420253
0.01436257
0.01259886
0.01317713
0.01350905
0.01255862
0.01501381
0.01478237
0.01723988
0.01367550
0.01382834
0.01437977
0.01299211
0.01338693
0.01487409
0.01513958
0.01307616
0.01405679
0.01403298
0.01355919
0.01307801
0.01487726
0.01599962
0.01311121
0.01421143
0.01362153
0.01251501
0.01432325
0.01344210
0.01434351
0.01406184
0.01396446
0.01369922
0.01396989
0.01277147
0.01450607
0.01504255
0.01463694
0.01250556
0.01430758
0.01350776
0.01247875
0.01262016
0.01338080
0.01435433
0.01831495
0.01450741
0.01340067
0.01518542
0.01282683
0.01380382
0.01451199
0.01286184
0.01480616
0.01320645
0.01473175
0.01451930
0.01518180
0.01431517
0.01469300
0.01276180
0.01220081
0.01430653
0.01401374
0.01418529
0.01334938
0.01290612
0.01364543
0.01274319
0.01354754
0.01355026
0.01269127
0.01339906
0.01304821
0.01317787
0.01437230
0.01317053
0.01624794
0.01677903
0.01471136
0.01504367
0.01282202
0.01466006
0.01333014
0.01326233
0.01412094
0.01457474
0.01460548
0.01400947
0.01701334
0.01310808
0.01531567
0.01532287
0.01404728
0.01377408
0.01378583
0.01331905
0.01396561
0.01359376
0.01310524
0.01336252
0.01263319
0.01225834
0.01279300
0.01367835
0.01287456
0.01460689
0.01315294
0.01518752
0.01333535
0.01429058
0.01373983
0.01384702
0.01443404
0.01421579
0.01540887
0.01368367
0.01321936
0.01361981
0.01393815
0.01356901
0.01282929
0.01685591
0.01281133
0.01471123
0.02064862
0.01363040
0.01930734
0.01372221
0.01404967
0.01495682
0.01450062
0.01316382
0.01412429
0.01348716
0.01320303
0.01371167
0.01464184
0.01402454
0.01446815
0.01280913
0.01456003
0.01332392
0.01351468
0.01630167
0.01330065
0.01305396
0.01410523
0.01255096
0.01361265
0.01313931
0.01339821
0.01517119
0.01224994
0.01554153
0.01312790
0.01260195
0.01208652
0.01346658
0.01357297
0.01340778
0.01275884
0.01475937
0.01364689
0.01422157
0.01332015
0.01396507
0.01323589
0.01269086
0.01328885
0.01250701
0.01294107
0.01336326
0.01382679
0.01280493
0.01413041
0.01456610
0.01392728
0.01352556
0.01363325
0.01267774
0.01417542
0.01385596
0.01325015
0.01298172
0.01371582
0.01324900
0.01313243
0.01322360
0.01476894
0.01372241
0.01263112
0.01335329
0.01310806
0.01292668
0.01315419
0.01590896
0.01451665
0.01340550
0.01351761
0.01703038
0.01304270
0.01465457
0.01394032
0.01376964
0.01333756
0.01397093
0.01373038
0.01398057
0.01446880
0.01336960
0.01517211
0.01436929
0.01481170
0.01321519
0.01188111
0.01305133
0.01477179
0.01382466
0.01484738
0.01360441
0.01760841
0.01265310
0.01376348
0.01465242
0.01594061
0.01238455
0.01329133
0.01330685
0.01296618
0.01423999
0.01424457
0.01368433
0.01199763
0.01372652
0.01392317
0.01451832
0.01372295
0.01333873
0.01481603
0.01351756
0.01236279
0.01494529
0.01304448
0.01385585
0.01417853
0.01322945
0.01497672
0.01332221
0.01456831
0.01301617
0.01473020
0.01419878
0.01338037
0.01301041
0.01476714
0.01395076
0.01284791
0.01261626
0.01419766
0.01350532
0.01285701
0.01401930
0.01377447
0.01365927
0.01366790
0.01504132
0.01442336
0.01335662
0.01382172
0.01315490
0.01385792
0.01336900
0.01221854
0.01441978
0.01250715
0.01442867
0.01359526
0.01418848
0.01345535
0.01376454
0.01386890
0.01334658
0.01410622
0.01247454
0.01452053
0.01355520
0.01295884
0.01392969
0.01391759
0.01377736
0.01399774
0.01314628
0.01364050
0.01317354
0.01366386
0.01466784
0.01364734
0.01464476
0.01304931
0.01315991
0.01431376
0.01335225
0.01383373
0.01602613
0.01308663
0.01332146
0.01361268
0.01375486
0.01286623
0.01227095
0.01235936
0.01741306
0.01494576
0.01315909
0.01348961
0.01194662
0.01368982
0.01293856
0.01335775
0.01418563
0.01288815
0.01385323
0.01441367
0.01511791
0.01527953
0.01464212
0.01509897
0.01426925
0.01267957
0.01370536
0.01293451
0.01297488
0.01458446
0.01331003
0.01351765
0.01309406
0.01258800
0.01489122
0.01572342
0.01218664
0.01311441
0.01286229
0.01393965
0.01527946
0.01478056
0.01494451
0.01306978
0.01633859
0.01756132
0.01438842
0.01431894
0.01353636
0.01400598
0.01348747
0.01315126
0.01358586
0.01445141
0.01371369
0.01403088
0.01330657
0.01281408
0.01486981
0.01481674
0.01429239
0.01358910
0.01624998
0.01369196
0.01323088
0.01370905
0.01433270
0.01462944
0.01289947
0.01413322
0.01469231
0.01395869
0.01325210
0.01276877
0.01539316
0.01455343
0.01309075
0.01510486
0.01322723
0.01299677
0.01241805
0.01399217
0.01603299
0.01395665
0.01390874
0.01289270
0.01298008
0.01378745
0.01346806
0.01649950
0.01246004
0.01339540
0.01401638
0.01294901
0.01358656
0.01593747
0.01533045
0.01275736
0.01519960
0.01230749
0.01271969
0.01267196
0.01368433
0.01430375
0.01390147
0.01309241
0.01340676
0.01392272
0.01357527
0.01280678
0.01481106
0.01373192
0.01322778
0.01264978
0.01315356
0.01276842
0.01333346
0.01326321
0.01313427
0.01414125
0.01271698
0.01361404
0.01304341
0.01400360
0.01391556
0.01377374
0.01533212
0.01320556
0.01333332
0.01494734
0.01343558
0.01226897
0.01306144
0.01297489
0.01334823
0.01299915
0.01356066
0.01412442
0.01386662
0.01348830
0.01309176
0.01264722
0.01436126
0.01217076
0.01185646
0.01412499
0.01318785
0.01317298
0.01352605
0.01506520
0.01312171
0.01315710
0.01349069
0.01265214
0.01215578
0.01359696
0.01156259
0.01375270
0.01413462
0.01341819
0.01313488
0.01627955
0.01327334
0.01364652
0.01404857
0.01342648
0.01305811
0.01139762
0.01517068
0.01379649
0.01351368
0.01335904
0.01246495
0.01351463
0.01798225
0.01279442
0.01489622