0.04424910
0.04560220
0.04680590
0.04318982
0.04961074
0.04402175
0.04572650
0.04436080
0.06095724
0.04238852
0.04193027
0.04647752
0.04235316
0.05032798
0.04517407
0.04896117
0.04500244
0.04496211
0.05866671
0.05926303
0.05025422
0.04674932
0.04944603
0.05291438
0.04664043
0.04892136
0.04124221
0.04980553
0.04911736
0.05064960
0.04657056
0.05621765
0.04816197
0.04212358
0.04721285
0.04880641
0.04738064
0.04590570
0.03959776
0.04519007
0.04651569
0.04125904
0.04417969
0.04204556
0.04458403
0.04539994
0.04060773
0.05862861
0.05698174
0.05571320
0.04836866
0.04778923
0.04258766
0.04606266
0.04580468
0.04600383
0.04606898
0.04125139
0.04699300
0.04432414
0.04407829
0.04310597
0.04592979
0.05005687
0.05086720
0.04273437
0.04579572
0.05517105
0.04457527
0.04554978
0.04566134
0.05540185
0.04424199
0.04417438
0.04580236
0.04973184
0.04753949
0.04983433
0.04729474
0.04774181
0.04152894
0.05648398
0.04405238
0.04670070
0.04769358
0.04426705
0.04779718
0.04653791
0.04302364
0.04548571
0.04737689
0.05560677
0.05022890
0.04291195
0.04842422
0.05053699
0.04101302
0.04474765
0.04810474
0.04560261
0.05932121
0.04759249
0.04894058
0.04186778
0.04548031
0.04135764
0.05178659
0.05104561
0.04840366
0.05050897
0.04394741
0.04804370
0.04520406
0.08252980
0.05036491
0.04217991
0.06791905
0.05152032
0.04486209
0.04201104
0.04814374
0.05092383
0.04029366
0.05268738
0.04313155
0.04721972
0.04457830
0.04454832
0.04322354
0.05015115
0.05934504
0.05134469
0.04233852
0.04427526
0.04559060
0.04585021
0.04649392
0.05425655
0.05844305
0.05069068
0.04597211
0.04683647
0.05035895
0.04655296
0.05100626
0.04695416
0.04777160
0.04756812
0.04596808
0.04975465
0.04286978
0.04324610
0.04640767
0.04430732
0.04858399
0.04494923
0.04729602
0.03988547
0.04965280
0.04451611
0.04980896
0.05108063
0.04717588
0.04569006
0.04468065
0.04768328
0.04614130
0.06846276
0.04922892
0.05443455
0.05144009
0.05089462
0.04564325
0.04723645
0.05732861
0.04296361
0.04327984
0.04275813
0.05493678
0.04500593
0.04754596
0.04886014
0.05012545
0.04736656
0.04897921
0.04548698
0.04894017
0.04460050
0.04249112
0.04201697
0.04180285
0.05068293
0.05621497
0.04471102
0.04264585
0.04508533
0.04525854
0.04191691
0.04923663
0.04462486
0.04977617
0.04558963
0.06053650
0.04319504
0.04714355
0.07547529
0.04795616
0.03770076
0.05188732
0.04858121
0.05096003
0.04379928
0.04481448
0.04633529
0.04444142
0.04718246
0.06203344
0.04139301
0.04643562
0.04601216
0.04996291
0.04580808
0.04415686
0.04414195
0.04287293
0.04534762
0.05442124
0.04390688
0.04562779
0.04953560
0.04424967
0.04110884
0.04349984
0.04016745
0.06543811
0.05075292
0.05150978
0.04279877
0.05341046
0.04586372
0.04318991
0.04462384
0.04580421
0.04718812
0.04651199
0.06158320
0.04676835
0.04308642
0.04089322
0.04418662
0.04300746
0.04539605
0.04170799
0.05127618
0.04566557
0.07669998
0.07182481
0.04446099
0.04852383
0.04656555
0.04628701
0.05358308
0.05045121
0.05779516
0.04481791
0.04967477
0.05454954
0.04745700
0.04522109
0.04415100
0.05107700
0.04658365
0.04587767
0.04447287
0.04907831
0.04021768
0.05153348
0.04548712
0.04105683
0.05296098
0.04336383
0.05021774
0.04440518
0.04944965
0.05327891
0.04665647
0.06286581
0.04138635
0.04111911
0.04287044
0.04239186
0.04351515
0.04040868
0.04915556
0.04634382
0.05045540
0.04533469
0.04569277
0.04461430
0.04210639
0.05592704
0.04404504
0.05095106
0.04888345
0.04396062
0.04614090
0.04401884
0.04854420
0.04912351
0.04488787
0.04133499
0.04954058
0.04375494
0.04756230
0.04157743
0.04715975
0.05469231
0.04463406
0.04243327
0.04548046
0.04721770
0.04729277
0.05145994
0.04185760
0.04594264
0.04566426
0.04605896
0.04313953
0.04529158
0.04483441
0.04990388
0.04106934
0.06341985
0.04580584
0.04654863
0.04457395
0.07347138
0.04594071
0.04165657
0.04384179
0.03942593
0.04458542
0.05013359
0.04169966
0.04491580
0.05096958
0.04408539
0.04528704
0.04079258
0.04627805
0.04381682
0.05153319
0.04778236
0.04485704
0.04194005
0.04688223
0.04857283
0.04516384
0.04758618
0.04250494
0.05133829
0.04670578
0.05777128
0.04296616
0.04437566
0.04805094
0.05189224
0.04809604
0.04392499
0.04433830
0.04454119
0.04727052
0.04476578
0.04338852
0.04944492
0.04163764
0.05320323
0.04821788
0.05288735
0.04011384
0.05455642
0.04501771
0.04578074
0.04761094
0.04652160
0.05096815
0.05123095
0.04312298
0.05552813
0.06247015
0.05325259
0.04817667
0.04713695
0.04628574
0.04740828
0.04824849
0.04846018
0.04778613
0.04496119
0.04552712
0.04478938
0.04129570
0.04774416
0.04856582
0.04410384
0.05102813
0.05772637
0.04352835
0.04761583
0.04948218
0.04443060
0.04958010
0.04387622
0.05100402
0.04206910
0.04761498
0.04744604
0.05391404
0.05162247
0.04422641
0.04815514
0.04857720
0.04984513
0.04717383
0.04345676
0.04384052
0.04566551
0.04902908
0.05085842
0.04667039
0.04185507
0.04547974
0.04553145
0.04519807
0.05958050
0.04986340
0.04610936
0.04683239
0.07481438
0.04297226
0.04694627
0.06889537
0.04881748
0.04650588
0.03837176
0.04424620
0.05009319
0.04437562
0.04811583
0.04414564
0.04352733
0.04588273
0.04432838
0.05409629
0.05344960
0.04504917
0.04267975
0.04265071
0.04794485
0.04347335
0.04419063
0.04997081
0.04534765
0.04272531
0.04678238
0.05176460
0.04496847
0.04761112
0.04950496
0.04174300
0.06215645
0.04916173
0.04761447
0.06115426
0.04966567
0.05267409
0.04594236
0.04098143
0.04501743
0.04485794
0.04246083
0.05054079
0.05037916
0.04487888
0.04559785
0.04441062
0.04368058
0.04898971
0.04261263
0.05061992
0.04676595
0.05493970
0.04411559
0.04455585
0.04658807
0.05869125
0.04373757
0.04852992
0.04644308
0.05532963