0.05698186
0.05565380
0.05188583
0.06639612
0.07787131
0.05905893
0.05991954
0.04871084
0.05266400
0.05473817
0.06073325
0.06142664
0.06193288
0.05469957
0.10978499
0.06189235
0.06773349
0.05489113
0.05915717
0.05117251
0.05709469
0.05169031
0.06929120
0.06530393
0.04972804
0.05629759
0.04882441
0.05236575
0.10785786
0.05777963
0.05242667
0.05215723
0.09263832
0.05485580
0.05953025
0.05518675
0.06194353
0.05193918
0.04902198
0.06474829
0.05255679
0.05328383
0.04699008
0.06607654
0.04530347
0.05962728
0.05624505
0.05960309
0.05721237
0.06546538
0.05526870
0.07819012
0.04740400
0.06273140
0.06324299
0.05616461
0.05360545
0.04612910
0.06757850
0.05002948
0.05223079
0.05929245
0.05354450
0.05088661
0.06621429
0.05895011
0.05712829
0.07129096
0.05693837
0.05543626
0.06814073
0.06411838
0.06422388
0.05551384
0.07140622
0.10488216
0.05424187
0.06179293
0.05576079
0.05783278
0.04996833
0.05378146
0.05365885
0.06323630
0.05630210
0.05026874
0.05422716
0.06384980
0.06878838
0.04688613
0.05587327
0.05412165
0.06981087
0.06915934
0.05985947
0.05666028
0.05072643
0.05240284
0.04693460
0.06640665
0.07424918
0.06861805
0.05465289
0.05122520
0.05977173
0.07006963
0.04985709
0.05603178
0.04725911
0.05912879
0.05231141
0.06629487
0.05833502
0.06365201
0.05373112
0.04972493
0.05200895
0.05191980
0.05141781
0.05678273
0.06920998
0.05893849
0.06210989
0.06324873
0.05068712
0.05236843
0.05266457
0.06655072
0.05046480
0.05409558
0.08075926
0.05088967
0.06621440
0.06088665
0.06440492
0.05613988
0.05672763
0.07812612
0.04772579
0.05174303
0.06496570
0.05459883
0.06369084
0.05661915
0.07578075
0.05470564
0.07019543
0.05799468
0.05806691
0.04701654
0.05440900
0.05151272
0.05164048
0.04940438
0.07022305
0.05611185
0.06294719
0.06046586
0.07684640
0.06125360
0.05357612
0.05173141
0.04843643
0.05165376
0.06895109
0.06366329
0.05072592
0.15397403
0.04571856
0.05718194
0.05568173
0.05258064
0.06405895
0.05927680
0.05411296
0.05503945
0.05577123
0.05231508
0.04972913
0.06912819
0.04597680
0.06211959
0.05411647
0.05502059
0.06458120
0.05175422
0.06505693
0.05284926
0.06016840
0.05242624
0.05527832
0.06137438
0.04568239
0.04885429
0.06457546
0.05865858
0.06760866
0.05462232
0.05406034
0.05254361
0.05901247
0.07753181
0.06500607
0.11056616
0.05978060
0.05620921
0.05026315
0.05703936
0.05114384
0.04959024
0.06270349
0.06242492
0.05162716
0.05784155
0.05720260
0.05254454
0.05351591
0.04932136
0.05110382
0.05546486
0.05650831
0.05547408
0.05130229
0.06916247
0.05153302
0.05457682
0.05942442
0.07256179
0.06343801
0.05565068
0.05956048
0.05393497
0.05653153
0.05284919
0.05306764
0.05107081
0.05634233
0.04885974
0.05953249
0.04790801
0.06393466
0.05935995
0.06483398
0.07522904
0.05154919
0.06431290
0.05301499
0.05636221
0.05468300
0.05952844
0.06472672
0.05426080
0.06009167
0.06218082
0.05345119
0.06422258
0.05560984
0.04983300
0.04857371
0.06530348
0.05543102
0.06089482
0.05818366
0.04814383
0.14775605
0.04759841
0.05879123
0.08110173
0.06479413
0.05834571
0.05545847
0.06069079
0.05189998
0.06444040
0.05148178
0.06856814
0.05031599
0.05517631
0.05581716
0.05045731
0.05408095
0.06041414
0.06382703
0.06613761
0.06089824
0.07828459
0.05506352
0.04879569
0.05112998
0.05214682
0.05056499
0.05154169
0.04507048
0.05195800
0.04934195
0.06384945
0.05382164
0.04953143
0.05838869
0.05970954
0.06703877
0.05511812
0.05879577
0.06174618
0.05188363
0.07128011
0.05916274
0.05252952
0.05619148
0.05481073
0.04759151
0.06252525
0.05602838
0.05425788
0.04646560
0.06805011
0.05189213
0.06344321
0.06233746
0.05778038
0.07894291
0.05013386
0.05452137
0.05011573
0.05858154
0.08053971
0.06036072
0.05429597
0.06464517
0.08311986
0.05616536
0.05638288
0.05863299
0.05952015
0.05375090
0.06257958
0.04991481
0.04993732
0.06081747
0.09370096
0.06007688
0.05128901
0.05200510
0.05601609
0.04708348
0.05967908
0.07998649
0.05327975
0.04810389
0.08186166
0.05711389
0.07531279
0.05676482
0.04973870
0.06277466
0.06169652
0.07015083
0.05546419
0.05184887
0.09344584
0.06805985
0.05982955
0.06108759
0.07223995
0.05152324
0.05918292
0.05660131
0.06054323
0.04686279
0.05516191
0.05314120
0.04829411
0.05494193
0.04951151
0.05136666
0.05341635
0.07127855
0.05630324
0.05636384
0.05188380
0.06222558
0.07900807
0.06244531
0.06339513
0.05424067
0.06501603
0.04962096
0.05344490
0.05474539
0.04810920
0.07451737
0.11743683
0.06596869
0.05823282
0.06193333
0.05692470
0.06722920
0.04962751
0.05937926
0.05577853
0.05163412
0.06366262
0.07556215
0.05619056
0.07211848
0.05943972
0.06118957
0.05446789
0.06582873
0.11692861
0.05793145
0.05428621
0.09123435
0.05749720
0.05357906
0.05510088
0.05842998
0.05790959
0.05475270
0.07614664
0.06249211
0.11998978
0.05702055
0.05121993
0.05793214
0.04820777
0.06591453
0.05798327
0.05776276
0.05310408
0.07853734
0.05056341
0.07171714
0.05552085
0.04873546
0.05404671
0.05224855
0.06135270
0.06369579
0.04889639
0.05182259
0.05258059
0.06121354
0.04870868
0.05398123
0.05288854
0.05312588
0.05792135
0.05519505
0.05724410
0.06397801
0.05772735
0.05875458
0.05429920
0.06041212
0.05291747
0.05503160
0.06204922
0.05502848
0.04942807
0.05455618
0.05525214
0.06225032
0.06105535
0.05089419
0.07508263
0.06263826
0.05926507
0.06409666
0.04621681
0.05513341
0.05374065
0.05287346
0.06154982
0.05884610
0.04945125
0.05812155
0.05067898
0.04792860
0.05260581
0.07455438
0.05266221
0.06590494
0.05407348
0.05244901
0.10987488
0.06353075
0.05734804
0.05784115
0.04609356
0.06047403
0.07573883
0.05859672
0.06507567
0.05425984
0.05086819
0.05391148
0.06897911
0.08881757
0.05318648