0.00890526
0.01061289
0.00782429
0.00900799
0.00844616
0.00895397
0.00913178
0.00839442
0.00883095
0.01079848
0.00895163
0.00891734
0.00862889
0.00806206
0.01134377
0.00850621
0.00799144
0.00913398
0.00885281
0.00795027
0.00906845
0.00879328
0.00827579
0.00801616
0.00911836
0.00982115
0.00945921
0.00968588
0.00827647
0.01008611
0.00909556
0.00857326
0.00891002
0.00856934
0.00807558
0.00798426
0.00870747
0.01110462
0.01021634
0.00953618
0.00802368
0.00929142
0.00851683
0.00842797
0.00853484
0.00888119
0.00915995
0.00884650
0.01043799
0.00855776
0.00844378
0.00834398
0.00878310
0.00901459
0.01003908
0.00998073
0.00886714
0.00960064
0.00769399
0.00775200
0.01037193
0.00959934
0.00997835
0.00864524
0.00877261
0.00988235
0.00905185
0.00891578
0.01004263
0.00848146
0.00717990
0.00869426
0.00967620
0.00846348
0.00885302
0.00847414
0.00831984
0.00904283
0.00851644
0.00972371
0.00863836
0.00803069
0.00909527
0.00830598
0.00998196
0.00842607
0.01041657
0.00930733
0.00781637
0.01085556
0.00868170
0.00919403
0.00909503
0.00801086
0.00910128
0.01027850
0.01018600
0.00850134
0.00859698
0.00917511
0.00867467
0.00903499
0.00913286
0.00761620
0.00821990
0.01007157
0.00823419
0.00813446
0.00864880
0.00878958
0.00857143
0.00770225
0.01059694
0.00865903
0.00842776
0.00842533
0.00853057
0.00870796
0.00818589
0.01142185
0.00828597
0.00914231
0.01042457
0.01070234
0.00993607
0.00895468
0.00946073
0.00882172
0.00978580
0.01082793
0.00917797
0.00824063
0.01048954
0.00943350
0.00949638
0.00867426
0.00882601
0.00834203
0.00857980
0.00740919
0.01209323
0.00733799
0.00850457
0.00940125
0.01134915
0.00996082
0.00997221
0.00882077
0.01026067
0.00965704
0.00949655
0.01012584
0.00963220
0.00851585
0.00901051
0.00839779
0.00803651
0.00868535
0.00772911
0.00815647
0.00822175
0.00856286
0.00797924
0.00736344
0.00923298
0.00821064
0.00921033
0.00946783
0.00779755
0.00927438
0.00832437
0.00938682
0.00825407
0.00893121
0.00827842
0.01028151
0.00800976
0.00828184
0.00799746
0.00864798
0.00924045
0.00811906
0.00858325
0.00935389
0.00901279
0.00919114
0.00788849
0.00899073
0.00893013
0.00891370
0.00863406
0.00820611
0.00786684
0.00969075
0.01028341
0.00831242
0.00833501
0.00937082
0.00957600
0.00857786
0.00990388
0.00939588
0.00894038
0.00856049
0.00830272
0.00963619
0.00865042
0.00983417
0.00862325
0.00853602
0.00835020
0.00945911
0.00897105
0.00904708
0.00829757
0.01063963
0.01014363
0.00796162
0.01000996
0.01046652
0.01060256
0.00846244
0.00947729
0.00920182
0.00880672
0.00849792
0.00844174
0.00901060
0.00902496
0.01017861
0.00825149
0.00964379
0.00950338
0.00902827
0.00996300
0.00780400
0.00847863
0.00807468
0.00930087
0.00837370
0.00814754
0.00931897
0.00995897
0.00831112
0.00893587
0.00984906
0.00891999
0.00933200
0.00814131
0.01036767
0.00868071
0.00855071
0.00918191
0.00776746
0.00960919
0.00910560
0.01118395
0.00862695
0.00935822
0.00832320
0.00951891
0.00888462
0.00847002
0.00790823
0.00822336
0.01016364
0.00825675
0.00912008
0.00819297
0.00907796
0.00928824
0.01000224
0.00821861
0.00781540
0.00953487
0.00860985
0.00788635
0.00884355
0.00937997
0.00866091
0.00972985
0.00926344
0.01057777
0.00912921
0.00814249
0.00882265
0.00852355
0.01039013
0.00832843
0.00945623
0.00889501
0.00930595
0.00995933
0.01048049
0.00975391
0.00868698
0.00822074
0.00902482
0.00916654
0.00999568
0.01030596
0.00989962
0.00857108
0.00924593
0.01145016
0.00967470
0.00775750
0.00879464
0.01004114
0.00815419
0.00813525
0.01011783
0.00777367
0.00770373
0.00787223
0.00986105
0.00850049
0.00888099
0.01083382
0.00830541
0.00791491
0.00849208
0.00812725
0.00835865
0.00838339
0.00811363
0.00947468
0.01070212
0.01022777
0.00935853
0.00959231
0.00929742
0.01003917
0.00899408
0.01090478
0.00833098
0.00870921
0.00778124
0.00880112
0.00821809
0.00879466
0.00897824
0.00862014
0.01055452
0.00847193
0.00865636
0.00898465
0.00968606
0.01001232
0.00961582
0.00922648
0.00862609
0.00783656
0.00839237
0.00790972
0.00901889
0.00861997
0.00875596
0.00827629
0.01086482
0.00779020
0.00806178
0.00908491
0.00934456
0.00809050
0.00833763
0.00948511
0.00799746
0.00889438
0.00813084
0.00986605
0.00816940
0.00850183
0.00931084
0.00857379
0.00777119
0.00951391
0.00933140
0.00957683
0.00943551
0.00846423
0.00957763
0.00983056
0.00845681
0.00847283
0.00907846
0.01063081
0.01039697
0.00881458
0.00786398
0.00864017
0.00981916
0.00872970
0.01131205
0.00999534
0.00860914
0.00768587
0.00824512
0.00896432
0.00843387
0.01274153
0.00807647
0.00923958
0.00861184
0.00836430
0.00747446
0.00784806
0.00816451
0.00819527
0.00790661
0.00921586
0.01016707
0.00775701
0.00918208
0.00925425
0.00843331
0.00922676
0.00757591
0.00910998
0.00927585
0.01062547
0.00932452
0.01041636
0.00803188
0.00933479
0.00901299
0.00897070
0.00886514
0.00872150
0.00883066
0.00915410
0.00981196
0.00904531
0.00776343
0.00933911
0.00851727
0.00875975
0.00854238
0.00841078
0.00895712
0.00770353
0.00957858
0.00765990
0.00877589
0.00877955
0.00928147
0.00770382
0.00912593
0.00893398
0.00863701
0.00937942
0.00836152
0.00930997
0.00913419
0.00994761
0.00758922
0.00724722
0.00728585
0.00915124
0.00885512
0.00857416
0.01060435
0.01009457
0.00865445
0.00954714
0.00812613
0.00835357
0.00948832
0.00728205
0.00828834
0.00878345
0.00984197
0.00761749
0.00951836
0.00904078
0.00725831
0.00883276
0.01180409
0.00903527
0.00870082
0.00863568
0.00792546
0.00844726
0.00954933
0.01111929
0.00783130
0.01003576
0.00869774
0.00972836
0.00913033
0.00895425
0.00861229
0.00977136
0.00999150
0.00783045
0.00996275
0.01018199
0.00918595
0.00912199
0.00919751