0.04233309
0.04171011
0.04193809
0.04196551
0.04373059
0.03967081
0.04019044
0.04199814
0.03991583
0.04156570
0.04538054
0.04132061
0.03893471
0.03922803
0.04380258
0.04356278
0.04038584
0.04103266
0.03947215
0.04450469
0.04076431
0.04049768
0.04248288
0.04058574
0.04024698
0.04178725
0.03876351
0.05309059
0.03703477
0.03927440
0.04069597
0.03891160
0.04279470
0.04087993
0.04059652
0.03912116
0.03864334
0.05100390
0.04344514
0.04485579
0.04582754
0.03954001
0.03900692
0.03982463
0.04103688
0.04154303
0.04403502
0.03979420
0.04164234
0.04118589
0.03670931
0.03983885
0.04577810
0.04140835
0.04859833
0.03962833
0.04498478
0.04390233
0.04108610
0.03945643
0.04359122
0.03845883
0.04190223
0.04029355
0.04757474
0.04221809
0.04151084
0.04151227
0.04489208
0.04047016
0.04645977
0.04455434
0.04056785
0.04121989
0.04280730
0.03987303
0.04323223
0.05605772
0.04258812
0.04544880
0.04372429
0.04489913
0.04212671
0.04659205
0.05732213
0.03917798
0.04204368
0.03977046
0.04541986
0.04114979
0.03902555
0.04283588
0.04055813
0.04184923
0.04596064
0.04295623
0.04180936
0.04186534
0.04107784
0.03941947
0.03943983
0.03846714
0.03700288
0.04792743
0.04383364
0.04122286
0.04240149
0.03968632
0.04513586
0.04443678
0.04058265
0.04469647
0.04000953
0.04223836
0.03840862
0.03914854
0.04001611
0.03757318
0.04002073
0.04616626
0.03915761
0.04904836
0.03985730
0.04050869
0.03929972
0.03885662
0.04283829
0.05342600
0.04307859
0.04144263
0.04187377
0.04003881
0.03983780
0.04050837
0.04365807
0.04426573
0.03909322
0.04286371
0.04070219
0.04321065
0.03785245
0.03855360
0.04102539
0.04213796
0.04224651
0.04755088
0.04006477
0.04113808
0.04503996
0.04155825
0.04078261
0.04532248
0.03824246
0.04426509
0.04152770
0.04377200
0.04061269
0.04540189
0.04062181
0.03906460
0.04168826
0.04591320
0.04034980
0.03931224
0.04034352
0.04280408
0.04174658
0.04344694
0.04270565
0.04406668
0.04470953
0.03988120
0.03936269
0.04344390
0.05021394
0.04465331
0.03700872
0.03857405
0.03941028
0.03985308
0.04018527
0.03871093
0.04035299
0.04084224
0.05186596
0.05349940
0.03855941
0.04131529
0.04035547
0.03795985
0.05272367
0.04727278
0.04066266
0.04422666
0.04021174
0.04347089
0.04288661
0.04315239
0.04290310
0.04015147
0.04692043
0.03965534
0.04049490
0.03898873
0.03825493
0.08359598
0.03709465
0.04080077
0.03853592
0.04017611
0.03790308
0.04131083
0.04176074
0.04298929
0.04086520
0.04987117
0.04182026
0.03802629
0.04270002
0.04113402
0.04180116
0.03764095
0.03815665
0.04178230
0.03975072
0.04574719
0.05198541
0.04364511
0.04420917
0.04488847
0.04897155
0.04461495
0.04157166
0.03896667
0.04695506
0.04568762
0.04439932
0.04000454
0.03968257
0.04187724
0.03782402
0.03874505
0.03862031
0.04329733
0.04168566
0.04021260
0.04073500
0.04112262
0.04138544
0.03985400
0.04206776
0.04035968
0.05064728
0.03870135
0.04095080
0.03798573
0.04459921
0.04332420
0.04312997
0.04304114
0.04509282
0.04068152
0.04566561
0.04110767
0.04215264
0.04132955
0.04240604
0.04281944
0.04112063
0.04174454
0.04523803
0.04181940
0.04085962
0.04275455
0.04158595
0.04271714
0.03925250
0.04092213
0.03917760
0.04456560
0.04146750
0.03829743
0.03926226
0.04390254
0.04651552
0.04354462
0.03940550
0.04099315
0.04319428
0.04475570
0.03903692
0.03959058
0.03952426
0.04354172
0.04098096
0.05190230
0.05191461
0.04083967
0.04743646
0.04248771
0.04912505
0.04364268
0.04415806
0.03909393
0.03924000
0.04244421
0.04240758
0.03907322
0.04042871
0.04200436
0.04101926
0.03690834
0.04247243
0.04118847
0.04091599
0.04093769
0.04057570
0.04317714
0.04387869
0.04692635
0.04025146
0.04014656
0.04195388
0.03880904
0.04195216
0.04239447
0.03789012
0.04120970
0.04238885
0.04860722
0.04026757
0.04931527
0.04144453
0.04441672
0.03944732
0.04068146
0.04011810
0.05130989
0.03895744
0.04701747
0.03936945
0.03863803
0.03881988
0.03911092
0.03976393
0.03982571
0.03936451
0.04448484
0.04187963
0.03772863
0.04204028
0.03853482
0.04038797
0.04744950
0.04225539
0.04287014
0.04045959
0.03753736
0.04503678
0.04644986
0.03931600
0.04343516
0.04620486
0.04052682
0.04278097
0.04252139
0.04069654
0.04049515
0.04052121
0.03931489
0.04202681
0.04259235
0.04032088
0.04293302
0.04432494
0.05111068
0.04471102
0.03893091
0.03933663
0.04378502
0.04132517
0.04077945
0.04188971
0.03954667
0.04311334
0.04133020
0.04137068
0.04058176
0.03934741
0.04332815
0.04364578
0.03715266
0.04151804
0.04069133
0.04417107
0.04683926
0.05091772
0.04444615
0.04049391
0.05016377
0.04121069
0.04567431
0.03733883
0.04325281
0.04384847
0.04200852
0.04143250
0.04233146
0.03993746
0.04806372
0.04359538
0.04224034
0.03856804
0.04532310
0.03930599
0.04477178
0.04370307
0.03882220
0.04543269
0.03821806
0.04417261
0.04127251
0.04372605
0.04191189
0.03885381
0.03915562
0.04180357
0.04152150
0.03994537
0.03989847
0.04158214
0.04230811
0.04190079
0.04408635
0.04626328
0.04117015
0.03979728
0.04066014
0.03987652
0.04506157
0.04941627
0.04056893
0.04670903
0.04030652
0.04273472
0.03813821
0.03901005
0.04483281
0.04240149
0.03997068
0.04455132
0.04022949
0.04266209
0.04542110
0.04090215
0.04389158
0.04047002
0.04182307
0.04258127
0.04992927
0.04147891
0.03987413
0.03937458
0.04049585
0.04242363
0.04554157
0.03861245
0.05356906
0.03552773
0.03855774
0.03879872
0.04118360
0.05031219
0.03817733
0.04324656
0.03756643
0.04002948
0.04144816
0.03877808
0.03781874
0.04148662
0.04275247
0.04310592
0.04148601
0.04941217
0.04223886
0.04185278
0.04507084
0.04098390
0.03968417
0.04289279
0.04015297
0.04013944
0.04059538
0.04802621
0.04027263
0.04157639
0.03985118
0.03977774
0.04277054