0.01165317
0.01118757
0.00943346
0.01161204
0.01088015
0.01058300
0.01160674
0.01164939
0.01087947
0.01085612
0.01084566
0.01210896
0.01124485
0.01091776
0.01765343
0.01095588
0.01182167
0.01544957
0.01385022
0.01147665
0.01066969
0.01256897
0.01463674
0.01043773
0.01213067
0.01133850
0.01003508
0.01052784
0.01136734
0.01090561
0.01095700
0.01070925
0.00958615
0.01092944
0.01228090
0.01009122
0.01237528
0.01063079
0.01227852
0.01020175
0.01062071
0.01171979
0.01005383
0.01079019
0.01010101
0.01075792
0.01171972
0.01003107
0.01082808
0.01165068
0.01076010
0.01001190
0.01029842
0.00961001
0.01215641
0.01088284
0.01076429
0.01062846
0.01337634
0.01021643
0.01096995
0.00940068
0.01221451
0.01092826
0.00919297
0.01071859
0.01001339
0.01141442
0.00972320
0.01189023
0.01146902
0.01121403
0.00973655
0.01013232
0.01151762
0.01062753
0.01122218
0.01082479
0.01029834
0.01127057
0.00939720
0.01019092
0.01023971
0.01124454
0.01400685
0.01350865
0.00962116
0.00993124
0.01456717
0.01172675
0.01139983
0.01144956
0.01089753
0.01060760
0.01052238
0.01011469
0.01179792
0.01234479
0.01481436
0.01262113
0.01377371
0.01078831
0.01071111
0.01141264
0.01075456
0.01210725
0.01045356
0.01038761
0.00990863
0.01029026
0.00992135
0.01343041
0.01115788
0.01010581
0.01012750
0.00996581
0.00957278
0.01242332
0.01132341
0.01070780
0.01047255
0.01190486
0.01072964
0.01085844
0.01018858
0.01049334
0.00951538
0.01029470
0.01069343
0.01290415
0.01133050
0.01146836
0.01026559
0.01029403
0.01148635
0.01094678
0.01008940
0.01075660
0.01194758
0.01092358
0.01234800
0.01037525
0.01354793
0.01226123
0.00976324
0.01197048
0.01495614
0.00962333
0.01068067
0.01039784
0.01025302
0.01075285
0.01035332
0.00923936
0.01060502
0.01004280
0.01001897
0.01205705
0.01523160
0.01180682
0.01101201
0.01168658
0.01066208
0.01299370
0.01015946
0.01417269
0.01020868
0.00991137
0.01059944
0.01033298
0.01061171
0.01349664
0.01044617
0.00964487
0.00936671
0.00998627
0.01182790
0.01205301
0.01011779
0.01078165
0.00992583
0.01127978
0.00993486
0.01065725
0.01086459
0.01156146
0.00966982
0.01038373
0.01003782
0.01066412
0.01211514
0.01197431
0.01004320
0.01064485
0.00956370
0.01002370
0.01046016
0.01073725
0.01176447
0.01228067
0.01220183
0.01114348
0.01006700
0.01168100
0.01136577
0.01008866
0.01047456
0.01135525
0.01157927
0.01345678
0.01078904
0.01014963
0.01004586
0.01279921
0.01060589
0.01114510
0.00945833
0.01129039
0.01205364
0.01084704
0.01048567
0.01181620
0.01118304
0.01273861
0.01044325
0.01057570
0.01143594
0.01207847
0.00917331
0.01127885
0.01041887
0.00931511
0.01069976
0.01069370
0.01266679
0.01011310
0.01021874
0.01028636
0.01145710
0.01011444
0.01057798
0.00947037
0.01131187
0.01248851
0.01358676
0.01028061
0.01263053
0.01090253
0.01019600
0.01313694
0.01089357
0.00996617
0.01096478
0.01142753
0.01024034
0.01097216
0.01023571
0.01007970
0.01173737
0.01221919
0.01014544
0.01105616
0.01180033
0.00947253
0.01048513
0.01034721
0.00917395
0.01260814
0.01097379
0.01080623
0.01250190
0.01394158
0.00995123
0.01055580
0.01085311
0.01014148
0.01047273
0.00984518
0.01162894
0.01039613
0.01122638
0.01333947
0.01168654
0.00974499
0.01136116
0.01199335
0.01146641
0.01178074
0.01540045
0.01000180
0.01131868
0.01037958
0.01105469
0.01122784
0.01073306
0.01037715
0.01191666
0.01029030
0.01026244
0.00983204
0.01044700
0.00993473
0.01080929
0.01077936
0.01198558
0.01346188
0.01045665
0.00972403
0.00955784
0.01084612
0.00989546
0.01100195
0.01136904
0.01217659
0.01011529
0.01029648
0.01046550
0.01066089
0.01165677
0.01570661
0.01076339
0.01253776
0.01170851
0.01183993
0.01127123
0.01182724
0.00962106
0.01015333
0.00958809
0.01111169
0.00948481
0.01064863
0.01012689
0.01138970
0.01046157
0.01040897
0.01064292
0.01202997
0.01044468
0.01026007
0.01165759
0.01141011
0.00995857
0.01264830
0.01121085
0.01118004
0.01117053
0.01291872
0.01086600
0.01016068
0.01081724
0.01071226
0.01072444
0.01088995
0.01053511
0.01128671
0.01292497
0.01070878
0.01030588
0.01188125
0.01269300
0.01018461
0.01043652
0.01137446
0.01087652
0.01156446
0.00966310
0.01097948
0.01117267
0.01102587
0.01096276
0.00997687
0.00997170
0.01381641
0.01109921
0.01192596
0.01120309
0.01393495
0.01141135
0.01130227
0.01088609
0.01078831
0.01433246
0.01344180
0.01167312
0.01026571
0.01077632
0.01093161
0.01001148
0.01042451
0.01133519
0.01159668
0.01026594
0.01156264
0.00936537
0.01151991
0.01005305
0.01333804
0.01100879
0.01002698
0.00992213
0.01134371
0.01026847
0.01136991
0.00952582
0.01043194
0.01004931
0.01033846
0.01311070
0.01031181
0.01182744
0.01004960
0.01115118
0.01267941
0.01146003
0.01072403
0.01272590
0.00952868
0.00915940
0.01356155
0.01037945
0.01124883
0.01295549
0.01036179
0.01007238
0.01314501
0.01037931
0.01022211
0.01067989
0.01253001
0.01083027
0.01424008
0.01254699
0.01102438
0.01061131
0.01070483
0.01005574
0.01129235
0.01212083
0.01131307
0.01125848
0.01194977
0.01098059
0.01069900
0.01092601
0.01085575
0.01079089
0.01447594
0.01244573
0.01030760
0.01194730
0.01022098
0.00998341
0.01154322
0.01259140
0.01146468
0.01186484
0.01158257
0.01487944
0.01174135
0.01019728
0.00950396
0.01094895
0.01175203
0.01157920
0.01030989
0.00949700
0.00988642
0.01037099
0.01374960
0.00945523
0.01110151
0.01109425
0.00984334
0.00959257
0.01040495
0.00996249
0.01175748
0.01225086
0.01135205
0.01025871
0.00970481
0.01046041
0.01137336
0.01090884
0.01123885
0.01058265
0.01071134
0.01225889
0.01273426
0.01326970
0.01135448
0.01150641
0.01097794
0.01117621
0.01153003
0.00984387
0.01260942
0.01190140
0.01163726