0.02849627
0.02480477
0.02449875
0.02444664
0.02737818
0.02659858
0.02441789
0.02308342
0.02709468
0.02465117
0.02815938
0.02446600
0.02823115
0.02633850
0.02673155
0.02959489
0.02526594
0.02542015
0.02587311
0.02847446
0.02416932
0.02564775
0.02335672
0.02293776
0.02257553
0.02340162
0.03925971
0.02864896
0.02467490
0.02458008
0.02339177
0.03060128
0.02355648
0.02405504
0.02581732
0.02494262
0.02630526
0.03009507
0.02653808
0.02447644
0.02499226
0.03214086
0.02415787
0.02973510
0.02463786
0.02758481
0.02789707
0.02418086
0.02640345
0.02429593
0.02864885
0.02507059
0.02593537
0.02375182
0.02540096
0.02962185
0.02842937
0.02302226
0.02436164
0.02475821
0.02573846
0.02780193
0.02963234
0.02429851
0.02343043
0.02360111
0.02342843
0.02285367
0.02537472
0.02871212
0.02400436
0.02700873
0.02571688
0.02321399
0.02516634
0.02484529
0.02263722
0.02644644
0.02364493
0.03205020
0.02598556
0.02487968
0.02852030
0.02800047
0.02441786
0.02682933
0.02877447
0.02472054
0.03540915
0.02459069
0.02342578
0.02577152
0.02324515
0.02594820
0.02668389
0.02195500
0.02617176
0.02535414
0.02274463
0.02856013
0.02273578
0.02461167
0.02650425
0.02532439
0.02553055
0.02458080
0.02458123
0.02348998
0.02595980
0.02371706
0.02226978
0.02626042
0.02728879
0.02680673
0.02480111
0.02469924
0.02268168
0.02325926
0.02329360
0.02543079
0.02422605
0.03876787
0.02417135
0.02825912
0.02496722
0.02874478
0.02374324
0.02372635
0.02660797
0.02524905
0.02484945
0.02446147
0.02415236
0.02776761
0.02677569
0.02832559
0.02647363
0.02286803
0.02310049
0.02499060
0.02548184
0.02666153
0.02914843
0.03795512
0.02605840
0.02348818
0.02370947
0.02884736
0.02366182
0.02349384
0.02245784
0.02438224
0.02828892
0.02421085
0.02657519
0.02611004
0.02731036
0.02939386
0.02350573
0.02316206
0.02636762
0.02750456
0.02457809
0.02371536
0.02459818
0.02594497
0.02562408
0.02742452
0.02389694
0.02690034
0.02468543
0.02791949
0.02270334
0.02803847
0.02527330
0.02444687
0.02686665
0.02438891
0.02422408
0.02505892
0.02622324
0.02580441
0.02309885
0.02537836
0.02629957
0.03148669
0.02687807
0.02583588
0.02291366
0.02490336
0.02383618
0.02494994
0.03220622
0.02465675
0.03188798
0.02517445
0.02479793
0.02440062
0.02562438
0.02344622
0.02252301
0.02467608
0.02827331
0.02472280
0.02555924
0.02569167
0.02369473
0.02508528
0.02665936
0.02332754
0.02514500
0.02452318
0.02768974
0.02626905
0.02255123
0.02436792
0.02516120
0.02261370
0.02484976
0.02835959
0.02501346
0.02291959
0.02870379
0.02860745
0.02312596
0.02413999
0.02633600
0.02345898
0.02593503
0.02743885
0.02509085
0.02229150
0.02663949
0.02448353
0.02709441
0.02442285
0.02624651
0.02584399
0.02441875
0.02649970
0.02311946
0.02636936
0.02511506
0.03063046
0.03211156
0.02221781
0.02724386
0.02329859
0.02598293
0.02904784
0.02597081
0.02592862
0.02641023
0.02435187
0.02750997
0.02525636
0.02570997
0.02567519
0.02576752
0.02709843
0.03102437
0.02490457
0.02856896
0.02470712
0.02471558
0.02372675
0.02446059
0.02630896
0.02531833
0.02364699
0.02455599
0.02476626
0.02252237
0.02758432
0.02563354
0.03148356
0.02640807
0.02384570
0.02476507
0.02411473
0.02348767
0.02242327
0.02594701
0.02724954
0.02989546
0.02691829
0.02548316
0.02620202
0.02460907
0.02430221
0.02423698
0.02567717
0.02697005
0.02592923
0.02621169
0.02565950
0.02451747
0.02546195
0.02915374
0.02672535
0.02441836
0.02533159
0.02440568
0.02602679
0.02446979
0.02403983
0.02446612
0.02542720
0.02428191
0.02439124
0.02845085
0.02400867
0.02345029
0.02610035
0.02616988
0.02600572
0.03070925
0.02392716
0.02353745
0.02746307
0.02217074
0.02341780
0.02405507
0.02515691
0.02354941
0.02352074
0.02617887
0.02754888
0.02409334
0.02748582
0.02797297
0.02742085
0.02477236
0.02289987
0.02746764
0.02444097
0.02394619
0.02694044
0.02887065
0.02461995
0.02314994
0.02263776
0.02421053
0.02478105
0.02555461
0.02404497
0.02644542
0.02689066
0.02331150
0.02375213
0.02733532
0.02420478
0.02804841
0.02519247
0.02221289
0.02446324
0.02487237
0.02463739
0.02479760
0.02226513
0.02487001
0.02456320
0.02886803
0.02347807
0.02211403
0.02742112
0.02342170
0.02644469
0.02532420
0.02340366
0.03533846
0.02519480
0.02530834
0.02686823
0.02250480
0.02531211
0.02926740
0.02707101
0.02996865
0.02682216
0.02511057
0.02620102
0.02744215
0.02361062
0.02944159
0.02630244
0.02428032
0.02453914
0.02607470
0.02725442
0.02533073
0.02624113
0.02616597
0.02527677
0.02651613
0.02539034
0.02662491
0.02424499
0.02509042
0.02449101
0.02657939
0.02653382
0.02469154
0.02417581
0.02385297
0.02467171
0.02883689
0.02547159
0.02626324
0.02506846
0.02342251
0.02541075
0.02709625
0.02580314
0.02459385
0.02368515
0.02632418
0.02869555
0.02681670
0.02615026
0.03327623
0.02451265
0.02927554
0.02369953
0.02393054
0.02361075
0.02446278
0.02418401
0.02478584
0.02739468
0.02763975
0.02694673
0.02319692
0.02438491
0.02394416
0.02875243
0.02898676
0.02310701
0.02254321
0.02687885
0.02410474
0.02491085
0.02506087
0.02562153
0.02524390
0.02531406
0.02436653
0.02564662
0.02874194
0.02349473
0.02409374
0.02362475
0.02506176
0.02613986
0.02796174
0.02740948
0.02914129
0.02639904
0.02372862
0.02410666
0.02326930
0.02483161
0.02537476
0.02464334
0.02303862
0.03027940
0.02344093
0.02351893
0.02573093
0.02207319
0.02587935
0.02694156
0.02254187
0.02379524
0.02567203
0.02405329
0.03321263
0.02375246
0.02515818
0.02495083
0.02325425
0.02470999
0.02259645
0.02499589
0.02643094
0.02500945
0.02836064
0.02400336
0.02786810
0.03008885
0.02997790
0.02904045
0.02379718
0.02661256
0.02504889
0.02574419
0.02381980
0.02399758
0.02413244
0.02328860