0.00684718
0.00853061
0.00669646
0.00695332
0.00773917
0.00803346
0.00753957
0.00745804
0.00813015
0.00739394
0.00701889
0.00824426
0.00822667
0.00876267
0.00779440
0.00858779
0.00782704
0.00791719
0.00838413
0.00709431
0.00783287
0.00835858
0.00713805
0.00706073
0.00702278
0.00722099
0.00758595
0.00782904
0.00683101
0.00673623
0.00686752
0.00639787
0.00742280
0.00654964
0.00651022
0.00765532
0.00813125
0.00679366
0.00754143
0.00796692
0.00710732
0.00872116
0.00818499
0.00712564
0.00811954
0.00806370
0.00940943
0.00856036
0.00766841
0.00766406
0.00854489
0.00788560
0.00746884
0.00755627
0.00928727
0.00785290
0.00664684
0.00647934
0.00755636
0.00713331
0.00766279
0.00722769
0.00707261
0.00725104
0.00776668
0.00624853
0.00665420
0.00671255
0.00645096
0.00757940
0.00665631
0.00747926
0.00681803
0.00720693
0.00626970
0.00866468
0.00741106
0.00740565
0.00767021
0.00653963
0.00708591
0.00803879
0.00739921
0.00785225
0.00733161
0.00693180
0.00686997
0.00814029
0.00804029
0.00836180
0.00735757
0.00898056
0.00762608
0.00983233
0.00658581
0.00747740
0.00708153
0.00678374
0.00750592
0.00783860
0.00704534
0.00738580
0.00675548
0.00756397
0.00715721
0.00844237
0.00707937
0.00752512
0.00677072
0.00677831
0.00771147
0.00681413
0.00764427
0.00773767
0.00792922
0.00740626
0.00758539
0.00790275
0.00809705
0.00735193
0.00820795
0.00702748
0.00768358
0.00686156
0.00744971
0.00652744
0.00741210
0.00678447
0.00800618
0.00693418
0.00723876
0.00840448
0.00779084
0.00706230
0.00800281
0.00838412
0.00815990
0.00684686
0.00747997
0.00756263
0.00791942
0.00822014
0.00746133
0.00760599
0.00718478
0.00738109
0.00690441
0.00713001
0.00814439
0.00842389
0.00778346
0.00766042
0.00738988
0.00714778
0.00725195
0.00651004
0.00766793
0.00664030
0.00708086
0.00774643
0.00696271
0.00807351
0.00724808
0.00919868
0.00674311
0.00680497
0.00638696
0.00794969
0.00834821
0.00678539
0.00755228
0.00829181
0.00700017
0.00859991
0.00750467
0.00704035
0.00649075
0.00736078
0.00679967
0.00662168
0.00756934
0.00723486
0.00734197
0.00642381
0.00769640
0.00802465
0.00800106
0.00787201
0.00863843
0.00944811
0.00713666
0.00863823
0.00730694
0.00888094
0.00686085
0.00834968
0.00739616
0.00819238
0.00752632
0.00723727
0.00819095
0.00725910
0.00779701
0.00709409
0.00697736
0.00762634
0.00776035
0.00782650
0.00766727
0.00925599
0.00702822
0.00851798
0.00689671
0.00687281
0.00672240
0.00838067
0.00752151
0.00788391
0.00686783
0.00799568
0.00761697
0.00791060
0.00800788
0.00641245
0.00796407
0.00747286
0.00701796
0.00831747
0.00923199
0.00692786
0.00706831
0.00791373
0.00740023
0.00719089
0.00832432
0.00749510
0.00737311
0.00879914
0.00723398
0.00697042
0.00764250
0.00813036
0.00779285
0.00694272
0.00772293
0.00872365
0.00784468
0.00806718
0.00792205
0.00682120
0.00702123
0.00723070
0.00787604
0.00785015
0.00819324
0.00723928
0.00788553
0.00810145
0.00716076
0.00699424
0.01017962
0.00690990
0.00698295
0.00721642
0.00720974
0.00836121
0.00733589
0.00753727
0.00764486
0.00673089
0.00725354
0.00687644
0.00817590
0.00784273
0.00711273
0.00679138
0.00736406
0.00722496
0.00785674
0.00637244
0.00766469
0.00650744
0.00746137
0.00738353
0.00822501
0.00766183
0.00833043
0.00789519
0.00889846
0.00763648
0.00813062
0.00765062
0.00712774
0.00703421
0.00778665
0.00718386
0.00983099
0.00884876
0.00878789
0.00789059
0.00834942
0.00758888
0.00717978
0.00734077
0.00708997
0.00774789
0.00760266
0.00711131
0.00772369
0.00685255
0.00707552
0.00844717
0.00690887
0.00761872
0.00677580
0.00773454
0.00768044
0.00752815
0.00679288
0.00834751
0.00729548
0.00640408
0.00695242
0.00964474
0.00677179
0.00778461
0.00706456
0.00912349
0.00808311
0.00715206
0.00672912
0.00720999
0.00770612
0.00754473
0.00697800
0.00786565
0.00710061
0.00765436
0.00698959
0.00693945
0.00721735
0.00800953
0.00755667
0.00750404
0.00691388
0.00677439
0.00793890
0.00691212
0.00748111
0.00707304
0.00694137
0.00697964
0.00789915
0.00806292
0.00789137
0.00738331
0.00760136
0.00672506
0.00793650
0.00737626
0.00708651
0.00755737
0.00781554
0.00845438
0.00690115
0.00870219
0.00722644
0.00743886
0.00754624
0.00834778
0.00726679
0.00700453
0.00744078
0.00740782
0.00896814
0.00777933
0.00744740
0.00713648
0.00808120
0.00744703
0.00694735
0.00732809
0.00814540
0.00831654
0.00680336
0.00755319
0.00666067
0.00687321
0.00703915
0.00770491
0.00733736
0.00652246
0.00825986
0.00913243
0.00748377
0.00758251
0.00728199
0.00694616
0.00662648
0.00853134
0.00733141
0.00694681
0.00670422
0.00729506
0.00819156
0.00745538
0.00677567
0.00721436
0.00663719
0.00808274
0.00830560
0.00884575
0.00773851
0.00686458
0.00776623
0.00746795
0.00811766
0.00708389
0.00751077
0.00754062
0.00750914
0.00829335
0.00776463
0.00805075
0.00783968
0.00678446
0.00821679
0.00853883
0.00718832
0.00745450
0.00778237
0.00788002
0.00769647
0.00783824
0.00864602
0.00796755
0.00773544
0.00719620
0.00718611
0.00873816
0.00667141
0.00684222
0.00952075
0.00679420
0.00709623
0.00768584
0.00795469
0.00654906
0.00837340
0.00797381
0.00821828
0.00773747
0.00688563
0.00710532
0.00796574
0.00853862
0.00883978
0.00749364
0.00745108
0.00855225
0.00679435
0.01001325
0.00895957
0.00724274
0.00713767
0.00740032
0.00766776
0.00788681
0.00838095
0.00653365
0.00664736
0.00780154
0.00749862
0.00624222
0.00858610
0.00893529
0.00715173
0.00674296
0.00807509
0.00753807
0.00722335
0.00757718
0.00772892
0.00748564
0.00771467
0.00725175
0.00674455
0.00722730
0.00852296
0.00770191
0.00788245
0.00782187
0.00752740
0.00695995
0.00754555
0.00784669
0.00687422
0.00716929
0.00751462
0.00665801