0.01679026
0.01518361
0.01613257
0.01632338
0.01439143
0.02222010
0.01719336
0.02306651
0.01995272
0.02144733
0.01759089
0.01689939
0.01356984
0.01723066
0.01810873
0.01796841
0.01482944
0.01681383
0.01715255
0.01532801
0.01612507
0.02237315
0.01551082
0.01636871
0.01745811
0.01428768
0.01748010
0.01736422
0.01753347
0.01577622
0.02087471
0.01519198
0.02033164
0.01570661
0.01614652
0.01365849
0.01769850
0.01942397
0.01801336
0.02060423
0.01722989
0.01407360
0.01718880
0.01860165
0.01953946
0.01592914
0.01600722
0.01974416
0.01819430
0.02183470
0.01552820
0.01925360
0.01654388
0.01813846
0.02025356
0.01504075
0.01601026
0.01502564
0.01841380
0.01521055
0.01676427
0.01893584
0.01689610
0.01581900
0.01629901
0.01833037
0.01782958
0.01870020
0.01682959
0.02131465
0.01423017
0.01722287
0.01892211
0.01408830
0.01456951
0.01488003
0.01866473
0.01530747
0.01476667
0.01967775
0.02026269
0.02085533
0.02385579
0.01594908
0.01719387
0.01773201
0.01698503
0.01734834
0.01575155
0.01832431
0.01584745
0.01397041
0.01860376
0.01678251
0.01579735
0.01489098
0.01368008
0.02364311
0.01847772
0.01729933
0.01983959
0.01953573
0.01689549
0.01689542
0.02102597
0.01761965
0.01952168
0.01803811
0.01797931
0.01477119
0.01966941
0.01709687
0.02579714
0.01732015
0.01825531
0.01492469
0.01786792
0.01434669
0.01827105
0.01748467
0.01598104
0.01812209
0.01620076
0.02239206
0.02156975
0.01757857
0.01349181
0.01489912
0.01871505
0.01941913
0.01703783
0.02254738
0.01890383
0.01980732
0.01455451
0.01641128
0.01958306
0.01671695
0.01801927
0.01874441
0.01778849
0.03123622
0.02356710
0.01562382
0.01581480
0.01754645
0.01819409
0.01847093
0.01710676
0.01651518
0.01910993
0.01520298
0.01837044
0.01491328
0.01580706
0.01576250
0.01771979
0.01340008
0.01779153
0.01611304
0.01911240
0.01427252
0.01720754
0.01593336
0.01630455
0.01829129
0.02111497
0.01550751
0.02028604
0.01761280
0.01598446
0.01993446
0.01512596
0.01776423
0.01421461
0.02010521
0.02344911
0.01587163
0.01915303
0.02033252
0.01774681
0.01738301
0.01809982
0.01895145
0.02160852
0.01875568
0.01570731
0.01519551
0.01595042
0.01837478
0.01887687
0.01534559
0.02127840
0.01582694
0.01748898
0.01614148
0.01660860
0.01539523
0.01575612
0.01558920
0.01626746
0.01572452
0.01720821
0.01510454
0.01740320
0.02275131
0.01667242
0.01669678
0.02574584
0.01477152
0.02058667
0.01886656
0.01719643
0.01987140
0.01866325
0.01532269
0.01692128
0.02010415
0.01896652
0.02209521
0.01540503
0.01902942
0.01785778
0.01958937
0.01508840
0.02629792
0.02127498
0.01506407
0.01675474
0.02221856
0.01737240
0.01343451
0.01421844
0.01743438
0.02054906
0.01806144
0.01684543
0.01814470
0.02000367
0.01723911
0.01531248
0.01654931
0.01869945
0.01890903
0.01628662
0.01725559
0.01711031
0.01682889
0.01641183
0.01726065
0.01899588
0.01794349
0.01891766
0.01561391
0.01631018
0.01680909
0.01740330
0.02030398
0.01973577
0.01632340
0.01387826
0.02562819
0.01844464
0.01403386
0.02535895
0.01974278
0.01509855
0.01636808
0.01969548
0.01617336
0.01513347
0.01730618
0.01654140
0.01524547
0.01568909
0.02019470
0.01599162
0.01822867
0.01716153
0.02082017
0.01852611
0.01409237
0.01885986
0.01616100
0.01597661
0.01926354
0.01716511
0.01746931
0.02326607
0.01734974
0.02075905
0.02442350
0.02205916
0.02269818
0.01756040
0.01617931
0.01863728
0.02165236
0.01777502
0.01417075
0.01386055
0.01830485
0.02432534
0.01680239
0.02129623
0.01641348
0.01481848
0.01732542
0.01794698
0.01746548
0.01722615
0.01464885
0.02093998
0.01872533
0.01989221
0.01742546
0.01733730
0.01630886
0.02086134
0.02047801
0.01706604
0.01935168
0.01780560
0.01505031
0.02145837
0.01696432
0.01551020
0.02003528
0.01640931
0.01872824
0.01914937
0.01337058
0.01547407
0.01885437
0.02393925
0.01733388
0.01678396
0.01847428
0.01457342
0.01695234
0.01565839
0.01726588
0.01777422
0.01733797
0.01686109
0.01595324
0.01538817
0.01862330
0.01605105
0.01823899
0.01866897
0.02567575
0.01581036
0.01820796
0.01482426
0.01862420
0.01532211
0.01730939
0.01743921
0.01780843
0.01608845
0.01602400
0.01734529
0.01835456
0.01805395
0.01860024
0.01774032
0.01678883
0.02091753
0.01439196
0.02031050
0.01534777
0.01820200
0.01612920
0.02000016
0.01359777
0.01908005
0.01978876
0.01970549
0.01764519
0.01528151
0.01904727
0.01591694
0.01623275
0.01763392
0.01574708
0.01505673
0.01662101
0.02234388
0.01755594
0.01857941
0.01663884
0.01800426
0.01804708
0.01596953
0.01727806
0.01779576
0.01596560
0.01732668
0.02116740
0.01875603
0.01746164
0.02187668
0.01547313
0.01731733
0.01566595
0.01585613
0.01725290
0.01815479
0.02222881
0.01743518
0.02771383
0.02164181
0.01747558
0.01706594
0.01622083
0.01527554
0.01804518
0.01846807
0.01458311
0.01785736
0.01720010
0.01598322
0.01573682
0.01658323
0.01441452
0.01510234
0.02461949
0.01946152
0.01750424
0.01619014
0.01826755
0.01561311
0.01683394
0.01693577
0.01968180
0.01666651
0.01689214
0.01567936
0.01837786
0.01751743
0.01624222
0.01644061
0.01901133
0.01932573
0.01649612
0.01723630
0.01807202
0.02078683
0.01697218
0.01627388
0.01618991
0.01883570
0.01439298
0.01868056
0.01593874
0.02231175
0.01830099
0.01516816
0.02454526
0.01920528
0.01909340
0.01918499
0.01674157
0.01739561
0.02238136
0.01685140
0.02043561
0.02152852
0.01839152
0.01807862
0.01595218
0.01481597
0.01880231
0.01869487
0.01724990
0.01644966
0.02349260
0.01656263
0.02620382
0.01517766
0.01780999
0.02044004
0.01632364
0.01805518
0.01565345
0.01500872
0.01902216
0.01983726
0.01410438
0.01683413
0.01486274
0.01644234
0.01767532
0.01776364
0.02154169
0.01691921
0.02009349
0.02033936
0.01572446