0.03781515
0.03609587
0.03645515
0.04114208
0.03782552
0.03778495
0.04067704
0.03819233
0.03653924
0.03846375
0.04023782
0.03737555
0.03786426
0.03931200
0.03749290
0.04031863
0.04218819
0.04600793
0.03707787
0.03813679
0.03683488
0.03810686
0.03595475
0.03965357
0.04088884
0.03842933
0.03664559
0.04013018
0.03684129
0.04101630
0.03591110
0.03912699
0.04738669
0.04121557
0.04010247
0.04064434
0.03540096
0.03878242
0.04198033
0.03764639
0.04197008
0.04012860
0.04306427
0.03778496
0.03902755
0.04005194
0.03860846
0.04175317
0.04019221
0.03704092
0.03678398
0.03626385
0.04086268
0.03930695
0.03681974
0.04025598
0.03865526
0.04021180
0.04303954
0.05128070
0.03967813
0.03777705
0.03609176
0.03888667
0.04506300
0.03985744
0.04270660
0.03726985
0.03987071
0.03898732
0.03911606
0.04253400
0.03888088
0.04100955
0.03819196
0.04443583
0.03952163
0.03628995
0.04008814
0.03910199
0.03699446
0.04121077
0.03834390
0.04136470
0.03930110
0.03857662
0.03920720
0.04347169
0.04339539
0.03985681
0.03914843
0.03753271
0.03913640
0.04151776
0.03860668
0.03960746
0.04049719
0.03973992
0.03783015
0.04451231
0.03896108
0.04071939
0.04245504
0.03633966
0.04043035
0.04254068
0.03891911
0.04153365
0.04483966
0.04123134
0.03893082
0.03655204
0.04107567
0.03940690
0.03843013
0.04010585
0.04213505
0.03872606
0.03833979
0.04143356
0.04154999
0.03913474
0.03859703
0.03700045
0.03765354
0.04138235
0.04309821
0.03771106
0.03815269
0.03834782
0.03622428
0.04536054
0.04098909
0.03734960
0.03941595
0.03675894
0.03546258
0.03861010
0.03881994
0.03999149
0.03848230
0.04048625
0.03713166
0.03867109
0.04118051
0.03869089
0.03691894
0.03915980
0.04208721
0.04075297
0.03885094
0.04063408
0.04098988
0.03947254
0.04116424
0.04195158
0.04036807
0.04636328
0.04203347
0.03839323
0.04212421
0.03905084
0.03811756
0.03771041
0.04229406
0.03838725
0.04105032
0.03929972
0.03597422
0.04268466
0.03854379
0.03787715
0.03820188
0.03729343
0.03918749
0.03921006
0.03734512
0.04057955
0.03931083
0.03722023
0.03716120
0.03768911
0.04458423
0.03830792
0.04196350
0.03837035
0.04102286
0.03988097
0.03889680
0.03774999
0.03649159
0.03853528
0.04229152
0.03890061
0.03989076
0.03695624
0.03966247
0.03688677
0.03931337
0.04139559
0.03767175
0.03974118
0.04175815
0.03944220
0.03944392
0.03827177
0.03686248
0.04131846
0.04102189
0.03918698
0.04451525
0.03965528
0.04047977
0.03815194
0.03860114
0.03918826
0.03904828
0.03976616
0.03887640
0.04111593
0.03775115
0.03746511
0.03813334
0.04325071
0.03830248
0.04312372
0.03887916
0.04675444
0.05253645
0.04034966
0.03552558
0.03770856
0.03847258
0.03988501
0.04008479
0.03898445
0.03923609
0.03919942
0.03825151
0.04868387
0.03950965
0.03970128
0.03828263
0.04172141
0.03771813
0.03876228
0.03877192
0.03892480
0.03919073
0.04077999
0.03937077
0.03761854
0.04332883
0.04230396
0.03846782
0.03778450
0.04012913
0.04328913
0.04052554
0.03862323
0.03836229
0.04188503
0.04415063
0.03738951
0.04141642
0.03945292
0.03808357
0.04497135
0.04115659
0.03982315
0.03873821
0.04264891
0.04003502
0.03903727
0.03640636
0.03585529
0.03890346
0.03753160
0.03834271
0.03828707
0.03817023
0.03746343
0.03736793
0.03937092
0.03920667
0.03678520
0.03640289
0.03644804
0.03974171
0.03904915
0.03730360
0.04014013
0.03734527
0.03835289
0.03724840
0.04208170
0.03653873
0.04201816
0.03736383
0.04028313
0.04348965
0.03841413
0.03912482
0.03902580
0.03691233
0.03959836
0.03692768
0.04020367
0.03823184
0.04070832
0.03780941
0.04068116
0.03755700
0.03995507
0.04046868
0.04056176
0.03635015
0.04107906
0.03793488
0.03721306
0.04394507
0.04011752
0.04157015
0.03605798
0.03697845
0.03732262
0.04870805
0.03609470
0.05086298
0.03991570
0.04031455
0.03922205
0.03758156
0.03770612
0.03723570
0.03815417
0.04145594
0.04242088
0.03883702
0.04298375
0.03977745
0.04344158
0.03922434
0.03796024
0.03866085
0.03991819
0.03860531
0.03857146
0.03933541
0.03896869
0.03886987
0.05029177
0.03907586
0.03907527
0.03587378
0.04017236
0.03874844
0.03817858
0.03954367
0.04149419
0.03949764
0.03757010
0.03649847
0.04488024
0.04050778
0.03623904
0.04104426
0.04486985
0.03804915
0.03984301
0.04342634
0.03970126
0.04209574
0.03892338
0.03680135
0.04353490
0.04119071
0.04224572
0.04176602
0.03522997
0.04196015
0.04323480
0.04096160
0.04489217
0.04102760
0.04137478
0.04128634
0.04002592
0.03900166
0.03567948
0.04186261
0.04940670
0.03724736
0.03778062
0.04052476
0.03934394
0.03844599
0.03839448
0.03936296
0.03873132
0.03707245
0.03983914
0.04871892
0.03996283
0.03801544
0.03693103
0.04210979
0.04241263
0.04377224
0.04092499
0.03734680
0.04172707
0.03669602
0.03668795
0.03937182
0.03717508
0.03992839
0.03966761
0.04592155
0.04086005
0.03936010
0.04211334
0.03850327
0.04399893
0.03862857
0.03886577
0.04053692
0.04215937
0.03876333
0.04688641
0.03952241
0.04176230
0.03782730
0.03981373
0.03772804
0.03664967
0.03917167
0.03684251
0.03689999
0.03962846
0.04029323
0.03856995
0.04225566
0.03794236
0.03737662
0.04048761
0.04256644
0.03886918
0.04023290
0.04382118
0.04016611
0.04341005
0.04711371
0.04139880
0.03847076
0.04179771
0.03738745
0.03943461
0.03774980
0.03584423
0.04653336
0.04120378
0.03767928
0.03974022
0.03978989
0.03851652
0.03770300
0.04110579
0.03920872
0.04432032
0.04016618
0.03804812
0.03802331
0.03788128
0.04221338
0.04180742
0.03867927
0.04003981
0.04325002
0.03971103
0.03804616
0.03771293
0.04339614
0.04046468
0.04094226
0.04520038
0.04034820
0.03680734
0.03777632
0.03987346
0.03923402
0.04630518
0.03625141
0.03884515
0.03885726
0.04465632
0.04396611
0.04202069
0.04070058
0.03552832