0.03219456
0.02560441
0.02631686
0.02909742
0.02899702
0.03125280
0.02599202
0.02956734
0.03907269
0.03784325
0.02251898
0.02530667
0.03790519
0.02670323
0.02625924
0.02447385
0.02202659
0.02169142
0.02644303
0.02790146
0.03130382
0.02539782
0.02665267
0.02324051
0.03301372
0.02775801
0.02366810
0.03100530
0.04320419
0.02754239
0.03390254
0.02462653
0.02959939
0.02571847
0.03797003
0.03097671
0.03056504
0.02708509
0.02943724
0.02441439
0.03677406
0.02811885
0.02726477
0.02145316
0.02316984
0.02238021
0.02950376
0.02638702
0.03119417
0.02660751
0.02983911
0.03135980
0.03622860
0.02496398
0.02148764
0.03496872
0.02597254
0.03783136
0.02463450
0.02441026
0.04264744
0.03177842
0.02448911
0.03244471
0.02835156
0.02321431
0.02579943
0.02089509
0.03415663
0.03209698
0.03416174
0.02710104
0.02897113
0.02553763
0.02382710
0.03198355
0.02751094
0.02362648
0.02489605
0.02983355
0.02597157
0.02443336
0.02772584
0.02572115
0.02411033
0.03066562
0.02450300
0.03559489
0.02293398
0.02577580
0.02473777
0.02444945
0.02408451
0.03815396
0.02523847
0.02543793
0.03362767
0.02277889
0.02439184
0.02841547
0.03051868
0.03049453
0.03101465
0.02458621
0.02310208
0.02923861
0.02538291
0.02704077
0.02910746
0.02369042
0.02573975
0.03183299
0.02562095
0.02287961
0.02893134
0.02334711
0.02624978
0.02120620
0.02831434
0.03243909
0.02849620
0.04832472
0.03917774
0.02237541
0.02575830
0.02513797
0.03280818
0.02297346
0.02939652
0.02740992
0.03013050
0.03113513
0.02278489
0.02781652
0.02788866
0.02500927
0.03117754
0.02346157
0.03498067
0.02121902
0.03385061
0.02527076
0.02648559
0.02925189
0.02849326
0.02706839
0.03104648
0.02673440
0.02335172
0.02508770
0.02281757
0.02694067
0.02982793
0.02694611
0.02244930
0.02870587
0.02458455
0.03502437
0.03052247
0.03599766
0.02862359
0.02444452
0.02801307
0.02314175
0.03300728
0.02613496
0.02748254
0.02917558
0.02881197
0.02334369
0.04409855
0.03257366
0.02785511
0.02706145
0.02159429
0.02624286
0.03125664
0.02604317
0.02325471
0.02712133
0.03199586
0.03149150
0.03020711
0.02226651
0.03354149
0.02809181
0.02335243
0.02498754
0.03283068
0.03085456
0.02528553
0.02797529
0.02750449
0.02553950
0.03466070
0.02480064
0.02590231
0.03536474
0.03342930
0.03258003
0.03310202
0.03171720
0.02868440
0.02330526
0.02953952
0.03117397
0.04345776
0.02336597
0.02245066
0.02979543
0.03233071
0.02929169
0.03926185
0.03241641
0.03284820
0.02588740
0.03317621
0.02476494
0.02889604
0.02652755
0.03224224
0.02110653
0.02494533
0.02721735
0.02675623
0.02555288
0.02512083
0.02627475
0.02918837
0.03500668
0.02502768
0.02465801
0.03151411
0.05238345
0.03745904
0.03899818
0.03875784
0.02580822
0.02977027
0.04065220
0.03141619
0.02694607
0.02499132
0.02162155
0.02864902
0.02477017
0.02797930
0.02763540
0.02969502
0.02755563
0.02306746
0.03576916
0.02340913
0.05335461
0.03246316
0.02947788
0.02534421
0.02948986
0.02675993
0.02848029
0.03025723
0.02599079
0.02396426
0.02348378
0.02568435
0.03001388
0.02639817
0.03116991
0.02360871
0.02386792
0.03146353
0.03860608
0.02641995
0.02256262
0.03085278
0.03860112
0.02549210
0.02864317
0.03981930
0.02400533
0.02325183
0.02173146
0.02513263
0.02629674
0.02471147
0.02819049
0.02552684
0.02414348
0.02977777
0.03192758
0.03890096
0.04482474
0.03147132
0.02550481
0.02718770
0.02452824
0.04171294
0.04203246
0.02482697
0.05108365
0.05175559
0.02752281
0.02094886
0.02749621
0.02863693
0.02556235
0.03189791
0.02609001
0.02454522
0.02693476
0.02639470
0.02193607
0.02736951
0.03366547
0.02805860
0.03250571
0.02696020
0.02353817
0.03053429
0.02440846
0.02913296
0.03012522
0.04070686
0.02536407
0.02266908
0.02377846
0.02657075
0.02482230
0.02286494
0.02199696
0.02416638
0.03032181
0.03950775
0.02322232
0.02776853
0.02644147
0.02259988
0.03259887
0.02423565
0.02349605
0.02649019
0.02458435
0.02661368
0.02495633
0.02794504
0.03091350
0.02460089
0.03166648
0.02485453
0.02670146
0.03363499
0.03153009
0.02483940
0.02717177
0.02545342
0.02497251
0.02596964
0.02752593
0.03467815
0.02575368
0.02917571
0.02562393
0.02489919
0.03881774
0.02795255
0.02669460
0.02794876
0.02510756
0.02671528
0.02592271
0.02419195
0.02643436
0.02425753
0.03558345
0.03386218
0.03654696
0.02461703
0.03190874
0.02881263
0.02570851
0.02164843
0.02905731
0.02705118
0.02230692
0.02988130
0.02502725
0.02711185
0.02525809
0.03483045
0.03171086
0.02989629
0.03409799
0.02773635
0.02771423
0.02580946
0.03266628
0.02665948
0.02210178
0.02985766
0.02885350
0.02419708
0.03197907
0.02874331
0.03423722
0.03760780
0.02910524
0.02512571
0.02326260
0.02224530
0.03087350
0.02913630
0.03704069
0.02899950
0.03957814
0.03060658
0.03040057
0.02678595
0.02944141
0.02322133
0.03751150
0.03949300
0.02277769
0.03014888
0.02826135
0.02556973
0.02465210
0.02674918
0.04075858
0.02294933
0.03933200
0.02759819
0.02351208
0.02539383
0.02816661
0.02389136
0.03104067
0.03265361
0.02637424
0.02556967
0.03146693
0.04340147
0.02295541
0.02437448
0.02310327
0.02499441
0.03077170
0.02544006
0.02436582
0.02913243
0.02700099
0.03603890
0.02388158
0.02977558
0.02789785
0.04353713
0.02770839
0.03022476
0.02676951
0.03264759
0.03670585
0.03662067
0.03428881
0.02558681
0.03199749
0.02974636
0.02460266
0.03797117
0.03103544
0.02506538
0.03048744
0.03392750
0.02846829
0.02139070
0.03789166
0.02846964
0.02522325
0.02422486
0.02581638
0.02699186
0.03397324
0.03581745
0.02773245
0.03544797
0.02352353
0.02409665
0.03295052
0.02744588
0.03100578
0.03240179
0.03107183
0.02396563
0.03560803
0.02366774
0.02652148
0.02449570
0.02893211
0.02863933
0.02947448
0.02977484
0.02324526