0.00825917
0.00891476
0.00960122
0.00922643
0.00865931
0.00849884
0.00870431
0.00816666
0.00821293
0.00810805
0.00895115
0.00938148
0.00861902
0.00883570
0.00943392
0.00876319
0.00871057
0.00846410
0.00831217
0.00934635
0.00831585
0.00863731
0.00939651
0.00839967
0.00896041
0.00877044
0.00911335
0.00822662
0.00837706
0.00798927
0.00905416
0.01062030
0.00895740
0.00911461
0.00835680
0.00829187
0.00834501
0.00922809
0.00975896
0.00829146
0.00948755
0.00861728
0.00844160
0.00904617
0.00989699
0.00910652
0.00880901
0.00879113
0.00884431
0.00806689
0.00901448
0.00820030
0.00865189
0.00798615
0.00970293
0.00787985
0.00800929
0.00967374
0.00907588
0.00763859
0.00858965
0.00840684
0.00820922
0.00880513
0.00793699
0.00784171
0.01010803
0.00956873
0.01105959
0.00942700
0.01019015
0.00962342
0.00878894
0.00835645
0.00859526
0.00910036
0.00820652
0.00916283
0.00865817
0.00871438
0.00909437
0.00939495
0.00915084
0.00837878
0.00863855
0.00908029
0.00856967
0.00951431
0.00881162
0.00852639
0.00874273
0.00874363
0.00879130
0.00919999
0.00834950
0.00915870
0.00896642
0.00949813
0.00820141
0.00963053
0.00799422
0.00927550
0.00836321
0.00830461
0.00905528
0.00913806
0.00902049
0.00851431
0.00910703
0.00852261
0.00794353
0.01067624
0.00769719
0.00961887
0.00927496
0.00902433
0.00899755
0.00848830
0.00771353
0.00939595
0.00923882
0.00873057
0.00853073
0.00813639
0.00798804
0.00862972
0.00831353
0.00878027
0.00821883
0.00935058
0.00853960
0.00808139
0.00939343
0.00916171
0.00856155
0.00954487
0.00890002
0.00963567
0.00907683
0.00852234
0.00906082
0.01019340
0.00837968
0.00810747
0.00954353
0.00905489
0.00811479
0.00913495
0.00869611
0.01019942
0.00853345
0.00974020
0.00799158
0.01017735
0.00907162
0.01001284
0.00966672
0.00817694
0.00820823
0.01005043
0.00804861
0.00986039
0.00939834
0.00907526
0.00880128
0.00916945
0.00865808
0.00878690
0.01012572
0.00835404
0.00859935
0.01042315
0.00927307
0.00940927
0.00798990
0.00804306
0.00934709
0.00873084
0.00893121
0.00806025
0.00958448
0.00920572
0.00946881
0.00906554
0.00853915
0.00861373
0.00889775
0.00878249
0.00855051
0.00973587
0.00844059
0.00809540
0.00822605
0.00878561
0.00963323
0.00830530
0.00900577
0.00968363
0.00912239
0.00866943
0.00922072
0.00967570
0.00845374
0.00851405
0.00934861
0.00867346
0.00887086
0.00808983
0.00923184
0.01152465
0.00962051
0.00904481
0.00843028
0.00861972
0.00945404
0.01076396
0.00913387
0.00953368
0.00867726
0.00842473
0.01026745
0.00912439
0.00874173
0.00831652
0.00901050
0.01036128
0.00855263
0.00861046
0.01035661
0.00811746
0.00848846
0.00852551
0.00858448
0.00833949
0.01032616
0.00929302
0.00977094
0.00917474
0.00961311
0.00816702
0.00814714
0.00799809
0.00820526
0.00893155
0.00868953
0.00894196
0.00931222
0.00894876
0.00903706
0.00861997
0.00907316
0.00808895
0.00948181
0.00778892
0.00831735
0.00934541
0.00871809
0.00908284
0.01010609
0.00861144
0.00984842
0.00819849
0.00864181
0.00853136
0.01035088
0.00893106
0.00802025
0.00863531
0.00952875
0.00938419
0.00769560
0.01046092
0.00876189
0.00834739
0.01011405
0.00859675
0.00877213
0.00806529
0.00891299
0.00949022
0.00957785
0.00790041
0.00826446
0.00947797
0.00985894
0.00996881
0.00925171
0.00906426
0.00816464
0.01163153
0.00921858
0.00936065
0.00879086
0.01011293
0.01005076
0.00862942
0.00908445
0.00984289
0.00991638
0.00959934
0.00839231
0.00903898
0.00901936
0.00910925
0.00926309
0.01109205
0.00844865
0.00958981
0.01039333
0.00847514
0.00861151
0.00895554
0.00860837
0.00998969
0.00929214
0.00900715
0.00911236
0.00845535
0.01135203
0.00874337
0.00944753
0.01126066
0.00936636
0.00821343
0.00993329
0.00894332
0.00953432
0.00940343
0.00857299
0.00873679
0.00806526
0.00866993
0.00902476
0.00901937
0.00827010
0.00831508
0.00825711
0.00881902
0.01024494
0.00868386
0.00909081
0.00981615
0.00788967
0.00901249
0.00895154
0.00809947
0.00950946
0.01100435
0.00843011
0.00883308
0.01003428
0.00853284
0.00959128
0.00838540
0.00924766
0.00863857
0.00854805
0.01023335
0.00895499
0.01018129
0.00986446
0.00838989
0.00804589
0.00905209
0.00915535
0.00862177
0.01055343
0.00902267
0.00957021
0.00895298
0.00892983
0.00837713
0.00926930
0.00884218
0.00880652
0.00857058
0.01000016
0.00839080
0.00912495
0.01133492
0.00893556
0.00999224
0.00879230
0.00954757
0.00794658
0.01088211
0.00828937
0.00842707
0.00936074
0.00890540
0.00825971
0.00860997
0.00910432
0.01018635
0.00882506
0.01001877
0.00850465
0.00955702
0.01269949
0.00878447
0.00796160
0.00968006
0.00970390
0.00926848
0.00871608
0.01003590
0.00845736
0.00862828
0.00806075
0.00896458
0.01027872
0.00824895
0.01021151
0.00853748
0.00844950
0.00926416
0.00912666
0.00846142
0.00894958
0.00910943
0.00887783
0.00886017
0.00886342
0.00867529
0.01002580
0.00856351
0.00990378
0.00936867
0.00917692
0.00900290
0.00958000
0.00994832
0.00974059
0.01002843
0.00991892
0.00848726
0.00806218
0.00971374
0.00955016
0.00899095
0.00901685
0.00851248
0.00906489
0.01019250
0.00822155
0.00845866
0.00921658
0.00864076
0.00833361
0.00943909
0.00813859
0.00807446
0.00973958
0.00862690
0.00837113
0.01000136
0.00790559
0.00993336
0.00916650
0.00941935
0.00844911
0.00941559
0.01115886
0.00918133
0.00968309
0.00939946
0.00807920
0.00885947
0.01069170
0.00805688
0.00904981
0.00908570
0.00851169
0.00902768
0.00942158
0.00830253
0.00858337
0.00869010
0.00846204
0.00936147
0.00903659
0.00932823
0.00945527
0.00964278
0.00882064
0.01130781
0.00831256
0.00804318
0.00862109
0.00866566
0.00824211
0.00906163
0.00846445
0.01016554
0.00844268
0.00834022
0.00865335
0.00918759
0.00865551
0.00838291