0.02755135
0.02277987
0.02287454
0.02302107
0.02095216
0.02614182
0.02250905
0.02193858
0.02201155
0.02221548
0.02316494
0.02330096
0.02350798
0.02435755
0.02264310
0.02429693
0.02232100
0.02237883
0.02345803
0.02184450
0.02685785
0.02195891
0.02344433
0.02527433
0.02421914
0.02548744
0.02511321
0.02586961
0.02491783
0.02537868
0.02511293
0.02283588
0.02601387
0.02222347
0.02480881
0.02297353
0.02183877
0.02436964
0.02216161
0.02570511
0.02621086
0.02385161
0.02389963
0.02388745
0.02365060
0.02199978
0.02410726
0.02487990
0.02504381
0.02406857
0.02246549
0.02252982
0.02696117
0.02135066
0.02243162
0.03304761
0.02206069
0.02623672
0.02750890
0.02560564
0.02480804
0.02391527
0.02558961
0.02281499
0.02268020
0.02342665
0.02344080
0.02285457
0.02727641
0.02498735
0.02188364
0.02372108
0.02432720
0.02695903
0.02492924
0.02294232
0.02262118
0.02250538
0.02544086
0.02389463
0.02342942
0.02423455
0.02229784
0.02683229
0.02268999
0.02328469
0.02797020
0.02235737
0.02351085
0.02391065
0.02320009
0.02407942
0.02331033
0.02235447
0.02354209
0.02333085
0.02390671
0.02161342
0.02327782
0.02313885
0.02241641
0.02216741
0.02314802
0.02115171
0.02295749
0.02147572
0.02350866
0.02433398
0.02263590
0.02413596
0.02444356
0.02262779
0.02468787
0.02418403
0.02166712
0.02521258
0.02247206
0.02333991
0.02245963
0.02252907
0.02346151
0.02353241
0.02285538
0.02559505
0.02447670
0.02213953
0.02384893
0.02167576
0.02339820
0.02427259
0.02502280
0.02223561
0.02599093
0.02541354
0.02145193
0.02225718
0.02272063
0.02477489
0.02377349
0.02750857
0.02287289
0.02371874
0.02316797
0.02461172
0.02809833
0.02096724
0.02619807
0.02720134
0.03098140
0.02271492
0.02451164
0.02283706
0.02300498
0.02827508
0.02210116
0.02525722
0.02447136
0.02455489
0.02242917
0.02176905
0.03134729
0.02214103
0.02374125
0.02244067
0.03123200
0.02599199
0.02692493
0.02679890
0.02271822
0.02223801
0.02364243
0.02669084
0.02584217
0.02384313
0.02387782
0.02391417
0.02407472
0.02520218
0.02431286
0.02442153
0.02521415
0.02541871
0.02553782
0.02342075
0.02328368
0.02306514
0.02370032
0.02323675
0.02462623
0.02456966
0.02269986
0.02282519
0.02438689
0.02372146
0.02448723
0.02369893
0.02334905
0.02435130
0.02494861
0.02242496
0.02759122
0.02357660
0.02571775
0.02679584
0.02206898
0.02455192
0.02488840
0.02439294
0.02220570
0.02469330
0.02323454
0.02784896
0.02253403
0.02757137
0.02747424
0.02288426
0.02622810
0.02387523
0.02223138
0.02420927
0.02143672
0.02184380
0.03149721
0.02576735
0.02288041
0.02302909
0.02322560
0.02718073
0.02218970
0.02294095
0.02190892
0.02345557
0.02161766
0.02243266
0.02153294
0.02454374
0.02362095
0.02333258
0.02444121
0.02273892
0.02291026
0.02667237
0.02111728
0.02495982
0.02295747
0.02065065
0.02265356
0.02445844
0.02277533
0.02163700
0.02559073
0.02508247
0.02221038
0.02319099
0.02516350
0.02288931
0.02311448
0.02393606
0.02402652
0.02494273
0.02167448
0.02446953
0.02541944
0.02359242
0.02371513
0.02307535
0.02226892
0.02222116
0.02518784
0.02449074
0.02554088
0.02495716
0.02360672
0.02204748
0.02527944
0.02384919
0.02210219
0.02422275
0.02382455
0.02784943
0.02229945
0.02495325
0.02248496
0.02271974
0.02398475
0.02398502
0.02467816
0.02285165
0.02514977
0.02384528
0.02305605
0.02264285
0.02520203
0.02569369
0.02324865
0.02286591
0.02335731
0.02425798
0.02668598
0.02290024
0.02304512
0.02386452
0.02509260
0.02584208
0.02330357
0.02659469
0.02405847
0.02320193
0.02187115
0.02270461
0.02345361
0.02370457
0.02288216
0.02284666
0.02615123
0.02481519
0.02272895
0.02293308
0.02439936
0.02422983
0.02396646
0.02218472
0.02217210
0.02289522
0.02312175
0.02170239
0.02070239
0.02479146
0.02489166
0.02504778
0.02526398
0.02374052
0.02487839
0.02336348
0.02270408
0.02590558
0.02268199
0.02244604
0.02589742
0.02436735
0.02649803
0.02340901
0.02542288
0.02640611
0.02484358
0.02294998
0.02674426
0.02260974
0.02613894
0.02352715
0.02416894
0.02204898
0.02234826
0.02348561
0.02370482
0.02350540
0.02205681
0.02332712
0.02340196
0.02389316
0.02383138
0.02325943
0.02488676
0.02341286
0.02214642
0.02290915
0.02249356
0.02218551
0.02443019
0.02377075
0.02328525
0.02414932
0.02024118
0.02391477
0.02197945
0.02339062
0.02444489
0.02334552
0.02609882
0.02334607
0.02423928
0.02294507
0.02251425
0.02486507
0.02513160
0.02436262
0.02449949
0.02330641
0.02384840
0.02834582
0.02402010
0.02357556
0.02299950
0.02531139
0.02463257
0.02386747
0.02554679
0.02527873
0.02877210
0.02485045
0.02207911
0.02634351
0.02234358
0.02602300
0.02618331
0.02223893
0.02170579
0.02564989
0.02235436
0.02420927
0.02550251
0.02309090
0.02715485
0.02784215
0.02427088
0.02275668
0.02209036
0.02262881
0.02355475
0.02224805
0.02317602
0.02569005
0.02266313
0.02360878
0.02318313
0.02410526
0.02389818
0.02477156
0.02488638
0.02423844
0.02344055
0.02214870
0.02347495
0.02290651
0.02344672
0.02132941
0.02395359
0.02217160
0.02173647
0.02479163
0.02616195
0.02426410
0.02277853
0.02370458
0.02315672
0.02513862
0.02379243
0.02481643
0.02678102
0.02269192
0.02646774
0.02261267
0.02138251
0.02693231
0.02189598
0.02209022
0.02253740
0.02417550
0.02132139
0.02590905
0.02351836
0.02387092
0.02400658
0.02200729
0.02508445
0.02209536
0.02361636
0.02504889
0.02251823
0.02323431
0.02328371
0.02308650
0.02297482
0.02255057
0.02146755
0.02241244
0.02267099
0.02279279
0.02237810
0.02466949
0.02615275
0.02436869
0.02202658
0.02205527
0.02556283
0.02449041
0.02622564
0.02367131
0.02404393
0.02303584
0.02287720
0.02473038
0.02434225
0.02574396
0.02211094
0.02703114
0.02599401
0.02671436
0.02404086
0.02239804