0.00924574
0.00777225
0.00823414
0.00763799
0.00734831
0.00721417
0.00729000
0.00767857
0.00920484
0.00860037
0.00921392
0.00709302
0.00836414
0.00736619
0.00828713
0.00824199
0.00858429
0.00772854
0.00856070
0.00802268
0.00825072
0.00916744
0.00993322
0.00877205
0.00933950
0.00929895
0.00921327
0.00908199
0.00773348
0.00735270
0.00975883
0.00836096
0.00805852
0.00916353
0.00788949
0.00870861
0.00907880
0.00859533
0.00767469
0.00859772
0.00736754
0.00789243
0.00860116
0.00717579
0.00905521
0.00849711
0.00808061
0.00894664
0.00725931
0.00858763
0.00812761
0.00854015
0.00990663
0.00825421
0.00843427
0.00883269
0.00886780
0.00784548
0.00757588
0.01032707
0.01007029
0.00788811
0.00877821
0.00747014
0.00959346
0.00872657
0.00844874
0.00941273
0.01008469
0.00879056
0.00957132
0.00941156
0.00800202
0.00930688
0.00960470
0.00756946
0.00858062
0.00912520
0.00905733
0.01077737
0.00779577
0.00924243
0.00886890
0.00752066
0.00711066
0.00838534
0.00834901
0.00956596
0.00857711
0.00843272
0.00858940
0.00899568
0.00836304
0.00769087
0.00756583
0.00923581
0.00874235
0.00792371
0.00798858
0.00778910
0.00860527
0.00769736
0.00791097
0.00795763
0.00781375
0.00786570
0.00920511
0.00935681
0.00811694
0.00999316
0.00803052
0.00726669
0.00921150
0.00863155
0.00736054
0.00716316
0.00825303
0.00805931
0.00678703
0.00945923
0.00916116
0.00805213
0.00766398
0.00812924
0.00886935
0.00847941
0.00800218
0.00790836
0.00759569
0.00900502
0.00907297
0.00837835
0.00709299
0.00822953
0.00883337
0.00861300
0.00759112
0.00725787
0.00899293
0.00860475
0.00818621
0.00708840
0.00702316
0.01042002
0.00666586
0.00775671
0.00803421
0.01014633
0.00815754
0.00850892
0.00877099
0.00865431
0.00913472
0.00827448
0.00954127
0.00879717
0.00764343
0.00842253
0.00859289
0.00881259
0.00782743
0.00832621
0.00767194
0.00939428
0.00857026
0.00800718
0.01026218
0.00982471
0.00875076
0.00950327
0.00771162
0.00867342
0.00839768
0.00851836
0.00762154
0.00647022
0.00870776
0.00902612
0.01144243
0.00864816
0.01018119
0.00771661
0.00715348
0.00813150
0.00835252
0.00773438
0.00905796
0.00853279
0.00832803
0.01120670
0.00894579
0.00809231
0.00864101
0.00845807
0.00863796
0.00866307
0.00840324
0.00859812
0.00808736
0.00912440
0.00830305
0.00939165
0.00867618
0.00772575
0.00919705
0.00912575
0.00867482
0.00833802
0.00726282
0.00760053
0.00910868
0.00770603
0.00822796
0.00751666
0.00823985
0.00748402
0.00781477
0.00864543
0.00882508
0.00752995
0.00759289
0.00833697
0.00834333
0.00841915
0.00792317
0.00770489
0.00783006
0.00737990
0.00833881
0.00942130
0.00815046
0.00783718
0.00918515
0.00993154
0.00719098
0.00805015
0.01034875
0.00781554
0.00856203
0.00828661
0.01030787
0.00882516
0.00879291
0.00749889
0.00881827
0.00862721
0.00894692
0.00859333
0.00755650
0.00820689
0.00859555
0.00847166
0.00831481
0.00953733
0.00908849
0.00743094
0.00766356
0.00867869
0.00829986
0.00786570
0.00793724
0.00790907
0.00871394
0.00825068
0.00955111
0.00706729
0.00915189
0.01029410
0.00890780
0.00792964
0.00810536
0.00800831
0.00872907
0.00907578
0.00763407
0.00762510
0.00794951
0.00788409
0.00838116
0.00816050
0.00984721
0.00833197
0.00859837
0.00807790
0.00748503
0.00926951
0.00952769
0.00725489
0.00800466
0.00745350
0.00874966
0.00813191
0.00899873
0.00922566
0.00944824
0.00803077
0.00952622
0.00888412
0.00854738
0.00952891
0.00763184
0.00894651
0.00896321
0.00956257
0.00751222
0.00800503
0.00923376
0.00792369
0.01010631
0.00869770
0.00953361
0.00865343
0.00904627
0.00816044
0.00925390
0.00785958
0.00860948
0.00841654
0.00702146
0.00755324
0.00707724
0.00847880
0.00837740
0.00778176
0.00841413
0.00872758
0.00810914
0.00938759
0.00794469
0.00832322
0.00866670
0.00833659
0.00778881
0.00781508
0.00751117
0.00846096
0.00923601
0.00765874
0.00893938
0.00957448
0.00979617
0.00870550
0.00916698
0.00779413
0.00967414
0.00919041
0.00934744
0.00958503
0.00854230
0.00963351
0.00847606
0.00824826
0.00911852
0.00895782
0.00796742
0.00711919
0.00754464
0.00833022
0.00871952
0.00788587
0.00670807
0.00905931
0.00714852
0.00751376
0.00906815
0.00942258
0.00821111
0.00890469
0.00787965
0.00971682
0.00867827
0.00747296
0.00893859
0.00901413
0.00831736
0.00891024
0.00784930
0.00794314
0.00824836
0.00854601
0.00829640
0.00783933
0.00681744
0.00928539
0.00908372
0.00768189
0.00786531
0.00819934
0.01055923
0.00742394
0.00769738
0.00764185
0.00907112
0.00764055
0.00883534
0.00836542
0.00905481
0.00777930
0.00900121
0.00815691
0.00909877
0.00850560
0.00973265
0.00979787
0.00795818
0.00860576
0.00797393
0.00818453
0.00718852
0.00819411
0.00866796
0.00790025
0.00815692
0.00765335
0.00796199
0.00761504
0.00830248
0.00863578
0.00894252
0.00995741
0.00773151
0.00906202
0.00945908
0.00762600
0.00891383
0.00859436
0.00928994
0.00803134
0.00797857
0.00858971
0.00942475
0.00869824
0.00853772
0.00785916
0.00917308
0.00863311
0.00809782
0.00834058
0.00763069
0.00955299
0.00835433
0.00978551
0.00843296
0.00890831
0.00890248
0.00762872
0.00750840
0.00891976
0.00912263
0.00788248
0.00805247
0.00935581
0.00816600
0.00893668
0.01067509
0.00982054
0.00816758
0.00913023
0.00865163
0.00945562
0.00817245
0.00795359
0.00894877
0.00884483
0.00940086
0.00923219
0.00747683
0.00899417
0.00772731
0.00827672
0.00831692
0.00859499
0.00867401
0.00874613
0.01036157
0.00868686
0.00950605
0.01088629
0.00881656
0.00703595
0.00814733
0.00909879
0.00769951
0.00771243
0.00802059
0.00776806
0.00870631
0.00811547
0.00740629
0.00758742
0.01082488
0.00808700
0.00917951
0.00822911
0.00984118
0.00771105
0.00747260
0.00787707
0.00814517
0.00887128