0.01542699
0.01351282
0.01575555
0.01400732
0.01488569
0.01434925
0.01278167
0.01358658
0.01348712
0.01329839
0.01439171
0.01247321
0.01509128
0.01640826
0.01324036
0.01348095
0.01238552
0.01630043
0.01369905
0.01296669
0.01308379
0.01331026
0.01422201
0.01371112
0.01371158
0.01540698
0.01410613
0.01375176
0.01378686
0.01307067
0.01361278
0.01371394
0.01372187
0.01608655
0.01416915
0.01430438
0.01416721
0.01501868
0.01399908
0.01779796
0.01530228
0.01532894
0.01597067
0.01411992
0.01493032
0.01372021
0.01409103
0.01334989
0.01556020
0.01309651
0.01331324
0.01291157
0.01419071
0.01407490
0.01320491
0.01455681
0.01380693
0.01576706
0.01322029
0.01443655
0.01625953
0.01288055
0.01394889
0.01425904
0.01832821
0.01365642
0.01390703
0.01422884
0.01373815
0.01322108
0.01402179
0.01390482
0.01416950
0.01442366
0.01414828
0.01456078
0.01377353
0.01412970
0.01371910
0.01456036
0.01526762
0.01813328
0.01419223
0.01430750
0.01516149
0.01317241
0.01957285
0.01418211
0.01342105
0.01408262
0.01580622
0.01497237
0.01562655
0.01492031
0.01442243
0.01377309
0.01626385
0.01467607
0.01485741
0.01546080
0.01387940
0.01293200
0.01523644
0.01341981
0.01396930
0.01583359
0.01476406
0.01260034
0.01561733
0.01345330
0.01416106
0.01317840
0.01373498
0.01464522
0.01222295
0.01346015
0.01337487
0.01271202
0.01467538
0.01470123
0.01327238
0.01401780
0.01391455
0.01324646
0.01408040
0.01435970
0.01557547
0.01372285
0.01349080
0.01352156
0.01559410
0.01370092
0.01370764
0.01617941
0.01476791
0.01443541
0.01383456
0.01411161
0.01290943
0.01219000
0.01670955
0.01347468
0.01365119
0.01417047
0.01435460
0.01331645
0.01325899
0.01520341
0.01316070
0.01213067
0.01461666
0.01306823
0.01358562
0.01519536
0.01494104
0.01443478
0.01631122
0.01800448
0.01337183
0.01479351
0.01389814
0.01270136
0.01398099
0.01514343
0.01515647
0.01310727
0.01334814
0.01340475
0.01277110
0.01407962
0.01387069
0.01485292
0.01553457
0.01323372
0.01287855
0.01396926
0.01709178
0.01353570
0.01385155
0.01320946
0.01293364
0.01419971
0.01564599
0.01262802
0.01241757
0.01562878
0.01505234
0.01444560
0.01409772
0.01399065
0.01432950
0.01361224
0.01435680
0.01381559
0.01302562
0.01784678
0.01481550
0.01292199
0.01536604
0.01372585
0.01754713
0.01404299
0.01424570
0.01468403
0.01537760
0.01408076
0.01448558
0.01391122
0.01319889
0.01872811
0.01314909
0.01348361
0.01266957
0.01421911
0.01444409
0.01278653
0.01307634
0.01530855
0.01461702
0.01359997
0.01309410
0.01993622
0.01415103
0.01310282
0.01435966
0.01497605
0.01332416
0.01410624
0.01329967
0.01271793
0.01319391
0.01576196
0.01367185
0.01422112
0.01411787
0.01418433
0.01254711
0.01422351
0.01441434
0.01416191
0.01418253
0.01297200
0.01827025
0.01339106
0.01433416
0.01537974
0.01483593
0.01467233
0.01357078
0.01416786
0.01513262
0.02095770
0.01415984
0.01609148
0.01410917
0.01530146
0.01389115
0.01272591
0.01466362
0.01448754
0.01412915
0.01595014
0.01508862
0.01325608
0.01407551
0.01304689
0.01348074
0.01320214
0.01358728
0.01366779
0.01319439
0.01515921
0.01460684
0.01498974
0.01348254
0.01554579
0.01497882
0.01548426
0.01536246
0.01329807
0.01430800
0.01574067
0.01620107
0.01388821
0.01487813
0.01317197
0.01540920
0.01372296
0.01485502
0.01346794
0.01409553
0.01239092
0.01450364
0.01488238
0.01362027
0.01316932
0.01380825
0.01441892
0.01379341
0.01350361
0.01488988
0.01404213
0.01399207
0.01288770
0.01873408
0.01425273
0.01283706
0.01311722
0.01388681
0.01454021
0.01490725
0.01292443
0.01771168
0.01585515
0.01282562
0.01309503
0.01373162
0.01509247
0.01504470
0.01339961
0.01256764
0.01469003
0.01376353
0.01597061
0.01516449
0.01334756
0.01379265
0.01371670
0.01463901
0.01288602
0.01328418
0.01341286
0.01347473
0.01581721
0.01491618
0.01460381
0.01355381
0.01426478
0.01294523
0.01379780
0.01402829
0.01432201
0.01759076
0.01471663
0.01542509
0.01242538
0.01355172
0.01302186
0.01439945
0.01407493
0.01536619
0.01427308
0.01496662
0.01433556
0.01343517
0.01303484
0.01381421
0.01644954
0.01396743
0.01417709
0.01488119
0.01419322
0.01454733
0.01329397
0.01428587
0.01458160
0.01270724
0.01355336
0.01461430
0.01535358
0.01360949
0.01291912
0.01380258
0.01349961
0.01521998
0.01520359
0.01293069
0.01329451
0.01314803
0.01786709
0.01404568
0.01961177
0.01368285
0.01375555
0.01466735
0.01318300
0.01304682
0.01349387
0.01618551
0.01483744
0.01455140
0.01360028
0.01498923
0.01444744
0.01431652
0.01441132
0.01421721
0.01418276
0.01531284
0.02013019
0.01552587
0.01329853
0.01377223
0.01316790
0.01739436
0.01428958
0.01438593
0.01336510
0.01522568
0.01536015
0.01488755
0.01597466
0.01498432
0.01558581
0.01282684
0.01361894
0.01589080
0.01283828
0.01459010
0.01271472
0.01647400
0.01430829
0.01509337
0.01306699
0.01285507
0.01414222
0.01520146
0.01367015
0.01407184
0.01559521
0.01375748
0.01910606
0.01357490
0.01307721
0.01326532
0.01529647
0.01395937
0.01593273
0.01441142
0.01396439
0.01431023
0.01457021
0.01486468
0.01475115
0.01426359
0.01519182
0.01340591
0.01644772
0.01638504
0.01534275
0.01302084
0.01292752
0.01382613
0.01427633
0.01370572
0.02391729
0.01471005
0.01471880
0.01477903
0.01318754
0.01383400
0.01445796
0.01482471
0.01469610
0.01411625
0.01486560
0.01440270
0.01427811
0.01434022
0.01534303
0.01608127
0.01383915
0.01435646
0.01490331
0.01258775
0.01311759
0.01387258
0.01368408
0.01450118
0.01361205
0.01340331
0.01422434
0.01352736
0.01405066
0.01334070
0.01404848
0.01535685
0.01384900
0.01564286
0.01372367
0.01280762
0.01420955
0.01375623
0.01531172
0.01453970
0.01387212
0.01413739
0.01310331
0.01409027
0.01447050