0.01176128
0.01495920
0.00483341
0.00502092
0.00528824
0.00911729
0.00559675
0.00895607
0.01336914
0.00583666
0.00478331
0.00954466
0.00556670
0.00696721
0.00752818
0.01138093
0.00898310
0.00817050
0.01100624
0.00437152
0.00623323
0.00443403
0.00541236
0.01555539
0.01849152
0.00835499
0.00547474
0.00822472
0.00629984
0.00739431
0.00796903
0.00466549
0.01939756
0.00679134
0.01184678
0.00617702
0.00872018
0.01338803
0.00591605
0.00489034
0.01091821
0.00596757
0.00677177
0.00581492
0.01204515
0.00510098
0.00554166
0.00814459
0.00908178
0.01192604
0.00643002
0.00601000
0.00499419
0.01081201
0.00655212
0.01555101
0.00584331
0.00915623
0.00479254
0.00472458
0.00689118
0.00531070
0.00518439
0.00554465
0.00697094
0.00720121
0.00919315
0.01092361
0.01140402
0.00613153
0.00831006
0.00823467
0.00646101
0.00535259
0.00836485
0.00527974
0.00791053
0.00689450
0.01113038
0.01165677
0.00559373
0.01045492
0.00716268
0.00514170
0.00527540
0.00430887
0.00594869
0.00761198
0.00516984
0.01034301
0.00486536
0.00879607
0.00722694
0.00468180
0.00962435
0.00545793
0.00488350
0.01813758
0.00780500
0.00830398
0.00556659
0.01211248
0.00922557
0.00538535
0.01015150
0.00470730
0.00539548
0.00434769
0.00909497
0.00598682
0.00476597
0.00508750
0.00672599
0.00579872
0.00753988
0.00574524
0.00656578
0.00656474
0.00732166
0.00818350
0.00827262
0.00623454
0.00617034
0.00794447
0.01166729
0.00720039
0.01052857
0.00842255
0.01326503
0.00918870
0.00619822
0.00496344
0.00840715
0.00705757
0.00784071
0.00644844
0.01014400
0.00870327
0.01443320
0.00487388
0.00527457
0.00514003
0.00657623
0.00625181
0.00608198
0.01141652
0.00675640
0.00477165
0.00603292
0.00832986
0.01249086
0.00537511
0.00831939
0.00654108
0.00762804
0.00971821
0.00985350
0.00495525
0.00544842
0.00531436
0.00681761
0.00582093
0.00661248
0.01114371
0.00917649
0.00802770
0.01010253
0.00480787
0.00725322
0.00894903
0.00703525
0.01056116
0.00609293
0.00608813
0.00689126
0.00635686
0.00570162
0.00669650
0.00538991
0.00638054
0.00507275
0.00872070
0.00581950
0.01400117
0.00932801
0.01635438
0.00841450
0.00465215
0.00638213
0.00662843
0.00660454
0.00904678
0.00902625
0.00548565
0.01161656
0.00462920
0.00671961
0.00562490
0.00788917
0.00983207
0.00550850
0.00557446
0.00851254
0.00470529
0.00527577
0.01016868
0.00553664
0.00729342
0.00636990
0.01122056
0.00570119
0.00735225
0.00849476
0.00760557
0.00709681
0.00476062
0.01410578
0.00511094
0.01319165
0.00470716
0.00627361
0.01061870
0.00622687
0.00504925
0.00455259
0.01276904
0.00750429
0.00653524
0.00731248
0.00412772
0.00954952
0.00579360
0.01037103
0.00696536
0.01358749
0.00598516
0.01402743
0.00656015
0.00541130
0.00488690
0.00651499
0.00630851
0.00526041
0.01991600
0.00696360
0.00432726
0.00601184
0.01274419
0.00951006
0.00640414
0.00952672
0.01025574
0.00829297
0.00949246
0.00543068
0.00533052
0.00770940
0.00879463
0.00866964
0.00579611
0.00493642
0.00673204
0.01072999
0.00497395
0.00495761
0.00551003
0.00487576
0.00556735
0.00911028
0.00696748
0.00632509
0.00423451
0.00510580
0.00926898
0.00612439
0.00590728
0.00650324
0.00979353
0.00671009
0.00582528
0.00572412
0.00585388
0.00737270
0.00468055
0.01018110
0.00515689
0.00540138
0.00470136
0.01385291
0.00512647
0.00832069
0.00663675
0.01500792
0.01247463
0.00597409
0.00730017
0.00646534
0.00550184
0.00595692
0.00508917
0.00927393
0.00527278
0.01016608
0.01818952
0.00702162
0.00686648
0.00652764
0.00675148
0.00953244
0.00514833
0.00691266
0.00834467
0.00968547
0.00619597
0.00956455
0.00861259
0.00720813
0.00573553
0.01620390
0.00683500
0.01066494
0.00531526
0.00713094
0.00651197
0.01024367
0.01496548
0.01053215
0.00518795
0.00545318
0.00568920
0.02298441
0.00459487
0.00739763
0.00595819
0.01044286
0.00601620
0.00422678
0.00492857
0.00685704
0.00576466
0.00642944
0.01329373
0.00810922
0.00548612
0.00541581
0.00777544
0.00630532
0.00621425
0.00860792
0.00725713
0.00627244
0.00740638
0.01194649
0.00649137
0.00628891
0.00502263
0.00421318
0.00766179
0.00839560
0.00901975
0.00499859
0.01031918
0.00585433
0.00406396
0.00526922
0.00812481
0.00696282
0.00706163
0.00465217
0.00409671
0.00756122
0.00654952
0.00670110
0.00571637
0.00619563
0.00902863
0.00616950
0.00607977
0.00516982
0.00605336
0.00515237
0.00541476
0.00579963
0.00582574
0.00545076
0.00567676
0.01005423
0.00549579
0.01016385
0.00623899
0.00754850
0.00531531
0.00601400
0.00997786
0.01025196
0.00572205
0.00715293
0.00488900
0.00695505
0.00574596
0.00577066
0.00487873
0.00535985
0.00524278
0.00775013
0.00889133
0.00834117
0.00829816
0.00487998
0.00449161
0.00597447
0.00465018
0.00609204
0.00662999
0.00581677
0.00548372
0.00986677
0.00731485
0.01023430
0.00465510
0.00527489
0.00840776
0.00480148
0.01102215
0.00779279
0.00613555
0.01121093
0.00707939
0.00617252
0.00547041
0.00694928
0.00635101
0.00617843
0.00695910
0.00667750
0.00916653
0.00509404
0.00664805
0.00624028
0.00501793
0.01081616
0.00844161
0.00545832
0.00512301
0.00552144
0.01435939
0.00524022
0.00564015
0.00702229
0.00836883
0.00559254
0.00615912
0.00517701
0.00545229
0.00467939
0.00625486
0.00780287
0.00686577
0.00535869
0.00531903
0.00448236
0.00711244
0.00578083
0.00862457
0.00594056
0.01127490
0.00657622
0.00612044
0.00460539
0.00737187
0.00564314
0.00754879
0.00731955
0.00528428
0.00446123
0.00525623
0.00895205
0.00711414
0.01157631
0.00649717
0.00526300
0.00524890
0.01014460
0.00796606
0.00832779
0.00701507
0.02287004
0.00564557
0.00520345
0.00419998
0.00793400
0.00451260
0.00600726
0.00755950
0.00469145
0.00991217
0.00941645
0.00970584
0.00661656
0.00634906