0.00187887
0.00187498
0.00189874
0.00190070
0.00185374
0.00178464
0.00191504
0.00190793
0.00186555
0.00207048
0.00189056
0.00190707
0.00195928
0.00194164
0.00175949
0.00179742
0.00180841
0.00188773
0.00193916
0.00181766
0.00188701
0.00180569
0.00194638
0.00177892
0.00180538
0.00184804
0.00190956
0.00182669
0.00186179
0.00183681
0.00180821
0.00191680
0.00183389
0.00178596
0.00196632
0.00205388
0.00191326
0.00184341
0.00179408
0.00190468
0.00195623
0.00197284
0.00174420
0.00180274
0.00182238
0.00192631
0.00188337
0.00184623
0.00187636
0.00180698
0.00186094
0.00177894
0.00179556
0.00183290
0.00176523
0.00184920
0.00204038
0.00201328
0.00205550
0.00192156
0.00193055
0.00186550
0.00182345
0.00181159
0.00188162
0.00191687
0.00216937
0.00182566
0.00193992
0.00200805
0.00187096
0.00216428
0.00178633
0.00192542
0.00181566
0.00187068
0.00187798
0.00184697
0.00187084
0.00186022
0.00193501
0.00190917
0.00185596
0.00197325
0.00181577
0.00192360
0.00191339
0.00187173
0.00189285
0.00174394
0.00181479
0.00179628
0.00185145
0.00196856
0.00188230
0.00188512
0.00198898
0.00181395
0.00189396
0.00193085
0.00192410
0.00186231
0.00181571
0.00198274
0.00188075
0.00184169
0.00197762
0.00190591
0.00194124
0.00186589
0.00182530
0.00188025
0.00192441
0.00183595
0.00198370
0.00188455
0.00182655
0.00203305
0.00201094
0.00187185
0.00177665
0.00196863
0.00177961
0.00176334
0.00204661
0.00188167
0.00192104
0.00187038
0.00182480
0.00192971
0.00186408
0.00190396
0.00180635
0.00182011
0.00190648
0.00195037
0.00191174
0.00188704
0.00183542
0.00181854
0.00184904
0.00198596
0.00181879
0.00177444
0.00188885
0.00177527
0.00189699
0.00170406
0.00173071
0.00181671
0.00182069
0.00183436
0.00194267
0.00185242
0.00191667
0.00203072
0.00180324
0.00188897
0.00189545
0.00178848
0.00181698
0.00177549
0.00186236
0.00183022
0.00187342
0.00180657
0.00174680
0.00193467
0.00176248
0.00186436
0.00195923
0.00182600
0.00185116
0.00186691
0.00188417
0.00189838
0.00203450
0.00192114
0.00207860
0.00181840
0.00189893
0.00204820
0.00202995
0.00190427
0.00202202
0.00205850
0.00193453
0.00214150
0.00234107
0.00190370
0.00180780
0.00190302
0.00188947
0.00178578
0.00200901
0.00189446
0.00182254
0.00185274
0.00202774
0.00187761
0.00177483
0.00198803
0.00180309
0.00177535
0.00188744
0.00189188
0.00179062
0.00223317
0.00191046
0.00190077
0.00196211
0.00185122
0.00186897
0.00190729
0.00187544
0.00180566
0.00180848
0.00182018
0.00195293
0.00183048
0.00207592
0.00193233
0.00177588
0.00193268
0.00182021
0.00194238
0.00185367
0.00193924
0.00183510
0.00195127
0.00180543
0.00174940
0.00183120
0.00184104
0.00183184
0.00193611
0.00172495
0.00192460
0.00196166
0.00189605
0.00214885
0.00185780
0.00191060
0.00182099
0.00193060
0.00185331
0.00188800
0.00184106
0.00197307
0.00197776
0.00192942
0.00178965
0.00206069
0.00184318
0.00182520
0.00199534
0.00187438
0.00180790
0.00189470
0.00196844
0.00184151
0.00184540
0.00178143
0.00179362
0.00185796
0.00195120
0.00182372
0.00183607
0.00180172
0.00193470
0.00182603
0.00193060
0.00188242
0.00181166
0.00188055
0.00206937
0.00175052
0.00185858
0.00178065
0.00185280
0.00191415
0.00188074
0.00193024
0.00181810
0.00194329
0.00196570
0.00198118
0.00201529
0.00178858
0.00181785
0.00186939
0.00191316
0.00188729
0.00198248
0.00208722
0.00184979
0.00184454
0.00186960
0.00193472
0.00184983
0.00198079
0.00199464
0.00188048
0.00191559
0.00186499
0.00183499
0.00177933
0.00187605
0.00181064
0.00192088
0.00177465
0.00183459
0.00188140
0.00192508
0.00192395
0.00174752
0.00187116
0.00183776
0.00183078
0.00189039
0.00183268
0.00211149
0.00186758
0.00181539
0.00178235
0.00195550
0.00194231
0.00183428
0.00185908
0.00182412
0.00182596
0.00184205
0.00172854
0.00190597
0.00195172
0.00178059
0.00189348
0.00179529
0.00198834
0.00186985
0.00189310
0.00186221
0.00176364
0.00189280
0.00205507
0.00188913
0.00190372
0.00183362
0.00187123
0.00209895
0.00180314
0.00188930
0.00196493
0.00182634
0.00202428
0.00204735
0.00183271
0.00185855
0.00195140
0.00177350
0.00188270
0.00188138
0.00184460
0.00209788
0.00189994
0.00183437
0.00196502
0.00179001
0.00185575
0.00185182
0.00186598
0.00182816
0.00190797
0.00186542
0.00194321
0.00186058
0.00208312
0.00181922
0.00190431
0.00195857
0.00185619
0.00182329
0.00202485
0.00196396
0.00185675
0.00184243
0.00182182
0.00185719
0.00183611
0.00197207
0.00190115
0.00194316
0.00197545
0.00190182
0.00185866
0.00184914
0.00205949
0.00177871
0.00180434
0.00182666
0.00177188
0.00189768
0.00195469
0.00182909
0.00194980
0.00179531
0.00208580
0.00180632
0.00188244
0.00188537
0.00195653
0.00187644
0.00189893
0.00182942
0.00179937
0.00181971
0.00188756
0.00181398
0.00184667
0.00185763
0.00185731
0.00186481
0.00183262
0.00237135
0.00188310
0.00185029
0.00179674
0.00183851
0.00184251
0.00176009
0.00187534
0.00193562
0.00199079
0.00188647
0.00189880
0.00185068
0.00188273
0.00183187
0.00198385
0.00202357
0.00177101
0.00178481
0.00192094
0.00184737
0.00186876
0.00176041
0.00182317
0.00188947
0.00176649
0.00182618
0.00195762
0.00174993
0.00180199
0.00185274
0.00183181
0.00185900
0.00188551
0.00185112
0.00188234
0.00193233
0.00180523
0.00185463
0.00177543
0.00181921
0.00190679
0.00180184
0.00181581
0.00199130
0.00186950
0.00180189
0.00183062
0.00184762
0.00184240
0.00183353
0.00189548
0.00193665
0.00195463
0.00199104
0.00186615
0.00188847
0.00187009
0.00179058
0.00199537
0.00180359
0.00183769
0.00194140
0.00181834
0.00186355
0.00188725
0.00177021
0.00195905
0.00188352
0.00197935
0.00202341
0.00211712
0.00179884
0.00179387
0.00187810
0.00213436
0.00193204