0.00542864
0.00497310
0.00486492
0.00585263
0.00547028
0.00496802
0.00488031
0.00489226
0.00564477
0.00557237
0.00491500
0.00497227
0.00527436
0.00571672
0.00536124
0.00497711
0.00516559
0.00517907
0.00478240
0.00559573
0.00605275
0.00539953
0.00541788
0.00633918
0.00599896
0.00600703
0.00528739
0.00566145
0.00449574
0.00644365
0.00642597
0.00621571
0.00530480
0.00488789
0.00536433
0.00540870
0.00637302
0.00525269
0.00507252
0.00521617
0.00605875
0.00537249
0.00554248
0.00541244
0.00559892
0.00562755
0.00535804
0.00542439
0.00558467
0.00541838
0.00537202
0.00558921
0.00653385
0.00486530
0.00523110
0.00535242
0.00610413
0.00497756
0.00494133
0.00531008
0.00490692
0.00606562
0.00503414
0.00567850
0.00490688
0.00519136
0.00668367
0.00472337
0.00537476
0.00485705
0.00547639
0.00456128
0.00534434
0.00497511
0.00505348
0.00560741
0.00503078
0.00519566
0.00502351
0.00595207
0.00536185
0.00458680
0.00636724
0.00504856
0.00507786
0.00579823
0.00586951
0.00495362
0.00500373
0.00481448
0.00660910
0.00561976
0.00503263
0.00498363
0.00519692
0.00507687
0.00516744
0.00576460
0.00516208
0.00574539
0.00479222
0.00547237
0.00499537
0.00532883
0.00561762
0.00509251
0.00566781
0.00505190
0.00544470
0.00569629
0.00630498
0.00524713
0.00571518
0.00529491
0.00513113
0.00519006
0.00586873
0.00552349
0.00469737
0.00599262
0.00458925
0.00545545
0.00542522
0.00502682
0.00599671
0.00486123
0.00537682
0.00717064
0.00499379
0.00536279
0.00531949
0.00536188
0.00633728
0.00480215
0.00577370
0.00551628
0.00523773
0.00543075
0.00536526
0.00481525
0.00545125
0.00461159
0.00576628
0.00593427
0.00515553
0.00546416
0.00478465
0.00577443
0.00529324
0.00717981
0.00716369
0.00498643
0.00574784
0.00472400
0.00485818
0.00511180
0.00553750
0.00521791
0.00481353
0.00514889
0.00597089
0.00476703
0.00526367
0.00501040
0.00567542
0.00532807
0.00524615
0.00499341
0.00514856
0.00533468
0.00575486
0.00494107
0.00574676
0.00595591
0.00528532
0.00567121
0.00505530
0.00623017
0.00486028
0.00487739
0.00554877
0.00529230
0.00523394
0.00544473
0.00571467
0.00509275
0.00606048
0.00558796
0.00581001
0.00570892
0.00536262
0.00489805
0.00555544
0.00475246
0.00557628
0.00464079
0.00516782
0.00552559
0.00498839
0.00526579
0.00496419
0.00493341
0.00497994
0.00606800
0.00542323
0.00511930
0.00501488
0.00681088
0.00488542
0.00572519
0.00621334
0.00494002
0.00487174
0.00600998
0.00485993
0.00552865
0.00494110
0.00567509
0.00696771
0.00597763
0.00475695
0.00465733
0.00494337
0.00475884
0.00522710
0.00493657
0.00625030
0.00554766
0.00580194
0.00490880
0.00521490
0.00516996
0.00472969
0.00526679
0.00549540
0.00495872
0.00496071
0.00506718
0.00598348
0.00495663
0.00829256
0.00811545
0.00537016
0.00563204
0.00490604
0.00562712
0.00485027
0.00563345
0.00520221
0.00531439
0.00500294
0.00774896
0.00537465
0.00516278
0.00628542
0.00765035
0.00502195
0.00513974
0.00567800
0.00517107
0.00555509
0.00482017
0.00536642
0.00561754
0.00470427
0.00579438
0.00575421
0.00520638
0.00675940
0.00487844
0.00534426
0.00433946
0.00563128
0.00554819
0.00539349
0.00502631
0.00582887
0.00488146
0.00535631
0.00568172
0.00516406
0.00522846
0.00509309
0.00486951
0.00479581
0.00483688
0.00676612
0.00528115
0.00585279
0.00534727
0.00487136
0.00531286
0.00494049
0.00492324
0.00525058
0.00512907
0.00517012
0.00627330
0.00538101
0.00485845
0.00595792
0.00560863
0.00473323
0.00617273
0.01090601
0.00491155
0.00560771
0.00512001
0.00488536
0.00487319
0.00514153
0.00637834
0.00575383
0.00549818
0.00539859
0.00528838
0.00525362
0.00735456
0.00611833
0.00624667
0.00612063
0.00484079
0.00553512
0.00480285
0.00544613
0.00581987
0.00565452
0.00591551
0.00609519
0.00513679
0.00608493
0.00523612
0.00513955
0.00545065
0.00529024
0.00491606
0.00522302
0.00599123
0.00546338
0.00522296
0.00519947
0.00507626
0.00515881
0.00648017
0.00517319
0.00546107
0.00483076
0.00522187
0.00590263
0.00456256
0.00563271
0.00520719
0.00541109
0.00529359
0.00461998
0.00548045
0.00462501
0.00526776
0.00500869
0.00526361
0.00550543
0.00539254
0.00495403
0.00698821
0.00524526
0.00466595
0.00493221
0.00684721
0.00523471
0.00534053
0.00566441
0.00517262
0.00531323
0.00515502
0.00534153
0.00651771
0.00674334
0.00512220
0.00558660
0.00514809
0.00560318
0.00528162
0.00656874
0.00568717
0.00525598
0.00570279
0.00612895
0.00533004
0.00463569
0.00529592
0.00612558
0.00505803
0.00528906
0.00600973
0.00466531
0.00828426
0.00602623
0.00494538
0.00533507
0.00812986
0.00486202
0.00604762
0.01006639
0.00594876
0.00630126
0.00458326
0.00586234
0.00603109
0.00476733
0.00519297
0.00549461
0.00546420
0.00506911
0.00546021
0.00527495
0.00553433
0.00544215
0.00605104
0.00522785
0.00497933
0.00520399
0.00524241
0.00525273
0.00550142
0.00539425
0.00503676
0.00575587
0.00550758
0.00521270
0.00546282
0.00548685
0.00483973
0.00470431
0.00503215
0.00737134
0.00551654
0.00503416
0.00593499
0.00541604
0.00546544
0.00567103
0.00460975
0.00645945
0.00541495
0.00478908
0.00537993
0.00525880
0.00554386
0.00573336
0.00522969
0.00477767
0.00596186
0.00542348
0.00543418
0.00512657
0.00527778
0.00542515
0.00703698
0.00471597
0.00490247
0.00502051
0.00641071
0.00557108
0.00477844
0.00819294
0.00619088
0.00592114
0.00609374
0.00487886
0.00523216
0.00505794
0.00489083
0.00518210
0.00468397
0.00470595
0.00481284
0.00723568
0.00541610
0.00559726
0.00549335
0.00690748
0.00551774
0.00548213
0.00503838
0.00483096
0.00671348
0.00517026
0.00567800
0.00483981
0.00460713
0.00512509
0.00607656
0.00487224
0.00593454
0.00570783
0.00507116
0.00631690
0.00513697
0.00563446
0.00597873