0.00159289
0.00208981
0.00156240
0.00177744
0.00234766
0.00186472
0.00179394
0.00222168
0.00256422
0.00172041
0.00176491
0.00169320
0.00166742
0.00212931
0.00182703
0.00187836
0.00201149
0.00203780
0.00174218
0.00169462
0.00152142
0.00194023
0.00165579
0.00220406
0.00174679
0.00186672
0.00324562
0.00188051
0.00181046
0.00168378
0.00189715
0.00176174
0.00212723
0.00170153
0.00175946
0.00180521
0.00177125
0.00231970
0.00186753
0.00193713
0.00231476
0.00175935
0.00190167
0.00243303
0.00187846
0.00191707
0.00196402
0.00249724
0.00288807
0.00184587
0.00177797
0.00167136
0.00170622
0.00183986
0.00187814
0.00239543
0.00198957
0.00225083
0.00226737
0.00203030
0.00208774
0.00258461
0.00153167
0.00201790
0.00229104
0.00173442
0.00156781
0.00184787
0.00161417
0.00152187
0.00248377
0.00191111
0.00211585
0.00197951
0.00167651
0.00213759
0.00179160
0.00214187
0.00251152
0.00163110
0.00156162
0.00221891
0.00201840
0.00201057
0.00181647
0.00183529
0.00187141
0.00281643
0.00168954
0.00164831
0.00162119
0.00179706
0.00250319
0.00170697
0.00200116
0.00212389
0.00228610
0.00180717
0.00185677
0.00198932
0.00168910
0.00180237
0.00297023
0.00266311
0.00259468
0.00218135
0.00180833
0.00178666
0.00213273
0.00169202
0.00177074
0.00174213
0.00178958
0.00193603
0.00165964
0.00159504
0.00183381
0.00192131
0.00172010
0.00205681
0.00263430
0.00174194
0.00170734
0.00165835
0.00230450
0.00182988
0.00190380
0.00182857
0.00180552
0.00225071
0.00260015
0.00189976
0.00213372
0.00176864
0.00190442
0.00176111
0.00199847
0.00194885
0.00210157
0.00404048
0.00180461
0.00203737
0.00177974
0.00214887
0.00181709
0.00209853
0.00229106
0.00209685
0.00217633
0.00229449
0.00172834
0.00192404
0.00173318
0.00168307
0.00161114
0.00203771
0.00163360
0.00192349
0.00225279
0.00192174
0.00175962
0.00196005
0.00153290
0.00158729
0.00179485
0.00159286
0.00179451
0.00178056
0.00174442
0.00231752
0.00218657
0.00160970
0.00165210
0.00257985
0.00256335
0.00187527
0.00176045
0.00173803
0.00232232
0.00234764
0.00184797
0.00288897
0.00159949
0.00169701
0.00163514
0.00203846
0.00172896
0.00187583
0.00198445
0.00185835
0.00208754
0.00166375
0.00338677
0.00199995
0.00179263
0.00168547
0.00196241
0.00210153
0.00166469
0.00246567
0.00172837
0.00193283
0.00199694
0.00206058
0.00195145
0.00208616
0.00187468
0.00170255
0.00178685
0.00154684
0.00178518
0.00197253
0.00196469
0.00196136
0.00160322
0.00213395
0.00221763
0.00199927
0.00166745
0.00231892
0.00169583
0.00185486
0.00208882
0.00175010
0.00179204
0.00184902
0.00196241
0.00190646
0.00166339
0.00183207
0.00172560
0.00220029
0.00226201
0.00184733
0.00321019
0.00173299
0.00194865
0.00188791
0.00192695
0.00182751
0.00185204
0.00187923
0.00244158
0.00157320
0.00199077
0.00182764
0.00195117
0.00176852
0.00218188
0.00169559
0.00312345
0.00173205
0.00191632
0.00194119
0.00186766
0.00198896
0.00201708
0.00171148
0.00173460
0.00194201
0.00240311
0.00175548
0.00184418
0.00164726
0.00249902
0.00203791
0.00198126
0.00232782
0.00165766
0.00173874
0.00199634
0.00174652
0.00171771
0.00264117
0.00210778
0.00268149
0.00186409
0.00175093
0.00222536
0.00191829
0.00157001
0.00179836
0.00199659
0.00217095
0.00181235
0.00167609
0.00164979
0.00166623
0.00166787
0.00210938
0.00188756
0.00186881
0.00193121
0.00178638
0.00176604
0.00163703
0.00207497
0.00163394
0.00185768
0.00177145
0.00213871
0.00166793
0.00166087
0.00194266
0.00182903
0.00196764
0.00208247
0.00256607
0.00204749
0.00208470
0.00179004
0.00173710
0.00179816
0.00186005
0.00183724
0.00198825
0.00176895
0.00166034
0.00252482
0.00201449
0.00215868
0.00256650
0.00163782
0.00204133
0.00175323
0.00186138
0.00192405
0.00253976
0.00160230
0.00168272
0.00186338
0.00175612
0.00201722
0.00215771
0.00163039
0.00177089
0.00176105
0.00217263
0.00164156
0.00165871
0.00178900
0.00183671
0.00200949
0.00173738
0.00169310
0.00168868
0.00204935
0.00183455
0.00201414
0.00165370
0.00176237
0.00180158
0.00218388
0.00177852
0.00175440
0.00183110
0.00173805
0.00172170
0.00168353
0.00191188
0.00172492
0.00168606
0.00167702
0.00193665
0.00198830
0.00350883
0.00165119
0.00222669
0.00175357
0.00168888
0.00202807
0.00186197
0.00178507
0.00158801
0.00211918
0.00165430
0.00188295
0.00173734
0.00180304
0.00222682
0.00221346
0.00157286
0.00181545
0.00197459
0.00173957
0.00172749
0.00209976
0.00191482
0.00169145
0.00194656
0.00174720
0.00173716
0.00190782
0.00172655
0.00215567
0.00172832
0.00212892
0.00176388
0.00155062
0.00227936
0.00195831
0.00170485
0.00162246
0.00179891
0.00278453
0.00247631
0.00177595
0.00176122
0.00189009
0.00193210
0.00166791
0.00232093
0.00211711
0.00164379
0.00151002
0.00266630
0.00254911
0.00180955
0.00192079
0.00169336
0.00194463
0.00173478
0.00174677
0.00162578
0.00195721
0.00253658
0.00173438
0.00212074
0.00186948
0.00180978
0.00173948
0.00205567
0.00223764
0.00180718
0.00164629
0.00272697
0.00183695
0.00156644
0.00163803
0.00173788
0.00173193
0.00206584
0.00211458
0.00169630
0.00194744
0.00178647
0.00175960
0.00173678
0.00199858
0.00209403
0.00169620
0.00162102
0.00227103
0.00167806
0.00162722
0.00196336
0.00187653
0.00180913
0.00157856
0.00155144
0.00216687
0.00178173
0.00196535
0.00241404
0.00210904
0.00159250
0.00191106
0.00155248
0.00142448
0.00178360
0.00235799
0.00195330
0.00193103
0.00246173
0.00165099
0.00185043
0.00171824
0.00195089
0.00164638
0.00173315
0.00232308
0.00165191
0.00211417
0.00179311
0.00189732
0.00174597
0.00170217
0.00192484
0.00285884
0.00194557
0.00220512
0.00214067
0.00189752
0.00175093
0.00170368
0.00181011
0.00175831
0.00211410
0.00208934
0.00174550