0.00044951
0.00042174
0.00043473
0.00042882
0.00041544
0.00041546
0.00042082
0.00043704
0.00041285
0.00041818
0.00041973
0.00041856
0.00042162
0.00043362
0.00044459
0.00041172
0.00041322
0.00043227
0.00043228
0.00043934
0.00042320
0.00042249
0.00041838
0.00043207
0.00041801
0.00042694
0.00042710
0.00043931
0.00042150
0.00041929
0.00042002
0.00042148
0.00042520
0.00044124
0.00042369
0.00041474
0.00041982
0.00041598
0.00041240
0.00042428
0.00043141
0.00042332
0.00042579
0.00041093
0.00042797
0.00043180
0.00042941
0.00042361
0.00042486
0.00043267
0.00040919
0.00042878
0.00041362
0.00040958
0.00043047
0.00043770
0.00042284
0.00046698
0.00040527
0.00042726
0.00040975
0.00041927
0.00043200
0.00042181
0.00041888
0.00043343
0.00043543
0.00042759
0.00042059
0.00042090
0.00041731
0.00042553
0.00041507
0.00043420
0.00040406
0.00041823
0.00044917
0.00041250
0.00042843
0.00041799
0.00042123
0.00043455
0.00041783
0.00041666
0.00044289
0.00044201
0.00041765
0.00042955
0.00041415
0.00042836
0.00043050
0.00040832
0.00041758
0.00043468
0.00044574
0.00041682
0.00041087
0.00041472
0.00042830
0.00042575
0.00042813
0.00043063
0.00041567
0.00041810
0.00043957
0.00042165
0.00041377
0.00042236
0.00042172
0.00042858
0.00040576
0.00043756
0.00042802
0.00041768
0.00043148
0.00042084
0.00040733
0.00045473
0.00041454
0.00043441
0.00042249
0.00041679
0.00041650
0.00043735
0.00042145
0.00042149
0.00041739
0.00043085
0.00041752
0.00041118
0.00042329
0.00041126
0.00041616
0.00043239
0.00041889
0.00042546
0.00041757
0.00042426
0.00042307
0.00042187
0.00042711
0.00043121
0.00042439
0.00042858
0.00042651
0.00042156
0.00042542
0.00042355
0.00041916
0.00041201
0.00041832
0.00042300
0.00042247
0.00042464
0.00042347
0.00042396
0.00043862
0.00041966
0.00041280
0.00042692
0.00042051
0.00042025
0.00043193
0.00041673
0.00043613
0.00041973
0.00042109
0.00041761
0.00042081
0.00043038
0.00041853
0.00041454
0.00044003
0.00045133
0.00042235
0.00041663
0.00043187
0.00041609
0.00042664
0.00041757
0.00042060
0.00042864
0.00042216
0.00043471
0.00042612
0.00043175
0.00042613
0.00042276
0.00044607
0.00041054
0.00041855
0.00042109
0.00042383
0.00041404
0.00041337
0.00042349
0.00042031
0.00043154
0.00045079
0.00040767
0.00040563
0.00041266
0.00041765
0.00040928
0.00043962
0.00041778
0.00042200
0.00042170
0.00041592
0.00042699
0.00042638
0.00043605
0.00042313
0.00042487
0.00043962
0.00042794
0.00042656
0.00042194
0.00041957
0.00043187
0.00041910
0.00040952
0.00042034
0.00041886
0.00042658
0.00044486
0.00044251
0.00042533
0.00041943
0.00042118
0.00043856
0.00042804
0.00041976
0.00042413
0.00041956
0.00042958
0.00044068
0.00040608
0.00041633
0.00043131
0.00042016
0.00042260
0.00043778
0.00044216
0.00041963
0.00043628
0.00041060
0.00041225
0.00043239
0.00041203
0.00042182
0.00042267
0.00043409
0.00042702
0.00043030
0.00042682
0.00042654
0.00042919
0.00042028
0.00042266
0.00041433
0.00041723
0.00043881
0.00042249
0.00042061
0.00042597
0.00043956
0.00042702
0.00041043
0.00041573
0.00041981
0.00043414
0.00043687
0.00042776
0.00042132
0.00041256
0.00041513
0.00041995
0.00042491
0.00042311
0.00041709
0.00043188
0.00043769
0.00042674
0.00043416
0.00042426
0.00040872
0.00041418
0.00042396
0.00042810
0.00041592
0.00042976
0.00042594
0.00041807
0.00042741
0.00041820
0.00042672
0.00041260
0.00041522
0.00043192
0.00043448
0.00043756
0.00042541
0.00041767
0.00042920
0.00041987
0.00042054
0.00043440
0.00042212
0.00041330
0.00041434
0.00041332
0.00041966
0.00042115
0.00041205
0.00042504
0.00043528
0.00042283
0.00041632
0.00041020
0.00042188
0.00044361
0.00042712
0.00041869
0.00042894
0.00045001
0.00041921
0.00042522
0.00041120
0.00042264
0.00041364
0.00041820
0.00042402
0.00041392
0.00042158
0.00042825
0.00042210
0.00041466
0.00042073
0.00042722
0.00044241
0.00041865
0.00044813
0.00041328
0.00042078
0.00041642
0.00042444
0.00042880
0.00041893
0.00043526
0.00042285
0.00042213
0.00042487
0.00042808
0.00043041
0.00042291
0.00042559
0.00041816
0.00041782
0.00044434
0.00044312
0.00042621
0.00042039
0.00041869
0.00042303
0.00042221
0.00042778
0.00041719
0.00041719
0.00043539
0.00043391
0.00041062
0.00042321
0.00042047
0.00041031
0.00043488
0.00041815
0.00042554
0.00042698
0.00042321
0.00042815
0.00042120
0.00041396
0.00043427
0.00041953
0.00041752
0.00041928
0.00042665
0.00041464
0.00041726
0.00044557
0.00041855
0.00042410
0.00042516
0.00042956
0.00042352
0.00043587
0.00042559
0.00043169
0.00042197
0.00040734
0.00040824
0.00044815
0.00043385
0.00042221
0.00042051
0.00041972
0.00042230
0.00043122
0.00042983
0.00042031
0.00041667
0.00040861
0.00042626
0.00042148
0.00043388
0.00042187
0.00042564
0.00041992
0.00042776
0.00043283
0.00042533
0.00042850
0.00042715
0.00042690
0.00041190
0.00042445
0.00041985
0.00042139
0.00043841
0.00041883
0.00042464
0.00042335
0.00042823
0.00042081
0.00041467
0.00041877
0.00041198
0.00042650
0.00042395
0.00043398
0.00043172
0.00042242
0.00042073
0.00041849
0.00042401
0.00042425
0.00043894
0.00045098
0.00041821
0.00041718
0.00042152
0.00042775
0.00044239
0.00041932
0.00041760
0.00042815
0.00041025
0.00041343
0.00041983
0.00042562
0.00042915
0.00042650
0.00040951
0.00041588
0.00042418
0.00041360
0.00043146
0.00041517
0.00042660
0.00041406
0.00041720
0.00041477
0.00044367
0.00041622
0.00041653
0.00041375
0.00042385
0.00041762
0.00042975
0.00041453
0.00043276
0.00042199
0.00043013
0.00043851
0.00042811
0.00042713
0.00042496
0.00042404
0.00041361
0.00042760
0.00042373
0.00042122
0.00042217
0.00042531
0.00043382
0.00043393
0.00041963
0.00041828
0.00043169