0.00066831
0.00067329
0.00068135
0.00068219
0.00068001
0.00070155
0.00067474
0.00069108
0.00069773
0.00069864
0.00069472
0.00067190
0.00069535
0.00067321
0.00070767
0.00068830
0.00071068
0.00070107
0.00070590
0.00068302
0.00072924
0.00069821
0.00069376
0.00069130
0.00069070
0.00068809
0.00066048
0.00070734
0.00066407
0.00072240
0.00066712
0.00070441
0.00068009
0.00066954
0.00068279
0.00070027
0.00066144
0.00069445
0.00067069
0.00067782
0.00069243
0.00069443
0.00069592
0.00069691
0.00067978
0.00068136
0.00068599
0.00067058
0.00071192
0.00068764
0.00071166
0.00069685
0.00066894
0.00070235
0.00070433
0.00068763
0.00068540
0.00066553
0.00070273
0.00070356
0.00066657
0.00068341
0.00067796
0.00067618
0.00069660
0.00070749
0.00067441
0.00068082
0.00069825
0.00068166
0.00069669
0.00068767
0.00071357
0.00070147
0.00070411
0.00072337
0.00067985
0.00068398
0.00070204
0.00068862
0.00069671
0.00068919
0.00068228
0.00067890
0.00073370
0.00069231
0.00068235
0.00068877
0.00071688
0.00068047
0.00068381
0.00067600
0.00066896
0.00070121
0.00070104
0.00068253
0.00070845
0.00069796
0.00067873
0.00068937
0.00069236
0.00070487
0.00072209
0.00066662
0.00071545
0.00069350
0.00067065
0.00069379
0.00067832
0.00067158
0.00068517
0.00070072
0.00067119
0.00069336
0.00070889
0.00068182
0.00068825
0.00066043
0.00068860
0.00069086
0.00067687
0.00068643
0.00069072
0.00069433
0.00071145
0.00069461
0.00067142
0.00068607
0.00067862
0.00069166
0.00067180
0.00066905
0.00069300
0.00069276
0.00071108
0.00070915
0.00068422
0.00070257
0.00069886
0.00067325
0.00070031
0.00067375
0.00069674
0.00066980
0.00069915
0.00067734
0.00068350
0.00067270
0.00068740
0.00067273
0.00069312
0.00067395
0.00071577
0.00068432
0.00069148
0.00067283
0.00069517
0.00068209
0.00070242
0.00069557
0.00069791
0.00066455
0.00069927
0.00068140
0.00069786
0.00070167
0.00064942
0.00069817
0.00068395
0.00069619
0.00069651
0.00070623
0.00068398
0.00069334
0.00069508
0.00069277
0.00070570
0.00067382
0.00066719
0.00068231
0.00068491
0.00069690
0.00069117
0.00066949
0.00069977
0.00065594
0.00067514
0.00070477
0.00068369
0.00068872
0.00070217
0.00071984
0.00067603
0.00067515
0.00069419
0.00066759
0.00070542
0.00066611
0.00069980
0.00066077
0.00067970
0.00072990
0.00070804
0.00069871
0.00069174
0.00070833
0.00069356
0.00069853
0.00069267
0.00068910
0.00067795
0.00069631
0.00068470
0.00066423
0.00070119
0.00069523
0.00067043
0.00066798
0.00067156
0.00072298
0.00069567
0.00069072
0.00067807
0.00068380
0.00068578
0.00072298
0.00069885
0.00067308
0.00069755
0.00069511
0.00066955
0.00070300
0.00069304
0.00068709
0.00067497
0.00066949
0.00068789
0.00069487
0.00068245
0.00067218
0.00069135
0.00068028
0.00067107
0.00069238
0.00070414
0.00070056
0.00069233
0.00068730
0.00068110
0.00070284
0.00071882
0.00068145
0.00070052
0.00070292
0.00070349
0.00068787
0.00071574
0.00069511
0.00071170
0.00068052
0.00066829
0.00067559
0.00071280
0.00070662
0.00068715
0.00066574
0.00068512
0.00067772
0.00068586
0.00066658
0.00069421
0.00066632
0.00069605
0.00069107
0.00070902
0.00069578
0.00068402
0.00066416
0.00073866
0.00067056
0.00067047
0.00069721
0.00068535
0.00066895
0.00067752
0.00068444
0.00067946
0.00067691
0.00069192
0.00070743
0.00066855
0.00067333
0.00068669
0.00069317
0.00068937
0.00070368
0.00068816
0.00069024
0.00071079
0.00069257
0.00068769
0.00069907
0.00068177
0.00067175
0.00068356
0.00069985
0.00069022
0.00066443
0.00069315
0.00068635
0.00067344
0.00067343
0.00066589
0.00070406
0.00067770
0.00069424
0.00069509
0.00070237
0.00070513
0.00068640
0.00067994
0.00067740
0.00067348
0.00065935
0.00068608
0.00072291
0.00070765
0.00068023
0.00073284
0.00070764
0.00068909
0.00068917
0.00067851
0.00068818
0.00072827
0.00070693
0.00068042
0.00071839
0.00066274
0.00067715
0.00066783
0.00066604
0.00067737
0.00068017
0.00070044
0.00068862
0.00071871
0.00067872
0.00069864
0.00069261
0.00071598
0.00069523
0.00069874
0.00068625
0.00070572
0.00070433
0.00069836
0.00068506
0.00067577
0.00068522
0.00069160
0.00067755
0.00068882
0.00069977
0.00067825
0.00069292
0.00067797
0.00068259
0.00069266
0.00068110
0.00070027
0.00068408
0.00068310
0.00069998
0.00066958
0.00069468
0.00067882
0.00069872
0.00068503
0.00070536
0.00071764
0.00069823
0.00069693
0.00069842
0.00070403
0.00069376
0.00068348
0.00068449
0.00068883
0.00069611
0.00069674
0.00070427
0.00068571
0.00068249
0.00068933
0.00067614
0.00070272
0.00068844
0.00074775
0.00069874
0.00067896
0.00070134
0.00072619
0.00069587
0.00068901
0.00068010
0.00069389
0.00070296
0.00069736
0.00069157
0.00069619
0.00070846
0.00068454
0.00068694
0.00068654
0.00067425
0.00068312
0.00070436
0.00069383
0.00069267
0.00069308
0.00069156
0.00069508
0.00070437
0.00069027
0.00066801
0.00066364
0.00070502
0.00070754
0.00072086
0.00068058
0.00067138
0.00071130
0.00068842
0.00069127
0.00071554
0.00066529
0.00067612
0.00070532
0.00069687
0.00069243
0.00067777
0.00070085
0.00067298
0.00067837
0.00070070
0.00069246
0.00068929
0.00067827
0.00068673
0.00067805
0.00068493
0.00069298
0.00068725
0.00069418
0.00068327
0.00066494
0.00068804
0.00068432
0.00068774
0.00068277
0.00067822
0.00067722
0.00067662
0.00068523
0.00067776
0.00070939
0.00068907
0.00069074
0.00069564
0.00067264
0.00065950
0.00067352
0.00072238
0.00066123
0.00068165
0.00069147
0.00067362
0.00066904
0.00068110
0.00067574
0.00070002
0.00069384
0.00068486
0.00074817
0.00071181
0.00070906
0.00068166
0.00070320
0.00066414
0.00069009
0.00069165
0.00067451
0.00067861
0.00073491
0.00069677
0.00066069
0.00069674
0.00069327
0.00071062