0.00499080
0.01808614
0.00509985
0.00378924
0.00883503
0.00570810
0.00561771
0.00514946
0.00425310
0.00490097
0.00384695
0.00471929
0.00565098
0.00475950
0.00595451
0.00324448
0.00398849
0.00443028
0.00424879
0.00355529
0.00690259
0.00366518
0.00459996
0.00758179
0.00658958
0.00296339
0.00671663
0.00455277
0.00401701
0.00498480
0.00521830
0.00494378
0.00404896
0.00532953
0.01040725
0.00337601
0.00381001
0.00419355
0.00429583
0.00458841
0.00429939
0.00398427
0.00491828
0.00572955
0.00428245
0.00755855
0.00336351
0.00562318
0.00412888
0.00447204
0.00584866
0.00442625
0.00446987
0.00416189
0.00417898
0.00486118
0.00339627
0.00541765
0.00693800
0.00497828
0.00629404
0.00471054
0.00588078
0.00512142
0.00464954
0.00593196
0.00572425
0.00447157
0.00463965
0.00403051
0.00336428
0.00526950
0.00354373
0.00404715
0.00607250
0.00417118
0.00454657
0.00428773
0.00520712
0.00328432
0.00600818
0.00431394
0.00677102
0.00396456
0.00604868
0.00389601
0.00485727
0.00417610
0.00402825
0.00434413
0.00576548
0.00430220
0.00410223
0.00421053
0.00746938
0.00583274
0.00492233
0.00449295
0.00396383
0.00316442
0.00705300
0.00562446
0.00481762
0.00501142
0.00404035
0.00569130
0.00620145
0.00369840
0.00550468
0.00472165
0.00572191
0.00384372
0.00326584
0.00344616
0.00645043
0.00535933
0.00471066
0.00541640
0.00719040
0.00384812
0.00319601
0.00363163
0.00798479
0.00462535
0.00327908
0.00405250
0.00398156
0.00344626
0.00368056
0.00480492
0.00585490
0.00473918
0.00444838
0.00489341
0.00356487
0.00530108
0.00385809
0.00536770
0.00498092
0.00378318
0.00771547
0.00653875
0.00648139
0.00578595
0.00622289
0.00476198
0.00359564
0.00299759
0.00681746
0.01018808
0.00486769
0.00578083
0.00389007
0.00396997
0.00443847
0.00497538
0.00817485
0.00595287
0.00397679
0.00571652
0.00392705
0.00572955
0.00356546
0.00590713
0.00503258
0.00302845
0.00486178
0.00484955
0.00379427
0.00465968
0.00683854
0.00369106
0.00465154
0.00584609
0.00407541
0.00519854
0.00397044
0.00341162
0.00339179
0.00340125
0.00414826
0.00534082
0.00694562
0.00448792
0.00381908
0.00654788
0.00893866
0.00573275
0.00331744
0.00546938
0.00503328
0.00380728
0.00621455
0.00428690
0.00412716
0.00414423
0.00332807
0.00427474
0.00409055
0.00413619
0.00617029
0.00548344
0.00481539
0.00299656
0.00388166
0.00534493
0.00360056
0.00584460
0.00455283
0.00512360
0.00384863
0.00457573
0.00346813
0.00530526
0.00516250
0.00506778
0.00421655
0.00414880
0.00394562
0.00364247
0.00407278
0.00496453
0.00431591
0.00577012
0.00444457
0.00412245
0.00480503
0.00447398
0.00663777
0.00412620
0.00668524
0.00731864
0.00450692
0.00436563
0.00543516
0.00377701
0.00359052
0.00749313
0.00371882
0.00469222
0.00449552
0.00512726
0.00350584
0.00426843
0.00428719
0.00492371
0.00512543
0.00504150
0.00457002
0.00409455
0.00594420
0.00620056
0.00473215
0.00682068
0.00358116
0.00518288
0.00594801
0.00369177
0.00353312
0.00456559
0.00426409
0.00473530
0.00457162
0.00539467
0.00385259
0.00371706
0.00534193
0.00577001
0.00533446
0.00545930
0.00449701
0.01181529
0.00368255
0.00353489
0.00387071
0.00509051
0.00316020
0.00378156
0.00366105
0.00594243
0.00570363
0.00410988
0.00502068
0.00572744
0.00390982
0.00738173
0.00619890
0.00483859
0.00344088
0.00355475
0.00692320
0.00450162
0.00356185
0.00431865
0.00447137
0.00317186
0.00466604
0.00755321
0.00431559
0.00362219
0.00959011
0.00314880
0.00720029
0.00428505
0.00587165
0.00529644
0.00446871
0.00375959
0.00329586
0.00298422
0.00505661
0.00342942
0.00587527
0.00660606
0.00394619
0.00403408
0.00613691
0.00331131
0.00405667
0.00509636
0.00449396
0.00399681
0.00424272
0.00456651
0.00424642
0.00325619
0.00515536
0.00457949
0.00513210
0.00327674
0.00431248
0.00517837
0.00388524
0.00338797
0.00595535
0.00593511
0.00470460
0.00387034
0.00526414
0.00345180
0.00356492
0.00598789
0.00489128
0.00662709
0.00419155
0.00377967
0.00537502
0.00500774
0.00585010
0.00494382
0.00742104
0.00558802
0.00479054
0.00805265
0.00385728
0.00451655
0.00451009
0.00403699
0.00369668
0.00595349
0.00428166
0.00703987
0.00455716
0.00359882
0.00731985
0.00390843
0.00377416
0.00505779
0.00384262
0.00417325
0.00320384
0.00401369
0.00415532
0.00345059
0.00466315
0.00941335
0.00501492
0.00328157
0.01109555
0.00518650
0.00416356
0.00676090
0.00393091
0.00434075
0.00557531
0.00621770
0.00645063
0.00729405
0.00449141
0.00406366
0.00417683
0.00621140
0.00643999
0.00690588
0.00503468
0.00428292
0.00406706
0.00814666
0.00506127
0.00432908
0.00369793
0.00526206
0.00440076
0.00585316
0.00431897
0.00543870
0.00383295
0.00692122
0.00358846
0.00522671
0.00527652
0.00415832
0.00402412
0.00333511
0.00531257
0.00714697
0.00765804
0.00487284
0.00488949
0.00433785
0.00640253
0.00323077
0.00369919
0.00750755
0.00496807
0.00346844
0.00436438
0.00369720
0.00483265
0.00435793
0.00431112
0.00701928
0.00409958
0.00645243
0.00350114
0.00533396
0.00386206
0.00483878
0.00474334
0.00371719
0.00303209
0.00508828
0.00534377
0.00465992
0.00375663
0.00402715
0.00706222
0.00338345
0.00376516
0.00363926
0.00569704
0.00472552
0.00406789
0.00435995
0.00613434
0.00511395
0.00398209
0.00580171
0.00525356
0.00632229
0.00401034
0.00604819
0.00396738
0.00434006
0.00772579
0.00475320
0.00458659
0.00524255
0.00862931
0.00309249
0.00456734
0.00368454
0.00604368
0.00374823
0.00501686
0.00431032
0.00562682
0.00302461
0.00369898
0.00788765
0.00381928
0.00479708
0.00553043
0.00371514
0.00529387
0.00381689
0.00400166
0.00400911
0.00351745
0.00421210
0.00378479
0.00434541
0.00376467
0.00491558
0.00403451
0.00479051
0.00663565
0.00370926
0.00496806
0.00510402