0.00212297
0.00269817
0.00260714
0.00231643
0.00228525
0.00256172
0.00219117
0.00239625
0.00239760
0.00237726
0.00237842
0.00230370
0.00271796
0.00213939
0.00227624
0.00219076
0.00228308
0.00271911
0.00274655
0.00202987
0.00286777
0.00228244
0.00237872
0.00219205
0.00513729
0.00220417
0.00227902
0.00236643
0.00288302
0.00313677
0.00228160
0.00275161
0.00238581
0.00343956
0.00235966
0.00244972
0.00199096
0.00239410
0.00222617
0.00268316
0.00226078
0.00262593
0.00301977
0.00209810
0.00271385
0.00222050
0.00230610
0.00270473
0.00232734
0.00243506
0.00237817
0.00326325
0.00247947
0.00217600
0.00229307
0.00261605
0.00247091
0.00355670
0.00255663
0.00220402
0.00249372
0.00226760
0.00245699
0.00316361
0.00267984
0.00222504
0.00334828
0.00235057
0.00325285
0.00330485
0.00234671
0.00210491
0.00249804
0.00284022
0.00226408
0.00239862
0.00251469
0.00399270
0.00269629
0.00207177
0.00209912
0.00241596
0.00322643
0.00226757
0.00248695
0.00251636
0.00244503
0.00263920
0.00253287
0.00220859
0.00238012
0.00295637
0.00281633
0.00199978
0.00315501
0.00311398
0.00233278
0.00256226
0.00273786
0.00347959
0.00397385
0.00262978
0.00236086
0.00226810
0.00255746
0.00248871
0.00302839
0.00201455
0.00264466
0.00331606
0.00215192
0.00256773
0.00227930
0.00230303
0.00257311
0.00237845
0.00232228
0.00378676
0.00245795
0.00218145
0.00284389
0.00288963
0.00353556
0.00222810
0.00212736
0.00245749
0.00235696
0.00214561
0.00257720
0.00313679
0.00262771
0.00223248
0.00249497
0.00283233
0.00296874
0.00267790
0.00270450
0.00211778
0.00236408
0.00296320
0.00290178
0.00230210
0.00239510
0.00321364
0.00404033
0.00260333
0.00213954
0.00307402
0.00255034
0.00471428
0.00279038
0.00230637
0.00253024
0.00261567
0.00315983
0.00313364
0.00202626
0.00253035
0.00270978
0.00245793
0.00260907
0.00225386
0.00283758
0.00248084
0.00198083
0.00212237
0.00237464
0.00249557
0.00235160
0.00258161
0.00210593
0.00257680
0.00204555
0.00253010
0.00244077
0.00217686
0.00232990
0.00302000
0.00287092
0.00326069
0.00249968
0.00217763
0.00224364
0.00244722
0.00236565
0.00288762
0.00294163
0.00203479
0.00235284
0.00209898
0.00207246
0.00216935
0.00244459
0.00257197
0.00271570
0.00339866
0.00239682
0.00352688
0.00224494
0.00216719
0.00220285
0.00379087
0.00236405
0.00265375
0.00300142
0.00320947
0.00210829
0.00339041
0.00232442
0.00275384
0.00251398
0.00469976
0.00244917
0.00263708
0.00230575
0.00213970
0.00181100
0.00201353
0.00209559
0.00301016
0.00240837
0.00387131
0.00195763
0.00365473
0.00246007
0.00322901
0.00208950
0.00252886
0.00219500
0.00246601
0.00239462
0.00252632
0.00285355
0.00298577
0.00249985
0.00421765
0.00245169
0.00262033
0.00210684
0.00198529
0.00249930
0.00289830
0.00332215
0.00246149
0.00259008
0.00266359
0.00400906
0.00334507
0.00272827
0.00283168
0.00222427
0.00234755
0.00263527
0.00296495
0.00240764
0.00276814
0.00229231
0.00287148
0.00225343
0.00201538
0.00219519
0.00335205
0.00388268
0.00299056
0.00265374
0.00222490
0.00259760
0.00263682
0.00249086
0.00214793
0.00309915
0.00250654
0.00231721
0.00218822
0.00262204
0.00255104
0.00247506
0.00246243
0.00265372
0.00246849
0.00238011
0.00329229
0.00279654
0.00282332
0.00312884
0.00312533
0.00293648
0.00273029
0.00205184
0.00220496
0.00194271
0.00285344
0.00269888
0.00231668
0.00238809
0.00232544
0.00224270
0.00283740
0.00283172
0.00231604
0.00281476
0.00225801
0.00218800
0.00228422
0.00249363
0.00246626
0.00260356
0.00237988
0.00384960
0.00274447
0.00267442
0.00207446
0.00190298
0.00241582
0.00259804
0.00347702
0.00256474
0.00229578
0.00301684
0.00193751
0.00343795
0.00241108
0.00297158
0.00214726
0.00228924
0.00257593
0.00196379
0.00228779
0.00224980
0.00234196
0.00209945
0.00376716
0.00311801
0.00241852
0.00365755
0.00250929
0.00274223
0.00260964
0.00201576
0.00235589
0.00253833
0.00240305
0.00244266
0.00229878
0.00249135
0.00251169
0.00222793
0.00229718
0.00234943
0.00245576
0.00246585
0.00226607
0.00230721
0.00221841
0.00240016
0.00270471
0.00235135
0.00236261
0.00494141
0.00582050
0.00203479
0.00206252
0.00227588
0.00213796
0.00196747
0.00254931
0.00298474
0.00221846
0.00538654
0.00207587
0.00261222
0.00209797
0.00258457
0.00223990
0.00232102
0.00285424
0.00211402
0.00214028
0.00253350
0.00224638
0.00372474
0.00216202
0.00348910
0.00225598
0.00259300
0.00307551
0.00245152
0.00211130
0.00271356
0.00238688
0.00253277
0.00306831
0.00206446
0.00234459
0.00254174
0.00319315
0.00230163
0.00246762
0.00249721
0.00263129
0.00226103
0.00272118
0.00249429
0.00244720
0.00223690
0.00257108
0.00264050
0.00369690
0.00310416
0.00330194
0.00280022
0.00404023
0.00264888
0.00219492
0.00276363
0.00217497
0.00236604
0.00248922
0.00269783
0.00219266
0.00226126
0.00404383
0.00278778
0.00255520
0.00204111
0.00207595
0.00190920
0.00245962
0.00321596
0.00259346
0.00242687
0.00220974
0.00253686
0.00232205
0.00262557
0.00274067
0.00233335
0.00184513
0.00237852
0.00258936
0.00216046
0.00359323
0.00205298
0.00311050
0.00228348
0.00223093
0.00230043
0.00251193
0.00257830
0.00306777
0.00441388
0.00249422
0.00238937
0.00253384
0.00222662
0.00224680
0.00245470
0.00230837
0.00227327
0.00330395
0.00218047
0.00216267
0.00286597
0.00235501
0.00259721
0.00249163
0.00224086
0.00244819
0.00314227
0.00232439
0.00221613
0.00270625
0.00221708
0.00246039
0.00552641
0.00311064
0.00229434
0.00272936
0.00223845
0.00207230
0.00252855
0.00446967
0.00243927
0.00198680
0.00207505
0.00262173
0.00372606
0.00221398
0.00265550
0.00210856
0.00249231
0.00355378
0.00310739
0.00225258
0.00212408
0.00340053
0.00273800
0.00198041
0.00239949
0.00271396