0.01059415
0.01514412
0.01836184
0.02767048
0.01606235
0.01538746
0.02239844
0.01324787
0.01341116
0.01695432
0.01706432
0.01039133
0.01767441
0.01819284
0.01334340
0.01138514
0.03857313
0.01248408
0.02467732
0.02052003
0.03941579
0.02705781
0.01182258
0.01356213
0.01954682
0.01839774
0.02559694
0.00943317
0.03360119
0.01911812
0.01066499
0.01478655
0.01229926
0.01329560
0.01270243
0.01426035
0.01384240
0.02315213
0.01801017
0.01157518
0.01718858
0.01405491
0.01915347
0.01101647
0.01522218
0.01829060
0.01320378
0.01055129
0.03519407
0.01879516
0.01882940
0.02664778
0.01254727
0.02253844
0.01664533
0.01589042
0.02229755
0.01321991
0.03932737
0.04089782
0.01638530
0.01227442
0.01138943
0.01169031
0.01682328
0.06997048
0.02398957
0.01092639
0.02999158
0.01291313
0.01285856
0.01476724
0.01560254
0.01870837
0.01716803
0.01628556
0.04165398
0.01220092
0.01328029
0.01097656
0.01357319
0.01044385
0.03045605
0.02063369
0.00930348
0.01918334
0.01795601
0.07092283
0.01432593
0.01388035
0.01272812
0.04870262
0.01821509
0.03380905
0.02064381
0.01434171
0.01244980
0.01153004
0.01206377
0.01616235
0.01509651
0.03598736
0.01506734
0.01932993
0.01417136
0.01487519
0.01845395
0.01369734
0.01927639
0.01664981
0.01619594
0.01268538
0.01629414
0.02716023
0.03152707
0.01619636
0.01917707
0.01435952
0.04274400
0.01185895
0.01746395
0.03393793
0.01737394
0.01232972
0.02023032
0.01196248
0.02671434
0.01251381
0.03557235
0.01405113
0.01986916
0.02486862
0.01109357
0.01176204
0.01093496
0.03339246
0.01176763
0.01328195
0.03192358
0.01148718
0.01660019
0.02135435
0.01275593
0.02363681
0.02721137
0.02588316
0.02563850
0.02080741
0.01352627
0.00987585
0.01352948
0.01438382
0.01355512
0.01008358
0.05454542
0.02958359
0.01452650
0.01100110
0.01592483
0.01480462
0.01689181
0.01312339
0.01458891
0.01397971
0.01186322
0.01305989
0.01431233
0.01734942
0.02496566
0.02153271
0.01470899
0.01255605
0.03102391
0.03623526
0.01294414
0.00881348
0.01329256
0.01939651
0.00938578
0.03019661
0.01073274
0.01735455
0.02004486
0.01223678
0.03014664
0.01339300
0.01392220
0.01656943
0.01244489
0.01747063
0.05008409
0.01463354
0.04133680
0.01080114
0.03883034
0.01335159
0.02792049
0.02310775
0.01525230
0.01278502
0.02967550
0.02482605
0.00979692
0.01332031
0.01398804
0.01112459
0.02152960
0.01621409
0.01447207
0.00954437
0.01805307
0.01929745
0.01220436
0.02223239
0.05440623
0.01592243
0.01157902
0.01593858
0.01635720
0.01880597
0.03341707
0.02288954
0.02213097
0.01046520
0.01758139
0.01573334
0.01097979
0.01551504
0.01261125
0.01324853
0.01388361
0.02204539
0.06570876
0.01986717
0.01599580
0.03137547
0.01975575
0.01659601
0.03248222
0.01581809
0.01457582
0.03646139
0.02382778
0.02096645
0.03344329
0.01104163
0.06734073
0.01331911
0.01185083
0.02470415
0.01055790
0.01402700
0.02193126
0.04825564
0.04398555
0.01090336
0.01758682
0.01107009
0.01208229
0.01220611
0.01754099
0.03636511
0.01217730
0.01698238
0.01856475
0.01835632
0.01218630
0.02886472
0.01385249
0.02117898
0.01290960
0.01948629
0.01228100
0.01518545
0.01589174
0.01553445
0.02732370
0.04955647
0.00945533
0.01916700
0.02037351
0.01515507
0.01536560
0.01600774
0.01043437
0.01922959
0.02532532
0.03702443
0.01386588
0.01886649
0.02285669
0.01263069
0.01211760
0.01019185
0.03305346
0.01284069
0.01715286
0.01080144
0.01738166
0.01493617
0.01372490
0.01919748
0.02402345
0.01544804
0.01440167
0.02697720
0.04385832
0.01756202
0.03629079
0.02870384
0.00845762
0.01257995
0.01150114
0.00912125
0.01733417
0.03072406
0.01556324
0.01441914
0.01690583
0.01391936
0.01330882
0.01612080
0.02438079
0.01721190
0.01695692
0.01326040
0.01805172
0.01318066
0.02711035
0.02094389
0.01308776
0.02282342
0.01215752
0.02362399
0.01402581
0.01087334
0.02540508
0.02768268
0.01437602
0.02112092
0.03026942
0.01641029
0.05494819
0.01188250
0.01546623
0.02928616
0.02359850
0.01893854
0.02689259
0.01359745
0.02035354
0.01660838
0.01282781
0.01842544
0.02072311
0.01658838
0.01336719
0.01102797
0.01110362
0.00913626
0.01685603
0.01631216
0.00992816
0.03056350
0.03456515
0.01731305
0.01516263
0.01444893
0.01079700
0.01078733
0.02106499
0.02253154
0.01942508
0.01993414
0.01139350
0.01091909
0.02190407
0.02321127
0.02453010
0.02090393
0.01941277
0.01136866
0.03836194
0.01456829
0.03161383
0.02019456
0.02432298
0.01554648
0.01050136
0.01838927
0.01178644
0.02183043
0.03484831
0.01605970
0.01191021
0.01191808
0.01247940
0.01540114
0.01495249
0.03651912
0.01230251
0.01042376
0.01984536
0.01447126
0.01490260
0.02973488
0.01710004
0.01914148
0.01816737
0.04187280
0.02802694
0.05737809
0.03058512
0.01147031
0.01563182
0.01103459
0.01587389
0.01157800
0.01894934
0.02360291
0.01430742
0.01316992
0.03158690
0.01122384
0.02167910
0.01904545
0.01412738
0.01596269
0.03472634
0.02077278
0.01462064
0.02153228
0.01813376
0.01411835
0.01054225
0.01460351
0.01504997
0.02398465
0.05209806
0.01153846
0.01192786
0.02891547
0.04374514
0.04639492
0.01342165
0.01083000
0.01599726
0.04810552
0.01317522
0.01051517
0.01461406
0.02174732
0.02431633
0.02493100
0.01233909
0.01157513
0.01139347
0.01886135
0.02472912
0.01024806
0.01534525
0.01406203
0.01431683
0.02917946
0.01314861
0.01803856
0.01476295
0.01501355
0.01518520
0.02521022
0.01925384
0.01826229
0.02998569
0.01638139
0.01377912
0.02383925
0.02416981
0.02694350
0.00922359
0.02465335
0.01766179
0.01012094
0.00920906
0.01118988
0.02180049
0.01095733
0.01022261
0.02488044
0.01108678
0.01315598
0.01739065
0.01765089
0.01715457
0.02312036
0.01289391
0.01590785
0.01211525
0.02365164
0.00953665
0.01810577