0.00243405
0.00392249
0.00253905
0.00248578
0.00219464
0.00258130
0.00260700
0.00259051
0.00234662
0.00241125
0.00253830
0.00248000
0.00265802
0.00254399
0.00254758
0.00227587
0.00273011
0.00268047
0.00267793
0.00246355
0.00259505
0.00280803
0.00227337
0.00253889
0.00252402
0.00225403
0.00241011
0.00226525
0.00237105
0.00226883
0.00312947
0.00250364
0.00268465
0.00260380
0.00222175
0.00268110
0.00246363
0.00284408
0.00264906
0.00254807
0.00234397
0.00331355
0.00263013
0.00248733
0.00295615
0.00260141
0.00274384
0.00287376
0.00267548
0.00233361
0.00274554
0.00313799
0.00243268
0.00311155
0.00244733
0.00246409
0.00238085
0.00238168
0.00236338
0.00306355
0.00281684
0.00281256
0.00233921
0.00406360
0.00252277
0.00253501
0.00256134
0.00239593
0.00259436
0.00254213
0.00285761
0.00336043
0.00288822
0.00248770
0.00269334
0.00247059
0.00248325
0.00254777
0.00309922
0.00235890
0.00239589
0.00249567
0.00286895
0.00342499
0.00269451
0.00260796
0.00225489
0.00252800
0.00278700
0.00252408
0.00231379
0.00236871
0.00286578
0.00224901
0.00228496
0.00246786
0.00285764
0.00269885
0.00273716
0.00236907
0.00248483
0.00401339
0.00245422
0.00243122
0.00233503
0.00258079
0.00290959
0.00300120
0.00240349
0.00261728
0.00263843
0.00298634
0.00227220
0.00310708
0.00225943
0.00231620
0.00243088
0.00231492
0.00336143
0.00257230
0.00235365
0.00268000
0.00243270
0.00225219
0.00238795
0.00297513
0.00265569
0.00279164
0.00250806
0.00239776
0.00290525
0.00264177
0.00264416
0.00270961
0.00309375
0.00221427
0.00275165
0.00250113
0.00245826
0.00230210
0.00296398
0.00218436
0.00319111
0.00249819
0.00259017
0.00259724
0.00243886
0.00267386
0.00258786
0.00235132
0.00247985
0.00286933
0.00263117
0.00226759
0.00274028
0.00238013
0.00253682
0.00286639
0.00234501
0.00254912
0.00234599
0.00236010
0.00323314
0.00339532
0.00254219
0.00256182
0.00235953
0.00242210
0.00243218
0.00283916
0.00249792
0.00228119
0.00259820
0.00247049
0.00225862
0.00236288
0.00259139
0.00249717
0.00230310
0.00252066
0.00300643
0.00245388
0.00244035
0.00267255
0.00268158
0.00266592
0.00278617
0.00260579
0.00263155
0.00235776
0.00242923
0.00244356
0.00232090
0.00229051
0.00234816
0.00242555
0.00326057
0.00234050
0.00230843
0.00232367
0.00301895
0.00263531
0.00405440
0.00250383
0.00290753
0.00297547
0.00230629
0.00263786
0.00239486
0.00255972
0.00278690
0.00262964
0.00222249
0.00246619
0.00269839
0.00231202
0.00227708
0.00261000
0.00318334
0.00253083
0.00238805
0.00297178
0.00245115
0.00227867
0.00291615
0.00264224
0.00235926
0.00266426
0.00348610
0.00265481
0.00357063
0.00275107
0.00244641
0.00272296
0.00237595
0.00283082
0.00261065
0.00244211
0.00259394
0.00217108
0.00224470
0.00285219
0.00253500
0.00300451
0.00238638
0.00249305
0.00232668
0.00230982
0.00252097
0.00286862
0.00327142
0.00244141
0.00251667
0.00244980
0.00229931
0.00239907
0.00265326
0.00245992
0.00366086
0.00233164
0.00328073
0.00241692
0.00468505
0.00267017
0.00335755
0.00272751
0.00220677
0.00238384
0.00243018
0.00236112
0.00232771
0.00262063
0.00277728
0.00309615
0.00245491
0.00251842
0.00264006
0.00320469
0.00234066
0.00251938
0.00251171
0.00430266
0.00232195
0.00240871
0.00266577
0.00279257
0.00303800
0.00233115
0.00280045
0.00241157
0.00257236
0.00233513
0.00290317
0.00230438
0.00271261
0.00239546
0.00243186
0.00257192
0.00249942
0.00325200
0.00244816
0.00280770
0.00218170
0.00356373
0.00250387
0.00243306
0.00261186
0.00252319
0.00240939
0.00252091
0.00230300
0.00256374
0.00244080
0.00250464
0.00256605
0.00242532
0.00250789
0.00261839
0.00228796
0.00255153
0.00236002
0.00221000
0.00318240
0.00256551
0.00252786
0.00300423
0.00284548
0.00257317
0.00261844
0.00487613
0.00256704
0.00250924
0.00473424
0.00325925
0.00332145
0.00267879
0.00285807
0.00245706
0.00251355
0.00225683
0.00266634
0.00221559
0.00249375
0.00263208
0.00262619
0.00230326
0.00439606
0.00241203
0.00279855
0.00259690
0.00236862
0.00315572
0.00225018
0.00274675
0.00232576
0.00217565
0.00239352
0.00295376
0.00266794
0.00244759
0.00237375
0.00229616
0.00231454
0.00227460
0.00263102
0.00262284
0.00256827
0.00260096
0.00233528
0.00238781
0.00215404
0.00253248
0.00268244
0.00278879
0.00238035
0.00242469
0.00278289
0.00252394
0.00254572
0.00292835
0.00245452
0.00250823
0.00237651
0.00339719
0.00252375
0.00241031
0.00281460
0.00241074
0.00292229
0.00270322
0.00256090
0.00244185
0.00311809
0.00287456
0.00242288
0.00250808
0.00218728
0.00250002
0.00282971
0.00312967
0.00250792
0.00291493
0.00226623
0.00268072
0.00224201
0.00249022
0.00216289
0.00278445
0.00250982
0.00274212
0.00239733
0.00236852
0.00245986
0.00292351
0.00263260
0.00246609
0.00223782
0.00263460
0.00248288
0.00457686
0.00295802
0.00254305
0.00261880
0.00270581
0.00262377
0.00254826
0.00249816
0.00269965
0.00246193
0.00252049
0.00289879
0.00284951
0.00434174
0.00352275
0.00248047
0.00224163
0.00232848
0.00242038
0.00258548
0.00250189
0.00228724
0.00285915
0.00241526
0.00245033
0.00239766
0.00260095
0.00242764
0.00303920
0.00249179
0.00245074
0.00266773
0.00236557
0.00297039
0.00259737
0.00236882
0.00281823
0.00290054
0.00264707
0.00280787
0.00248592
0.00269766
0.00235737
0.00239244
0.00300946
0.00238940
0.00232768
0.00252978
0.00246918
0.00256586
0.00240296
0.00261236
0.00287911
0.00234944
0.00263273
0.00249133
0.00281469
0.00249653
0.00279874
0.00244543
0.00266786
0.00280262
0.00236878
0.00297890
0.00272671
0.00219876
0.00259851
0.00248005
0.00237829
0.00260665
0.00276438
0.00240367
0.00319758
0.00222764
0.00240461
0.00226117
0.00257941
0.00242729
0.00261630
0.00242195
0.00275995