0.00216635
0.00224851
0.00212986
0.00216881
0.00197033
0.00191611
0.00205230
0.00206286
0.00202839
0.00217411
0.00197900
0.00209547
0.00206743
0.00203778
0.00205953
0.00232329
0.00205494
0.00202166
0.00197116
0.00208447
0.00201628
0.00208881
0.00202430
0.00204886
0.00201243
0.00230328
0.00209412
0.00227061
0.00260772
0.00195046
0.00209499
0.00215727
0.00222888
0.00209457
0.00212074
0.00202104
0.00192195
0.00197333
0.00208744
0.00192176
0.00207486
0.00207592
0.00199799
0.00222355
0.00213343
0.00207830
0.00193648
0.00190052
0.00216220
0.00255700
0.00205487
0.00240123
0.00197220
0.00221931
0.00205195
0.00211078
0.00217194
0.00230669
0.00191775
0.00208690
0.00199479
0.00265385
0.00229034
0.00236186
0.00209205
0.00205185
0.00200370
0.00207983
0.00207979
0.00218931
0.00209762
0.00204617
0.00204046
0.00255867
0.00214702
0.00213743
0.00198029
0.00218369
0.00207722
0.00206792
0.00246453
0.00222132
0.00199540
0.00196242
0.00208563
0.00221524
0.00247499
0.00207391
0.00237879
0.00212594
0.00211153
0.00220775
0.00228725
0.00203602
0.00211666
0.00213938
0.00216856
0.00210827
0.00196600
0.00211489
0.00204133
0.00191985
0.00231611
0.00203302
0.00219903
0.00197495
0.00215499
0.00201074
0.00197973
0.00182398
0.00206766
0.00193884
0.00235951
0.00194653
0.00200797
0.00209870
0.00201629
0.00197787
0.00202550
0.00221979
0.00220311
0.00194565
0.00206680
0.00222773
0.00246586
0.00201937
0.00198155
0.00223156
0.00193475
0.00196538
0.00207334
0.00201703
0.00206540
0.00235354
0.00211592
0.00219271
0.00195129
0.00192713
0.00205148
0.00200182
0.00200800
0.00231569
0.00212628
0.00199373
0.00218805
0.00197723
0.00219206
0.00211218
0.00224112
0.00208467
0.00224618
0.00208433
0.00230429
0.00211685
0.00206113
0.00203948
0.00221182
0.00213984
0.00218090
0.00198363
0.00213675
0.00251222
0.00214451
0.00195879
0.00213275
0.00200419
0.00236376
0.00201754
0.00207022
0.00211737
0.00201869
0.00209382
0.00212599
0.00215147
0.00198226
0.00207465
0.00211497
0.00203071
0.00194670
0.00208899
0.00205710
0.00203159
0.00193250
0.00205352
0.00206089
0.00198025
0.00220157
0.00201922
0.00213943
0.00202374
0.00207539
0.00196396
0.00217199
0.00248443
0.00196599
0.00228408
0.00191492
0.00197350
0.00218399
0.00217158
0.00189120
0.00209211
0.00200703
0.00193034
0.00192369
0.00220198
0.00199299
0.00195638
0.00203395
0.00201471
0.00227657
0.00204544
0.00202235
0.00182456
0.00190042
0.00214385
0.00204482
0.00233758
0.00203894
0.00232819
0.00192927
0.00188930
0.00193148
0.00192658
0.00192289
0.00189450
0.00192669
0.00240127
0.00221279
0.00202554
0.00197202
0.00193327
0.00195503
0.00214200
0.00187567
0.00196402
0.00230827
0.00210383
0.00211543
0.00210784
0.00214246
0.00206455
0.00192696
0.00224067
0.00189719
0.00219288
0.00216840
0.00203478
0.00209079
0.00203921
0.00207448
0.00221831
0.00193565
0.00204037
0.00213463
0.00234776
0.00195694
0.00220436
0.00212443
0.00215303
0.00206806
0.00204497
0.00205409
0.00216393
0.00249313
0.00195438
0.00204594
0.00205720
0.00195615
0.00196759
0.00237476
0.00206400
0.00229563
0.00192120
0.00217622
0.00191065
0.00205329
0.00222925
0.00208132
0.00236129
0.00205294
0.00213607
0.00225409
0.00214154
0.00205940
0.00195714
0.00206607
0.00209879
0.00207663
0.00204115
0.00191902
0.00217879
0.00240993
0.00224004
0.00226934
0.00198881
0.00208521
0.00208079
0.00208919
0.00208138
0.00230187
0.00225729
0.00199110
0.00203916
0.00237346
0.00225066
0.00206625
0.00220480
0.00203304
0.00212135
0.00193697
0.00207480
0.00207869
0.00234578
0.00211483
0.00208515
0.00199055
0.00214143
0.00207824
0.00196306
0.00201693
0.00201541
0.00201698
0.00198989
0.00205537
0.00203071
0.00212917
0.00186655
0.00229464
0.00198366
0.00200509
0.00197306
0.00219221
0.00206863
0.00200554
0.00191670
0.00194314
0.00218029
0.00225987
0.00200253
0.00218672
0.00194881
0.00200051
0.00182227
0.00195113
0.00209440
0.00205207
0.00212165
0.00234872
0.00195734
0.00184784
0.00202746
0.00202598
0.00208259
0.00209833
0.00215917
0.00195878
0.00225914
0.00201875
0.00213945
0.00212634
0.00184437
0.00212501
0.00200834
0.00202885
0.00190349
0.00218997
0.00245643
0.00203745
0.00189852
0.00212652
0.00220235
0.00212244
0.00224188
0.00208103
0.00224360
0.00204526
0.00237196
0.00240935
0.00222235
0.00219012
0.00236002
0.00192109
0.00210957
0.00190842
0.00214552
0.00204120
0.00214830
0.00212308
0.00248942
0.00200849
0.00193260
0.00217320
0.00188545
0.00197521
0.00198226
0.00242039
0.00223382
0.00281790
0.00230157
0.00207319
0.00234520
0.00198651
0.00192415
0.00210388
0.00189276
0.00218375
0.00211040
0.00201334
0.00196063
0.00197520
0.00193319
0.00204462
0.00223030
0.00193839
0.00200000
0.00202278
0.00222289
0.00214066
0.00197194
0.00196561
0.00208100
0.00214608
0.00214643
0.00214317
0.00237828
0.00206536
0.00187834
0.00202302
0.00196487
0.00201153
0.00201449
0.00209203
0.00214063
0.00257368
0.00188023
0.00216957
0.00217818
0.00199955
0.00221751
0.00203974
0.00196204
0.00215272
0.00211137
0.00248194
0.00226282
0.00198251
0.00219717
0.00221545
0.00195133
0.00225120
0.00209773
0.00209129
0.00262318
0.00203675
0.00205734
0.00200889
0.00204545
0.00201129
0.00210706
0.00212320
0.00202959
0.00219427
0.00195278
0.00230102
0.00197571
0.00202296
0.00209753
0.00202414
0.00195280
0.00198039
0.00226213
0.00194814
0.00217392
0.00206498
0.00199541
0.00202793
0.00208355
0.00208720
0.00221448
0.00203314
0.00215280
0.00202994
0.00200199
0.00201690
0.00220772
0.00223762
0.00212472
0.00220103
0.00206469
0.00216659
0.00218045
0.00209286
0.00220919
0.00202764
0.00193670
0.00203023
0.00215154
0.00199383
0.00214006