0.03356107
0.02962112
0.03860376
0.02308492
0.02572294
0.02848447
0.01907738
0.03599069
0.03229944
0.05178288
0.02188235
0.04810591
0.06993713
0.01939996
0.05395888
0.01695545
0.02243917
0.05345650
0.02079901
0.02347547
0.02142359
0.03112285
0.02831546
0.02002604
0.09620173
0.04726064
0.06726964
0.02331428
0.02113873
0.07407436
0.04053447
0.04144787
0.03846472
0.01506387
0.03007191
0.02798186
0.02207573
0.02557375
0.02817283
0.02419002
0.08291811
0.02817095
0.03545144
0.01934916
0.07227841
0.02533875
0.02696479
0.02729814
0.02680274
0.04369075
0.03412612
0.02308128
0.04216352
0.04728911
0.02174337
0.02973292
0.03642628
0.02383630
0.12404353
0.02626759
0.04455445
0.05004344
0.02854067
0.03447145
0.02262598
0.02848637
0.03055841
0.03712662
0.04719538
0.18932423
0.04085906
0.05016926
0.03216980
0.03038325
0.01838193
0.05560597
0.02702486
0.04636448
0.03715466
0.02635714
0.02210160
0.03389471
0.02997079
0.02929094
0.04167195
0.05202372
0.04019530
0.02678118
0.03042456
0.14228194
0.04679534
0.02318857
0.03886321
0.03131446
0.03564527
0.02703354
0.02763203
0.03055391
0.01994360
0.18627653
0.02165542
0.04868650
0.05130095
0.02698549
0.02144958
0.06489229
0.04022983
0.03038332
0.02841218
0.02151732
0.03244571
0.02374201
0.02949718
0.03110660
0.04489458
0.01731859
0.03714377
0.03712658
0.01602074
0.01808299
0.05042396
0.01656457
0.02750621
0.08571668
0.03238961
0.01921942
0.10490593
0.02069696
0.03408891
0.02640414
0.01527628
0.02126489
0.03746745
0.05438326
0.07750939
0.02897886
0.02033347
0.04083964
0.03702344
0.09852652
0.02082739
0.03765543
0.02041879
0.03296197
0.04864676
0.02088897
0.03034681
0.02182771
0.02834322
0.02346562
0.04895930
0.03468437
0.07618601
0.02760812
0.02190586
0.02609014
0.02244789
0.03660403
0.02087417
0.03011423
0.06022122
0.02948651
0.02130749
0.02292355
0.02712305
0.04257600
0.04202461
0.04452308
0.03016949
0.02558619
0.02063025
0.02163660
0.02659340
0.02267908
0.01618821
0.02835532
0.01633716
0.02225646
0.01783176
0.02348708
0.01467651
0.03901926
0.05266520
0.02684543
0.02160740
0.04270028
0.03429805
0.03952130
0.03325153
0.03183351
0.03592444
0.02686964
0.06503881
0.04589524
0.04691318
0.09241305
0.08479572
0.03375318
0.02652963
0.01776837
0.02980426
0.03596257
0.03629043
0.02430635
0.05042614
0.03787139
0.02057328
0.02383145
0.04697039
0.01600634
0.02186032
0.02159862
0.03534736
0.01779548
0.03092107
0.13726372
0.02872171
0.01850604
0.02401845
0.03752269
0.02469337
0.02329720
0.01838413
0.01546154
0.02571513
0.08998871
0.03031691
0.02230892
0.01787961
0.02607881
0.02337550
0.02077044
0.06654745
0.08191773
0.02216105
0.03653193
0.02358582
0.02864388
0.02533541
0.03632761
0.03667287
0.04662009
0.03302156
0.02589719
0.02765462
0.02179697
0.02657849
0.02864472
0.04665139
0.01914805
0.03108694
0.03035742
0.02169926
0.02907541
0.02189413
0.03205055
0.02170728
0.03598948
0.02224619
0.01952301
0.03187298
0.02390951
0.02045093
0.02306408
0.02548883
0.01820371
0.04479326
0.02317910
0.02622690
0.03357647
0.02300343
0.06184987
0.01747314
0.04537418
0.02537815
0.09206310
0.03212633
0.02634184
0.01609042
0.02245849
0.01492510
0.02260400
0.02314720
0.02031275
0.01655915
0.01860358
0.02357859
0.03115298
0.04348009
0.02033430
0.02341488
0.02904009
0.02195800
0.04885988
0.03046390
0.05233730
0.05089344
0.03471931
0.02283204
0.03247469
0.04064024
0.06862700
0.03189391
0.02871982
0.03562611
0.04824789
0.04628874
0.03007887
0.07678435
0.01850532
0.03723506
0.02432972
0.03201992
0.02039370
0.04367266
0.13208946
0.03919135
0.02439482
0.01686691
0.03037964
0.03567418
0.02171702
0.09873319
0.02614668
0.02217047
0.02041339
0.03220146
0.03807662
0.03161866
0.01687916
0.10197802
0.03096802
0.05011555
0.02218831
0.02821765
0.05271703
0.05377531
0.03531283
0.01790146
0.05277267
0.05463346
0.01804417
0.04073865
0.02819866
0.04014448
0.12437545
0.02409491
0.02008087
0.02020379
0.02984191
0.01746300
0.03746698
0.02648392
0.06949540
0.05250183
0.02501445
0.06932766
0.03283648
0.02720491
0.02491810
0.01997523
0.02218543
0.03919501
0.05013470
0.02005567
0.02284746
0.03055091
0.02788929
0.01750158
0.02102736
0.02459545
0.01979998
0.01662540
0.01915121
0.02603299
0.02384897
0.03905685
0.02089374
0.03119142
0.06112682
0.02826544
0.02197428
0.10884961
0.03444386
0.02378361
0.02523798
0.06975412
0.27797378
0.02457256
0.05007988
0.02033967
0.04493324
0.04055081
0.04023090
0.02951058
0.03267181
0.02465852
0.02512085
0.04429701
0.02666539
0.02944409
0.02848236
0.02471620
0.03457238
0.10039002
0.02255260
0.06696078
0.02711481
0.05240042
0.03607584
0.02971619
0.04718072
0.04376733
0.02554931
0.03187770
0.01962716
0.02218591
0.02312047
0.01779225
0.02811720
0.01901993
0.01930411
0.04682159
0.02076417
0.05182418
0.02283386
0.02756902
0.02951379
0.03836294
0.04062900
0.02023140
0.03544294
0.02103148
0.01980176
0.02536597
0.04020157
0.18616529
0.02973433
0.02390023
0.02766714
0.02803509
0.04889552
0.02802057
0.04164658
0.04642164
0.01808238
0.06616608
0.02748174
0.03994239
0.02518783
0.02051573
0.02405487
0.04075918
0.02225189
0.02409684
0.02857088
0.04860392
0.03675471
0.04225632
0.02985365
0.03182569
0.02160917
0.03600880
0.06111449
0.01978759
0.03975238
0.05616552
0.03208387
0.07314642
0.02220629
0.04559161
0.03003579
0.02648138
0.05685714
0.02019247
0.02641906
0.02021976
0.02933285
0.03901660
0.03331318
0.02111796
0.02687225
0.03156602
0.01881240
0.02882170
0.04479513
0.03574326
0.05855289
0.02934144
0.03038277
0.01908396
0.05853386
0.03769151
0.01889696
0.02821619
0.02998123
0.02707710
0.02701478
0.02461628
0.02837901