0.00746450
0.00926465
0.00635850
0.00638438
0.00566098
0.00621900
0.00635230
0.00693422
0.00831288
0.00620662
0.00675012
0.00614205
0.00568321
0.00626109
0.00637541
0.00646986
0.00846875
0.01332966
0.00682021
0.00848338
0.00773946
0.00627067
0.00659986
0.00556553
0.00593967
0.00628941
0.00638034
0.00923721
0.00629130
0.00574357
0.00597422
0.00558976
0.00581253
0.00606815
0.00663678
0.00856101
0.00659312
0.00656302
0.00593274
0.00957529
0.00637992
0.00581608
0.00799392
0.00567209
0.00569631
0.00722348
0.00619362
0.00835015
0.00602919
0.00520945
0.00741272
0.00692122
0.00605227
0.00673316
0.00568447
0.00573930
0.00637299
0.00735777
0.00697742
0.00794021
0.00519959
0.00643447
0.00610274
0.00648582
0.00614160
0.00627325
0.00530220
0.00823015
0.00611416
0.00623475
0.00674492
0.00549775
0.00754182
0.00538804
0.00839280
0.00612967
0.00587910
0.00583373
0.00590204
0.00691370
0.00669737
0.00690691
0.00674323
0.00734171
0.00691664
0.00678622
0.00597961
0.00688160
0.00637753
0.00629479
0.00625551
0.00600961
0.00618552
0.00786691
0.00779654
0.00698853
0.00581512
0.00640313
0.00621307
0.00685695
0.00586844
0.00556369
0.00610831
0.00616259
0.00656455
0.00745147
0.00599887
0.02330756
0.00631257
0.00923559
0.00562102
0.00631369
0.00642779
0.00569405
0.00588807
0.00675311
0.00935147
0.00555170
0.00726204
0.00582626
0.00714216
0.00789612
0.00772304
0.00806314
0.00618657
0.00595535
0.00732924
0.00677678
0.00573859
0.00925869
0.00676659
0.00659372
0.00727141
0.00935949
0.00556325
0.00611054
0.00533348
0.00750035
0.00651583
0.00700765
0.00655399
0.00581096
0.00571678
0.00619464
0.00637305
0.00655293
0.00638892
0.00796501
0.00619452
0.00676241
0.00915139
0.00699453
0.00589055
0.00587823
0.00640839
0.00550942
0.00624198
0.00748931
0.00839783
0.00817769
0.00709968
0.00941130
0.00863090
0.00699507
0.00606211
0.00620740
0.00678295
0.00518363
0.00582263
0.00562419
0.00691531
0.00646235
0.00731066
0.00570667
0.00659191
0.00763748
0.00518374
0.00621903
0.00633990
0.00625866
0.00704631
0.00750401
0.00630096
0.00770347
0.00735661
0.00616675
0.00581567
0.00677838
0.00904178
0.00650140
0.00719460
0.00707992
0.00736805
0.00760830
0.00730837
0.00757357
0.00710880
0.00537550
0.00638530
0.00554270
0.00712881
0.00704602
0.00619498
0.00550287
0.00583882
0.00881191
0.00580309
0.00691226
0.00701195
0.00682787
0.00594177
0.00576380
0.00598365
0.00601936
0.00598158
0.00632113
0.00614556
0.00677226
0.00614212
0.00611007
0.00876767
0.00581067
0.00617855
0.00666496
0.00598915
0.00600682
0.00754173
0.00597779
0.00687531
0.00755073
0.00764789
0.00600549
0.00609013
0.00531806
0.00660282
0.00685176
0.00608772
0.00814405
0.00587620
0.00723986
0.00674742
0.00792709
0.00592694
0.00636084
0.00654801
0.00687119
0.00818177
0.00640123
0.00668763
0.00545680
0.00644958
0.00537178
0.00551848
0.00724932
0.00628300
0.00570005
0.00663011
0.00746019
0.00984603
0.01809562
0.00653034
0.00574133
0.00616819
0.00613002
0.00658173
0.00600651
0.00697050
0.00611454
0.00662429
0.00720345
0.00588270
0.00678562
0.00590643
0.00729287
0.00685803
0.00824130
0.00669752
0.00735674
0.00589589
0.00608281
0.00569861
0.00589674
0.00791916
0.00919326
0.00958131
0.00582400
0.00644494
0.00656729
0.00624671
0.00582783
0.00572432
0.00676837
0.00681835
0.00639303
0.00581599
0.00689188
0.00643969
0.00578822
0.00762204
0.00680830
0.00609680
0.00660931
0.00825366
0.00577094
0.00574033
0.00606934
0.00628288
0.00552364
0.00698756
0.00739983
0.00616613
0.00814114
0.00713886
0.00533629
0.00692182
0.00615666
0.00580443
0.00772508
0.00700105
0.00584638
0.00603406
0.00603446
0.00835002
0.00716797
0.00670482
0.00713542
0.00618396
0.00713652
0.00671685
0.01067399
0.00681009
0.00616381
0.00736762
0.00598416
0.00808732
0.00861786
0.00609418
0.02032878
0.00625008
0.00600203
0.00617888
0.00582043
0.00575633
0.00535546
0.00719246
0.00583377
0.00618009
0.00596247
0.00726459
0.00796162
0.00642982
0.00590102
0.00569321
0.00643982
0.00739187
0.00697483
0.00679619
0.00662734
0.01702400
0.00571923
0.00606896
0.00614837
0.00568042
0.00655559
0.00596601
0.00755421
0.00578898
0.00619897
0.00732219
0.00636869
0.00744911
0.00600207
0.00628088
0.00603663
0.00619522
0.00658825
0.00630837
0.00533413
0.00671405
0.00648419
0.00775105
0.00805384
0.00619122
0.00619722
0.00630973
0.00668502
0.00620518
0.00651778
0.00669732
0.00870603
0.00595336
0.00604900
0.00687880
0.00671088
0.00813009
0.00700017
0.00526851
0.00526330
0.00608181
0.00710495
0.00774620
0.00749772
0.00595377
0.00537106
0.00702544
0.00596898
0.00646076
0.00490367
0.00544093
0.00662177
0.00641315
0.00659136
0.00617528
0.00826604
0.00815608
0.00671541
0.00567075
0.00633779
0.00573531
0.00700198
0.00651579
0.00635030
0.00630181
0.00904076
0.00623497
0.00552782
0.00550391
0.00571730
0.00524802
0.00562921
0.00664257
0.00599022
0.00683091
0.00629452
0.00555643
0.00587535
0.00734688
0.00995200
0.00618381
0.01026980
0.00601409
0.00680924
0.00799883
0.00614478
0.00603899
0.00555358
0.00759632
0.00696565
0.00553625
0.00578175
0.00510649
0.00780895
0.00718816
0.00653461
0.00823636
0.00575509
0.00636108
0.00913494
0.00704436
0.00609405
0.00615590
0.00595056
0.00584135
0.00700785
0.00671949
0.00658440
0.00562061
0.00660744
0.00687910
0.00660624
0.00612204
0.00629473
0.00639539
0.00670837
0.00662742
0.00569693
0.00966687
0.00679024
0.00638337
0.00653839
0.00675143
0.00591145
0.00682893
0.00633990
0.00752886
0.00824000
0.00914015
0.00567567
0.00544688
0.00735416
0.00598279
0.00730433
0.00548681
0.00561393
0.00630233
0.00544894
0.00662790
0.00712886
0.00614612
0.00605817