0.00102610
0.00113345
0.00106271
0.00111530
0.00105331
0.00104487
0.00102801
0.00115791
0.00109461
0.00107814
0.00115550
0.00107139
0.00112345
0.00112357
0.00109167
0.00119696
0.00107965
0.00107136
0.00111407
0.00107722
0.00105260
0.00107352
0.00104203
0.00108895
0.00111941
0.00111671
0.00119252
0.00108775
0.00110967
0.00106030
0.00111100
0.00105387
0.00108543
0.00106889
0.00107778
0.00110562
0.00115965
0.00106785
0.00100139
0.00114765
0.00112279
0.00110382
0.00107804
0.00109039
0.00106160
0.00107693
0.00114850
0.00106339
0.00109213
0.00110091
0.00104422
0.00110318
0.00112047
0.00112063
0.00111466
0.00112742
0.00103441
0.00104730
0.00112183
0.00110094
0.00113145
0.00105530
0.00141066
0.00107457
0.00109903
0.00114496
0.00109482
0.00100228
0.00111234
0.00105844
0.00122899
0.00107087
0.00110315
0.00112080
0.00106579
0.00102910
0.00101618
0.00109619
0.00100344
0.00106800
0.00101116
0.00109761
0.00107750
0.00116296
0.00101869
0.00107125
0.00106017
0.00116319
0.00105984
0.00115445
0.00113926
0.00108361
0.00105516
0.00109267
0.00107416
0.00107823
0.00107460
0.00108752
0.00101713
0.00104155
0.00105298
0.00102579
0.00107225
0.00102547
0.00098082
0.00107056
0.00110389
0.00112556
0.00114937
0.00101220
0.00102301
0.00115737
0.00103717
0.00106643
0.00114852
0.00110340
0.00108705
0.00108499
0.00108199
0.00112809
0.00109604
0.00109044
0.00105082
0.00103814
0.00104627
0.00104865
0.00109918
0.00107919
0.00107891
0.00111947
0.00108291
0.00112541
0.00102136
0.00105133
0.00105795
0.00114742
0.00105450
0.00118361
0.00111533
0.00104655
0.00103374
0.00111069
0.00109827
0.00103566
0.00106864
0.00108722
0.00101554
0.00115347
0.00105736
0.00104879
0.00107785
0.00101246
0.00110453
0.00105245
0.00109092
0.00099586
0.00104158
0.00107339
0.00123104
0.00109945
0.00105392
0.00130089
0.00104477
0.00106793
0.00107454
0.00117482
0.00127381
0.00106048
0.00113295
0.00108741
0.00111516
0.00112103
0.00103267
0.00114934
0.00110137
0.00119138
0.00103640
0.00110413
0.00102402
0.00105001
0.00111913
0.00105674
0.00106443
0.00104922
0.00113442
0.00105332
0.00110975
0.00113417
0.00112668
0.00104220
0.00108884
0.00109716
0.00109854
0.00106525
0.00106745
0.00105568
0.00111264
0.00106661
0.00112879
0.00112672
0.00120586
0.00110880
0.00115235
0.00109864
0.00109775
0.00108939
0.00125973
0.00107656
0.00104532
0.00107231
0.00120324
0.00108383
0.00109601
0.00112364
0.00107560
0.00107109
0.00109054
0.00105411
0.00107859
0.00114800
0.00121483
0.00110917
0.00106479
0.00104137
0.00106325
0.00109725
0.00117134
0.00112210
0.00105244
0.00114819
0.00111868
0.00107407
0.00101862
0.00108583
0.00102139
0.00112947
0.00104438
0.00112634
0.00107776
0.00114595
0.00105343
0.00108690
0.00113197
0.00100283
0.00108904
0.00103745
0.00107778
0.00104076
0.00106270
0.00104442
0.00102927
0.00108175
0.00113048
0.00103603
0.00111835
0.00107496
0.00115615
0.00104812
0.00116242
0.00129431
0.00109715
0.00108204
0.00102279
0.00124032
0.00104944
0.00108654
0.00107297
0.00112212
0.00109288
0.00104774
0.00107478
0.00103296
0.00106357
0.00108116
0.00108363
0.00108916
0.00104848
0.00104817
0.00106210
0.00114766
0.00110640
0.00108337
0.00105069
0.00101505
0.00106895
0.00102342
0.00115239
0.00108421
0.00109326
0.00108756
0.00111314
0.00118107
0.00109100
0.00106506
0.00112381
0.00103541
0.00112083
0.00111841
0.00107287
0.00106645
0.00121844
0.00119387
0.00114892
0.00112258
0.00110395
0.00116825
0.00109225
0.00105587
0.00110962
0.00108751
0.00099614
0.00105229
0.00112355
0.00108804
0.00119212
0.00110772
0.00104186
0.00107939
0.00109017
0.00103450
0.00108548
0.00122779
0.00102390
0.00106116
0.00111395
0.00108765
0.00106322
0.00107157
0.00104597
0.00110115
0.00113111
0.00114078
0.00103059
0.00103399
0.00107720
0.00111089
0.00105593
0.00104126
0.00109281
0.00107699
0.00104244
0.00106222
0.00107958
0.00116022
0.00114909
0.00108897
0.00107381
0.00111931
0.00111530
0.00112050
0.00106665
0.00111035
0.00104458
0.00111939
0.00106910
0.00111963
0.00104135
0.00105807
0.00106487
0.00108066
0.00109414
0.00109559
0.00104118
0.00114530
0.00112688
0.00107907
0.00104655
0.00108277
0.00111606
0.00107704
0.00111462
0.00112545
0.00116415
0.00107628
0.00103938
0.00113539
0.00115621
0.00105920
0.00105879
0.00107640
0.00109477
0.00105820
0.00111554
0.00105607
0.00107666
0.00121056
0.00108004
0.00114095
0.00105580
0.00105158
0.00106610
0.00106247
0.00111850
0.00103205
0.00112478
0.00107295
0.00124191
0.00121248
0.00105096
0.00111454
0.00103377
0.00106655
0.00110847
0.00112150
0.00103914
0.00118000
0.00122168
0.00125894
0.00113029
0.00106101
0.00107853
0.00101877
0.00105845
0.00109787
0.00106697
0.00105304
0.00112905
0.00105651
0.00115776
0.00122797
0.00111400
0.00104271
0.00112334
0.00114372
0.00110572
0.00109972
0.00108430
0.00105118
0.00108673
0.00109036
0.00125148
0.00106362
0.00110842
0.00111733
0.00113762
0.00109303
0.00101094
0.00110591
0.00112512
0.00115072
0.00109247
0.00121571
0.00103833
0.00107040
0.00104141
0.00106611
0.00107269
0.00108055
0.00112466
0.00107926
0.00105773
0.00112904
0.00107665
0.00111551
0.00111319
0.00106403
0.00105413
0.00105634
0.00108502
0.00104195
0.00112793
0.00114592
0.00110001
0.00117888
0.00110300
0.00107153
0.00108770
0.00111988
0.00118282
0.00112456
0.00106808
0.00107335
0.00104725
0.00109218
0.00110378
0.00106030
0.00105548
0.00108276
0.00114065
0.00111831
0.00105401
0.00105716
0.00112070
0.00111889
0.00116914
0.00112386
0.00107416
0.00108922
0.00116565
0.00109396
0.00108376
0.00106416
0.00106656
0.00120421
0.00112018
0.00106236
0.00108918
0.00114115
0.00109811
0.00105895