0.00313263
0.00512220
0.00355837
0.00400364
0.00382868
0.01422904
0.00345529
0.00434055
0.00359302
0.00349546
0.00290843
0.00377935
0.00347482
0.00490216
0.00393677
0.00337693
0.00339432
0.00322591
0.00299591
0.00353821
0.00520456
0.00471839
0.00337415
0.00431159
0.00342260
0.00402068
0.00275453
0.00326472
0.00347488
0.00312795
0.00353319
0.00355520
0.00384073
0.00325844
0.00318398
0.00405953
0.00317914
0.00393515
0.00371007
0.00354186
0.00368798
0.00334279
0.00319321
0.00373445
0.00359213
0.00581643
0.00404867
0.00321587
0.00383890
0.00475437
0.00369722
0.00490871
0.00315777
0.00434893
0.00388503
0.00392860
0.00290142
0.00334676
0.00373119
0.00465738
0.00382862
0.00362340
0.00557055
0.00469423
0.00296652
0.00334755
0.00350274
0.00381333
0.00343568
0.00362150
0.00355462
0.00341362
0.00321419
0.00615240
0.00324608
0.00398219
0.00386582
0.00329483
0.00361032
0.00333264
0.00633094
0.00354740
0.00340011
0.00563855
0.00353238
0.00327481
0.00314285
0.00333513
0.00402808
0.00288659
0.00426857
0.00358407
0.00406400
0.00363061
0.00359716
0.00331696
0.00310859
0.00407239
0.00393929
0.00391086
0.00310074
0.00358384
0.00324116
0.00339180
0.00348227
0.00358515
0.00379785
0.00403466
0.00282406
0.00603832
0.00366704
0.00500730
0.00403047
0.00497887
0.00398598
0.00371062
0.00427109
0.00354777
0.00468853
0.00332914
0.00419457
0.00318132
0.00448395
0.00378224
0.00434614
0.00355904
0.00390247
0.00420278
0.00288609
0.00293084
0.00366403
0.00317891
0.00334170
0.00329371
0.00322639
0.00352090
0.00340227
0.00346806
0.00363777
0.00305035
0.00493592
0.00389043
0.00404786
0.00372489
0.00321463
0.00368691
0.00344853
0.00342699
0.00356196
0.00434969
0.00434212
0.00394398
0.00414572
0.00395981
0.00348836
0.00500312
0.00358311
0.00332873
0.00356662
0.00548774
0.00302492
0.00404457
0.00317616
0.00385180
0.00435905
0.00299950
0.00284137
0.00347648
0.00354677
0.00342831
0.00336221
0.00357762
0.00386846
0.00359550
0.00299912
0.00310063
0.00405894
0.00502637
0.00366861
0.00661639
0.00512213
0.00355237
0.00398383
0.00291934
0.00334745
0.00319775
0.00370866
0.00367278
0.00388751
0.00463233
0.00486144
0.00336046
0.00309379
0.00406827
0.00373034
0.00394523
0.00341314
0.00343156
0.00529601
0.00710387
0.00473991
0.00545663
0.00332037
0.00469222
0.00839154
0.00316558
0.00315841
0.00365555
0.00344717
0.00342406
0.00366437
0.00478375
0.00426123
0.00404391
0.00335004
0.00300403
0.00778862
0.00382865
0.00687979
0.00387395
0.00320192
0.00304140
0.00299774
0.00310694
0.00354080
0.00317393
0.00323823
0.00323592
0.00511091
0.00326512
0.00349999
0.00345629
0.00422096
0.00330919
0.00349613
0.00307073
0.00344405
0.00499720
0.00344237
0.00287299
0.00430901
0.00440578
0.00472943
0.00324144
0.00429184
0.00371240
0.00440739
0.00341314
0.00452380
0.00371874
0.00343707
0.00332087
0.00455461
0.00370424
0.00278848
0.00315309
0.00345373
0.00269830
0.00468545
0.00352185
0.00315076
0.00353742
0.00503125
0.00304071
0.01263817
0.00308785
0.00436401
0.00328742
0.00605901
0.00390974
0.00323980
0.00354581
0.00320500
0.00351564
0.00406237
0.00291537
0.00388599
0.00384992
0.00377919
0.00334393
0.00334688
0.00365722
0.00424012
0.00371465
0.00362845
0.00375491
0.00354042
0.00352735
0.00319535
0.00273404
0.00345148
0.00387538
0.00342742
0.00417383
0.00427635
0.00615285
0.00335235
0.00348522
0.00306062
0.00322907
0.00361579
0.00316865
0.00358444
0.00363282
0.00302197
0.00333462
0.00396718
0.00333224
0.00336399
0.00617562
0.00492634
0.00629159
0.00336162
0.00308924
0.00448006
0.00759421
0.00455071
0.00341718
0.00482823
0.00441771
0.00322308
0.00253142
0.00314623
0.00295325
0.00287444
0.00388147
0.00434809
0.00334316
0.00348690
0.00604469
0.00362303
0.00408367
0.00366193
0.00310719
0.00413187
0.00470925
0.00299996
0.00310229
0.00409282
0.00315517
0.00366575
0.00468081
0.00354185
0.00291448
0.00308378
0.00525560
0.00573871
0.00305414
0.00474241
0.00344374
0.00353762
0.00377463
0.00352958
0.00532847
0.00384883
0.00313850
0.00335431
0.00414220
0.00369228
0.00356341
0.00408691
0.00368256
0.00331977
0.00490564
0.00294739
0.00512123
0.00354639
0.00379398
0.00292459
0.00436939
0.00331266
0.00478678
0.00495333
0.00415382
0.00543701
0.00267907
0.00398416
0.00341943
0.00324999
0.00920594
0.00599692
0.00336503
0.00291785
0.00356144
0.00330453
0.00371579
0.00321578
0.00333550
0.00390198
0.00402861
0.00363828
0.00341674
0.00343162
0.00437576
0.00353446
0.00392228
0.00379739
0.00459998
0.00393181
0.00386892
0.00289724
0.00311364
0.00308850
0.00343733
0.00319644
0.00371614
0.00344488
0.00392112
0.00329910
0.00288275
0.00387210
0.00308256
0.00365541
0.00393388
0.00342513
0.00440620
0.00312846
0.00392251
0.00353462
0.00333658
0.00304264
0.00378589
0.00327100
0.00393525
0.00314208
0.00375074
0.00307755
0.00314198
0.00425520
0.00353451
0.00489467
0.00303834
0.00424788
0.00294919
0.00331245
0.00340531
0.00389622
0.00328649
0.00451439
0.00390455
0.00341573
0.00372528
0.00378561
0.00384999
0.00369655
0.00360262
0.00356127
0.00464612
0.00345938
0.00400625
0.00418789
0.00422206
0.00325076
0.00342457
0.00352513
0.00361655
0.00278950
0.00333787
0.00497690
0.00501860
0.00386125
0.00381118
0.00361350
0.00333018
0.00436672
0.00388974
0.00423635
0.00519384
0.00373421
0.00322302
0.00406271
0.00388394
0.00460156
0.00393707
0.00399967
0.00378094
0.00454548
0.00371087
0.00311853
0.00324262
0.00390860
0.00283323
0.00552041
0.00363349
0.00427911
0.00522329
0.00514184
0.00293787
0.00316176
0.00306956
0.00293411
0.00354624
0.00409337
0.00340217
0.00394635
0.00326528
0.00384156
0.00433404
0.00312836
0.00568562