0.00050243
0.00050727
0.00048592
0.00048467
0.00047471
0.00049408
0.00048065
0.00048716
0.00046971
0.00048462
0.00050880
0.00049629
0.00046864
0.00053790
0.00048884
0.00047092
0.00049676
0.00050324
0.00048967
0.00050660
0.00049135
0.00048302
0.00050226
0.00052379
0.00048255
0.00050186
0.00048628
0.00046882
0.00048674
0.00048515
0.00048623
0.00054673
0.00048898
0.00048290
0.00052198
0.00051091
0.00051347
0.00050950
0.00048099
0.00052723
0.00048979
0.00048390
0.00050949
0.00051125
0.00049494
0.00050009
0.00049624
0.00050269
0.00049602
0.00049872
0.00049605
0.00049923
0.00050145
0.00052211
0.00049625
0.00047612
0.00049374
0.00049195
0.00047819
0.00052120
0.00050977
0.00049708
0.00050508
0.00048961
0.00050504
0.00048528
0.00050178
0.00050560
0.00047613
0.00050896
0.00049017
0.00050969
0.00047903
0.00049224
0.00048248
0.00047955
0.00048634
0.00053418
0.00050065
0.00049789
0.00049617
0.00046978
0.00053465
0.00054326
0.00048453
0.00048618
0.00047067
0.00049161
0.00049117
0.00049078
0.00050582
0.00049895
0.00049569
0.00050611
0.00048929
0.00051169
0.00052500
0.00051759
0.00048290
0.00052702
0.00049149
0.00049659
0.00047460
0.00050008
0.00047842
0.00050988
0.00052113
0.00051175
0.00049840
0.00050712
0.00048306
0.00049497
0.00048386
0.00048792
0.00049014
0.00047482
0.00049823
0.00048163
0.00048681
0.00050574
0.00050456
0.00047665
0.00053465
0.00051520
0.00049208
0.00049921
0.00052191
0.00048161
0.00050813
0.00049395
0.00050241
0.00049435
0.00048431
0.00049580
0.00047850
0.00050487
0.00049955
0.00048113
0.00048712
0.00048541
0.00048601
0.00053203
0.00048268
0.00051248
0.00048858
0.00047231
0.00048318
0.00050392
0.00048327
0.00046459
0.00049122
0.00050004
0.00048512
0.00047003
0.00048514
0.00047745
0.00049534
0.00048164
0.00048562
0.00048718
0.00050468
0.00051998
0.00047476
0.00050705
0.00049009
0.00051194
0.00050070
0.00050659
0.00049762
0.00050257
0.00046742
0.00049083
0.00048038
0.00056114
0.00046796
0.00050261
0.00046162
0.00051078
0.00049901
0.00047764
0.00049518
0.00046971
0.00048916
0.00048543
0.00048601
0.00054656
0.00047955
0.00049254
0.00048996
0.00049422
0.00046304
0.00049713
0.00047479
0.00052878
0.00048429
0.00047160
0.00046999
0.00048713
0.00049476
0.00049713
0.00049978
0.00048275
0.00051214
0.00051530
0.00048514
0.00050093
0.00046877
0.00047479
0.00048776
0.00047604
0.00047696
0.00047716
0.00050462
0.00048033
0.00049867
0.00047287
0.00053602
0.00048563
0.00048052
0.00049255
0.00049910
0.00049075
0.00051466
0.00048184
0.00049717
0.00048507
0.00049086
0.00049088
0.00049295
0.00050355
0.00046856
0.00047579
0.00048078
0.00047443
0.00047203
0.00049491
0.00048450
0.00047823
0.00051846
0.00046739
0.00052340
0.00049462
0.00048884
0.00049334
0.00048218
0.00054286
0.00050176
0.00047855
0.00048757
0.00050493
0.00049650
0.00049335
0.00046904
0.00047352
0.00047839
0.00050417
0.00051471
0.00047818
0.00051682
0.00049827
0.00053401
0.00049409
0.00055973
0.00052243
0.00047449
0.00048444
0.00049611
0.00048299
0.00053523
0.00049859
0.00052043
0.00050415
0.00049322
0.00048502
0.00049171
0.00049941
0.00051508
0.00049400
0.00048236
0.00048308
0.00048806
0.00052124
0.00050320
0.00050040
0.00051320
0.00048484
0.00051298
0.00049808
0.00050791
0.00048856
0.00045980
0.00047616
0.00049711
0.00048005
0.00049060
0.00052494
0.00050724
0.00048665
0.00048908
0.00048252
0.00048033
0.00049371
0.00047651
0.00050484
0.00047981
0.00049113
0.00050436
0.00049355
0.00053902
0.00051204
0.00051294
0.00049854
0.00047928
0.00048568
0.00049287
0.00048163
0.00047466
0.00049500
0.00050551
0.00050229
0.00049291
0.00048178
0.00048330
0.00048576
0.00050673
0.00049949
0.00060599
0.00048840
0.00051507
0.00049502
0.00048479
0.00051958
0.00049276
0.00049257
0.00051460
0.00046582
0.00049857
0.00051219
0.00048542
0.00048692
0.00048539
0.00049046
0.00049975
0.00049143
0.00051766
0.00049849
0.00051782
0.00047765
0.00052384
0.00050050
0.00053283
0.00050576
0.00047644
0.00048279
0.00049470
0.00048101
0.00050475
0.00048599
0.00047895
0.00049105
0.00048609
0.00049008
0.00048676
0.00048577
0.00050951
0.00049420
0.00053507
0.00050081
0.00049581
0.00052153
0.00053613
0.00048813
0.00048694
0.00049337
0.00049504
0.00047946
0.00049156
0.00047811
0.00049215
0.00050905
0.00048529
0.00050444
0.00047804
0.00048301
0.00046128
0.00049834
0.00051214
0.00049556
0.00052038
0.00052659
0.00047568
0.00048791
0.00051117
0.00052448
0.00050128
0.00047884
0.00049478
0.00049713
0.00049274
0.00049060
0.00048975
0.00050355
0.00048436
0.00051391
0.00049270
0.00048563
0.00048356
0.00050681
0.00046897
0.00051486
0.00047542
0.00048485
0.00049308
0.00047602
0.00049768
0.00049549
0.00051107
0.00050329
0.00046558
0.00047295
0.00049338
0.00047116
0.00048170
0.00050909
0.00048861
0.00048435
0.00048976
0.00050169
0.00048344
0.00047409
0.00048323
0.00053171
0.00049234
0.00047924
0.00052355
0.00048230
0.00050791
0.00048887
0.00052152
0.00049691
0.00049922
0.00049099
0.00046587
0.00052080
0.00050243
0.00049169
0.00049287
0.00048294
0.00046826
0.00051871
0.00049544
0.00051908
0.00050214
0.00051391
0.00049936
0.00049555
0.00049975
0.00048691
0.00047675
0.00049435
0.00047387
0.00048339
0.00048873
0.00049591
0.00050321
0.00047640
0.00048503
0.00048831
0.00050645
0.00047655
0.00048970
0.00046604
0.00048365
0.00048883
0.00049569
0.00051753
0.00049147
0.00050736
0.00049647
0.00048834
0.00052310
0.00050068
0.00047781
0.00049599
0.00050782
0.00049954
0.00050179
0.00049049
0.00048705
0.00048851
0.00049870
0.00048931
0.00050032
0.00048680
0.00046518
0.00048644
0.00048966
0.00049868
0.00053810
0.00047677