0.00943891
0.01201074
0.01077892
0.01120917
0.00979204
0.01004494
0.01241522
0.00894828
0.01050084
0.00881720
0.01249556
0.01154445
0.00875130
0.01125024
0.01010765
0.01254022
0.00928550
0.01040907
0.00872291
0.01467125
0.01164693
0.01005515
0.01001123
0.01726019
0.01164571
0.01021843
0.01065757
0.00896716
0.00995663
0.01065918
0.01221327
0.00815182
0.01082871
0.01617207
0.01206277
0.01150358
0.01039016
0.01125893
0.01196558
0.01696403
0.01137139
0.01163990
0.00890695
0.00936615
0.00987268
0.01371408
0.01010663
0.01122321
0.01146025
0.01043009
0.00917430
0.01077247
0.01101612
0.01181684
0.01162196
0.01052828
0.01097180
0.00968164
0.00989187
0.01123981
0.00936646
0.01087180
0.01598703
0.01187434
0.01062629
0.01003557
0.00920855
0.00962227
0.00999869
0.00977051
0.00948856
0.01112893
0.01247348
0.01274136
0.00999024
0.01279096
0.01176139
0.01119509
0.00918957
0.00979089
0.00930663
0.00896272
0.00913289
0.01050844
0.01157232
0.00924222
0.00978035
0.01243988
0.01322215
0.00974943
0.01104238
0.01082015
0.00999542
0.00987144
0.01054663
0.00987375
0.01019943
0.01983713
0.00901711
0.01012580
0.01245961
0.00910020
0.01107995
0.01270048
0.00950850
0.00911495
0.00951016
0.01113709
0.01084430
0.01149642
0.01572772
0.00907645
0.00959251
0.00985550
0.00923616
0.01040784
0.01077907
0.01178693
0.01174862
0.01167382
0.00997581
0.01109053
0.00972230
0.01042200
0.01082591
0.01175839
0.00945026
0.01132195
0.01086225
0.00925363
0.01046626
0.00910904
0.00963185
0.00906120
0.01013960
0.01028960
0.01142468
0.00911192
0.01267408
0.00981589
0.00934854
0.01072786
0.00932445
0.01089740
0.01834409
0.01223480
0.01158722
0.01139002
0.01004527
0.01134665
0.01011084
0.01048608
0.01078061
0.01158283
0.01235082
0.00935600
0.01036312
0.01060828
0.00906748
0.00945056
0.00988053
0.01048648
0.01103376
0.01217721
0.00921373
0.00895080
0.00949863
0.01065247
0.00894840
0.00931255
0.01271209
0.01030048
0.01106890
0.01033830
0.01111443
0.01562167
0.00978406
0.01382384
0.01005393
0.01025035
0.01286847
0.01178985
0.01046979
0.00996763
0.01294572
0.01168888
0.01163028
0.01168860
0.01184421
0.01212218
0.00930389
0.01236812
0.01276363
0.00872705
0.01078816
0.00941691
0.00954909
0.00923406
0.00955926
0.01207085
0.01025964
0.00918616
0.00940083
0.00902866
0.01165569
0.00961957
0.01193089
0.01058489
0.00898739
0.01168896
0.01023154
0.01073942
0.01039796
0.00940788
0.01200688
0.01050057
0.01007924
0.01013838
0.00986021
0.01170490
0.01885102
0.01195949
0.01009785
0.00919563
0.00958398
0.01042883
0.00941318
0.00977533
0.01139326
0.00861740
0.00951087
0.00962301
0.01077773
0.00911739
0.00960986
0.01103521
0.01241310
0.00934563
0.00941768
0.01178284
0.01113060
0.01063475
0.00930166
0.01149363
0.01073114
0.01041219
0.00936053
0.01153353
0.01385472
0.01031487
0.00994858
0.00980249
0.00952980
0.00988513
0.01099673
0.01340711
0.00922186
0.01163837
0.00932238
0.01374845
0.01359755
0.00913610
0.01020110
0.00906319
0.00920527
0.01090813
0.01184629
0.00896554
0.01128343
0.01203651
0.00981503
0.01054408
0.01016318
0.00899771
0.01218415
0.01328323
0.00958049
0.01849258
0.00944512
0.01101523
0.01130202
0.01019437
0.01049152
0.00978970
0.01077256
0.00969342
0.01067308
0.00980809
0.01060330
0.00902446
0.01139129
0.01321162
0.01185909
0.01058952
0.01076685
0.00953412
0.00989156
0.02077449
0.01142960
0.01337572
0.00932632
0.01062752
0.00979700
0.00978512
0.01125882
0.01060524
0.00905438
0.00924178
0.01081236
0.01175605
0.00971077
0.01052839
0.01209158
0.01050293
0.00981929
0.01219050
0.01140307
0.00980839
0.01197162
0.00965524
0.01303743
0.01208690
0.00899159
0.01086893
0.01807750
0.01189946
0.01231624
0.01064949
0.01286875
0.01084901
0.01040951
0.01129429
0.01172244
0.01017715
0.01206898
0.01924243
0.01388678
0.00970051
0.01035944
0.01105364
0.00954238
0.01032572
0.00975754
0.00943861
0.00982348
0.00844879
0.01195723
0.01366176
0.01010708
0.01040123
0.01076800
0.00991562
0.01372326
0.00969704
0.01092469
0.01008817
0.01303728
0.00943818
0.01076373
0.00932453
0.01142272
0.01021678
0.01095381
0.01029107
0.01272813
0.01049781
0.00987100
0.00965729
0.00906146
0.01217010
0.00991702
0.01005928
0.00927343
0.01166756
0.01094080
0.01552461
0.01138474
0.00919891
0.01176242
0.01085869
0.00924940
0.01020223
0.00937542
0.01086900
0.00899505
0.01075137
0.00979255
0.01201270
0.01136498
0.00999547
0.00890988
0.00889032
0.00936084
0.00945771
0.00894178
0.01069401
0.01060479
0.00985271
0.00884549
0.00963922
0.01227935
0.01102978
0.00996494
0.02387286
0.01005284
0.01198514
0.00995890
0.00949195
0.00958756
0.00912354
0.01079425
0.00908318
0.01133267
0.00989672
0.01133513
0.01170547
0.01007948
0.01102016
0.01292923
0.01063180
0.01052360
0.01105459
0.00928317
0.01072582
0.00965324
0.00931554
0.01222730
0.01135529
0.00925252
0.00959255
0.01111278
0.00936039
0.01293019
0.00934282
0.01052334
0.00943797
0.01197958
0.00924339
0.00851558
0.01020599
0.00975863
0.00998431
0.01078822
0.00874388
0.01043752
0.01171831
0.00929502
0.00927341
0.01076437
0.01138667
0.00948230
0.01476318
0.00983630
0.00956611
0.01165276
0.01194301
0.00982902
0.01190615
0.01161307
0.00976649
0.00871304
0.01079549
0.00973279
0.01291307
0.01033740
0.01177597
0.01207270
0.01003863
0.01122900
0.00964044
0.00942946
0.01155187
0.00926446
0.00951197
0.00964776
0.01065532
0.01171472
0.01220665
0.01225677
0.01055974
0.01280688
0.01016109
0.01004469
0.01140552
0.00921009
0.00983617
0.01105897
0.00999340
0.00994723
0.01092980
0.01015400
0.01024883
0.00978923
0.01177001
0.00954057
0.01113581
0.01008194
0.01190463
0.00954347
0.00943381