0.00075844
0.00073012
0.00074648
0.00073861
0.00074891
0.00079055
0.00077439
0.00079825
0.00073019
0.00072287
0.00093742
0.00071738
0.00074789
0.00078210
0.00075192
0.00077307
0.00074115
0.00075474
0.00072771
0.00076340
0.00075557
0.00072848
0.00073162
0.00075505
0.00074944
0.00072599
0.00073102
0.00075863
0.00080486
0.00078336
0.00074551
0.00081965
0.00072723
0.00074083
0.00073268
0.00079478
0.00074212
0.00074177
0.00072103
0.00077573
0.00073461
0.00072305
0.00074173
0.00074228
0.00079528
0.00081938
0.00075874
0.00078174
0.00075246
0.00072941
0.00079993
0.00074260
0.00072853
0.00074856
0.00078311
0.00075480
0.00073407
0.00073744
0.00071880
0.00073705
0.00078774
0.00071317
0.00076550
0.00077678
0.00072955
0.00071922
0.00075229
0.00080591
0.00075800
0.00075512
0.00077872
0.00077695
0.00077423
0.00074607
0.00074771
0.00074687
0.00073272
0.00075523
0.00076351
0.00078846
0.00099031
0.00078367
0.00075819
0.00083369
0.00076619
0.00073188
0.00077691
0.00073954
0.00074782
0.00074956
0.00074888
0.00072702
0.00076814
0.00073825
0.00073687
0.00074108
0.00071827
0.00079070
0.00076012
0.00077142
0.00076689
0.00074288
0.00075586
0.00073641
0.00076570
0.00079834
0.00077791
0.00075295
0.00076244
0.00071610
0.00074815
0.00076753
0.00074323
0.00074274
0.00071779
0.00075443
0.00077610
0.00073425
0.00074243
0.00078411
0.00075554
0.00074806
0.00078748
0.00072484
0.00083313
0.00077590
0.00076656
0.00073399
0.00075859
0.00076202
0.00076328
0.00077669
0.00080469
0.00083874
0.00075785
0.00074412
0.00073567
0.00071567
0.00074626
0.00079716
0.00074675
0.00075212
0.00072903
0.00078349
0.00072187
0.00077005
0.00072092
0.00076922
0.00072239
0.00073073
0.00072167
0.00072725
0.00075352
0.00076536
0.00076858
0.00072864
0.00073721
0.00090638
0.00075091
0.00078023
0.00074829
0.00076980
0.00077082
0.00070999
0.00078105
0.00079705
0.00071575
0.00076202
0.00073424
0.00076152
0.00075480
0.00072940
0.00076372
0.00073689
0.00076205
0.00070947
0.00074996
0.00074044
0.00076917
0.00076437
0.00078297
0.00076855
0.00074910
0.00078210
0.00076805
0.00072071
0.00080258
0.00077870
0.00073528
0.00072042
0.00075604
0.00074247
0.00070439
0.00083048
0.00073003
0.00075577
0.00072611
0.00075596
0.00076333
0.00075517
0.00079653
0.00080464
0.00073711
0.00077085
0.00077229
0.00075767
0.00075094
0.00078737
0.00080383
0.00075447
0.00074494
0.00079664
0.00078067
0.00076153
0.00079704
0.00071657
0.00074215
0.00075973
0.00076604
0.00079818
0.00077101
0.00075200
0.00071854
0.00076233
0.00075516
0.00074179
0.00074449
0.00077224
0.00075554
0.00076766
0.00081641
0.00073752
0.00078301
0.00073325
0.00077076
0.00075251
0.00073112
0.00075614
0.00072822
0.00072444
0.00077532
0.00076734
0.00077249
0.00074784
0.00076239
0.00074363
0.00076469
0.00072392
0.00073603
0.00074570
0.00074316
0.00072954
0.00071888
0.00071673
0.00072753
0.00074489
0.00079954
0.00075010
0.00071268
0.00078266
0.00072994
0.00070459
0.00075206
0.00078439
0.00070354
0.00074876
0.00078296
0.00076509
0.00077902
0.00076685
0.00077725
0.00075126
0.00080117
0.00079225
0.00073167
0.00074576
0.00074778
0.00077287
0.00075734
0.00075332
0.00078739
0.00077835
0.00074394
0.00076087
0.00075917
0.00073112
0.00074301
0.00075154
0.00073523
0.00076678
0.00074526
0.00077568
0.00074158
0.00075576
0.00072893
0.00076556
0.00072437
0.00075517
0.00072997
0.00075632
0.00078170
0.00073206
0.00072672
0.00079851
0.00073919
0.00073438
0.00077688
0.00079954
0.00075004
0.00074319
0.00074262
0.00077090
0.00078141
0.00073830
0.00073581
0.00075730
0.00074929
0.00076347
0.00078399
0.00073122
0.00074020
0.00076711
0.00078006
0.00075589
0.00077827
0.00075904
0.00074926
0.00076651
0.00079556
0.00080701
0.00078449
0.00077349
0.00075314
0.00075174
0.00086314
0.00076273
0.00076086
0.00078213
0.00075613
0.00076966
0.00074257
0.00082421
0.00073377
0.00076381
0.00073972
0.00075865
0.00072822
0.00076811
0.00079158
0.00079653
0.00073537
0.00081896
0.00076017
0.00075671
0.00072920
0.00072994
0.00076781
0.00085416
0.00074517
0.00076932
0.00074296
0.00078661
0.00076171
0.00079159
0.00077062
0.00076657
0.00072475
0.00077079
0.00072488
0.00072338
0.00073615
0.00078674
0.00077148
0.00074308
0.00077525
0.00073647
0.00076074
0.00074030
0.00075756
0.00075149
0.00080104
0.00077937
0.00072408
0.00076969
0.00078713
0.00075718
0.00079963
0.00074365
0.00075416
0.00074221
0.00079491
0.00071510
0.00076722
0.00072671
0.00081162
0.00077647
0.00072203
0.00077205
0.00074888
0.00073759
0.00080880
0.00075101
0.00074180
0.00071518
0.00077499
0.00077004
0.00074440
0.00073511
0.00077079
0.00072842
0.00074339
0.00074462
0.00077015
0.00077062
0.00076766
0.00071871
0.00077785
0.00073724
0.00078141
0.00073408
0.00077310
0.00079420
0.00075204
0.00075678
0.00074963
0.00077572
0.00074938
0.00073750
0.00075402
0.00076984
0.00075773
0.00075300
0.00075145
0.00076323
0.00074579
0.00073445
0.00074110
0.00072646
0.00078435
0.00076992
0.00083777
0.00077980
0.00075915
0.00073822
0.00075969
0.00077970
0.00073167
0.00075373
0.00075458
0.00075771
0.00071333
0.00076792
0.00080263
0.00080794
0.00074936
0.00075538
0.00074164
0.00074997
0.00073321
0.00071268
0.00077680
0.00074648
0.00076938
0.00077239
0.00079053
0.00074306
0.00079285
0.00074279
0.00074765
0.00073528
0.00072520
0.00075585
0.00073096
0.00071638
0.00074529
0.00078401
0.00073911
0.00076397
0.00076516
0.00074807
0.00074680
0.00073342
0.00073069
0.00072143
0.00074468
0.00075416
0.00072634
0.00078023
0.00074515
0.00077291
0.00074126
0.00080413
0.00075716
0.00073125
0.00072346
0.00075254
0.00080503
0.00075012
0.00076284
0.00072816