0.00129144
0.00127495
0.00128260
0.00122911
0.00124488
0.00137454
0.00122728
0.00123858
0.00129832
0.00131626
0.00135854
0.00128899
0.00123823
0.00133185
0.00123869
0.00129646
0.00135754
0.00126022
0.00127753
0.00135239
0.00131278
0.00133407
0.00124675
0.00127786
0.00139102
0.00138091
0.00126282
0.00127668
0.00129713
0.00131595
0.00126776
0.00127690
0.00132296
0.00124954
0.00131060
0.00132700
0.00127308
0.00125323
0.00126349
0.00123372
0.00128827
0.00125580
0.00143040
0.00127090
0.00125273
0.00129029
0.00122931
0.00133488
0.00124750
0.00134348
0.00123491
0.00128600
0.00129813
0.00128194
0.00132805
0.00133108
0.00131790
0.00124176
0.00126702
0.00126715
0.00123251
0.00129661
0.00134066
0.00124948
0.00131792
0.00126206
0.00129964
0.00127189
0.00132244
0.00126499
0.00120514
0.00127236
0.00125658
0.00129956
0.00130255
0.00121366
0.00128034
0.00132563
0.00131787
0.00125861
0.00123772
0.00127546
0.00126366
0.00122067
0.00132258
0.00128870
0.00132031
0.00129911
0.00134851
0.00121649
0.00128721
0.00127300
0.00129733
0.00124125
0.00135122
0.00127657
0.00129743
0.00134055
0.00131701
0.00137396
0.00131394
0.00206042
0.00132072
0.00125005
0.00120488
0.00126317
0.00129116
0.00131312
0.00126682
0.00123352
0.00122665
0.00127391
0.00124083
0.00130558
0.00129309
0.00130502
0.00121353
0.00132245
0.00131558
0.00122370
0.00124092
0.00132937
0.00122155
0.00123295
0.00123707
0.00126479
0.00132619
0.00132279
0.00122296
0.00126282
0.00141129
0.00130198
0.00128429
0.00133769
0.00140548
0.00128945
0.00125376
0.00144723
0.00139354
0.00130398
0.00134286
0.00136160
0.00130827
0.00130410
0.00126633
0.00126172
0.00129908
0.00154711
0.00124038
0.00125683
0.00128203
0.00131270
0.00127180
0.00129010
0.00124523
0.00124034
0.00130445
0.00131483
0.00126224
0.00128806
0.00123985
0.00127148
0.00128256
0.00132638
0.00121511
0.00126267
0.00131333
0.00121832
0.00134143
0.00127512
0.00120787
0.00131538
0.00126714
0.00126960
0.00132216
0.00133021
0.00130011
0.00123713
0.00129516
0.00133366
0.00129039
0.00126341
0.00127163
0.00140906
0.00125171
0.00133376
0.00146252
0.00131189
0.00124011
0.00127031
0.00125377
0.00132629
0.00130289
0.00130189
0.00129135
0.00130212
0.00127358
0.00128497
0.00129481
0.00124271
0.00128021
0.00130564
0.00127658
0.00132039
0.00124190
0.00125156
0.00126352
0.00121829
0.00129039
0.00130555
0.00123674
0.00134389
0.00127453
0.00124921
0.00131057
0.00118904
0.00150154
0.00127395
0.00125455
0.00130923
0.00129335
0.00127076
0.00128812
0.00139130
0.00129790
0.00130476
0.00130207
0.00125589
0.00133017
0.00139340
0.00124466
0.00128434
0.00131227
0.00131213
0.00133709
0.00133493
0.00134132
0.00124175
0.00132431
0.00131339
0.00123474
0.00127198
0.00128717
0.00126312
0.00133755
0.00136984
0.00127634
0.00127354
0.00128118
0.00126803
0.00122896
0.00127768
0.00123392
0.00130871
0.00126899
0.00128031
0.00129246
0.00127646
0.00130635
0.00122857
0.00127043
0.00129298
0.00131572
0.00126721
0.00129413
0.00127027
0.00137785
0.00131562
0.00126613
0.00130137
0.00126768
0.00126686
0.00129966
0.00130025
0.00131798
0.00125394
0.00129805
0.00130125
0.00128147
0.00133988
0.00130580
0.00129194
0.00124406
0.00127503
0.00130742
0.00128455
0.00134075
0.00128009
0.00129748
0.00129569
0.00128382
0.00133083
0.00127138
0.00127953
0.00122478
0.00122130
0.00128939
0.00122963
0.00132191
0.00128966
0.00125328
0.00128616
0.00132020
0.00133222
0.00128242
0.00141168
0.00127042
0.00131681
0.00130101
0.00123900
0.00123779
0.00126863
0.00129142
0.00124940
0.00126373
0.00128930
0.00140319
0.00125103
0.00130065
0.00149380
0.00139917
0.00121139
0.00130977
0.00136617
0.00126284
0.00123544
0.00133815
0.00127530
0.00131553
0.00128319
0.00138706
0.00122209
0.00129433
0.00127431
0.00121798
0.00127770
0.00127852
0.00128065
0.00127634
0.00136585
0.00123839
0.00124976
0.00128820
0.00131153
0.00130926
0.00126454
0.00130613
0.00125898
0.00128915
0.00129107
0.00125754
0.00129430
0.00122436
0.00129865
0.00125306
0.00133817
0.00132422
0.00126050
0.00126406
0.00124910
0.00131816
0.00122052
0.00139695
0.00121203
0.00126867
0.00131920
0.00133312
0.00129945
0.00136486
0.00130224
0.00128942
0.00125445
0.00131817
0.00125596
0.00135123
0.00128986
0.00125693
0.00131431
0.00127991
0.00129097
0.00124158
0.00127694
0.00124735
0.00126794
0.00134040
0.00125238
0.00126754
0.00128236
0.00128336
0.00127669
0.00129443
0.00135006
0.00129030
0.00127885
0.00124826
0.00136667
0.00124190
0.00131656
0.00135384
0.00124489
0.00128645
0.00125311
0.00134712
0.00127257
0.00124611
0.00126358
0.00134788
0.00123267
0.00128712
0.00123702
0.00129420
0.00124945
0.00127103
0.00123197
0.00122839
0.00127473
0.00119369
0.00132030
0.00138535
0.00122618
0.00124033
0.00129229
0.00126964
0.00121181
0.00125687
0.00125796
0.00129881
0.00127548
0.00130503
0.00126768
0.00125839
0.00133081
0.00125369
0.00128561
0.00127748
0.00133758
0.00127631
0.00124244
0.00125416
0.00129631
0.00125085
0.00138754
0.00130565
0.00126252
0.00121833
0.00130743
0.00127434
0.00126583
0.00126089
0.00127042
0.00121765
0.00125568
0.00132145
0.00124068
0.00125516
0.00120959
0.00127214
0.00123533
0.00123667
0.00131929
0.00123923
0.00130861
0.00125303
0.00125484
0.00128404
0.00126057
0.00125430
0.00131939
0.00131694
0.00134755
0.00131175
0.00127109
0.00126035
0.00129455
0.00141198
0.00139876
0.00128844
0.00122580
0.00130327
0.00134237
0.00126465
0.00122628
0.00127083
0.00130576
0.00129983
0.00125239
0.00127950
0.00127063
0.00131604
0.00130579
0.00139923
0.00122105
0.00126598
0.00129800
0.00128169
0.00127580
0.00135544
0.00133898
0.00128012
0.00134186