0.00155397
0.00163253
0.00174665
0.00174743
0.00231583
0.00168501
0.00201230
0.00177491
0.00167855
0.00204577
0.00160254
0.00162697
0.00156625
0.00199041
0.00233044
0.00180657
0.00172368
0.00170925
0.00193974
0.00158018
0.00158072
0.00295901
0.00151672
0.00180364
0.00166195
0.00167066
0.00189045
0.00161110
0.00192232
0.00165438
0.00180296
0.00157530
0.00187771
0.00167812
0.00185110
0.00161423
0.00166013
0.00159963
0.00169720
0.00169860
0.00176694
0.00167135
0.00198422
0.00190111
0.00163628
0.00197703
0.00189354
0.00173128
0.00161801
0.00167281
0.00147095
0.00163256
0.00215773
0.00186954
0.00208640
0.00208496
0.00154280
0.00188105
0.00165156
0.00197759
0.00180254
0.00172993
0.00161241
0.00158847
0.00158888
0.00153854
0.00189425
0.00160134
0.00174950
0.00158254
0.00182992
0.00236406
0.00191604
0.00165981
0.00180908
0.00179225
0.00163900
0.00204886
0.00162421
0.00170408
0.00156734
0.00184659
0.00167926
0.00159738
0.00168680
0.00200528
0.00181709
0.00168158
0.00155061
0.00156558
0.00199077
0.00174694
0.00197746
0.00190322
0.00173561
0.00174069
0.00188586
0.00184998
0.00163372
0.00164146
0.00164961
0.00169140
0.00169081
0.00181707
0.00176114
0.00170910
0.00181072
0.00173953
0.00171110
0.00155160
0.00153917
0.00181121
0.00182407
0.00172160
0.00151954
0.00169284
0.00158739
0.00184924
0.00158754
0.00182924
0.00167594
0.00163495
0.00159665
0.00154864
0.00178466
0.00178054
0.00188267
0.00200346
0.00178156
0.00191451
0.00173335
0.00163024
0.00178720
0.00183375
0.00170314
0.00165136
0.00204887
0.00161777
0.00166809
0.00167259
0.00199279
0.00178780
0.00174328
0.00169934
0.00157888
0.00187440
0.00160872
0.00169350
0.00174595
0.00163527
0.00169398
0.00175615
0.00186384
0.00202604
0.00173261
0.00175998
0.00175684
0.00175750
0.00195949
0.00203405
0.00164561
0.00166614
0.00162137
0.00181540
0.00201919
0.00177593
0.00184619
0.00165883
0.00168408
0.00177932
0.00174179
0.00207599
0.00164064
0.00169375
0.00159684
0.00158363
0.00167308
0.00171685
0.00182373
0.00171070
0.00211122
0.00161909
0.00164590
0.00181027
0.00173983
0.00211030
0.00165238
0.00169500
0.00155782
0.00168520
0.00174091
0.00187008
0.00164990
0.00187526
0.00218337
0.00170869
0.00185319
0.00197269
0.00178500
0.00170583
0.00176663
0.00165011
0.00182863
0.00165691
0.00176889
0.00191085
0.00184209
0.00163382
0.00165828
0.00170113
0.00174487
0.00157641
0.00178037
0.00177533
0.00165659
0.00167135
0.00176861
0.00186558
0.00168411
0.00199401
0.00172307
0.00176925
0.00183929
0.00177330
0.00179680
0.00161991
0.00164183
0.00196364
0.00178274
0.00161257
0.00175309
0.00167726
0.00204182
0.00167063
0.00173533
0.00183179
0.00174654
0.00160661
0.00164410
0.00195211
0.00171360
0.00220285
0.00164330
0.00154488
0.00165300
0.00165859
0.00171641
0.00165271
0.00165767
0.00186190
0.00170957
0.00176203
0.00162863
0.00180384
0.00182321
0.00173505
0.00196086
0.00183180
0.00159644
0.00174362
0.00183259
0.00170515
0.00349458
0.00178483
0.00189664
0.00163743
0.00194734
0.00187092
0.00196672
0.00169796
0.00158669
0.00207528
0.00173819
0.00167910
0.00173706
0.00181741
0.00175773
0.00175805
0.00185042
0.00170479
0.00164152
0.00175397
0.00174973
0.00180624
0.00189821
0.00164587
0.00161719
0.00170226
0.00165131
0.00179478
0.00181516
0.00164202
0.00201578
0.00188120
0.00169109
0.00174224
0.00165610
0.00199327
0.00163250
0.00210240
0.00173911
0.00174167
0.00183032
0.00167196
0.00149816
0.00173191
0.00181536
0.00160732
0.00183674
0.00248215
0.00165849
0.00164332
0.00162729
0.00177118
0.00147386
0.00171543
0.00178659
0.00158275
0.00165575
0.00169478
0.00163277
0.00174340
0.00182223
0.00150021
0.00176189
0.00153687
0.00178876
0.00176095
0.00200776
0.00180035
0.00175276
0.00156362
0.00171660
0.00180624
0.00153843
0.00180259
0.00200409
0.00169694
0.00166505
0.00296101
0.00159278
0.00174878
0.00168765
0.00173764
0.00180711
0.00189054
0.00168113
0.00158426
0.00166152
0.00166086
0.00177326
0.00268167
0.00161021
0.00171827
0.00170186
0.00286357
0.00159920
0.00161537
0.00240645
0.00189882
0.00207141
0.00184203
0.00153618
0.00160718
0.00195344
0.00187515
0.00173004
0.00181749
0.00189606
0.00165643
0.00176283
0.00166029
0.00160638
0.00191954
0.00162109
0.00166679
0.00169290
0.00173078
0.00153424
0.00166066
0.00208717
0.00183392
0.00188011
0.00191292
0.00180555
0.00165864
0.00179474
0.00184003
0.00167830
0.00157923
0.00186215
0.00210616
0.00160433
0.00159718
0.00169605
0.00184560
0.00166604
0.00165031
0.00153436
0.00174197
0.00181925
0.00160904
0.00167184
0.00187261
0.00169132
0.00167497
0.00173597
0.00179295
0.00182880
0.00181750
0.00178086
0.00174236
0.00158928
0.00173506
0.00156313
0.00163672
0.00257476
0.00152295
0.00169288
0.00165847
0.00172269
0.00176109
0.00174667
0.00174373
0.00165529
0.00167858
0.00163469
0.00186641
0.00174654
0.00166285
0.00154760
0.00192133
0.00154589
0.00158403
0.00169855
0.00181108
0.00180006
0.00189596
0.00169921
0.00206157
0.00177920
0.00162032
0.00186197
0.00188431
0.00160752
0.00172083
0.00177165
0.00181557
0.00169851
0.00194083
0.00349208
0.00172957
0.00161788
0.00183026
0.00170794
0.00179447
0.00156863
0.00195741
0.00202013
0.00180757
0.00243866
0.00158163
0.00181979
0.00166107
0.00169678
0.00152007
0.00208858
0.00180118
0.00151866
0.00196095
0.00196527
0.00182416
0.00201211
0.00196870
0.00183171
0.00154924
0.00173039
0.00167220
0.00166000
0.00175536
0.00156097
0.00199444
0.00162401
0.00172241
0.00164710
0.00183055
0.00171286
0.00165331
0.00220358
0.00165771
0.00160351
0.00182735
0.00187128
0.00165623
0.00159184
0.00159890
0.00159167
0.00160777
0.00178028
0.00176465