0.01340367
0.02641985
0.01714000
0.01995023
0.01825581
0.01623455
0.08042035
0.02182792
0.01524217
0.01246584
0.01461092
0.01296618
0.02164465
0.02179855
0.01597389
0.01460223
0.01678747
0.02352749
0.02055693
0.01428176
0.01755215
0.01411792
0.01304568
0.01873313
0.03379131
0.01643846
0.01942300
0.01933322
0.02252325
0.01394297
0.01974975
0.02901463
0.01550663
0.01507058
0.01262131
0.01282210
0.01347945
0.01466862
0.02006596
0.01506101
0.01456952
0.03589129
0.02155901
0.01829674
0.02116416
0.01354762
0.01282390
0.03172740
0.01922561
0.02850823
0.01357992
0.02896063
0.01638832
0.07491574
0.01392269
0.01049515
0.02048788
0.01585840
0.01341509
0.01589473
0.01154040
0.01865362
0.01581693
0.01445750
0.01358708
0.01654070
0.01158576
0.01269052
0.01603985
0.01714053
0.01906338
0.02932210
0.01280093
0.01407403
0.01780713
0.01940311
0.01938929
0.02116891
0.01341586
0.01484058
0.01803878
0.01811599
0.02202590
0.02941959
0.01469879
0.01450885
0.01245440
0.01432193
0.01707145
0.03995977
0.01734490
0.01608404
0.01449897
0.02015408
0.02035278
0.01336034
0.06243665
0.01674180
0.02329913
0.03101734
0.01542970
0.01707387
0.01462742
0.02841233
0.01183275
0.02520157
0.01813533
0.01769936
0.02023284
0.01775931
0.02083559
0.02771247
0.03026498
0.03393153
0.03787730
0.01733703
0.01442330
0.01523596
0.01184709
0.01302558
0.01619221
0.01654321
0.02069084
0.01857062
0.01656933
0.01862005
0.01627937
0.01806287
0.01710101
0.01202241
0.02226376
0.01761450
0.01401132
0.01926130
0.02355686
0.02110492
0.02523418
0.01566031
0.01862223
0.01890406
0.02663369
0.05360339
0.02551830
0.01601267
0.01540126
0.01752076
0.01828696
0.01484574
0.01284940
0.01477222
0.02688094
0.01337930
0.03409833
0.01523420
0.02008641
0.01601986
0.01163169
0.01485611
0.02867022
0.01822121
0.01247710
0.01498004
0.01261913
0.01758443
0.05129822
0.02039648
0.01648723
0.01420335
0.01596229
0.01826558
0.01963616
0.01908772
0.01810599
0.01212747
0.01405992
0.01196594
0.02631111
0.01737865
0.01418918
0.01393900
0.01628682
0.02945820
0.01566888
0.01840513
0.01803011
0.01339010
0.02670778
0.01437425
0.01802486
0.01230272
0.02806526
0.01328111
0.02486700
0.01616104
0.01493874
0.01199436
0.03740644
0.01771658
0.02046802
0.02031992
0.02857109
0.01380781
0.01959484
0.02243514
0.02989065
0.02607203
0.01323657
0.01975154
0.01921539
0.03519276
0.02115702
0.01833519
0.01741172
0.01688494
0.01369576
0.01519579
0.02030696
0.01884540
0.02004197
0.01591848
0.01550005
0.01970214
0.01569365
0.01826828
0.01222732
0.01796083
0.01611926
0.01965882
0.01418131
0.05114851
0.01880210
0.01534957
0.01464555
0.01714287
0.02755201
0.05623116
0.01639128
0.06174001
0.03153340
0.01482694
0.01567913
0.01505334
0.01672972
0.02034228
0.02796880
0.02757084
0.02484224
0.01817065
0.01405674
0.02674159
0.01658175
0.01701581
0.03206734
0.02518439
0.01541328
0.01553791
0.01723957
0.02001145
0.01484593
0.01684417
0.01529152
0.02505923
0.01634758
0.01940177
0.02562235
0.01704910
0.02222460
0.01885939
0.01641983
0.01441961
0.01362178
0.01381231
0.01242904
0.01536955
0.01816510
0.02131781
0.01742299
0.02352536
0.01441166
0.01542651
0.01225373
0.02451268
0.01622239
0.01577869
0.03994171
0.01784408
0.01958084
0.01143344
0.03366655
0.01311422
0.01815240
0.01462016
0.07042931
0.01468436
0.02173271
0.02280651
0.02020202
0.01805485
0.01674153
0.01710876
0.02003404
0.01393631
0.02068741
0.02085455
0.01343304
0.01600765
0.01226678
0.01478041
0.01519628
0.01923043
0.01640958
0.01583672
0.02648940
0.01092968
0.01953748
0.01390542
0.01629050
0.01544553
0.01339101
0.04079321
0.01691208
0.01733853
0.02079607
0.01421109
0.01673294
0.02678058
0.01602715
0.02591068
0.01919739
0.01552008
0.01358453
0.01764774
0.01333264
0.01570652
0.02034086
0.02399194
0.01384955
0.02472790
0.02110261
0.01837138
0.01336011
0.03137994
0.02030287
0.01529423
0.01655351
0.01546375
0.02077443
0.01554594
0.01466353
0.01792688
0.01254233
0.01698022
0.01889589
0.06760609
0.02044244
0.01912661
0.01279003
0.02055471
0.01693789
0.02293567
0.01296144
0.03263672
0.01545114
0.01262882
0.01588166
0.01898071
0.01260652
0.01448722
0.01402487
0.03240745
0.01502195
0.03906452
0.01434993
0.02001859
0.01343154
0.03248304
0.03418929
0.01737802
0.01363752
0.01841541
0.07502372
0.02276176
0.01413732
0.01381577
0.01680582
0.02454263
0.06017043
0.01737818
0.01608172
0.01412495
0.02023041
0.01649759
0.01644930
0.02136216
0.03311518
0.01347013
0.02178525
0.02954761
0.01344053
0.01631669
0.01345782
0.12771796
0.01914207
0.01501768
0.01430358
0.02187846
0.01733421
0.01755276
0.01626483
0.01259220
0.01585429
0.01306869
0.01862920
0.01473578
0.01327095
0.01507706
0.01721039
0.01363762
0.01490163
0.02030166
0.02212070
0.01634872
0.02899145
0.01855398
0.02297520
0.01368868
0.01527809
0.01691299
0.01396850
0.01646814
0.01854389
0.02521162
0.01946933
0.02135987
0.01846653
0.01417383
0.01648625
0.01457577
0.01740573
0.02944703
0.01333515
0.02321082
0.01555587
0.01455859
0.01431449
0.01262374
0.01673982
0.01842046
0.02622386
0.02281045
0.01625396
0.04230653
0.01419790
0.01610414
0.01388651
0.01793336
0.03565660
0.02767486
0.02408833
0.01358067
0.01892910
0.01494485
0.01810887
0.01167420
0.01453156
0.01753068
0.01144425
0.01463269
0.01698330
0.01566656
0.01516214
0.01666090
0.01788480
0.02598465
0.01525519
0.02790016
0.01444872
0.01614084
0.01584604
0.01960768
0.02373791
0.01547885
0.01868114
0.02431987
0.01267408
0.01838015
0.03158948
0.01996596
0.03504086
0.01261688
0.01219733
0.01602161
0.02659003
0.02652017
0.01093084
0.01882020
0.01661981
0.01623253
0.01815725
0.03179911