0.00874694
0.00939256
0.00913060
0.00904738
0.00948473
0.00915729
0.00997307
0.01021984
0.01017075
0.00972675
0.00875673
0.00955580
0.00972205
0.00944707
0.00979845
0.00998628
0.00987079
0.01055764
0.00971673
0.01109783
0.00837651
0.00792142
0.00881535
0.00918068
0.00985316
0.00865829
0.00886979
0.00953775
0.01044674
0.00947637
0.01058411
0.00845720
0.00852012
0.00933621
0.00808888
0.01069627
0.00872540
0.00920065
0.00990667
0.00992488
0.01023717
0.00952238
0.00913699
0.00878385
0.00858212
0.00874127
0.00919651
0.00953508
0.00970376
0.01035713
0.00870170
0.00874670
0.00965247
0.00889387
0.01010462
0.01130062
0.00965028
0.01086997
0.00917286
0.00963222
0.01092084
0.01008473
0.00914200
0.00933252
0.00900773
0.00963184
0.00860690
0.01038319
0.00846348
0.00911853
0.00877610
0.00877356
0.00905766
0.01102802
0.00993670
0.00976159
0.00866368
0.00915207
0.00890266
0.00916380
0.00968027
0.00880599
0.01004133
0.00961209
0.00902604
0.01162475
0.01096142
0.01061119
0.01041408
0.00989774
0.00930645
0.00941650
0.00926734
0.01029909
0.00898427
0.00892509
0.00911110
0.00974036
0.01137025
0.01032627
0.01091656
0.00955540
0.00951119
0.00994633
0.00904944
0.00931626
0.00857608
0.00969811
0.00997549
0.00921367
0.00919037
0.00953544
0.01040227
0.01144438
0.01070864
0.00989564
0.00953436
0.00849743
0.00939422
0.00915405
0.01009805
0.00944257
0.01025929
0.00850294
0.00942788
0.00884299
0.00961675
0.01179580
0.01159312
0.00897824
0.00902077
0.00861557
0.00933454
0.01103703
0.00850126
0.00897966
0.00884585
0.00979687
0.00885348
0.01154288
0.00971696
0.00843658
0.00938244
0.00914742
0.00910592
0.00943317
0.00968596
0.00932967
0.00881451
0.01030610
0.00934454
0.00865919
0.00914968
0.00958330
0.00939686
0.00953740
0.00934741
0.00934856
0.01206459
0.00963942
0.00906335
0.00880340
0.00931531
0.00916615
0.01061506
0.01114569
0.00959845
0.00886272
0.00846289
0.00916093
0.00971883
0.00929320
0.00924184
0.01034436
0.01015608
0.00937227
0.01036104
0.00847605
0.00917373
0.00967595
0.00963839
0.00881179
0.01198536
0.00906314
0.00965208
0.00998450
0.00934776
0.00906718
0.01003677
0.00859001
0.00963052
0.01111416
0.00886468
0.01042276
0.00956337
0.00876914
0.01087068
0.00929928
0.01004148
0.00896642
0.00911897
0.01000005
0.00967215
0.00950243
0.00947791
0.00896953
0.00925982
0.00961646
0.01063836
0.00877809
0.01062878
0.00907427
0.00932434
0.00876820
0.00962374
0.00927959
0.00852677
0.00887610
0.01015029
0.00921179
0.00892785
0.01032577
0.00923316
0.00870223
0.01162342
0.00851319
0.01081278
0.00910573
0.01075479
0.00951885
0.00931396
0.00945150
0.00976248
0.01066545
0.00902315
0.01083751
0.00936087
0.01015338
0.00794607
0.01116472
0.00974242
0.00891480
0.00856406
0.00971467
0.00865915
0.00941359
0.00911297
0.00969326
0.00993834
0.00861664
0.00900021
0.00909931
0.01114678
0.00987277
0.00996379
0.00948978
0.00979521
0.00907315
0.01223655
0.00948670
0.01070466
0.00931455
0.00880548
0.00959807
0.00985042
0.00991912
0.01192342
0.00973774
0.00949443
0.00939497
0.00894105
0.00926665
0.00992002
0.00902591
0.00865356
0.00855710
0.00993523
0.00919448
0.00955705
0.00944277
0.00927234
0.00975229
0.01143686
0.00833370
0.00946087
0.01027860
0.00880671
0.01045099
0.01044047
0.00892069
0.00873019
0.00910150
0.01035701
0.00947838
0.00970348
0.00956050
0.00863429
0.00917184
0.00888453
0.00992318
0.00916893
0.00849541
0.01046049
0.00838605
0.00890608
0.00874173
0.00924415
0.01871450
0.00866382
0.00967768
0.01087885
0.00872960
0.00975248
0.01097994
0.00862896
0.00924460
0.00999981
0.00988405
0.00869261
0.00963535
0.00877364
0.00922260
0.00957551
0.00823643
0.01257231
0.00953776
0.01063057
0.00955045
0.00976050
0.00850273
0.00894621
0.00957936
0.01013429
0.00965004
0.01112200
0.01065786
0.00964639
0.00876870
0.01052256
0.01035314
0.01148823
0.00935323
0.01001761
0.00897917
0.00890912
0.00988160
0.00854205
0.00919433
0.01041375
0.01044135
0.01363070
0.00855635
0.00902138
0.01110302
0.00987613
0.00825186
0.01124098
0.01063019
0.00886399
0.00877147
0.00992071
0.00908313
0.01121990
0.00909909
0.00926127
0.00938609
0.00905996
0.00910992
0.00906595
0.00939619
0.00950238
0.00891705
0.00985647
0.01228788
0.01134578
0.00965171
0.00963725
0.00831524
0.01002351
0.00914971
0.00929172
0.00935051
0.00902693
0.00992767
0.00920703
0.00915119
0.00858870
0.00967008
0.00815851
0.00874450
0.01160655
0.01129430
0.00983258
0.01071204
0.00936383
0.00895377
0.00890351
0.00958656
0.00908406
0.00984673
0.00967428
0.00960122
0.00891399
0.00898216
0.00870775
0.00897574
0.01229796
0.00914593
0.00912923
0.00984375
0.00868922
0.00865398
0.00933930
0.00893119
0.00920939
0.00921532
0.00942110
0.00950867
0.00874290
0.00939910
0.01240523
0.00902711
0.00935201
0.01011792
0.00904393
0.01074004
0.01042769
0.00907766
0.00973943
0.00943852
0.01211853
0.00937947
0.00868193
0.00860546
0.00965974
0.00920163
0.01086812
0.01000801
0.00877200
0.00922235
0.00846512
0.01040691
0.00937865
0.00936777
0.00874395
0.00903497
0.01029456
0.00954713
0.00977657
0.00895282
0.01106912
0.00936549
0.00888945
0.00967424
0.01146091
0.01018763
0.01041979
0.00844100
0.00887350
0.01027261
0.00942693
0.00951278
0.00908245
0.00876497
0.00857240
0.00902705
0.00870392
0.00924628
0.01039242
0.01067829
0.01035435
0.00892693
0.01008435
0.01101755
0.00962308
0.00865618
0.01008732
0.00902956
0.00895586
0.00979216
0.00869439
0.00897814
0.00904573
0.00875130
0.00829364
0.00946241
0.00956927
0.00953852
0.00974612
0.00855078
0.01118843
0.01123203
0.01190433
0.00915952
0.00960306
0.01061366
0.00900619
0.00946345
0.01015332
0.00967816