0.00312769
0.00342095
0.00404859
0.00624716
0.00397627
0.00291921
0.00330632
0.00451115
0.00338739
0.00304571
0.00330814
0.00393094
0.00385827
0.00763286
0.00266019
0.00551463
0.00477213
0.00311338
0.00434172
0.00502507
0.00326464
0.00316716
0.00382763
0.00460293
0.00315076
0.00290479
0.00246442
0.00346874
0.00394511
0.00338325
0.00307514
0.00436293
0.00344047
0.00525565
0.00341475
0.00337196
0.00441364
0.00277408
0.00428625
0.00322822
0.00359116
0.00867232
0.00276297
0.00378174
0.00342922
0.00390966
0.00348812
0.00566932
0.00259627
0.00406448
0.00363879
0.00355797
0.00306529
0.00362222
0.00272797
0.00351299
0.00346805
0.00306928
0.00489466
0.00275098
0.00439663
0.00316301
0.00590863
0.00288123
0.00334602
0.00326079
0.00394157
0.00380009
0.00259858
0.00323524
0.00411253
0.00318890
0.00364144
0.00433710
0.00299487
0.00416486
0.00288975
0.00336119
0.00271090
0.00314803
0.00322775
0.00357851
0.00314480
0.00401965
0.00321644
0.00267805
0.00437859
0.00370053
0.00297908
0.00255799
0.00303094
0.00482900
0.00274918
0.00341977
0.00369090
0.00636544
0.00375907
0.00283162
0.00449239
0.00311987
0.00474314
0.00341028
0.00410621
0.00279214
0.00546205
0.00284259
0.00423369
0.00302763
0.00302872
0.00285958
0.00237231
0.00353214
0.00403031
0.00407712
0.00252040
0.00461245
0.00505848
0.00572054
0.00354449
0.00457873
0.00422350
0.00301091
0.00357286
0.00314680
0.00262446
0.00267600
0.00370919
0.00426683
0.00489686
0.00338210
0.00402332
0.00320507
0.00357836
0.00346185
0.00477249
0.00281118
0.00341497
0.00301150
0.00360962
0.00332747
0.00765394
0.00413058
0.00368001
0.00406444
0.00313056
0.00558853
0.00308207
0.00306699
0.00297534
0.00601254
0.00322732
0.00362239
0.00286625
0.00288388
0.00578052
0.00403387
0.00310311
0.00549750
0.00312822
0.00432836
0.00278742
0.00328877
0.00296686
0.00298846
0.00503267
0.00446949
0.00382442
0.00343510
0.00443700
0.00317983
0.00397953
0.00325027
0.00306031
0.00338622
0.00401878
0.00261388
0.00525844
0.00341646
0.00562822
0.00304309
0.00327825
0.00548313
0.00550023
0.00374332
0.00383456
0.00421313
0.00471383
0.00471206
0.00297964
0.00445454
0.00319580
0.00459412
0.00387616
0.00401601
0.00311109
0.00330242
0.00423500
0.00329919
0.00480852
0.00408639
0.00376828
0.00426019
0.00375775
0.00408566
0.00293294
0.00417959
0.00394789
0.00425028
0.00357300
0.00399974
0.00693769
0.00354042
0.00461358
0.00358151
0.00272590
0.00345600
0.00434504
0.00356865
0.00235381
0.00415617
0.00321064
0.00388258
0.00341153
0.00267455
0.00499650
0.00337097
0.00472179
0.00268812
0.00336146
0.00298437
0.00437357
0.00397290
0.00360516
0.00324998
0.00322758
0.00269167
0.00450427
0.00355246
0.00252824
0.00335840
0.00317106
0.00277135
0.00303771
0.00489549
0.00266677
0.00321891
0.00306489
0.00503741
0.00296523
0.00292108
0.00289209
0.00471673
0.00327418
0.00316534
0.00341360
0.00325503
0.00477367
0.00286056
0.00334099
0.00581672
0.00258925
0.00344812
0.00362823
0.00358616
0.00311875
0.00368459
0.00390716
0.00462175
0.00584925
0.00466550
0.00417997
0.00387616
0.00252453
0.00312281
0.00300894
0.00273191
0.00451698
0.00362961
0.00415387
0.00459072
0.00352930
0.00309788
0.00284897
0.00403671
0.00303814
0.00317374
0.00310200
0.00269875
0.00356780
0.00428828
0.00304178
0.00241785
0.00435770
0.00580259
0.00417482
0.00307558
0.00336195
0.00332548
0.00246273
0.00355925
0.00265522
0.00299443
0.00378333
0.00264925
0.00231649
0.00341495
0.00428101
0.00319407
0.00248949
0.00405065
0.00514087
0.00481285
0.00533236
0.00420475
0.00349362
0.00347665
0.00403321
0.00402208
0.00470904
0.00411584
0.00372667
0.00304743
0.00463712
0.00359625
0.00429198
0.00283648
0.00373322
0.00375303
0.00399795
0.00285799
0.00258117
0.00295644
0.00289505
0.00302882
0.00321833
0.00298045
0.00311638
0.00245646
0.00275286
0.00435336
0.00430792
0.00298962
0.00417541
0.00478737
0.00226729
0.00346615
0.00354996
0.00536004
0.00309298
0.00320854
0.00256394
0.00302473
0.00368141
0.00388296
0.00312358
0.00564869
0.00352120
0.00323680
0.00350107
0.00334788
0.00492247
0.00360600
0.00356584
0.00231620
0.00271071
0.00508552
0.00501291
0.00331403
0.00342304
0.00337027
0.00840626
0.00389159
0.00287433
0.00305806
0.00325442
0.00327921
0.00310577
0.00410398
0.00271458
0.00285482
0.00305519
0.00326488
0.00406592
0.00382262
0.00334155
0.00389530
0.00439382
0.00336583
0.00274521
0.00277932
0.00225261
0.00413752
0.00259136
0.00322754
0.00269979
0.00277977
0.00390264
0.00375151
0.00374447
0.00294461
0.00476255
0.00351745
0.00401829
0.00398515
0.00431913
0.00507235
0.00253122
0.00389605
0.00386478
0.00261683
0.00426137
0.00317435
0.00344006
0.00278412
0.00790434
0.00408345
0.00297223
0.00490262
0.00291654
0.00296952
0.00432174
0.00311635
0.00583361
0.00396537
0.00367499
0.00549605
0.00443106
0.00577979
0.00778768
0.00259863
0.00284805
0.00449195
0.00347794
0.00426053
0.00366440
0.00282706
0.00368162
0.00463199
0.00279431
0.00320827
0.00363440
0.00302955
0.00473486
0.00348411
0.00461804
0.00297642
0.00285211
0.00486789
0.00638721
0.00464230
0.00351878
0.00304364
0.00359765
0.00756725
0.00295189
0.00496305
0.00290254
0.00592286
0.00247996
0.00709516
0.00582531
0.00326507
0.00368850
0.00420513
0.00468334
0.00336170
0.00518992
0.00534038
0.00462906
0.00220745
0.00412837
0.00345420
0.00468801
0.00303241
0.00456904
0.00394393
0.00450938
0.00287281
0.00373388
0.00666201
0.00509286
0.00380990
0.00514602
0.00364820
0.00535671
0.00532889
0.00377695
0.00417243
0.00315831
0.00342961
0.00321757
0.00592550
0.00289012
0.00361851
0.00333910
0.00363568
0.00484797
0.00393214
0.00432930
0.00600483