0.00085668
0.00085241
0.00092740
0.00099356
0.00084203
0.00084660
0.00090209
0.00090823
0.00091124
0.00102206
0.00088404
0.00085667
0.00094549
0.00090193
0.00088410
0.00096449
0.00089487
0.00091012
0.00091166
0.00090522
0.00087733
0.00089925
0.00096927
0.00090248
0.00093646
0.00087739
0.00088549
0.00097147
0.00091156
0.00091110
0.00091072
0.00093773
0.00099437
0.00089575
0.00089684
0.00095215
0.00091281
0.00090916
0.00085485
0.00092658
0.00086479
0.00087291
0.00099222
0.00089300
0.00096420
0.00100288
0.00088663
0.00087081
0.00086708
0.00081958
0.00082159
0.00099816
0.00091357
0.00093176
0.00092067
0.00086194
0.00084406
0.00098951
0.00115766
0.00084388
0.00098598
0.00086739
0.00092839
0.00093010
0.00085789
0.00087327
0.00088818
0.00097703
0.00093032
0.00084622
0.00089072
0.00091013
0.00088685
0.00096050
0.00098391
0.00087417
0.00088084
0.00088142
0.00091258
0.00092477
0.00083941
0.00092183
0.00084802
0.00089205
0.00097517
0.00089142
0.00088383
0.00090423
0.00085572
0.00092842
0.00093101
0.00091067
0.00097900
0.00087911
0.00086947
0.00092426
0.00083684
0.00091185
0.00089343
0.00096316
0.00092152
0.00103400
0.00092206
0.00096494
0.00083438
0.00086426
0.00095445
0.00092305
0.00085821
0.00089291
0.00085323
0.00091679
0.00099115
0.00084834
0.00094421
0.00090313
0.00089776
0.00089372
0.00090129
0.00089471
0.00087237
0.00097861
0.00094610
0.00088650
0.00091768
0.00093385
0.00089062
0.00089318
0.00100139
0.00082614
0.00087306
0.00086670
0.00085544
0.00088011
0.00085970
0.00105155
0.00085907
0.00087739
0.00089736
0.00100865
0.00094107
0.00089941
0.00090341
0.00089939
0.00097296
0.00098001
0.00095116
0.00091962
0.00092071
0.00083224
0.00087311
0.00088029
0.00092066
0.00086825
0.00086560
0.00102081
0.00089577
0.00084541
0.00092748
0.00094654
0.00096360
0.00088379
0.00095884
0.00087145
0.00095415
0.00091191
0.00092809
0.00083995
0.00091243
0.00083564
0.00090113
0.00083277
0.00085157
0.00087585
0.00085949
0.00085933
0.00093748
0.00081045
0.00090320
0.00096452
0.00087340
0.00089500
0.00090929
0.00086514
0.00093574
0.00088522
0.00097964
0.00087330
0.00089871
0.00094142
0.00094535
0.00104513
0.00089819
0.00114876
0.00088019
0.00094432
0.00083497
0.00088313
0.00088934
0.00088321
0.00087735
0.00096713
0.00092161
0.00092005
0.00092353
0.00096203
0.00095079
0.00094011
0.00087601
0.00098889
0.00088602
0.00094695
0.00091981
0.00089398
0.00093071
0.00103935
0.00085492
0.00098135
0.00091325
0.00084827
0.00084402
0.00085988
0.00090995
0.00089897
0.00082907
0.00092090
0.00084530
0.00089639
0.00087697
0.00089791
0.00089946
0.00082506
0.00097042
0.00090763
0.00086043
0.00097367
0.00087882
0.00114426
0.00088933
0.00086827
0.00095226
0.00091357
0.00087434
0.00091443
0.00093886
0.00097502
0.00093475
0.00089825
0.00085781
0.00087820
0.00087768
0.00089870
0.00085760
0.00085748
0.00093856
0.00084486
0.00088188
0.00094476
0.00089721
0.00092792
0.00086213
0.00091705
0.00091439
0.00084771
0.00087657
0.00091781
0.00086003
0.00091231
0.00095926
0.00090226
0.00104966
0.00083720
0.00087537
0.00088388
0.00093743
0.00084140
0.00098501
0.00092874
0.00090412
0.00092805
0.00084685
0.00088653
0.00100442
0.00089485
0.00092727
0.00097832
0.00099832
0.00089470
0.00090083
0.00084033
0.00101036
0.00091435
0.00092648
0.00084406
0.00088351
0.00084550
0.00094419
0.00087561
0.00099564
0.00082580
0.00088383
0.00094325
0.00087675
0.00098983
0.00091095
0.00086938
0.00094464
0.00091588
0.00086776
0.00083428
0.00085949
0.00089224
0.00084243
0.00093576
0.00087645
0.00086698
0.00081758
0.00090506
0.00091977
0.00092630
0.00092532
0.00085832
0.00085597
0.00089792
0.00085469
0.00087467
0.00090708
0.00095240
0.00089293
0.00088985
0.00091848
0.00085288
0.00092842
0.00091868
0.00092338
0.00096902
0.00085898
0.00093363
0.00091473
0.00095518
0.00088288
0.00090224
0.00091408
0.00091856
0.00088645
0.00097282
0.00099179
0.00089452
0.00083484
0.00086291
0.00099090
0.00093825
0.00085269
0.00087318
0.00087509
0.00090183
0.00086724
0.00090340
0.00092004
0.00089307
0.00092024
0.00085728
0.00092949
0.00092678
0.00088502
0.00101437
0.00086764
0.00084511
0.00098342
0.00086936
0.00091973
0.00088280
0.00103374
0.00086777
0.00087556
0.00088309
0.00093208
0.00101322
0.00093605
0.00089551
0.00092355
0.00090511
0.00088454
0.00093472
0.00098080
0.00093645
0.00090542
0.00095811
0.00091473
0.00086022
0.00085019
0.00093290
0.00089210
0.00088337
0.00083166
0.00092125
0.00087737
0.00092181
0.00090231
0.00093896
0.00087945
0.00099268
0.00098406
0.00089503
0.00082672
0.00096903
0.00088112
0.00091494
0.00090871
0.00088768
0.00085703
0.00086332
0.00086393
0.00088431
0.00086947
0.00095395
0.00086475
0.00084167
0.00095103
0.00085078
0.00085445
0.00089379
0.00091411
0.00090274
0.00095108
0.00084943
0.00086011
0.00086720
0.00097301
0.00090625
0.00092488
0.00096090
0.00091870
0.00086072
0.00093545
0.00088269
0.00099583
0.00088941
0.00088563
0.00084946
0.00088473
0.00102346
0.00087192
0.00087898
0.00112151
0.00103060
0.00098093
0.00094899
0.00092642
0.00085348
0.00102586
0.00089360
0.00132124
0.00087218
0.00091094
0.00092744
0.00085009
0.00096154
0.00088179
0.00088756
0.00090078
0.00085764
0.00093805
0.00091409
0.00085837
0.00088242
0.00084598
0.00095285
0.00083065
0.00096449
0.00091956
0.00094065
0.00091858
0.00091317
0.00088665
0.00090034
0.00087753
0.00093025
0.00097742
0.00085242
0.00096904
0.00088359
0.00085915
0.00091619
0.00086095
0.00094791
0.00096695
0.00093437
0.00092128
0.00098426
0.00085694
0.00094457
0.00099501
0.00088094
0.00088941
0.00092423
0.00099584
0.00095483
0.00085174
0.00090926