0.01378225
0.01327703
0.01460942
0.00941101
0.00995533
0.01295017
0.01131058
0.01187907
0.01194593
0.01630242
0.01356377
0.01293367
0.01498418
0.00968843
0.01226026
0.01251916
0.01160442
0.01528824
0.01165656
0.01623390
0.01064909
0.01067486
0.01178082
0.02384969
0.02071200
0.01092267
0.01619325
0.01552615
0.01238986
0.01092352
0.01373477
0.01055588
0.01082921
0.01105304
0.01064154
0.01328777
0.01223226
0.01398228
0.01360293
0.01156630
0.01377817
0.01456363
0.01662316
0.01152174
0.01220901
0.01126699
0.01176434
0.01235197
0.01157854
0.01479119
0.01294406
0.01185779
0.01305030
0.01397029
0.01042169
0.01335309
0.01162143
0.01186853
0.01389127
0.01086627
0.01140344
0.01029575
0.01117467
0.01304201
0.01115764
0.01397064
0.01592479
0.01080633
0.01223123
0.01145641
0.01792730
0.01315880
0.01000576
0.01268339
0.01483942
0.01348419
0.01525979
0.01591211
0.01042729
0.01199356
0.01504699
0.01063494
0.00978586
0.01522824
0.01638888
0.01108064
0.01299039
0.01181395
0.01414260
0.01154689
0.01416388
0.01193441
0.01187262
0.01009923
0.01592556
0.01463403
0.01464452
0.01367193
0.01276946
0.01933098
0.01431162
0.01214799
0.01562608
0.00942844
0.01417984
0.01793488
0.02190103
0.01325616
0.01260017
0.01167537
0.01111238
0.01189503
0.01379423
0.01250774
0.01454964
0.01150901
0.01719469
0.01336427
0.01363414
0.01391424
0.01199582
0.01258400
0.01576337
0.01767253
0.01138817
0.01241498
0.01103766
0.01077259
0.01120513
0.01283564
0.01461125
0.01384656
0.01235855
0.01206617
0.01334142
0.01189183
0.01475332
0.01343849
0.01254937
0.01846138
0.00977478
0.01221051
0.01241043
0.01385890
0.01106030
0.01260841
0.02329104
0.01261879
0.01381263
0.01608222
0.01670497
0.02484412
0.01296828
0.01481607
0.01080571
0.01428248
0.01206581
0.01484351
0.01278230
0.01044169
0.01077668
0.01478174
0.01571870
0.01344329
0.01204686
0.01388568
0.01361871
0.01262208
0.01273855
0.01348990
0.01212371
0.01181420
0.01595676
0.01450069
0.01040446
0.01109604
0.01355261
0.01083039
0.00989889
0.01291635
0.01241020
0.01046101
0.01313678
0.01340727
0.01270141
0.01202365
0.01304406
0.01287426
0.01082403
0.01406438
0.01615297
0.01062814
0.01297083
0.01475960
0.01148227
0.01073316
0.01516800
0.01169329
0.01279667
0.01411115
0.01457761
0.01105826
0.01237726
0.01217721
0.02510746
0.01252085
0.01340196
0.01288753
0.01246909
0.01008239
0.01740532
0.01093526
0.01318977
0.01170995
0.01095469
0.01471186
0.01487904
0.01513063
0.01156033
0.01245796
0.01067054
0.01189071
0.01160827
0.01354774
0.01113607
0.01559869
0.01036478
0.01439934
0.01056893
0.01185852
0.01365289
0.01205957
0.01292910
0.01845798
0.01143701
0.01228111
0.01228935
0.01193318
0.01300194
0.01242947
0.01124494
0.01086818
0.01079349
0.01233380
0.01296491
0.01111981
0.01083311
0.01454017
0.02519853
0.01249501
0.01278284
0.01426469
0.01340887
0.02024022
0.01384464
0.01416656
0.01435207
0.01272404
0.01125014
0.01626111
0.01122611
0.00948028
0.01288651
0.01079314
0.01486899
0.01547087
0.01007528
0.01179267
0.01295764
0.01343294
0.01050023
0.01523898
0.01244646
0.01200779
0.02116996
0.01120820
0.01278328
0.01387466
0.01035560
0.01202483
0.01288873
0.01309949
0.01634539
0.00945604
0.01301254
0.01503591
0.01281521
0.01471215
0.01407722
0.01202784
0.02442989
0.01131706
0.01007350
0.01160974
0.01229986
0.01960701
0.01135431
0.01062211
0.01414747
0.01079307
0.01363206
0.01332798
0.01119154
0.01162538
0.01103281
0.02052149
0.01305962
0.01264870
0.01366934
0.01394877
0.01222024
0.01267299
0.00925680
0.01360119
0.02098170
0.01203477
0.00944687
0.01016862
0.02066221
0.00943733
0.01487718
0.01930777
0.01312065
0.02562071
0.01241214
0.01923551
0.01559707
0.01873966
0.01408786
0.01400455
0.01043245
0.01390921
0.00984753
0.01007193
0.01214086
0.02607943
0.01177007
0.01631422
0.01480317
0.01125393
0.01359193
0.01730412
0.01141538
0.01417668
0.01144085
0.01186791
0.01161375
0.01102273
0.02764235
0.01084111
0.01447984
0.01373829
0.01358837
0.01158265
0.01143342
0.01260937
0.01255861
0.01162703
0.01262182
0.01468992
0.01444912
0.01025880
0.02905857
0.01016936
0.02353122
0.00991766
0.01140416
0.01067488
0.01355309
0.01656662
0.01166939
0.01347024
0.01012210
0.01088675
0.01452468
0.01380245
0.01299333
0.01374841
0.01890792
0.01332245
0.01580039
0.02367235
0.01466863
0.01140837
0.01445324
0.01469740
0.01170388
0.01230995
0.02534067
0.01091947
0.01319138
0.02142138
0.01559513
0.01342725
0.01102214
0.01203258
0.01038441
0.01358574
0.01139686
0.01307557
0.01518193
0.01060372
0.01018370
0.01469081
0.01018827
0.01157012
0.01002000
0.01854747
0.01143227
0.01043722
0.01236886
0.02439994
0.01018826
0.01003690
0.01047923
0.01192593
0.01317815
0.01864196
0.01254011
0.01389210
0.02391684
0.01480756
0.01167287
0.01626453
0.01100210
0.01774260
0.01166105
0.01123682
0.01443438
0.01155416
0.01187529
0.01345518
0.01283034
0.01485720
0.01246355
0.01941703
0.01284392
0.01541710
0.01275712
0.01206881
0.01144538
0.01306974
0.01993697
0.01405777
0.01527836
0.01269153
0.01317281
0.01088468
0.01189309
0.01391631
0.01512336
0.00990816
0.01245307
0.01146764
0.01452306
0.02364219
0.01128447
0.01162625
0.01419470
0.01491695
0.01468825
0.00967725
0.02671129
0.01122431
0.01252412
0.01457062
0.01284201
0.01147802
0.01190536
0.01402569
0.01494809
0.01230203
0.01529021
0.01411717
0.01119897
0.01188111
0.01552722
0.00971718
0.01311936
0.01119838
0.01467651
0.01472410
0.01907418
0.01598123
0.01450477
0.01010454
0.02086323
0.01476988
0.01577088
0.01142175
0.01147959
0.01959613
0.01599257
0.01124669
0.02233850
0.01283392
0.01709875
0.01073290
0.01249306
0.01352925