0.00038105
0.00039029
0.00038459
0.00038808
0.00039097
0.00039543
0.00038571
0.00038747
0.00038696
0.00039741
0.00038568
0.00039298
0.00038641
0.00038886
0.00039185
0.00038795
0.00038891
0.00039001
0.00038443
0.00039704
0.00038586
0.00038613
0.00039626
0.00038597
0.00039043
0.00039120
0.00038990
0.00038859
0.00039744
0.00039281
0.00039045
0.00039435
0.00039143
0.00039071
0.00039483
0.00038089
0.00039474
0.00039124
0.00038296
0.00039187
0.00038598
0.00038980
0.00038632
0.00038852
0.00041104
0.00038609
0.00039606
0.00039266
0.00039454
0.00039442
0.00038844
0.00039117
0.00038723
0.00038323
0.00039873
0.00039249
0.00040027
0.00040037
0.00039296
0.00038460
0.00039641
0.00039064
0.00039271
0.00038588
0.00038957
0.00038903
0.00038525
0.00039152
0.00038727
0.00039266
0.00038434
0.00038506
0.00039505
0.00039103
0.00039715
0.00038604
0.00038469
0.00038761
0.00038566
0.00039543
0.00039265
0.00038636
0.00040357
0.00040018
0.00038860
0.00038926
0.00039953
0.00038890
0.00039027
0.00037953
0.00039683
0.00039230
0.00038384
0.00038168
0.00041875
0.00039075
0.00038954
0.00038445
0.00038840
0.00039450
0.00038896
0.00038495
0.00038334
0.00039629
0.00039579
0.00038581
0.00038912
0.00038463
0.00038599
0.00038961
0.00038691
0.00039297
0.00038682
0.00038784
0.00039103
0.00039247
0.00038590
0.00038569
0.00039057
0.00039036
0.00039015
0.00039143
0.00038901
0.00038381
0.00040479
0.00037966
0.00039903
0.00039241
0.00039026
0.00039068
0.00038845
0.00039336
0.00039733
0.00038927
0.00039265
0.00038989
0.00039022
0.00038571
0.00038753
0.00039314
0.00039491
0.00039483
0.00038362
0.00038595
0.00038035
0.00038724
0.00039093
0.00039143
0.00039240
0.00038616
0.00038772
0.00038254
0.00039473
0.00039532
0.00040036
0.00038014
0.00040871
0.00039092
0.00038811
0.00039083
0.00038674
0.00038705
0.00039355
0.00038465
0.00038454
0.00038269
0.00040882
0.00038383
0.00038166
0.00038197
0.00038976
0.00038575
0.00038343
0.00039886
0.00039173
0.00039567
0.00039038
0.00038574
0.00038756
0.00038293
0.00038711
0.00038876
0.00039250
0.00038906
0.00039078
0.00040219
0.00039479
0.00038927
0.00038671
0.00038157
0.00038297
0.00039093
0.00039495
0.00038616
0.00039316
0.00038078
0.00040323
0.00039080
0.00038337
0.00038444
0.00037623
0.00038887
0.00039074
0.00039499
0.00039971
0.00039625
0.00038974
0.00039024
0.00038484
0.00038082
0.00039530
0.00041327
0.00039201
0.00039584
0.00038434
0.00040154
0.00039560
0.00040277
0.00039241
0.00038737
0.00038627
0.00038155
0.00039146
0.00039409
0.00038965
0.00039939
0.00040032
0.00039063
0.00039204
0.00038606
0.00038969
0.00039013
0.00039430
0.00038545
0.00038577
0.00039627
0.00039012
0.00040907
0.00039175
0.00038803
0.00039052
0.00038916
0.00038890
0.00038730
0.00038039
0.00039189
0.00039252
0.00039639
0.00038736
0.00040130
0.00038981
0.00039385
0.00039156
0.00038868
0.00038420
0.00038667
0.00038929
0.00039120
0.00038711
0.00039320
0.00039198
0.00038650
0.00039544
0.00038645
0.00038506
0.00038882
0.00038785
0.00039255
0.00039376
0.00039620
0.00038670
0.00038689
0.00039773
0.00038775
0.00038243
0.00039206
0.00038545
0.00038069
0.00039014
0.00038790
0.00038730
0.00038261
0.00038969
0.00039148
0.00038923
0.00038474
0.00039097
0.00038194
0.00038391
0.00038469
0.00038538
0.00038647
0.00039313
0.00039607
0.00039599
0.00039777
0.00039076
0.00039618
0.00039041
0.00039550
0.00038225
0.00039428
0.00038338
0.00038552
0.00038123
0.00038826
0.00038220
0.00038980
0.00039423
0.00038660
0.00038935
0.00038726
0.00038891
0.00038856
0.00038992
0.00038541
0.00038787
0.00039392
0.00038527
0.00039257
0.00039444
0.00038209
0.00037959
0.00039628
0.00039020
0.00039305
0.00039285
0.00038785
0.00038517
0.00039144
0.00038758
0.00039673
0.00038194
0.00039716
0.00039060
0.00039593
0.00038580
0.00038425
0.00038588
0.00038395
0.00039771
0.00039610
0.00039637
0.00038719
0.00039347
0.00038829
0.00039799
0.00039112
0.00039407
0.00039805
0.00039140
0.00039416
0.00038904
0.00039993
0.00039409
0.00038641
0.00039522
0.00039761
0.00038543
0.00039129
0.00039445
0.00039660
0.00038329
0.00038737
0.00039058
0.00039701
0.00038817
0.00039417
0.00040425
0.00039742
0.00039254
0.00038960
0.00038449
0.00038763
0.00039130
0.00039155
0.00038462
0.00038643
0.00038598
0.00039517
0.00039152
0.00039139
0.00038913
0.00038615
0.00039445
0.00039185
0.00038377
0.00039062
0.00039130
0.00039532
0.00038591
0.00038529
0.00038883
0.00039164
0.00038715
0.00038869
0.00039727
0.00039064
0.00038386
0.00037954
0.00038482
0.00039237
0.00038380
0.00038636
0.00039806
0.00039071
0.00038499
0.00038049
0.00039944
0.00038956
0.00039273
0.00039257
0.00039011
0.00039695
0.00039648
0.00038684
0.00040542
0.00038028
0.00038253
0.00041018
0.00038282
0.00038383
0.00039293
0.00039628
0.00038678
0.00039715
0.00039192
0.00039850
0.00039663
0.00039371
0.00038579
0.00038114
0.00038996
0.00039372
0.00039238
0.00038715
0.00039083
0.00039308
0.00039101
0.00039010
0.00038958
0.00039877
0.00040069
0.00040149
0.00040559
0.00038916
0.00039249
0.00039390
0.00039968
0.00039335
0.00038685
0.00040654
0.00038590
0.00039273
0.00039218
0.00038812
0.00039326
0.00037955
0.00038873
0.00039694
0.00040354
0.00038518
0.00039810
0.00038224
0.00038612
0.00039530
0.00040038
0.00039565
0.00038718
0.00038009
0.00039685
0.00038966
0.00039988
0.00038714
0.00038545
0.00039209
0.00038461
0.00040012
0.00038928
0.00038923
0.00039442
0.00039239
0.00040027
0.00040004
0.00038401
0.00039452
0.00038698
0.00039165
0.00039017
0.00039282
0.00039098
0.00038272
0.00039081
0.00039428
0.00040773
0.00038556
0.00038444
0.00039221
0.00039538
0.00038037