0.01223411
0.01352421
0.00796397
0.00778584
0.00529292
0.00850340
0.00888731
0.01337749
0.01047391
0.01421775
0.00669297
0.00687527
0.01209620
0.00618925
0.00566929
0.00950923
0.00865064
0.00663025
0.01032099
0.00990587
0.00603487
0.00788314
0.02061332
0.00611556
0.00958339
0.00907399
0.00700783
0.00717237
0.00577735
0.00773324
0.00805711
0.01193798
0.00651620
0.01988255
0.00573850
0.00753589
0.00808361
0.01201004
0.01248426
0.00818239
0.00569392
0.00886706
0.01321089
0.00718760
0.00704380
0.00839620
0.00688845
0.01209009
0.00577688
0.00824793
0.00824407
0.00763337
0.00553731
0.00705247
0.00889996
0.01233706
0.00711789
0.01118858
0.00683113
0.00532955
0.00765019
0.01100907
0.00632843
0.00730466
0.00786808
0.01065586
0.01511541
0.00945737
0.00738739
0.00814614
0.00838623
0.01451227
0.00982568
0.01218078
0.00641322
0.01219458
0.00820941
0.02491296
0.00583226
0.00588423
0.00898644
0.00892123
0.00699466
0.00961776
0.01144679
0.00606842
0.00714139
0.00846635
0.00730778
0.00922553
0.00755389
0.00565075
0.00654321
0.00960882
0.00910398
0.01450529
0.00572389
0.01231014
0.00548438
0.00822187
0.00779697
0.01045905
0.00715069
0.01325512
0.00716588
0.01215719
0.00711200
0.00764383
0.00742962
0.01197726
0.01582215
0.00705763
0.00796245
0.01111336
0.00676605
0.00571844
0.02314615
0.01359940
0.00868070
0.00576100
0.01058570
0.02580363
0.00636106
0.01950752
0.01200950
0.01318534
0.00762295
0.00711131
0.00775776
0.00627315
0.00680205
0.00678130
0.01208032
0.00685566
0.00709232
0.00705319
0.00819911
0.02572157
0.00786728
0.01041367
0.00681069
0.01125955
0.00776481
0.01592286
0.00892724
0.00852503
0.00730600
0.01005558
0.00840164
0.00869929
0.00833583
0.01073821
0.00988285
0.00563883
0.01384651
0.00831773
0.00751323
0.00712290
0.02117589
0.00716123
0.00621157
0.00614475
0.00593835
0.00668188
0.00845754
0.00490904
0.00773652
0.01050626
0.01139334
0.00652944
0.00658703
0.00530120
0.02160775
0.01032561
0.00664975
0.00755990
0.00702359
0.01331940
0.00688221
0.00641255
0.01573883
0.00807481
0.00871117
0.00805370
0.01006469
0.00936616
0.00974403
0.00844245
0.00672894
0.00740258
0.01338014
0.00616285
0.00717515
0.02206254
0.00581187
0.01457729
0.00881910
0.00686391
0.01234979
0.00774421
0.00818155
0.00702303
0.01113804
0.01982495
0.00745312
0.01632804
0.01475804
0.01122398
0.00732933
0.00853011
0.00614704
0.00628367
0.00803613
0.01366393
0.00654525
0.00733967
0.00732506
0.00782222
0.00932968
0.00711914
0.00581757
0.00646560
0.00752073
0.00937182
0.01070395
0.00730456
0.00656864
0.00734777
0.00756429
0.01348532
0.00739055
0.01061810
0.00824609
0.00634678
0.00986076
0.00801192
0.00565663
0.00572514
0.00713593
0.01113615
0.02435921
0.01229699
0.00708615
0.01021182
0.00736798
0.00949360
0.01293229
0.00690696
0.01183739
0.00810421
0.00667296
0.00623399
0.00811494
0.00761568
0.00675787
0.00735898
0.00538926
0.00917553
0.01202040
0.01480060
0.02086789
0.00730605
0.00842307
0.01361805
0.00860174
0.00930605
0.01069974
0.03021328
0.00720566
0.00804460
0.01225287
0.00574302
0.00731953
0.00757634
0.01412449
0.00727238
0.00812645
0.00529213
0.01382796
0.01372674
0.00779536
0.01488237
0.01077875
0.00657643
0.03423748
0.00677608
0.00798104
0.00851806
0.00713543
0.00999292
0.00688609
0.01640475
0.01066275
0.00786666
0.01533170
0.01221750
0.00638602
0.00683584
0.01002271
0.00770885
0.01081441
0.01294689
0.02352333
0.00775622
0.00904761
0.01004234
0.01090876
0.01075809
0.00852533
0.01109526
0.00787305
0.01333972
0.00888661
0.00685142
0.00568514
0.00907624
0.00903439
0.00975504
0.00914109
0.00787129
0.00939611
0.00808125
0.01150881
0.00695717
0.01158565
0.00631858
0.01142586
0.00600634
0.01082235
0.00919861
0.00715461
0.01206334
0.01264318
0.01198932
0.00738741
0.01081327
0.01418657
0.00730899
0.00749542
0.00609186
0.00642511
0.00854650
0.01866002
0.00738547
0.00895363
0.00862114
0.01345838
0.00867888
0.00542551
0.01155584
0.01243925
0.00912993
0.01047455
0.00675908
0.00887210
0.01006642
0.00865738
0.00667577
0.00755851
0.01284797
0.00707648
0.00911858
0.00816385
0.00586601
0.01030123
0.00794385
0.01990684
0.00672432
0.00782527
0.01236570
0.00605599
0.00560138
0.01065555
0.00718391
0.00911309
0.00774556
0.00657433
0.00718946
0.00725766
0.01317528
0.00613226
0.02070989
0.01241828
0.00566188
0.01664407
0.00922355
0.01143274
0.01409836
0.00853167
0.00759442
0.01046766
0.00531654
0.01410904
0.00846210
0.00746560
0.01852043
0.00648957
0.01155482
0.01308820
0.00792407
0.00631238
0.00701413
0.00680485
0.00661642
0.01130510
0.00620755
0.00666886
0.01028829
0.00862492
0.01228129
0.00704667
0.02421691
0.00744694
0.00575307
0.00634593
0.00799601
0.00623934
0.00897887
0.02073909
0.01066200
0.00670354
0.00835323
0.00947947
0.01010319
0.00780983
0.01586075
0.00795495
0.01226196
0.00524191
0.00937856
0.01194318
0.00706491
0.00703229
0.01079616
0.00897481
0.00771411
0.01347282
0.01549323
0.00776218
0.00676737
0.01347750
0.00715133
0.00773078
0.00973225
0.00708981
0.00689457
0.00835203
0.00737438
0.00701660
0.00788079
0.00658943
0.00907460
0.01726136
0.01350879
0.00765313
0.01181896
0.00775018
0.01045301
0.00683608
0.01479716
0.00678338
0.00967707
0.00908574
0.00888380
0.01196803
0.00753373
0.00819688
0.00840793
0.01559102
0.01621394
0.00885437
0.00820049
0.00562182
0.00636810
0.00800066
0.00619668
0.00689361
0.01722163
0.00899660
0.00819455
0.01079826
0.00905075
0.01163521
0.01853615
0.00546904
0.01403662
0.00578870
0.01209590
0.00630583
0.01064061
0.00661940
0.01546418
0.00589665
0.00597394
0.00895565
0.00556189
0.00563606
0.01210550
0.01131930
0.01403232