0.00460338
0.00276048
0.00319276
0.00290355
0.00342248
0.00366915
0.00399312
0.00389722
0.00353923
0.00355081
0.00276450
0.00304514
0.00310965
0.00435819
0.00338379
0.00320945
0.00322558
0.00293822
0.00363731
0.00310026
0.00359566
0.00464248
0.00335929
0.00363410
0.00385113
0.00315683
0.00341728
0.00410828
0.00351082
0.00332943
0.00328374
0.00333308
0.00323894
0.00408546
0.00395089
0.00341600
0.00327139
0.00288363
0.00386752
0.00329140
0.00319946
0.00318592
0.00360610
0.00322735
0.00317992
0.00309612
0.00348365
0.00374707
0.00324989
0.00317394
0.00292117
0.00322972
0.00395166
0.00340030
0.00327761
0.00429266
0.00456244
0.00341606
0.00393085
0.00326492
0.00339056
0.00370326
0.00400713
0.00291325
0.00425829
0.00363808
0.00280177
0.00385188
0.00323970
0.00316841
0.00313412
0.00349242
0.00408222
0.00386397
0.00320928
0.00336284
0.00306644
0.00295297
0.00325354
0.00325608
0.00343572
0.00373722
0.00334471
0.00339546
0.00289152
0.00311268
0.00334279
0.00372948
0.00369549
0.00343923
0.00296899
0.00311811
0.00387171
0.00331812
0.00402001
0.00367135
0.00353111
0.00314643
0.00391605
0.00309724
0.00313589
0.00306474
0.00347477
0.00331104
0.00298427
0.00298630
0.00326745
0.00346123
0.00358107
0.00375111
0.00331777
0.00327156
0.00341067
0.00371727
0.00322444
0.00334167
0.00371456
0.00318859
0.00296228
0.00308098
0.00312698
0.00350291
0.00313663
0.00381929
0.00332344
0.00307764
0.00313206
0.00289451
0.00315300
0.00316689
0.00289632
0.00308036
0.00334626
0.00402019
0.00289733
0.00313777
0.00370168
0.00284446
0.00332472
0.00307174
0.00356655
0.00400291
0.00357975
0.00291690
0.00443414
0.00365298
0.00329683
0.00372818
0.00338311
0.00377461
0.00338559
0.00339374
0.00300515
0.00340805
0.00309324
0.00328034
0.00331013
0.00316742
0.00326081
0.00357274
0.00381593
0.00309600
0.00283333
0.00327059
0.00496167
0.00319132
0.00289095
0.00349623
0.00409440
0.00367950
0.00326056
0.00318355
0.00321381
0.00451809
0.00343915
0.00306176
0.00371291
0.00315453
0.00331456
0.00300409
0.00399502
0.00383291
0.00755291
0.00351213
0.00315684
0.00342464
0.00314759
0.00347188
0.00377744
0.00649879
0.00324613
0.00377492
0.00350756
0.00310927
0.00365458
0.00308412
0.00354810
0.00297700
0.00294636
0.00299671
0.00301747
0.00334692
0.00403835
0.00388149
0.00386933
0.00326604
0.00398050
0.00396481
0.00464368
0.00324820
0.00334995
0.00365460
0.00372400
0.00318039
0.00347438
0.00481226
0.00300392
0.00331913
0.00351626
0.00305475
0.00291902
0.00385960
0.00317910
0.00316629
0.00316257
0.00329520
0.00321540
0.00280999
0.00337568
0.00332596
0.00316964
0.00307627
0.00328923
0.00335349
0.00312581
0.00315250
0.00342716
0.00369843
0.00350076
0.00379294
0.00306010
0.00298876
0.00313325
0.00430222
0.00302737
0.00315382
0.00398025
0.00365381
0.00332879
0.00392662
0.00394096
0.00292184
0.00293912
0.00339976
0.00345397
0.00317897
0.00327927
0.00355534
0.00390918
0.00321779
0.00441645
0.00336780
0.00341717
0.00314494
0.00311578
0.00375876
0.00329795
0.00323778
0.00338422
0.00358009
0.00403869
0.00381882
0.00368157
0.00300216
0.00774155
0.00332602
0.00337460
0.00354984
0.00312530
0.00337773
0.00396019
0.00314003
0.00327957
0.00320103
0.00366741
0.00335273
0.00337701
0.00311450
0.00461267
0.00358238
0.00329337
0.00343516
0.00348821
0.00317293
0.00457506
0.00450466
0.00343012
0.00325456
0.00305496
0.00356727
0.00406827
0.00339829
0.00349040
0.00334282
0.00305662
0.00311383
0.00312746
0.00349141
0.00312577
0.00326957
0.00354227
0.00292847
0.00346812
0.00313304
0.00378057
0.00389224
0.00342379
0.00327620
0.00291424
0.00341181
0.00307602
0.00317222
0.00323906
0.00333213
0.00289039
0.00330882
0.00333636
0.00292819
0.00376880
0.00391424
0.00311470
0.00315022
0.00332568
0.00462317
0.00341583
0.00383666
0.00409330
0.00294987
0.00312924
0.00370447
0.00334159
0.00304316
0.00341685
0.00329786
0.00311142
0.00384208
0.00348552
0.00369861
0.00395344
0.00300764
0.00312921
0.00323535
0.00343453
0.00363446
0.00333903
0.00269885
0.00350504
0.00302491
0.00332177
0.00327039
0.00386075
0.00336511
0.00343895
0.00321518
0.00339035
0.00362664
0.00360054
0.00355180
0.00355257
0.00325475
0.00374517
0.00301912
0.00403492
0.00375570
0.00382390
0.00335285
0.00340649
0.00318782
0.00368364
0.00354494
0.00353719
0.00409461
0.00340003
0.00347036
0.00329068
0.00382969
0.00361921
0.00380186
0.00320451
0.00344459
0.00356808
0.00342771
0.00310735
0.00304211
0.00307510
0.00318534
0.00307017
0.00427740
0.00388193
0.00333632
0.00345672
0.00383590
0.00308233
0.00311834
0.00291604
0.00343024
0.00299931
0.00339280
0.00287284
0.00321617
0.00305662
0.00329463
0.00280782
0.00334501
0.00327782
0.00297440
0.00321716
0.00352295
0.00322096
0.00344972
0.00311104
0.00376616
0.00307185
0.00328666
0.00310913
0.00324125
0.00355527
0.00327422
0.00344482
0.00554403
0.00388836
0.00331238
0.00345481
0.00307197
0.00417222
0.00346071
0.00315077
0.00323663
0.00326391
0.00365317
0.00347293
0.00355919
0.00309005
0.00465662
0.00313694
0.00298624
0.00316178
0.00316757
0.00306422
0.00433963
0.00394372
0.00292044
0.00328377
0.00371906
0.00308720
0.00330229
0.00308758
0.00386993
0.00340968
0.00339968
0.00281030
0.00304825
0.00332900
0.00315345
0.00369375
0.00321452
0.00354733
0.00302644
0.00335137
0.00337720
0.00363983
0.00302026
0.00390277
0.00320551
0.00292861
0.00325897
0.00316823
0.00435033
0.00293977
0.00279257
0.00380940
0.00312786
0.00300105
0.00310405
0.00332018
0.00326188
0.00306241
0.00350546
0.00438515
0.00399296
0.00295247
0.00326901
0.00332290
0.00296974
0.00349771
0.00336447
0.00314482
0.00329929
0.00313527
0.00342474