0.00751353
0.01266436
0.00651409
0.00711927
0.01178736
0.00827008
0.00666550
0.00859919
0.00884748
0.00971552
0.01032418
0.00834776
0.01099027
0.01061186
0.00914415
0.01162374
0.00745100
0.01995174
0.01291582
0.00752279
0.01103350
0.01414183
0.00906731
0.01052978
0.01104849
0.01089051
0.01316736
0.00753134
0.01301796
0.00817294
0.02289347
0.01170520
0.00875686
0.00958924
0.00808430
0.00904655
0.03187613
0.01092899
0.00912225
0.00938986
0.00869185
0.01011577
0.01056662
0.00799819
0.01137445
0.00935894
0.00787074
0.00921715
0.01127066
0.01086910
0.00781095
0.01206274
0.02199476
0.00810716
0.00903792
0.02038125
0.00752450
0.00810523
0.01003637
0.01100496
0.01041246
0.01976898
0.00899208
0.00781898
0.00835968
0.01117806
0.00752855
0.00732608
0.01137649
0.00897959
0.00893823
0.01059601
0.00881894
0.00841418
0.00959377
0.00806966
0.01122778
0.01015461
0.01089652
0.00980301
0.01133839
0.00938259
0.01162036
0.00791955
0.00813465
0.00957732
0.00883175
0.01193889
0.00853832
0.00849909
0.00943752
0.01609038
0.00755018
0.01103088
0.01147807
0.00847020
0.00969866
0.00814798
0.00906822
0.01060231
0.00810737
0.00860888
0.00816518
0.00821454
0.02382901
0.01261214
0.00867994
0.01196094
0.01569335
0.01375613
0.01048287
0.02047117
0.01043000
0.01026772
0.01087495
0.01113502
0.00876094
0.01103633
0.00778568
0.00747897
0.00926574
0.00743325
0.01086854
0.01038123
0.00625556
0.00974144
0.02791995
0.00884439
0.00869560
0.00776697
0.00992526
0.00760444
0.00830143
0.00897573
0.01047512
0.00843231
0.00653349
0.00841830
0.01051808
0.00774386
0.00888789
0.00913334
0.01021456
0.01075142
0.00920995
0.00962602
0.00797086
0.01669453
0.02246799
0.00680206
0.00932977
0.00690158
0.00804039
0.01312924
0.00744508
0.00915634
0.02110787
0.00982234
0.01553837
0.00747554
0.00694472
0.03089180
0.01021645
0.01095620
0.01045719
0.00807928
0.01085831
0.00992264
0.00907406
0.01806106
0.00914075
0.01027235
0.00831583
0.01174186
0.00976074
0.00706491
0.01090545
0.00849094
0.00984573
0.00959248
0.00886064
0.01015734
0.00954127
0.00858048
0.00776357
0.01025103
0.00755773
0.00983595
0.01181323
0.01118969
0.00694242
0.00953478
0.00746361
0.00700455
0.01004138
0.00815029
0.00735783
0.00707952
0.01812066
0.01314072
0.00982579
0.00797225
0.00869889
0.00687389
0.01465778
0.01210853
0.01196648
0.00857078
0.01046114
0.02440953
0.02009427
0.00917047
0.01298875
0.02260500
0.00985579
0.00860676
0.00765647
0.01038811
0.01257955
0.00772430
0.01199451
0.00733735
0.00804658
0.01052208
0.00882253
0.01002310
0.01072898
0.01217659
0.00792224
0.01257010
0.01705927
0.00964461
0.01255481
0.00752624
0.01346988
0.00863869
0.00922064
0.00657193
0.00831039
0.00721739
0.00749358
0.00836262
0.01014908
0.00985591
0.00819430
0.00999189
0.01267149
0.00810222
0.00736330
0.00817624
0.00834462
0.00708117
0.00882111
0.01022746
0.00796641
0.00889579
0.00828595
0.00783485
0.01825760
0.00999605
0.00761076
0.00734071
0.00746954
0.01554152
0.00784207
0.00903780
0.01121523
0.01098920
0.00701393
0.00877897
0.01216830
0.01266357
0.02135648
0.00955590
0.01158869
0.00947028
0.00988582
0.02338579
0.00975039
0.00746906
0.00855304
0.01083153
0.00814844
0.00974466
0.01269388
0.00872120
0.00813831
0.00771950
0.00870120
0.00806221
0.01807714
0.01220874
0.01332856
0.00778986
0.00718333
0.01466494
0.00846502
0.00799411
0.00927925
0.00815270
0.00883766
0.00988420
0.00843095
0.00730460
0.01004842
0.00779750
0.00732817
0.00920187
0.01018904
0.00917872
0.00906685
0.01233992
0.00824563
0.00765262
0.01061344
0.01113172
0.01135512
0.00887696
0.01649363
0.01042196
0.00848314
0.00845269
0.01044131
0.01587406
0.00711146
0.00710220
0.00704346
0.00692417
0.00768680
0.01217019
0.00720655
0.01143183
0.00934145
0.00887777
0.01146100
0.00696694
0.00782112
0.00975871
0.00714656
0.00696327
0.02209687
0.00814134
0.00925189
0.01731069
0.00942661
0.00942298
0.02069876
0.00988747
0.00934165
0.01093298
0.00701958
0.01225529
0.02513271
0.00905506
0.00748006
0.00819244
0.01217723
0.00912765
0.00587987
0.00850838
0.00824649
0.00962521
0.00798590
0.00836724
0.00831789
0.01112670
0.00846846
0.01499598
0.01059410
0.01044512
0.02337125
0.00827794
0.00750612
0.00811499
0.00658575
0.01103441
0.01079330
0.00731642
0.00804855
0.01031083
0.01205762
0.00899379
0.00963012
0.01034959
0.00917797
0.00974825
0.01121694
0.00776771
0.01095463
0.00956340
0.00711477
0.01067767
0.01115565
0.01162159
0.00745569
0.00792887
0.00769820
0.00813994
0.00688725
0.00947299
0.01705261
0.01001086
0.00897141
0.00812624
0.01026247
0.00770459
0.01136106
0.01226130
0.01181628
0.00790716
0.01096785
0.00920278
0.01097627
0.00854183
0.00975064
0.00913496
0.01216107
0.00941566
0.00821967
0.00894961
0.00745193
0.00770769
0.00838158
0.00808689
0.00934207
0.01270280
0.00693602
0.01170559
0.00861404
0.00970077
0.00753065
0.02622620
0.00964855
0.01142912
0.01279041
0.00788738
0.00825524
0.01016123
0.00910104
0.00795957
0.00800649
0.00807196
0.01139087
0.00765003
0.00777802
0.00964682
0.01152929
0.00929628
0.00716638
0.00903836
0.01696818
0.00857612
0.01021209
0.01358491
0.00726605
0.00972850
0.01001747
0.02320814
0.00781683
0.02319857
0.01251942
0.00821708
0.01765879
0.00941707
0.01157498
0.00764072
0.01047591
0.00819708
0.01121192
0.00696144
0.01596640
0.01338563
0.01188337
0.01453564
0.00873447
0.01014428
0.00964556
0.00837027
0.00831268
0.00975275
0.01031235
0.01155729
0.00741146
0.00678621
0.00905703
0.01362686
0.01165552
0.02409247
0.00824813
0.00798346
0.01007692
0.00930743
0.00703953
0.01279261
0.00867448
0.00947765
0.01197547
0.00643986
0.00802835
0.01089824