0.08765211
0.08618858
0.08092940
0.08840300
0.08679103
0.11723337
0.09301818
0.09659423
0.08128975
0.08499289
0.08053588
0.09400921
0.07911088
0.08881754
0.07721664
0.13052309
0.10282546
0.10555022
0.09191217
0.08739136
0.09133221
0.08040257
0.10583997
0.10372816
0.09635541
0.13472866
0.09796752
0.10311523
0.08610107
0.08772759
0.07736573
0.09078191
0.07709509
0.07684293
0.12083611
0.08231044
0.07711538
0.10310884
0.08533143
0.08505074
0.07512984
0.08694081
0.07882883
0.09016963
0.10617324
0.08920550
0.10180246
0.10573002
0.12910992
0.07266591
0.09052091
0.08771630
0.09896620
0.08054357
0.09291788
0.09593578
0.08974757
0.08295482
0.07964442
0.15379655
0.08801512
0.13740684
0.09706070
0.08599667
0.09373575
0.08975403
0.09801496
0.07954148
0.08832096
0.08145875
0.09333780
0.08192566
0.09996135
0.09185779
0.09222493
0.08731891
0.08141184
0.07988383
0.09564844
0.09173341
0.07384968
0.08166641
0.08897037
0.09083471
0.13129133
0.08736123
0.12068727
0.10969720
0.09236289
0.08420399
0.08802862
0.08683695
0.09865278
0.08897885
0.08122490
0.10649880
0.08884510
0.07714673
0.08440788
0.09029525
0.09007385
0.15761050
0.12269065
0.12948057
0.09541890
0.08539863
0.08515622
0.09105393
0.08134772
0.09244728
0.08548329
0.08631336
0.09725495
0.09777144
0.08456306
0.08314114
0.08065099
0.07960836
0.08461169
0.09794118
0.09612039
0.08654152
0.10316245
0.10824877
0.09605872
0.08469624
0.08591404
0.08810022
0.09408321
0.09114786
0.08264368
0.09820805
0.11731364
0.09863143
0.09726735
0.07945946
0.09143438
0.08888822
0.09387100
0.08868278
0.08167092
0.09146745
0.09481237
0.08402329
0.12008708
0.08653569
0.09339589
0.08336956
0.07361614
0.08352558
0.08557551
0.13757833
0.08925369
0.07415527
0.11309939
0.09847547
0.08374943
0.08795710
0.09949850
0.11159471
0.09337401
0.08630576
0.09879900
0.08971764
0.09516562
0.10417612
0.21863666
0.09665525
0.11375424
0.08513209
0.08695560
0.09280462
0.09570304
0.09412375
0.08767169
0.09706074
0.09626846
0.08309807
0.11672976
0.22286825
0.12757396
0.09547868
0.08367259
0.08069881
0.10887868
0.12454076
0.10970907
0.13858530
0.10482010
0.09429722
0.09210528
0.08227402
0.11576200
0.09866581
0.09117054
0.07633227
0.08296812
0.07374349
0.07359147
0.10398103
0.11260831
0.08056253
0.09753373
0.08251054
0.09149478
0.09808126
0.09662970
0.10312096
0.10193032
0.08227409
0.09070091
0.13570435
0.10725480
0.09126286
0.08369895
0.12558811
0.08841744
0.07293121
0.08267093
0.09476880
0.09571456
0.07769191
0.11268407
0.09569925
0.08154069
0.09077933
0.08752222
0.09010141
0.09112763
0.08517278
0.09762241
0.08896226
0.08330895
0.08149628
0.12168377
0.08453830
0.09069438
0.10544051
0.08650574
0.07670284
0.09318099
0.09679370
0.09886857
0.09391036
0.08741665
0.08616802
0.08586724
0.09463303
0.10015248
0.09345751
0.08770797
0.09991896
0.11153016
0.08821898
0.08703021
0.11005290
0.09168259
0.08744882
0.08466708
0.08037005
0.10266685
0.08643799
0.09187022
0.08867291
0.08703366
0.09203988
0.09396978
0.12801105
0.07915187
0.07714723
0.08766943
0.13150582
0.09343700
0.09907174
0.09287541
0.09353335
0.08081476
0.08340724
0.09608227
0.07942076
0.07176702
0.08705309
0.08478192
0.09030101
0.08227575
0.10556697
0.09316930
0.09506632
0.09661956
0.09181229
0.08888752
0.09587701
0.08472738
0.10122053
0.09084669
0.10158594
0.09326459
0.08599810
0.08825932
0.08337363
0.08227256
0.08303054
0.10450819
0.11528228
0.10322686
0.09875294
0.12823565
0.12043283
0.09206726
0.10570754
0.08120648
0.11490376
0.08826610
0.08112424
0.08060403
0.09990988
0.07501789
0.11399865
0.08543391
0.10923153
0.09462819
0.09511321
0.07983003
0.15633453
0.09407862
0.10650249
0.10269433
0.09636137
0.09007424
0.07783372
0.09707359
0.08918360
0.13626700
0.10840601
0.10560709
0.08694049
0.09833478
0.08007373
0.08517209
0.10435479
0.10693061
0.10495594
0.09924409
0.08868680
0.08398914
0.09970208
0.14586861
0.08528619
0.12435337
0.08458058
0.09754699
0.07894356
0.08394069
0.08133629
0.11094680
0.08774405
0.07902551
0.08668605
0.08296444
0.09060948
0.09084478
0.09285288
0.09843346
0.13416139
0.08497964
0.07602340
0.09108985
0.08524068
0.08261092
0.10762401
0.11384033
0.08994575
0.07892985
0.07902039
0.08711299
0.09247513
0.08226430
0.09447975
0.08710127
0.09191252
0.10546940
0.10166805
0.08160510
0.08246562
0.08701648
0.09692389
0.09251117
0.09216324
0.08451604
0.08702482
0.08475648
0.08744808
0.07939793
0.11928201
0.07529538
0.09108496
0.08318117
0.08293198
0.08666660
0.09540357
0.10468150
0.10345118
0.07927415
0.08448587
0.08219122
0.08069510
0.10370699
0.09279868
0.08923087
0.08229674
0.08962437
0.08423986
0.08772211
0.09762812
0.09207610
0.10758946
0.11066101
0.10083855
0.08712983
0.10174167
0.09907365
0.09766540
0.07998007
0.09788924
0.08551727
0.10708516
0.08927331
0.08361061
0.14410121
0.08719694
0.08918549
0.08739474
0.09241242
0.09002892
0.08706226
0.07903270
0.08613681
0.08691586
0.08284856
0.09741490
0.09722366
0.07454491
0.07814619
0.09166795
0.12430886
0.09043026
0.11129682
0.07567236
0.09429526
0.07687052
0.08053966
0.09812237
0.08323654
0.07853405
0.09892716
0.08242931
0.08691901
0.09314290
0.12762635
0.08224451
0.07769428
0.09291412
0.08868437
0.16260621
0.09334524
0.18397875
0.08333447
0.08858317
0.08434667
0.08531931
0.08589678
0.08835382
0.10505050
0.09001277
0.08229443
0.10938948
0.08075688
0.08021560
0.07987896
0.07460477
0.08951724
0.10308761
0.12552447
0.09040294
0.10058653
0.09108290
0.08230469
0.08002569
0.08925509
0.08094047
0.08300177
0.07630333
0.08821679
0.08655893
0.08697727
0.07941372
0.08277098
0.08433522
0.09541512
0.07768320