0.04493487
0.05793289
0.05008444
0.04452826
0.05599754
0.04563066
0.04369218
0.06357469
0.04052646
0.05284825
0.03929354
0.06389517
0.04566044
0.07014321
0.05873751
0.04635951
0.06252101
0.05734377
0.05362161
0.05068091
0.04918887
0.04705918
0.05187590
0.04511334
0.04245069
0.04152151
0.04817130
0.04781973
0.05757069
0.04706492
0.04480816
0.06277745
0.05221155
0.04002852
0.04563397
0.04399606
0.04129113
0.04766675
0.04689755
0.05592805
0.04605690
0.04291453
0.05829795
0.05683979
0.04680663
0.04593655
0.06584485
0.05455977
0.04170130
0.04650377
0.04311368
0.04784527
0.05689931
0.04697073
0.05701193
0.04839956
0.04448265
0.07224889
0.05355053
0.04383678
0.05354325
0.04607447
0.04776903
0.04904646
0.05051652
0.04105972
0.04765362
0.05464712
0.05580372
0.04855058
0.04510139
0.05722303
0.04986832
0.05180715
0.04603490
0.06393022
0.05155291
0.05281943
0.03907102
0.04333838
0.05129772
0.04795748
0.04374251
0.04279911
0.04543574
0.04076337
0.04858697
0.04507558
0.05702150
0.04072826
0.04074860
0.05337148
0.04961470
0.05065376
0.05076313
0.06343443
0.04275977
0.04533086
0.04217169
0.05505493
0.04598954
0.04185745
0.05719256
0.04989247
0.06116947
0.04270293
0.04356448
0.06768774
0.05918511
0.04283741
0.04521898
0.05398162
0.04620288
0.05022282
0.05399874
0.04603000
0.04448895
0.05670981
0.04512757
0.03907401
0.05789125
0.05614782
0.05395537
0.04611886
0.04863722
0.05689843
0.04757927
0.04846955
0.04713594
0.05557684
0.04597101
0.04552787
0.04349844
0.05574908
0.04646753
0.05193154
0.04584656
0.05670631
0.05536036
0.04404527
0.04264990
0.04261267
0.04233170
0.04458631
0.03815391
0.05445107
0.05055103
0.05219385
0.05225315
0.04761395
0.03974119
0.04094108
0.06092020
0.05939264
0.04736349
0.04516468
0.05381388
0.07931142
0.04439466
0.04633167
0.06387269
0.04687013
0.04644817
0.05550603
0.05218122
0.05125397
0.04220217
0.04248410
0.04711717
0.04344527
0.04039877
0.05164116
0.04629178
0.04091961
0.06273293
0.05747601
0.04858066
0.05955912
0.06637165
0.04408586
0.04159687
0.04021734
0.05191421
0.05181737
0.06654250
0.04951726
0.05559957
0.05220001
0.04888187
0.04132499
0.06015340
0.04738221
0.04333921
0.05600692
0.04155739
0.04594280
0.05258901
0.05486033
0.05221425
0.04000786
0.04663933
0.04661565
0.05914787
0.03955565
0.04507644
0.04502630
0.04617223
0.04404089
0.04137121
0.04168245
0.05280138
0.04366890
0.04428801
0.05066267
0.06816742
0.04604873
0.05019343
0.04727490
0.04527470
0.04059744
0.04041889
0.05189287
0.05820114
0.05952716
0.04638724
0.05719449
0.04544020
0.04507399
0.05079732
0.05110177
0.05706165
0.04718168
0.05000558
0.06805376
0.05174071
0.04474906
0.05258966
0.04330578
0.07725055
0.05046179
0.04085712
0.04064372
0.04910945
0.04968383
0.05919641
0.04767482
0.04650610
0.04791952
0.04349915
0.03911596
0.04575781
0.06500273
0.04980435
0.04421856
0.04188078
0.04091289
0.04370557
0.05403237
0.05236797
0.03646597
0.05037210
0.05082203
0.03842782
0.05174430
0.04516238
0.05389030
0.03790605
0.06668967
0.05734511
0.04452656
0.04772516
0.05106905
0.06079918
0.04727259
0.05692816
0.04340350
0.04174575
0.05290597
0.04359280
0.05391268
0.04692710
0.04697819
0.03684512
0.04578816
0.04542964
0.04743007
0.04629719
0.04862078
0.04871169
0.05178609
0.04769962
0.06018820
0.05929327
0.04113385
0.05700350
0.04634930
0.04935022
0.04918630
0.04251477
0.05039455
0.05511844
0.04611877
0.04350312
0.04615829
0.05887208
0.04568315
0.04525205
0.06379189
0.05418694
0.06004869
0.03941719
0.06315025
0.04922972
0.04672502
0.05880243
0.05530173
0.05411528
0.05042571
0.06161780
0.04655017
0.05801544
0.05373277
0.06054881
0.04992233
0.04821472
0.06003349
0.04547422
0.05152486
0.04796177
0.05670744
0.04940227
0.05861641
0.04924042
0.05337028
0.04943005
0.04991277
0.04198062
0.04563459
0.05958448
0.07538462
0.04728575
0.04438671
0.04150347
0.06697172
0.05046329
0.04383847
0.06274812
0.05376983
0.05748713
0.05201718
0.04567084
0.05065037
0.05712555
0.04971045
0.04702209
0.04975458
0.04615018
0.04735528
0.04667407
0.05285714
0.05505077
0.04156156
0.04150844
0.04559653
0.05329877
0.04667585
0.04350758
0.04775487
0.06993225
0.05415628
0.04604082
0.05759634
0.05588848
0.04800925
0.04704748
0.04414508
0.04569694
0.04116009
0.04415312
0.03735238
0.05420756
0.03905094
0.04599035
0.05350200
0.04508255
0.07256321
0.04690391
0.04838158
0.05422286
0.05977819
0.05131362
0.05835607
0.05249505
0.03985356
0.05548114
0.04544374
0.06020178
0.04366284
0.05019469
0.04215215
0.06160897
0.04672485
0.04298539
0.06124998
0.05427238
0.04548136
0.04785030
0.06944726
0.04464070
0.04122500
0.05343083
0.04441560
0.04803578
0.05749698
0.06836109
0.05668435
0.06762407
0.04742507
0.05654917
0.05001700
0.06404064
0.04857607
0.05405202
0.04850469
0.04634872
0.06764678
0.04607413
0.06576499
0.04981961
0.04236097
0.05567489
0.04993940
0.05185530
0.04157675
0.04869005
0.04364782
0.04877256
0.05694728
0.05364094
0.05920781
0.04266746
0.04284603
0.03810332
0.04638487
0.04855049
0.05326642
0.04938173
0.04182215
0.05328761
0.05384416
0.05135301
0.05353004
0.04852933
0.04956455
0.05970920
0.05226243
0.04363417
0.05606464
0.04653904
0.04501910
0.05720433
0.05239986
0.05578791
0.04714244
0.05313416
0.04901694
0.04858220
0.04949966
0.04913959
0.04772797
0.04024730
0.04820112
0.05143323
0.04372786
0.03828556
0.05472862
0.04562390
0.04890200
0.05260318
0.04701208
0.06275656
0.05370223
0.04898825
0.04438612
0.04275748
0.04266756
0.07511438
0.04162622
0.05311418
0.04145618
0.05964589
0.05299334
0.06389985
0.05814559
0.05995126
0.05549458
0.04064900
0.04372575
0.04367751
0.04651866