0.01929840
0.02084275
0.02597448
0.02220021
0.02114675
0.02335620
0.02134997
0.02210821
0.02162276
0.02397229
0.02058656
0.02214363
0.01936227
0.02224881
0.01951374
0.02425526
0.02049596
0.02483975
0.02202618
0.01780851
0.02378766
0.02436782
0.02132943
0.02341748
0.02359886
0.02241192
0.02106044
0.02713794
0.02143028
0.02018604
0.02440951
0.02156015
0.02370553
0.02413259
0.02478120
0.02272569
0.02248277
0.02151836
0.02541335
0.02043201
0.02143454
0.02111928
0.02356197
0.02004500
0.02344807
0.02239448
0.02480544
0.02122256
0.02057795
0.02636870
0.02737952
0.02700515
0.02648347
0.02581592
0.02148396
0.02306754
0.01977203
0.02877178
0.02550935
0.02827528
0.02435432
0.01992179
0.02688199
0.02502527
0.02125508
0.02591950
0.02497009
0.02164286
0.02616487
0.01879941
0.02079885
0.02394114
0.02740241
0.02504206
0.02011408
0.02175744
0.01944000
0.02197142
0.02142565
0.02955867
0.02240654
0.02124633
0.01888778
0.02534587
0.02249665
0.02139267
0.02367821
0.02306170
0.02101005
0.02095840
0.02154250
0.02417166
0.02289246
0.02000167
0.02173265
0.02474654
0.02058671
0.02239964
0.02285441
0.02072723
0.02326115
0.02296836
0.02424024
0.02429635
0.02118642
0.03145826
0.02016072
0.02515221
0.02600908
0.02435532
0.02402052
0.02340772
0.02460936
0.02285940
0.02344589
0.02133660
0.02066906
0.02424998
0.02581979
0.02213826
0.02255970
0.02222439
0.02428127
0.02327835
0.02267154
0.02606400
0.02435502
0.02409224
0.02081227
0.02167944
0.02692769
0.02144912
0.02131067
0.02209192
0.02137566
0.02429316
0.03024451
0.02108695
0.02120838
0.02450637
0.02192357
0.01982784
0.02734529
0.02065428
0.02179577
0.02416680
0.02144684
0.02676740
0.02029366
0.02433206
0.02068863
0.02684801
0.02052441
0.02386323
0.02469067
0.02270577
0.02015192
0.02079526
0.02169416
0.02238849
0.02202514
0.02411256
0.02670039
0.03053865
0.02160560
0.01969637
0.02824038
0.02198221
0.02541896
0.02088886
0.02053177
0.02350826
0.02006517
0.02022982
0.02242070
0.02165583
0.02517073
0.02143525
0.02320473
0.02428027
0.02519732
0.02567217
0.02258700
0.02253809
0.02307318
0.02226451
0.02049175
0.02379771
0.02546007
0.02124210
0.02118974
0.02848667
0.02966823
0.02692445
0.02299920
0.02457909
0.02831723
0.02194100
0.02172630
0.02132868
0.02324808
0.02380212
0.02242733
0.02244587
0.02543113
0.02887564
0.01991181
0.02219259
0.02252842
0.02700175
0.02523474
0.02174872
0.02187129
0.02445843
0.02110542
0.02538927
0.02290810
0.02492063
0.02240197
0.02372787
0.02267876
0.02531997
0.02262763
0.02555245
0.02386146
0.02309803
0.02278702
0.02790179
0.02138260
0.02232367
0.02539261
0.02080314
0.02345931
0.02352925
0.02122051
0.02617161
0.02116237
0.02090053
0.02686287
0.02469574
0.02358268
0.02570902
0.02310101
0.02310825
0.02044387
0.02372156
0.02219010
0.02058870
0.02228586
0.02576618
0.01965182
0.02423609
0.02253955
0.02479140
0.02082105
0.02064493
0.02287710
0.02092160
0.02109886
0.02513688
0.02220031
0.02179537
0.02018365
0.02053260
0.02293611
0.02386188
0.01980212
0.01916145
0.01930520
0.02188734
0.02465047
0.02769325
0.01994470
0.02099935
0.01856160
0.02206533
0.02526559
0.02628859
0.01941026
0.02161266
0.02109541
0.02601169
0.02404194
0.02267836
0.02177275
0.02282498
0.02125840
0.02176247
0.02328115
0.02061049
0.02072972
0.02231778
0.02388876
0.02384381
0.02586228
0.02101218
0.02461823
0.02269706
0.02021007
0.02281010
0.02187485
0.02335102
0.01969750
0.02287716
0.02173328
0.02328981
0.02343786
0.02376782
0.02394109
0.01984085
0.02396185
0.02403913
0.02171041
0.02137372
0.02284456
0.02229113
0.01938759
0.02312376
0.02077290
0.02196619
0.02014875
0.02117164
0.02669666
0.02192429
0.02616007
0.02278801
0.01992871
0.02237070
0.02176271
0.02410937
0.02613929
0.02335018
0.02179455
0.02499379
0.02151689
0.02660235
0.02330979
0.02115290
0.02650559
0.02235257
0.01997835
0.02311577
0.02205124
0.02165305
0.02368256
0.02415047
0.02202361
0.02217041
0.02314878
0.02054641
0.02989304
0.02422631
0.02205160
0.02509457
0.02561703
0.02490711
0.02537857
0.02292361
0.02627000
0.02133449
0.02182603
0.02120360
0.02571093
0.02349881
0.01979731
0.02095449
0.02108930
0.03204265
0.02428340
0.02142408
0.02462639
0.02193378
0.02353930
0.02603957
0.02117308
0.02231750
0.01919403
0.02278926
0.02555161
0.02518242
0.02711075
0.02040690
0.02681322
0.02322916
0.02364015
0.02381042
0.02180401
0.02643969
0.02605354
0.02415117
0.02016129
0.02302627
0.02093644
0.02631022
0.02054348
0.02407978
0.02073298
0.02295082
0.02198868
0.02582561
0.02295191
0.02480282
0.02163834
0.02217618
0.02160069
0.02650369
0.02268743
0.02640598
0.02127173
0.02100739
0.01952930
0.02081147
0.02559736
0.02316285
0.02316750
0.02282221
0.02216435
0.02813098
0.02357638
0.02451255
0.02551780
0.02588662
0.02129562
0.02534878
0.02303846
0.02381144
0.02465826
0.02216797
0.02096425
0.02167009
0.02082154
0.02135989
0.02279498
0.02376401
0.02060737
0.02014582
0.02287621
0.02269244
0.02092656
0.02102393
0.02568415
0.02310531
0.02679889
0.02172646
0.02363745
0.02229454
0.02552431
0.02336118
0.02607117
0.02743619
0.02531229
0.02089537
0.03035691
0.02174184
0.02350931
0.02813853
0.02164868
0.02786114
0.02318331
0.02285137
0.02237771
0.01882665
0.02265954
0.02490201
0.02090445
0.02279626
0.02195621
0.02299581
0.02325342
0.01995771
0.02159606
0.01974532
0.02513030
0.02099518
0.02082415
0.02735531
0.02566718
0.02405392
0.02103895
0.02160729
0.02130218
0.02133608
0.02299569
0.02938636
0.02584739
0.02212609
0.02430087
0.02073499
0.02095948
0.02182844
0.01903398
0.02219358
0.02394728
0.02520989
0.02365697
0.02126265
0.02024974
0.02460716
0.02496638
0.02758826