0.02632982
0.02296283
0.02361648
0.02277553
0.02134771
0.02374294
0.02282355
0.02252581
0.02182373
0.02300479
0.02031554
0.02099035
0.02326985
0.02444323
0.02452522
0.02344375
0.02790431
0.02459112
0.02555689
0.02045439
0.02219421
0.02392357
0.02580415
0.02109456
0.02598297
0.02361904
0.02243120
0.02180747
0.02233684
0.02170929
0.01995093
0.01915748
0.02636122
0.02062295
0.02029217
0.02195384
0.02443376
0.02659962
0.02196524
0.02470663
0.02083652
0.02293711
0.01894096
0.02281124
0.02315097
0.02055025
0.02808626
0.02052981
0.01981392
0.02416064
0.02387867
0.02078100
0.02191956
0.02320247
0.02412208
0.02111484
0.02515156
0.02386511
0.02340906
0.02243702
0.02200002
0.02127964
0.02657962
0.02541331
0.01994268
0.02099106
0.02095664
0.02255034
0.02106551
0.02240337
0.02349694
0.02441702
0.02299953
0.02239373
0.02688881
0.02170044
0.02226011
0.02049967
0.02169137
0.02114254
0.02209594
0.02094768
0.02271886
0.02288661
0.02362625
0.02136427
0.02157747
0.02265691
0.02121470
0.02183424
0.02399923
0.02170075
0.02001501
0.02254231
0.01982718
0.02475460
0.02397194
0.02608062
0.02185098
0.02245935
0.01982237
0.02381971
0.02253945
0.02120624
0.02568724
0.02512094
0.02060523
0.02061401
0.02311592
0.01981379
0.01799622
0.02400687
0.02421014
0.02505033
0.02225535
0.02087266
0.02369537
0.02300140
0.02052930
0.01931106
0.02159316
0.02228872
0.02464680
0.02476477
0.02218013
0.02402462
0.02247539
0.02441097
0.02257366
0.02025800
0.02143124
0.02339598
0.02106026
0.02300621
0.02226698
0.02411734
0.02001524
0.02237012
0.02070277
0.01961229
0.02988664
0.02127319
0.02567200
0.02691698
0.03030791
0.02059342
0.02402505
0.02158120
0.02755787
0.02387454
0.02884410
0.02572840
0.02544658
0.02428948
0.02374266
0.02192533
0.02184156
0.02211844
0.02443230
0.01930956
0.02362935
0.02148658
0.02082802
0.02383086
0.02409355
0.02278282
0.02261657
0.02362259
0.02235299
0.02523747
0.02510434
0.02441765
0.02326887
0.02587586
0.02352562
0.02452457
0.02306040
0.02274039
0.02214188
0.02156803
0.02189832
0.02750976
0.02287370
0.02286146
0.02010739
0.02175882
0.02163677
0.02247091
0.02445143
0.02239354
0.02161490
0.02290169
0.02417347
0.02346373
0.02035171
0.01962806
0.02201532
0.02156697
0.01971449
0.02380867
0.02216050
0.02419369
0.02636163
0.01843218
0.02604306
0.02308626
0.01796699
0.02151189
0.02407955
0.02034541
0.02240432
0.02045636
0.02383972
0.01901078
0.02368351
0.02035063
0.02040860
0.01963325
0.02298504
0.02561930
0.01855778
0.02354108
0.02156150
0.02365853
0.02325546
0.02113935
0.02081416
0.02279845
0.02133487
0.02282782
0.02048769
0.02003628
0.02094070
0.01995726
0.02144317
0.02343476
0.02120250
0.02083809
0.02584389
0.01934401
0.02467924
0.02269971
0.02381225
0.01981666
0.02182411
0.02150751
0.01799462
0.02280153
0.02336882
0.02640556
0.02525783
0.02437290
0.02333165
0.02514248
0.02407254
0.02403807
0.02381629
0.02311638
0.02208937
0.02216258
0.02721852
0.02488965
0.02259184
0.02401495
0.02189488
0.02066331
0.01961161
0.02559207
0.02058068
0.02463114
0.02431148
0.02200689
0.02134504
0.02123534
0.02400050
0.02223977
0.02384589
0.02402412
0.02115104
0.02135749
0.02312177
0.02268794
0.02184724
0.02111758
0.02247423
0.02305520
0.02455124
0.02052753
0.02375504
0.02474363
0.02405986
0.02090299
0.02234972
0.02349369
0.02245321
0.02031628
0.02065299
0.02126223
0.02554914
0.02917100
0.02457746
0.02392208
0.02108610
0.02377681
0.02471162
0.02423322
0.02525482
0.02332854
0.02356506
0.02506318
0.02538377
0.02365698
0.02328959
0.02349653
0.02437214
0.02159801
0.02074360
0.02300199
0.02074554
0.02521457
0.02596251
0.02283493
0.02818820
0.02500726
0.02162346
0.02484025
0.02126669
0.02179775
0.02692561
0.02393840
0.02314120
0.02710809
0.02445183
0.02356876
0.02060831
0.02121749
0.02507998
0.01942141
0.02437323
0.02319597
0.02304201
0.01895316
0.02525979
0.02569126
0.02338708
0.02070424
0.01904261
0.02528002
0.02067001
0.02387017
0.02248213
0.02308162
0.02197448
0.02156163
0.02204055
0.02301024
0.02332406
0.02407433
0.01938077
0.02253705
0.01997122
0.02491243
0.02216846
0.02510019
0.02310549
0.02071539
0.02039743
0.02523792
0.02216651
0.02514991
0.01936201
0.02129335
0.02326540
0.02424877
0.02307177
0.02346964
0.02369031
0.02197866
0.01988602
0.02654141
0.02140740
0.02234419
0.02244024
0.02136981
0.02416193
0.02110774
0.02247296
0.02291583
0.02433804
0.02114470
0.02440456
0.02059542
0.02193244
0.02363009
0.02238440
0.02757853
0.02912392
0.02061594
0.02327975
0.02353145
0.02241657
0.02327008
0.02228459
0.02238676
0.02429457
0.02289883
0.02492062
0.02471374
0.01929207
0.02548823
0.02327641
0.02132668
0.02334361
0.02152423
0.02243648
0.02437098
0.02168392
0.02047491
0.02376068
0.02322116
0.02303258
0.02156520
0.02548449
0.02238786
0.02355254
0.02111058
0.02062849
0.02040506
0.02000480
0.02437152
0.02104020
0.02257809
0.02506485
0.02449111
0.02411910
0.02134183
0.02295627
0.02565461
0.02383353
0.02176832
0.02464655
0.02555426
0.02323500
0.02173791
0.02052613
0.01878506
0.02346817
0.02181105
0.02171262
0.02204168
0.02690567
0.02413627
0.02361207
0.02241863
0.02207307
0.02063307
0.02115133
0.02167176
0.02273427
0.02115127
0.02238088
0.02011989
0.02171126
0.02481013
0.02078766
0.02284313
0.02612536
0.02191148
0.02153650
0.02294226
0.02022848
0.02283166
0.02632113
0.02133856
0.02266148
0.02044766
0.02343988
0.02266717
0.02343065
0.02414881
0.02230516
0.02639460
0.02157823
0.02118144
0.02043025
0.02303271
0.02123907
0.02282905
0.01969745
0.02454871
0.02315058
0.01985649
0.02368673
0.02368984
0.02488465
0.02348268
0.02315615
0.02280288
0.02587607
0.01868467