0.03839527
0.04016108
0.04096194
0.03602993
0.03683462
0.04064984
0.03537726
0.03499475
0.04044042
0.03320269
0.03654221
0.03932161
0.03884441
0.03414801
0.03585335
0.03462497
0.04314093
0.03341531
0.03588075
0.03423000
0.03448515
0.03786347
0.03647387
0.04006368
0.03832244
0.04184572
0.03474396
0.03622711
0.03755300
0.03700908
0.03788754
0.03793316
0.03708188
0.03489947
0.04006206
0.04370568
0.03523417
0.04113400
0.03558922
0.03353949
0.03506456
0.03630289
0.03574210
0.03827602
0.03557003
0.03444062
0.03618299
0.03867918
0.03688473
0.03725796
0.03346779
0.03646256
0.03885454
0.03509595
0.03629836
0.03815076
0.03614824
0.03464155
0.03368408
0.03767719
0.04361173
0.03708354
0.03412876
0.03637308
0.04517737
0.03448999
0.03490001
0.03523595
0.04242236
0.03519925
0.03465233
0.03870443
0.03685829
0.03594126
0.03500061
0.03503432
0.04136367
0.03486163
0.03629657
0.03426719
0.03334073
0.03548950
0.03452587
0.03530217
0.03603435
0.03583939
0.03568752
0.03917209
0.03813291
0.03650941
0.03342526
0.03414388
0.03647185
0.03329815
0.03701621
0.04390148
0.03353994
0.03751508
0.03766963
0.03924380
0.03787316
0.03842658
0.03698259
0.03819691
0.03421683
0.03469410
0.03668938
0.03878219
0.03741534
0.03434410
0.03677913
0.03602233
0.03758556
0.03732596
0.03927404
0.03787877
0.03621984
0.03650033
0.03807741
0.03450194
0.03243234
0.03642114
0.03539972
0.03681443
0.03510409
0.03748963
0.03780223
0.03737090
0.04321933
0.03695134
0.03516577
0.03598140
0.03827207
0.03521205
0.03660364
0.03908357
0.03822248
0.03662574
0.03587902
0.04195047
0.03743323
0.03447880
0.03691417
0.03561529
0.03461738
0.03430248
0.03429500
0.03434870
0.03596629
0.03832234
0.03918799
0.03979203
0.03837123
0.03729993
0.04379075
0.03579391
0.03307395
0.03835753
0.03558974
0.03481048
0.03361207
0.03346640
0.03685380
0.03604526
0.03789700
0.03891759
0.03782925
0.03694947
0.03693383
0.03463071
0.03170632
0.03313547
0.03395200
0.03630480
0.03347689
0.03853517
0.03587722
0.03516912
0.03680824
0.03308529
0.03891052
0.04108526
0.03830423
0.03509297
0.03836689
0.03564962
0.03380371
0.03500605
0.03238159
0.03568784
0.04120492
0.03915344
0.03324523
0.03425481
0.03563582
0.03247108
0.03810834
0.03807250
0.03692049
0.03577322
0.03587980
0.03528107
0.03561954
0.03358719
0.03744920
0.03368877
0.03287000
0.03386668
0.03497570
0.03651378
0.03439859
0.03724145
0.03526536
0.03586096
0.04000617
0.03475320
0.03690490
0.03977798
0.03519483
0.03490510
0.03301794
0.03461825
0.03533970
0.04072601
0.03346291
0.03727582
0.04548465
0.03580773
0.05347455
0.03609427
0.03444259
0.03516964
0.03975998
0.03597907
0.05102920
0.03581068
0.04001225
0.03487396
0.03759147
0.03891437
0.03406755
0.03825111
0.03737127
0.03580314
0.03622926
0.03700093
0.03642208
0.03631453
0.03357044
0.03589616
0.03402848
0.03402715
0.03575543
0.03962058
0.03461814
0.03519424
0.03500362
0.04196042
0.03790124
0.03361335
0.03518231
0.03496283
0.03581976
0.03558214
0.03544412
0.03641725
0.03850345
0.03593254
0.03514905
0.03592353
0.03870282
0.03509046
0.03846021
0.03822361
0.03792925
0.03565089
0.03823903
0.03449419
0.03632103
0.03890383
0.03957617
0.03534345
0.03782943
0.03568302
0.04398288
0.03720435
0.03475793
0.04131265
0.03642702
0.03590031
0.03486326
0.03346226
0.04033662
0.03737030
0.03603309
0.04212652
0.03565630
0.03627889
0.04466696
0.03635359
0.03661869
0.03347839
0.03602797
0.03877707
0.03592050
0.03644078
0.03406578
0.03603035
0.04011423
0.03745069
0.03514363
0.03426786
0.03712779
0.04637812
0.03670807
0.03655667
0.03419810
0.03485468
0.03581206
0.03322090
0.04014123
0.03366220
0.03499429
0.04128104
0.03908143
0.03649156
0.03373007
0.03329114
0.03588701
0.03640962
0.03454499
0.03990573
0.03628206
0.03609131
0.03175551
0.03340092
0.03392854
0.03584246
0.03708094
0.03383937
0.03921202
0.03584610
0.03800570
0.03878747
0.03299438
0.04006686
0.03484437
0.03600985
0.03361528
0.03433858
0.03977510
0.03664054
0.03516823
0.03538950
0.03533654
0.03980276
0.03475801
0.04200820
0.03675328
0.03716397
0.03407447
0.03653406
0.03729410
0.03640435
0.03548219
0.03691014
0.03512091
0.03704758
0.03882747
0.03449711
0.03556987
0.03528182
0.03459979
0.03626101
0.03425865
0.03488951
0.04117550
0.03658138
0.03391594
0.03493633
0.03828930
0.03197163
0.04194067
0.03550776
0.03709679
0.03558145
0.03543243
0.03473786
0.03983601
0.04018339
0.03642244
0.03592855
0.04086221
0.03401895
0.03460832
0.03879206
0.03473101
0.03600359
0.03589550
0.03343365
0.03620945
0.03529255
0.04136406
0.03584016
0.04084076
0.03476857
0.03599373
0.03456577
0.03621772
0.03522053
0.03767630
0.03750953
0.03655004
0.03296734
0.03469260
0.03933461
0.03223944
0.03629076
0.06547650
0.03499807
0.03704597
0.03402454
0.03676801
0.03498153
0.03530867
0.03895266
0.03714515
0.03554738
0.03847035
0.03377223
0.03466589
0.03803833
0.03301498
0.04071496
0.04125632
0.03379470
0.03362465
0.03669972
0.03370699
0.03323769
0.03865896
0.04117490
0.03505220
0.03631459
0.03786998
0.03704894
0.03610218
0.04124090
0.04094931
0.03866999
0.03537337
0.03644327
0.03344337
0.03593135
0.03574783
0.03550415
0.03569818
0.03656246
0.03833908
0.03620136
0.03676680
0.03530873
0.03571221
0.03673682
0.03808618
0.03676909
0.03685781
0.03485593
0.03151767
0.03894390
0.03612014
0.03750135
0.04301037
0.03652023
0.03695726
0.03551101
0.04253313
0.03590214
0.03885328
0.03618389
0.03777234
0.03724795
0.03425354
0.03720303
0.04002342
0.03305715
0.03696249
0.03884500
0.03431614
0.03546917
0.03748193
0.03710805
0.03553613
0.03366340
0.03530738
0.05071374
0.03874656
0.03667105
0.03617810
0.03501797