0.01824366
0.01723670
0.01849508
0.01910979
0.01671260
0.01941134
0.01761019
0.02013690
0.02051790
0.01711076
0.02166705
0.01843271
0.01899512
0.02206740
0.01943315
0.01770851
0.01869012
0.01838626
0.02205330
0.01710781
0.01986602
0.02159209
0.01796169
0.02288946
0.01875149
0.01851391
0.02955560
0.01624719
0.01717722
0.01813194
0.01906869
0.01733720
0.01801590
0.02148346
0.01879831
0.01841089
0.01807605
0.01898317
0.01968213
0.02075621
0.02086408
0.02097014
0.02076529
0.01689107
0.01938857
0.02022497
0.01981339
0.01919752
0.01997075
0.01858489
0.01675970
0.02219006
0.02133227
0.01717906
0.01876588
0.01859398
0.01884192
0.01956767
0.01803596
0.01621967
0.01741024
0.01734179
0.01804622
0.01804753
0.01748237
0.01940021
0.01872745
0.01857301
0.01927433
0.01882910
0.01938440
0.01815840
0.01813361
0.01850647
0.02426637
0.01924634
0.01901310
0.02017385
0.01879783
0.02039178
0.01928922
0.01747094
0.02022076
0.01842234
0.01921625
0.01883372
0.01996396
0.01869877
0.01930916
0.01850394
0.01760862
0.02385332
0.02434058
0.01734868
0.01930128
0.01597266
0.01993531
0.01745237
0.01987086
0.02099834
0.01964789
0.01637691
0.01971450
0.01821533
0.02033033
0.01983170
0.01715202
0.02016836
0.01753586
0.01666627
0.02018676
0.01830422
0.01845590
0.01734490
0.02121619
0.01888318
0.01695024
0.01739287
0.01750552
0.01964120
0.01780480
0.01814546
0.01982495
0.01933630
0.01969514
0.01722601
0.01919236
0.01942021
0.02133345
0.01549964
0.01902080
0.01748972
0.01859441
0.01865132
0.01944218
0.01817225
0.01899314
0.01843180
0.01722402
0.01926938
0.01802253
0.02095435
0.02121748
0.01905760
0.02358803
0.02041684
0.01882813
0.01854685
0.01862887
0.01956322
0.01679134
0.01836382
0.01895277
0.02123303
0.01960059
0.01758532
0.01743185
0.01828200
0.01669197
0.02069215
0.01849916
0.01862720
0.02010784
0.01932149
0.01868037
0.01886084
0.02099265
0.01996337
0.01806939
0.02159406
0.01914073
0.01901866
0.01823485
0.02505834
0.01842246
0.01569289
0.01904616
0.01880699
0.01915721
0.01705280
0.01730573
0.01726963
0.01873167
0.01668866
0.01963450
0.01786290
0.01868064
0.01690784
0.01966817
0.01730895
0.01847159
0.01716710
0.02207274
0.01792779
0.01835423
0.01987007
0.01733703
0.01628229
0.01702840
0.01612718
0.01966844
0.02037870
0.01986553
0.01940684
0.01632666
0.01734386
0.02086267
0.02106877
0.01986629
0.02030019
0.01960342
0.01844645
0.02022243
0.01943540
0.01790144
0.01993061
0.01893192
0.01819810
0.01977632
0.02080060
0.01844677
0.02128880
0.01807604
0.01941022
0.01924740
0.01865051
0.02023443
0.01955335
0.02277773
0.01813864
0.02127591
0.01785557
0.01670186
0.02269008
0.01902295
0.01911982
0.01754871
0.01713467
0.02071011
0.02002422
0.02077680
0.01786260
0.01883971
0.01897253
0.01919288
0.02402578
0.02090722
0.01979619
0.01962581
0.01736521
0.01983154
0.01912293
0.01781888
0.01991215
0.02175158
0.01814874
0.01751670
0.02043521
0.01963858
0.01845841
0.01595166
0.01799136
0.02062123
0.01682153
0.01866644
0.02067456
0.01740056
0.02032226
0.01738745
0.01987100
0.01803737
0.01892676
0.01932615
0.01874626
0.01815817
0.01817795
0.01906182
0.02436909
0.01844106
0.01853166
0.01869833
0.01977945
0.01714234
0.02012022
0.02046408
0.02065822
0.01827090
0.01941712
0.02075872
0.01888257
0.01915199
0.01902424
0.02430371
0.02023484
0.01615174
0.01993409
0.01762475
0.02326736
0.02253760
0.02007986
0.01869469
0.01843315
0.01908749
0.01715418
0.01898833
0.01813032
0.01767074
0.01951736
0.01598738
0.01966943
0.01896767
0.01773027
0.01971710
0.01856170
0.01792015
0.01730373
0.02065528
0.02161187
0.01870638
0.02043461
0.02040595
0.01907528
0.01696866
0.01797309
0.01911002
0.01631247
0.01655139
0.01742652
0.01902915
0.01771698
0.02293398
0.01763747
0.01821263
0.01823572
0.02063755
0.01875458
0.02034273
0.01829263
0.01978692
0.01866762
0.01755317
0.01796236
0.01682412
0.01886385
0.01814888
0.01752461
0.01906049
0.02536732
0.01660373
0.01892570
0.02151064
0.01934963
0.01692440
0.02078223
0.01892001
0.01881756
0.01581363
0.01942114
0.02001577
0.01697369
0.01889243
0.02005396
0.02287249
0.01782502
0.01994435
0.01943726
0.01963645
0.02250959
0.02149855
0.01710781
0.01665603
0.01906668
0.02206354
0.01975720
0.02037290
0.02006601
0.02094122
0.01621022
0.01980835
0.01925187
0.01722620
0.01909958
0.01773867
0.02369588
0.01678646
0.01874094
0.01767463
0.01935499
0.01806250
0.01851596
0.01717769
0.01666526
0.01946040
0.01921373
0.01868082
0.01632236
0.01720053
0.01652486
0.01848686
0.01782669
0.02066020
0.01796850
0.01893028
0.01844200
0.01958367
0.02022834
0.01979948
0.02062580
0.01878659
0.01750891
0.01797680
0.01614195
0.01707684
0.01744354
0.01840063
0.02035888
0.01913978
0.01744126
0.01750306
0.01924723
0.01861748
0.02118880
0.01765696
0.02073820
0.01866862
0.01703519
0.02118765
0.01916068
0.01844352
0.01937900
0.02290974
0.01889632
0.01820732
0.01987933
0.01972220
0.01714247
0.01930126
0.01593196
0.01884225
0.01803274
0.02223115
0.01694111
0.01843610
0.01799437
0.01926696
0.01695651
0.01952950
0.01930579
0.02173986
0.02014464
0.01809159
0.01811460
0.01898319
0.01652979
0.01885949
0.02153313
0.01882554
0.01984305
0.01788252
0.01628132
0.01805715
0.01859257
0.01762576
0.01996512
0.01480587
0.02255365
0.01774881
0.02111448
0.01980933
0.01869859
0.01827730
0.02228436
0.01835594
0.01913732
0.01727568
0.01696219
0.01744222
0.01779345
0.01716521
0.02132743
0.01992654
0.02116861
0.01913086
0.01917820
0.01671324
0.01880774
0.02173966
0.01781959
0.01857017
0.01977918
0.01727459
0.01684874
0.01612082
0.01885362
0.02131013
0.01917951
0.01784698
0.01695671
0.01612804
0.01762531