0.02269960
0.02358859
0.02535320
0.02233540
0.02928588
0.02490212
0.02214058
0.02451573
0.02341270
0.02676189
0.02171568
0.02266695
0.02229106
0.02862917
0.02316777
0.02242771
0.02348109
0.02388315
0.02389055
0.02121960
0.02217499
0.02871291
0.02499066
0.02447928
0.02449446
0.02242231
0.02149152
0.02294347
0.02498508
0.02232398
0.02520035
0.02959910
0.02351302
0.02409493
0.02382700
0.02308544
0.02470338
0.02440465
0.02665246
0.02781959
0.02437442
0.02278344
0.02416847
0.02401484
0.02634719
0.02509875
0.02553206
0.02408684
0.02146172
0.02487322
0.02285486
0.02367633
0.02189647
0.02716503
0.02672728
0.02539889
0.02303571
0.02251354
0.03207303
0.02268068
0.02125000
0.02498905
0.02184816
0.02122517
0.02936823
0.02503299
0.02382123
0.02232730
0.02756934
0.02696768
0.02365352
0.02254244
0.02538745
0.02501044
0.02323814
0.02226050
0.02686925
0.02464729
0.02236303
0.03038501
0.02142787
0.02378648
0.02191222
0.02265901
0.02160589
0.02414625
0.02288774
0.02494661
0.02373697
0.02857673
0.02821299
0.02482980
0.02245292
0.02243011
0.02741935
0.02826717
0.02694068
0.02201411
0.02616087
0.02539017
0.02189708
0.02215441
0.02737276
0.02766591
0.02723184
0.02222314
0.02342393
0.02147138
0.02405203
0.02078610
0.02121790
0.02284502
0.02628953
0.02584809
0.02658266
0.02169049
0.02432001
0.02210287
0.02432878
0.02372207
0.02374807
0.02087065
0.02323444
0.02880332
0.02759501
0.02520940
0.02301586
0.02400422
0.02776760
0.02551291
0.02642334
0.02340350
0.02419230
0.02320440
0.02669990
0.02677229
0.02125834
0.02342453
0.02479708
0.02360065
0.02345694
0.02135097
0.02311009
0.02406633
0.02613837
0.02097052
0.02683480
0.02627804
0.02267821
0.03265421
0.02558918
0.02166242
0.02375975
0.02200699
0.02412667
0.02497563
0.02333242
0.02551712
0.02325141
0.02230864
0.02285361
0.02317216
0.02173181
0.02254281
0.02432130
0.02184555
0.02299883
0.02304586
0.02123580
0.02189448
0.02294728
0.03448798
0.02354515
0.02185864
0.02470507
0.02882298
0.02586621
0.02279334
0.02303056
0.02284232
0.03091087
0.02288204
0.02793333
0.02316427
0.02867615
0.02596289
0.02211270
0.02458112
0.02653032
0.02099772
0.02281365
0.02624974
0.02245876
0.02251459
0.02323198
0.02191418
0.02230684
0.02350169
0.02106737
0.02420922
0.02239329
0.02213858
0.02106071
0.02291764
0.02210112
0.02732413
0.02649985
0.02458510
0.02490571
0.02788227
0.02371924
0.02865485
0.02506503
0.02188715
0.02387493
0.02227756
0.02454781
0.02261858
0.02388730
0.02203113
0.02407852
0.02537866
0.02687573
0.02281370
0.02347588
0.02380619
0.02503508
0.02290383
0.02262995
0.02258767
0.02251039
0.02441835
0.02231510
0.02971685
0.02514985
0.02128425
0.02479498
0.02297449
0.02503384
0.02364067
0.02237109
0.02329977
0.02282828
0.02432935
0.02200510
0.02284055
0.02653009
0.02250106
0.02382669
0.02485251
0.02296135
0.02460403
0.03089002
0.02354723
0.02382422
0.02684549
0.02229263
0.02495548
0.02304690
0.02590441
0.02184308
0.02189219
0.02921422
0.02288395
0.02437770
0.02291192
0.02605741
0.02304583
0.02217620
0.02222206
0.02654555
0.02314007
0.02623016
0.02362916
0.02484931
0.02465721
0.02867926
0.02435202
0.02209944
0.02495549
0.02335273
0.02160359
0.02324265
0.02158488
0.02494224
0.02226520
0.02505988
0.02378063
0.02446081
0.02475971
0.02604320
0.02044470
0.02382557
0.02404837
0.02229459
0.02407628
0.02638497
0.02307496
0.02579746
0.02245961
0.02579581
0.02283662
0.02622850
0.02355988
0.02310623
0.02500923
0.02201654
0.02574420
0.02307962
0.02554442
0.02483581
0.02355431
0.02322755
0.02257902
0.02346049
0.02873966
0.02435807
0.02421952
0.02538671
0.02436468
0.02368932
0.02309677
0.02316494
0.02221646
0.02523088
0.02427560
0.02541922
0.02185033
0.02459606
0.02184836
0.03320056
0.02387765
0.02448582
0.02306292
0.02257728
0.02404473
0.02578023
0.02311609
0.02511991
0.02314967
0.02363520
0.02390951
0.02267319
0.02163580
0.02479697
0.02691572
0.03038684
0.02430326
0.02310262
0.03293569
0.02241168
0.02201207
0.02415039
0.02273382
0.02226143
0.02286871
0.02376937
0.02614161
0.02172270
0.02836768
0.02449653
0.02875374
0.02648152
0.02134437
0.02653391
0.02516783
0.02307152
0.02306802
0.02489993
0.02497390
0.02140486
0.02630214
0.02164987
0.02258867
0.02375324
0.02307340
0.02527237
0.02199614
0.02430810
0.02613714
0.02240836
0.02540419
0.02347543
0.02679250
0.02494138
0.02438846
0.02559206
0.02205194
0.02819978
0.02179272
0.02296974
0.02414699
0.02381279
0.02181258
0.02451336
0.02721453
0.02348630
0.02323653
0.02315998
0.02241015
0.02242081
0.02070266
0.02310367
0.02462713
0.02282585
0.02483189
0.02259467
0.02563567
0.02883939
0.02210230
0.02753576
0.02398875
0.02514157
0.02485260
0.02535483
0.02245590
0.02499730
0.02311376
0.02436120
0.02532520
0.02208329
0.02264068
0.02289805
0.02355813
0.02409248
0.02267517
0.02779992
0.02355611
0.02610752
0.02705897
0.02254793
0.02668957
0.02350372
0.02114222
0.02137707
0.02442356
0.02434675
0.02235586
0.02196061
0.02381809
0.02354005
0.02389209
0.02574790
0.02352923
0.02477541
0.02442986
0.02388402
0.02192802
0.02365135
0.02929761
0.02477780
0.02678625
0.02249141
0.02740220
0.02331398
0.02491584
0.02446568
0.02220324
0.02432224
0.02257535
0.02482723
0.02555320
0.02229345
0.02230403
0.03231872
0.03338537
0.02610775
0.02448564
0.02309893
0.02427660
0.02511060
0.02186497
0.02515939
0.02833729
0.02297451
0.02398320
0.02407165
0.02284878
0.02576480
0.02312143
0.02154339
0.02482412
0.02153205
0.02551371
0.02242119
0.02404861
0.02406812
0.02450547
0.02325159
0.02838840
0.02119085
0.02846732
0.02461617
0.02417128
0.02472726
0.02629384
0.02317639
0.02399853
0.02296056
0.02252061