0.03973379
0.04257738
0.04630076
0.03742012
0.04631493
0.04175203
0.04359754
0.04710297
0.04333271
0.04092982
0.04270794
0.04038661
0.03908382
0.04622220
0.04316504
0.04869291
0.03878822
0.03922163
0.04321698
0.03890466
0.04021079
0.03982198
0.04089890
0.03873509
0.04400381
0.04170767
0.04891066
0.04625041
0.04045140
0.04177795
0.04271398
0.03906726
0.04326778
0.04107704
0.04651815
0.04663056
0.04337932
0.03962710
0.03848892
0.04152147
0.03669031
0.04168461
0.04197902
0.05427630
0.03910600
0.03881287
0.04274393
0.04308592
0.05567611
0.04222162
0.04419106
0.04424791
0.06034229
0.04203323
0.04070332
0.04944854
0.03839799
0.03943577
0.04401299
0.04017510
0.04543817
0.04459225
0.04062943
0.03959002
0.04131493
0.04642236
0.05598392
0.04360513
0.05255636
0.04756495
0.04106781
0.04069240
0.04377511
0.04379306
0.04105617
0.04718195
0.04092592
0.04218628
0.04011694
0.04300365
0.03796948
0.04227176
0.04602677
0.05046858
0.04744437
0.03864198
0.04114451
0.04642752
0.04626845
0.04096471
0.04140803
0.04683536
0.04055263
0.04601696
0.05103450
0.04912439
0.04184462
0.04125127
0.03943258
0.04524165
0.03913407
0.04283807
0.04168799
0.05441037
0.04007033
0.04465022
0.04227409
0.04209997
0.04413357
0.04909842
0.04623413
0.04852315
0.04520574
0.05070631
0.03976572
0.04026733
0.04386767
0.04454890
0.04168624
0.04896593
0.03960803
0.03857313
0.04147356
0.03937272
0.03852632
0.03993521
0.04077275
0.04435406
0.05547834
0.04136912
0.03969402
0.04568547
0.05167335
0.04040007
0.04630974
0.04247327
0.05822778
0.03853251
0.04265170
0.05418349
0.05238850
0.04033942
0.05283459
0.03887131
0.04109492
0.04683399
0.04233040
0.04104429
0.05943444
0.04317423
0.03968625
0.04794231
0.03945015
0.04168151
0.04206862
0.04015037
0.04053217
0.04021589
0.04052135
0.05907510
0.04424898
0.03855625
0.04463780
0.04094105
0.04877577
0.03944328
0.04010485
0.04452540
0.04672389
0.04083977
0.03902623
0.04298221
0.03953309
0.04189639
0.04007009
0.04973830
0.04398013
0.04404440
0.04424457
0.03756343
0.03905957
0.03906868
0.03914035
0.04438829
0.04202565
0.03820321
0.04678350
0.04401871
0.04497430
0.04670085
0.04290083
0.04269971
0.04191196
0.04154053
0.04195788
0.04270973
0.04519892
0.04543137
0.04795891
0.03986354
0.04344477
0.04240655
0.04165655
0.04444621
0.03736641
0.04235760
0.04240979
0.03860554
0.04711749
0.04267465
0.04139602
0.04181739
0.03971927
0.04341116
0.04825634
0.04205574
0.05319787
0.04197864
0.04323248
0.04198819
0.04253255
0.03841749
0.03985437
0.04285805
0.03952359
0.04584070
0.03816437
0.03909296
0.04387715
0.04340327
0.03939570
0.04262058
0.04135587
0.03886949
0.04272674
0.03923070
0.04141200
0.03958042
0.03930119
0.03958843
0.04212632
0.05952112
0.04603805
0.04430733
0.04075030
0.04345630
0.04373244
0.04359521
0.04390586
0.04529468
0.04357247
0.05099700
0.03760605
0.04216730
0.04319579
0.04325056
0.04479184
0.03949896
0.04250042
0.05311495
0.04826956
0.03866470
0.04284758
0.04871694
0.04339138
0.04778355
0.05173255
0.04341108
0.04124182
0.03907796
0.04021750
0.04528072
0.04473728
0.04475717
0.04012538
0.04290370
0.04070550
0.05386703
0.04013081
0.04392152
0.04487418
0.04348650
0.04272383
0.04054411
0.04415347
0.04567060
0.04860362
0.04870809
0.04108776
0.04152441
0.04018028
0.04288969
0.03910058
0.04483627
0.04559445
0.04394021
0.04586902
0.03914018
0.03839934
0.04825527
0.04491284
0.04045016
0.04213015
0.04526010
0.04777450
0.04903347
0.03835878
0.04015439
0.04674276
0.04480594
0.04258439
0.04170458
0.04238310
0.04879749
0.04973296
0.04283734
0.04402991
0.04510806
0.04168764
0.04464852
0.04010124
0.03952626
0.05850726
0.03991930
0.04169116
0.04208084
0.04030241
0.04368314
0.04022460
0.04350093
0.03927132
0.05567077
0.04245587
0.04057368
0.04413773
0.03923193
0.04772017
0.03737984
0.04904477
0.04115218
0.03554870
0.04012162
0.04815111
0.05010600
0.03785797
0.04010319
0.04559974
0.03972472
0.04796332
0.04260958
0.04039259
0.04962946
0.04358461
0.04191546
0.04181533
0.04940727
0.04209232
0.04661151
0.04333608
0.04467574
0.04340605
0.04429201
0.04230286
0.05216410
0.04081710
0.03725825
0.03916320
0.04046882
0.04870596
0.04540197
0.04554938
0.03947139
0.04099817
0.03938328
0.04338251
0.04056112
0.04111253
0.04208439
0.03975046
0.04248139
0.04200315
0.04469460
0.04324610
0.04041466
0.04404756
0.04258487
0.05111715
0.04106307
0.04281352
0.03838016
0.03889504
0.08039198
0.04444818
0.03830921
0.04109630
0.04018695
0.05349280
0.04003037
0.04150900
0.04394186
0.04338166
0.04272686
0.04153146
0.05167397
0.04206542
0.04883947
0.03840821
0.04186223
0.04472747
0.04254040
0.04340957
0.04887329
0.04269198
0.04841694
0.03612158
0.04401286
0.04166703
0.04572897
0.03824583
0.04570467
0.04523674
0.04218335
0.03914431
0.04615863
0.03950552
0.03916873
0.03938325
0.06184635
0.03983317
0.04366452
0.04344079
0.03664247
0.05122837
0.03815756
0.03935619
0.03742014
0.04254901
0.04316332
0.04269855
0.04850108
0.04285240
0.03760802
0.03981393
0.04453116
0.04153554
0.04040405
0.05004238
0.04414137
0.04496798
0.03835687
0.04919812
0.04133652
0.05145741
0.04504913
0.04193021
0.04096566
0.03708404
0.04376370
0.04011242
0.04444405
0.04352100
0.04156218
0.04742618
0.03861719
0.04546967
0.05196378
0.04028910
0.05800343
0.04714262
0.04418095
0.04312675
0.04009759
0.03584834
0.04224369
0.04578123
0.04362673
0.04231821
0.04608363
0.04078654
0.04095835
0.03938231
0.04036038
0.04356625
0.04187974
0.04806352
0.03748207
0.04241115
0.04518384
0.03978046
0.05784175
0.06345632
0.05025014
0.03836540
0.04258886
0.04181265
0.04969076
0.03894782
0.04288164
0.03756989
0.04389399