0.02598357
0.02812016
0.02579986
0.02485179
0.02476212
0.02684919
0.02667839
0.03037783
0.02906437
0.03191526
0.02798207
0.02929036
0.03162796
0.02586924
0.02876126
0.03148724
0.02289527
0.02665039
0.02769972
0.02437115
0.02787350
0.02720220
0.02908084
0.02745535
0.03070414
0.02566464
0.02438709
0.02654021
0.02704466
0.02871023
0.02492101
0.02840666
0.02970349
0.02654522
0.02828535
0.02938171
0.02551276
0.02831729
0.02988616
0.03045541
0.02590741
0.02805521
0.02981205
0.02271924
0.02803166
0.02704588
0.02830825
0.03020948
0.02561025
0.02521924
0.02664283
0.03310709
0.02922993
0.03054219
0.03340355
0.02684449
0.03011524
0.03510300
0.02587992
0.03252081
0.02600011
0.02596465
0.02613324
0.02662009
0.02693699
0.02680183
0.02874832
0.02967007
0.03043234
0.02476833
0.03531321
0.03064109
0.03151773
0.02716539
0.02348273
0.02803739
0.02894902
0.02800149
0.03235819
0.02736667
0.02837886
0.02876099
0.02512939
0.02885353
0.02629089
0.02580119
0.02806571
0.02883037
0.02837491
0.02827616
0.03065623
0.02399545
0.02591716
0.02338333
0.02699198
0.02893236
0.02821443
0.03115916
0.02961982
0.02986750
0.02707505
0.02461055
0.02728169
0.03061163
0.02930277
0.02714125
0.02927588
0.02590486
0.02943560
0.02356514
0.02876430
0.02700051
0.02876172
0.03060761
0.02859156
0.03156218
0.02595768
0.03161044
0.02795968
0.02466611
0.02845397
0.02705994
0.02772703
0.02959608
0.03092656
0.03143082
0.02757105
0.02401816
0.02719796
0.03392641
0.02815945
0.02842673
0.02935919
0.02381592
0.03165375
0.02697094
0.03080484
0.02568881
0.03382574
0.02432014
0.02790876
0.02326696
0.02996286
0.02757281
0.02788106
0.02905045
0.02804248
0.03080503
0.03076139
0.03017087
0.02740064
0.02625534
0.02587347
0.02504614
0.02471222
0.02402312
0.02908752
0.02703861
0.02823761
0.02494343
0.02831204
0.02609830
0.02767390
0.02603072
0.03059322
0.02377552
0.02490324
0.02684726
0.02809325
0.03117064
0.02599739
0.03056128
0.02766523
0.02508042
0.02846404
0.02812435
0.02801520
0.02636419
0.02599267
0.03225395
0.02994793
0.02994867
0.02819193
0.02733152
0.02900830
0.02181675
0.02993397
0.02963380
0.02863738
0.02521970
0.02895699
0.02631980
0.02513326
0.03073093
0.02949737
0.03031350
0.02742024
0.03088473
0.02596628
0.02921434
0.02633555
0.02584479
0.02553698
0.02619327
0.02887233
0.02736218
0.02631227
0.02701681
0.02973415
0.02629207
0.02334969
0.02715012
0.02816458
0.03084892
0.03335674
0.02878968
0.02503171
0.02748015
0.03450565
0.02554829
0.02499834
0.02760301
0.02406123
0.03223856
0.02498749
0.02784484
0.02965434
0.02664885
0.02519309
0.02861668
0.02273040
0.02404088
0.02406731
0.02687081
0.02627003
0.03276038
0.02701141
0.02920519
0.02759344
0.02777302
0.02959951
0.02856767
0.03182532
0.02719664
0.02419990
0.02961478
0.02608303
0.02396526
0.02568973
0.02976380
0.02873860
0.02666819
0.02640972
0.02900733
0.02771800
0.02427627
0.02883420
0.02990975
0.02841995
0.03398832
0.02999883
0.02844358
0.03141534
0.02543731
0.02757923
0.02654049
0.02460747
0.02526723
0.02994209
0.02975540
0.02747037
0.02576533
0.02678104
0.02640154
0.02887589
0.02647803
0.02863965
0.02869990
0.02545987
0.02663920
0.02694507
0.02776361
0.02775028
0.02588266
0.02517082
0.02765846
0.02645842
0.02606365
0.02874810
0.03211180
0.02658609
0.03246110
0.02784898
0.03098797
0.03016750
0.02698820
0.02526606
0.02970703
0.02822648
0.02766004
0.02841808
0.02749523
0.03189697
0.03114051
0.02611775
0.02637014
0.02270150
0.02704530
0.02884707
0.02508894
0.03189763
0.02451420
0.03324406
0.03193608
0.02486225
0.02757827
0.03122575
0.02538953
0.03187685
0.02700643
0.02570305
0.02870837
0.02999967
0.03032554
0.02386894
0.02960322
0.02847280
0.02457701
0.02625074
0.02520683
0.02772151
0.02874835
0.02666042
0.02854912
0.02544318
0.02267116
0.02642267
0.02933857
0.03041638
0.02827116
0.02578083
0.02558806
0.02388628
0.03068505
0.02816489
0.02709418
0.03612203
0.03337301
0.02674962
0.02813750
0.02225022
0.02973219
0.02752310
0.02589656
0.02851516
0.02630392
0.02637679
0.02854414
0.02230098
0.03077170
0.02664552
0.03045359
0.02467653
0.03036578
0.02705633
0.03177850
0.02716225
0.03142987
0.02357410
0.02376561
0.02399089
0.02320242
0.02840413
0.02801139
0.02829651
0.02645903
0.02847838
0.02816216
0.02732489
0.02732525
0.02985978
0.02658434
0.02944809
0.02751666
0.02836231
0.02756263
0.02818406
0.02734248
0.02457274
0.02746797
0.02661208
0.02901439
0.02753989
0.03104114
0.02805848
0.02659752
0.02784386
0.02762415
0.02045999
0.03271196
0.03358884
0.03096914
0.03106546
0.02455172
0.03033368
0.02752659
0.02867962
0.02902747
0.02587062
0.03218177
0.02961158
0.02503135
0.02518732
0.02503162
0.02872830
0.02796926
0.02732700
0.02412955
0.02652574
0.02645932
0.03084381
0.02776831
0.02368202
0.02541034
0.02734201
0.02780518
0.02703135
0.02293290
0.02340381
0.02765939
0.03204724
0.02998801
0.02887726
0.02964647
0.02719758
0.02329299
0.03135778
0.02313803
0.02716771
0.03339661
0.03021285
0.02817788
0.02482897
0.02276657
0.02765093
0.02479261
0.02585524
0.03147416
0.02530320
0.02941688
0.02864251
0.03164204
0.03107344
0.03021962
0.03395190
0.02931493
0.02979431
0.02593243
0.02594859
0.02540429
0.03095054
0.02636303
0.02557050
0.02468679
0.02605208
0.03072239
0.02845286
0.02871246
0.03020180
0.02665321
0.02397662
0.02954009
0.02318881
0.02666028
0.02396345
0.03294691
0.02761950
0.02797897
0.03276718
0.02861063
0.02936384
0.02776984
0.02533110
0.02538353
0.03164071
0.02771406
0.02747676
0.02819036
0.02902289
0.02531301
0.02749491
0.02489258
0.02636323
0.02916270
0.03370034
0.03545100
0.03065096
0.03234299
0.03266372
0.02922892