0.04480197
0.04177476
0.04010746
0.04339879
0.04422209
0.04895218
0.04780926
0.04616331
0.04193813
0.04307823
0.05147460
0.04474525
0.05300273
0.04878167
0.06461213
0.04085568
0.05367788
0.04309216
0.04704454
0.04770125
0.04748556
0.04134002
0.04561313
0.04466980
0.04519135
0.04714039
0.04726124
0.05449366
0.05362830
0.04337556
0.04527945
0.04769610
0.04369733
0.04294296
0.05296718
0.04815916
0.05620500
0.04462722
0.04457401
0.04629710
0.06046924
0.04065316
0.04581809
0.04441960
0.04200162
0.04006571
0.04393883
0.04926240
0.04475278
0.04125098
0.05344528
0.04252524
0.05825100
0.05699888
0.04906726
0.06349249
0.04358494
0.04012588
0.05734506
0.04632729
0.04383941
0.04341825
0.04557781
0.04846567
0.04573752
0.04070847
0.04210496
0.04213029
0.05289454
0.04551008
0.04433788
0.04432988
0.04405695
0.05181061
0.04523057
0.04675677
0.03981437
0.04318597
0.04735087
0.05086388
0.04385366
0.04878909
0.04177658
0.05647627
0.05426968
0.04369049
0.04495429
0.04950064
0.04301317
0.04001569
0.04503697
0.05023379
0.04223230
0.04959155
0.04582846
0.03986327
0.05335043
0.05724839
0.04081373
0.04195152
0.04285341
0.04353326
0.05627892
0.04686717
0.04444201
0.04654157
0.04130533
0.04399025
0.04528054
0.04502464
0.04710821
0.04112777
0.04502138
0.05130969
0.04882455
0.05516510
0.04590819
0.04341001
0.05945147
0.04128425
0.04225004
0.05144396
0.04195812
0.04290286
0.04412372
0.05288323
0.04852250
0.05228394
0.04633666
0.05135264
0.04387199
0.04707832
0.05240169
0.04477221
0.05444254
0.06379261
0.04738501
0.04258066
0.04336756
0.04273636
0.03998239
0.04071468
0.04267884
0.04933079
0.04058848
0.04397404
0.04292355
0.04619745
0.05159787
0.04375784
0.05277485
0.04722123
0.05093367
0.04253206
0.04437714
0.03942719
0.04307048
0.05333508
0.04525486
0.04306053
0.04362954
0.04518335
0.04732010
0.04135043
0.05757972
0.04314570
0.05084363
0.04433623
0.04762860
0.04493895
0.05273745
0.04036013
0.05338703
0.04229519
0.04174046
0.04744184
0.04008414
0.04441806
0.04569956
0.05123552
0.04749086
0.04841249
0.04993953
0.05085648
0.05126558
0.04131389
0.05079115
0.05027118
0.05863721
0.05222672
0.04502223
0.04360837
0.04620835
0.04639871
0.04366344
0.04248053
0.05220396
0.04702935
0.05124499
0.04688195
0.05120821
0.04276021
0.04805481
0.03970263
0.04755442
0.05316130
0.05334429
0.04036787
0.04678662
0.04831242
0.04163087
0.04393129
0.04600489
0.04614612
0.04319991
0.04158891
0.03958407
0.04262954
0.06328833
0.04954442
0.04065407
0.05507717
0.04183754
0.04270597
0.04250350
0.04508151
0.05487439
0.04536573
0.04202872
0.04719682
0.04051891
0.04794806
0.04931378
0.04175032
0.04285061
0.04098666
0.04012652
0.04167978
0.04277054
0.04569343
0.07756771
0.04419960
0.04301649
0.04877283
0.06446639
0.04272932
0.04307433
0.04716189
0.05685195
0.05079699
0.04954362
0.04377155
0.04097046
0.04262605
0.05548134
0.04207581
0.04825749
0.04386351
0.04529385
0.04975024
0.04358747
0.04842212
0.04812479
0.04865971
0.05240888
0.04349512
0.04275347
0.04840042
0.04218451
0.04683835
0.05330112
0.05946048
0.04026691
0.04512019
0.04891981
0.04631186
0.04484942
0.04844052
0.04317789
0.04313941
0.04549541
0.04487983
0.03860104
0.04664195
0.04951077
0.04099510
0.04722738
0.05254238
0.04398105
0.04302081
0.04963719
0.04510670
0.05131643
0.06281997
0.04097245
0.05785932
0.05127999
0.04787428
0.04426970
0.04199580
0.05340076
0.03974096
0.04770813
0.04763845
0.04741836
0.04128595
0.04575990
0.04810998
0.04559774
0.04387609
0.04663092
0.06040642
0.04447401
0.05318090
0.04263707
0.04474243
0.05314278
0.04333869
0.04689725
0.04947141
0.04460667
0.04328006
0.05363965
0.04154819
0.04605754
0.04017546
0.04822021
0.04118274
0.04186609
0.04349720
0.04284682
0.04264047
0.04760251
0.04264066
0.04333294
0.04554137
0.04595534
0.04114775
0.04594649
0.04394324
0.04631000
0.03873396
0.05115446
0.04591623
0.04378450
0.04831651
0.04432485
0.04642085
0.04918357
0.04947674
0.04157408
0.04758619
0.04880934
0.04197753
0.05804731
0.04521257
0.04352537
0.04887533
0.04780170
0.04662592
0.04621070
0.04475120
0.04628191
0.04637092
0.04028478
0.04463040
0.04928879
0.06049099
0.05084772
0.04677864
0.04245490
0.04632223
0.04662318
0.05037575
0.04195187
0.08354818
0.04637378
0.04316907
0.04388486
0.04428982
0.05022748
0.04626012
0.04674409
0.04804356
0.04380351
0.04905164
0.04521583
0.04228606
0.04734038
0.04685760
0.05590670
0.05759369
0.05028254
0.04609539
0.04313896
0.04453633
0.05463362
0.04953156
0.04409238
0.04522865
0.04345406
0.04518086
0.04737541
0.04865518
0.04707005
0.04403089
0.04135808
0.04371134
0.04959516
0.04656487
0.04556230
0.04721833
0.04642419
0.04244762
0.05658999
0.04770880
0.04252353
0.04190232
0.04655369
0.04272951
0.05512715
0.04727805
0.04488066
0.05233591
0.05692888
0.04980024
0.04276492
0.04180040
0.04273095
0.04352436
0.05061614
0.04454028
0.04357373
0.04428265
0.04692490
0.05098776
0.04060096
0.04539701
0.04619245
0.05542108
0.04216413
0.05034355
0.04406236
0.04153238
0.04147769
0.05744125
0.06717301
0.04402351
0.04564166
0.04038084
0.04184243
0.04717665
0.04651340
0.04437825
0.05195513
0.04590014
0.05368825
0.04419018
0.04401297
0.04143030
0.04359576
0.04475815
0.04716391
0.04476947
0.04285113
0.04951499
0.04769750
0.03755909
0.04816040
0.04407943
0.04710632
0.04184145
0.04694805
0.05331984
0.05126926
0.04547086
0.04987421
0.04761577
0.04906020
0.04088566
0.03963462
0.04239904
0.04117526
0.05233203
0.04890625
0.04204483
0.04222128
0.04709366
0.04689413
0.04264991
0.04553591
0.04578386
0.04805120
0.04797571
0.04950803
0.04459765
0.04982488
0.04243120
0.04295584
0.04877240