0.02151266
0.01989017
0.01974332
0.01803804
0.01997893
0.02175019
0.01759408
0.02012984
0.01813630
0.01933815
0.01990104
0.01842688
0.02221990
0.02226071
0.01864473
0.01804117
0.01948661
0.02264308
0.01836098
0.01705948
0.02546573
0.01806692
0.02245581
0.02128243
0.01988175
0.01945034
0.01789367
0.01913852
0.02187603
0.01928777
0.01833591
0.01857121
0.02047221
0.01948521
0.01898005
0.02169486
0.02103197
0.02293090
0.01790322
0.01875260
0.01999991
0.02203746
0.01952584
0.01899029
0.02137932
0.01760877
0.01875377
0.01854709
0.01827696
0.01907428
0.01927462
0.02120138
0.01918302
0.01909748
0.01929714
0.01887995
0.01720473
0.01993965
0.01996869
0.02269655
0.02025395
0.02241968
0.02295824
0.01797157
0.02012591
0.01891950
0.02168538
0.01768367
0.02109220
0.01841104
0.02147972
0.01957680
0.02059741
0.02126617
0.02004602
0.02018526
0.01991011
0.02183797
0.01890928
0.01816188
0.01771611
0.01991748
0.02211449
0.02009740
0.02241932
0.01950125
0.01993840
0.02009381
0.02020357
0.01753544
0.01969025
0.01947559
0.02159721
0.02234358
0.02020909
0.01974072
0.01903675
0.01921266
0.01973452
0.01791246
0.02021526
0.02161896
0.01645662
0.02082949
0.02208394
0.01953695
0.02020144
0.01908299
0.02132467
0.02187876
0.01989910
0.01670517
0.01834292
0.02291176
0.01874079
0.02203548
0.02176758
0.01912104
0.01736525
0.01837239
0.02135706
0.02079089
0.02082063
0.01775290
0.02206337
0.01687342
0.01767650
0.02049032
0.01952215
0.02082177
0.01830235
0.01912956
0.02227183
0.01920382
0.01798293
0.01745354
0.02086924
0.02227965
0.01861007
0.02081178
0.02075223
0.01981669
0.02109893
0.02164460
0.02458436
0.01854934
0.01905538
0.01955953
0.01991292
0.01916961
0.01987328
0.02090799
0.02164348
0.01885591
0.01952089
0.02254024
0.01634972
0.01942336
0.01815583
0.01889706
0.01968633
0.01610982
0.01992360
0.02135579
0.01736108
0.01976145
0.02097178
0.01904396
0.01974513
0.01982753
0.02567269
0.01742974
0.01774308
0.02093004
0.01961491
0.01894370
0.02058748
0.01933816
0.01905546
0.02033183
0.01892778
0.02004541
0.01950627
0.02026731
0.02256740
0.01858606
0.01889031
0.02091278
0.02130206
0.01777505
0.01929169
0.01886975
0.01911772
0.01991247
0.02158464
0.01769903
0.02042903
0.01711640
0.02052320
0.02074203
0.02233213
0.01768070
0.01924982
0.02113728
0.01866311
0.02234905
0.01831975
0.01993883
0.02081942
0.02031448
0.01838765
0.02054352
0.01888435
0.02243115
0.02040302
0.01969203
0.01806535
0.02125180
0.01919126
0.01792691
0.02060095
0.02126041
0.02133568
0.02015427
0.01819588
0.02175720
0.01961735
0.01973447
0.02416087
0.01798983
0.01853560
0.01970866
0.01763079
0.02109797
0.02295046
0.02049613
0.01873437
0.01842498
0.02318521
0.02208189
0.01806628
0.01771962
0.02121891
0.01914993
0.01861117
0.02016065
0.02394404
0.01674034
0.01903631
0.01782654
0.02183426
0.02266234
0.01891495
0.02065998
0.01961704
0.02264778
0.01719691
0.01702591
0.01989635
0.01757630
0.01950456
0.02139710
0.01992967
0.01768578
0.01833920
0.01977578
0.01952975
0.02074866
0.02097663
0.01992144
0.01982255
0.02363483
0.01708288
0.02019922
0.01881248
0.01827508
0.01895855
0.01844965
0.01899336
0.01921671
0.01842925
0.02231121
0.01986749
0.02085797
0.01867535
0.01831427
0.01796445
0.02072984
0.01878929
0.01681988
0.01977134
0.02343023
0.02245105
0.02230304
0.02038275
0.02084032
0.02153495
0.01906859
0.02194181
0.02141908
0.01977867
0.01926802
0.01724106
0.02016039
0.01918349
0.02133120
0.01923918
0.02051910
0.01991887
0.02232886
0.02070901
0.02099854
0.01911859
0.01952531
0.02155413
0.01830216
0.01765842
0.02145770
0.02153784
0.01956951
0.02127090
0.01849866
0.01999538
0.01838363
0.02008533
0.01673199
0.01967003
0.02197069
0.01848104
0.01759274
0.01824002
0.01826250
0.02062314
0.01780305
0.01824002
0.01981191
0.01980641
0.02384016
0.01948562
0.02100895
0.02202116
0.02134991
0.02206103
0.02022751
0.02165210
0.01887967
0.02221824
0.02178257
0.02061641
0.01946494
0.01957013
0.01840978
0.02238315
0.02013338
0.02001761
0.02160624
0.02270719
0.02176802
0.01874352
0.02454745
0.01947456
0.02035819
0.01971086
0.02143374
0.01946634
0.01935511
0.01801676
0.01961934
0.02050108
0.01888518
0.02222661
0.02068944
0.02045457
0.01877635
0.01881422
0.01794862
0.02050646
0.02108535
0.02088838
0.02352714
0.01892480
0.01808699
0.01967136
0.02053256
0.01994142
0.01999019
0.02239912
0.02235157
0.02216152
0.01805533
0.01948518
0.01983286
0.01700385
0.01781841
0.01838569
0.02252016
0.01908598
0.02157256
0.02119905
0.01898793
0.02083188
0.02094558
0.02002632
0.01644784
0.01698808
0.01805430
0.01850696
0.01994629
0.01864320
0.01774144
0.01832500
0.01935471
0.01740377
0.01807060
0.01994941
0.02135181
0.01869124
0.02070685
0.02187159
0.01980246
0.01753578
0.01930081
0.01899929
0.01969852
0.01845968
0.01857414
0.01919863
0.02245800
0.01993077
0.02055320
0.02187830
0.01796011
0.02058803
0.02080508
0.02118170
0.02036668
0.01954118
0.01883745
0.01880515
0.01986327
0.01800726
0.01663850
0.01805020
0.01943358
0.02053533
0.02495118
0.02334172
0.02018228
0.01774783
0.02135597
0.02252452
0.01832628
0.02008847
0.02231044
0.02007327
0.01910176
0.01802212
0.01960370
0.02103720
0.01975409
0.01725227
0.01917567
0.01883507
0.01857995
0.01744523
0.02155205
0.01947283
0.02306864
0.01921209
0.01839746
0.02018510
0.02156829
0.02328582
0.02026228
0.01877610
0.02044410
0.01915129
0.01913070
0.01854175
0.01800466
0.02013099
0.01831519
0.01824783
0.02122501
0.02111823
0.02010165
0.01965728
0.01962734
0.01971333
0.01894034
0.01789682
0.01844233
0.02124401
0.01887138
0.01963014
0.01846662
0.02285932
0.01855595
0.01969705
0.02048619