0.02114336
0.02153508
0.02414537
0.02050039
0.02048850
0.02032097
0.01947606
0.02168988
0.02072894
0.02195476
0.02593010
0.01976885
0.02178457
0.02191850
0.02107587
0.02132160
0.01995144
0.02540821
0.02074144
0.02943241
0.02489101
0.02404530
0.02250075
0.02549395
0.02036855
0.01971022
0.02261129
0.01940429
0.02250704
0.02302122
0.02363266
0.02078596
0.02208894
0.01940260
0.02046460
0.01923932
0.02125865
0.02221392
0.01980944
0.02154002
0.02492240
0.02283759
0.01975850
0.02112839
0.02071691
0.02012736
0.02177861
0.02197883
0.02007798
0.02134045
0.02524388
0.02460788
0.02087042
0.02143869
0.02166234
0.01872393
0.02247624
0.02101462
0.01961296
0.01980455
0.02023375
0.02158144
0.02142116
0.02212132
0.02086002
0.01942422
0.02093281
0.01888462
0.02169003
0.02428768
0.02340937
0.02087334
0.01941473
0.02218738
0.02072738
0.02122618
0.02280427
0.02017162
0.01777183
0.01927806
0.02080547
0.02553495
0.01995592
0.02295986
0.02110501
0.02264479
0.02212235
0.02053125
0.02158050
0.02138264
0.01910228
0.02106095
0.02661291
0.02050826
0.02131242
0.02147571
0.02140862
0.02207140
0.02252969
0.01875889
0.02418580
0.02517537
0.01958101
0.02481978
0.02143332
0.02731898
0.01975428
0.02153897
0.01931212
0.02522506
0.02237050
0.02059357
0.01850902
0.01957398
0.02126999
0.02172213
0.01935352
0.01925199
0.02296967
0.01996547
0.02316732
0.02245231
0.01794855
0.02387797
0.02201318
0.02267611
0.02323829
0.02124480
0.02058536
0.01958905
0.02031132
0.02238578
0.01919339
0.02044325
0.02347687
0.02681769
0.01878324
0.02243784
0.02371378
0.01955211
0.02327020
0.02385717
0.02169010
0.02301245
0.02590863
0.02430258
0.02571482
0.02288180
0.02343967
0.01951402
0.02147467
0.01963841
0.02009164
0.02008910
0.01995832
0.02187059
0.02481646
0.02273459
0.02113600
0.02128261
0.02173316
0.01958710
0.01945682
0.02233334
0.02446179
0.02157932
0.02498634
0.02139563
0.01970006
0.02150591
0.02429542
0.02136112
0.02102481
0.01901897
0.02101756
0.02159991
0.02125437
0.01972202
0.02351748
0.02100826
0.02254225
0.02020921
0.02006757
0.02225948
0.02306976
0.02093028
0.02246083
0.02183133
0.03102884
0.02467561
0.02200209
0.02073355
0.02063816
0.03030391
0.02042501
0.02476973
0.02223553
0.02129647
0.02247507
0.02403876
0.02274571
0.02195328
0.02014673
0.01951330
0.02410688
0.02031757
0.02201004
0.01996531
0.02078505
0.01932468
0.02145583
0.02019534
0.02191370
0.02212111
0.01912241
0.01925852
0.02527010
0.02164613
0.02220348
0.02181446
0.02539998
0.02274748
0.02238989
0.02041894
0.02270849
0.02019823
0.02101110
0.02265393
0.02190034
0.01967922
0.02331305
0.01782150
0.01824531
0.02440194
0.02126941
0.02070074
0.02587166
0.02134501
0.02671356
0.02095732
0.01984393
0.01857805
0.02129454
0.02189384
0.02172176
0.02197413
0.01927979
0.01954495
0.02154302
0.02291229
0.01857513
0.01941493
0.02225080
0.01951616
0.02667679
0.02440446
0.02427387
0.02139428
0.01955813
0.01818454
0.01726577
0.02175822
0.02406089
0.02206969
0.02045188
0.02104009
0.02167340
0.01906169
0.02436761
0.01978080
0.02106807
0.02092260
0.02334376
0.02309151
0.02382765
0.01823851
0.03066848
0.02076312
0.02050032
0.02248163
0.02518923
0.02550651
0.02282218
0.02190620
0.02165979
0.02056958
0.02231785
0.02229178
0.01800480
0.02729215
0.02451305
0.02110144
0.02001396
0.02007169
0.02237025
0.02383246
0.01865681
0.02881277
0.02187383
0.02086462
0.01928272
0.02157706
0.02235624
0.02330951
0.02018335
0.02294224
0.02044817
0.01950885
0.01975765
0.02147129
0.02114366
0.02262812
0.02525760
0.02082930
0.02246457
0.02404626
0.02161215
0.01988812
0.01879190
0.02546618
0.02187771
0.02263743
0.02373849
0.02163750
0.02124504
0.02213345
0.02179992
0.02244560
0.02322426
0.02213460
0.01957912
0.01928645
0.02129676
0.01963176
0.02212745
0.01977220
0.02324375
0.01771121
0.02106632
0.02351468
0.02068259
0.02054631
0.02355745
0.01921139
0.02461159
0.02268338
0.02679799
0.02501068
0.02338868
0.02180348
0.02132930
0.01865068
0.02288905
0.02081535
0.01977198
0.02121381
0.02197127
0.02372217
0.02428561
0.02106660
0.02048066
0.02051035
0.02430711
0.02113120
0.02261084
0.02340841
0.02256600
0.02280289
0.02121724
0.01778487
0.02070453
0.02419809
0.02164508
0.02078889
0.02170455
0.02666258
0.02065107
0.02297140
0.02319556
0.02060612
0.02363753
0.02147744
0.02248839
0.01890231
0.01880791
0.02241275
0.02215293
0.02543380
0.02174399
0.02093214
0.01972295
0.02060350
0.02558958
0.02131297
0.01931837
0.01923826
0.01905374
0.02197935
0.02325988
0.02062534
0.02017335
0.01959536
0.02278014
0.01927105
0.02113721
0.02235612
0.02080142
0.02093230
0.02177330
0.02282936
0.02192103
0.01942740
0.01784417
0.02180353
0.02800621
0.02728756
0.02172610
0.01972700
0.02069916
0.02355396
0.02471233
0.02179012
0.02027094
0.02085895
0.02075836
0.02154815
0.02244067
0.02253010
0.02276056
0.02139300
0.02439820
0.02489894
0.02042891
0.02161334
0.02083411
0.02021999
0.02155028
0.02206707
0.02298666
0.02455528
0.02529535
0.02182888
0.02117960
0.01832481
0.02158068
0.02498505
0.02166598
0.02499207
0.01996308
0.02069317
0.02306708
0.02157030
0.02058228
0.02140856
0.02155144
0.02354793
0.02352116
0.02109624
0.02418954
0.02138821
0.02070668
0.02439794
0.02317939
0.02156490
0.02179333
0.02323370
0.01991632
0.02135749
0.02048753
0.02217473
0.02190884
0.02457058
0.02635333
0.01968874
0.01790951
0.02039656
0.02034278
0.02479004
0.02044538
0.02278150
0.02242439
0.02180291
0.02107893
0.02297449
0.02083650
0.01855935
0.02040170
0.02073319
0.02057384
0.02237200
0.02336213
0.02303730
0.02104372
0.02176807
0.02166221
0.01849047
0.02159495
0.02045082
0.02123470
0.02113531