0.06371470
0.05932133
0.06061817
0.05676070
0.06154600
0.06195726
0.05971900
0.06308034
0.06602730
0.06337156
0.05878732
0.06188458
0.05550015
0.06026176
0.06128473
0.05790378
0.05970288
0.06663152
0.08702019
0.06079166
0.06160972
0.06025796
0.05989213
0.05963985
0.05865376
0.05936413
0.06513883
0.06033876
0.05984112
0.06169183
0.05831704
0.06864320
0.05744682
0.06105253
0.06470437
0.06228448
0.06183814
0.05991006
0.06883904
0.06210143
0.06360224
0.06949965
0.05853013
0.06236617
0.06033452
0.06371162
0.06525665
0.06052687
0.06071610
0.05858384
0.06729290
0.06300215
0.06079757
0.06754632
0.05892413
0.06024474
0.05917844
0.06661623
0.06069762
0.06272943
0.06132858
0.06192082
0.05751422
0.05668968
0.06612596
0.06025620
0.05832952
0.05910921
0.06212058
0.05809222
0.06171082
0.05899293
0.05747430
0.05934829
0.05655511
0.06189424
0.05603169
0.06034043
0.05706181
0.05933741
0.06307911
0.05992597
0.05906867
0.06354829
0.05802734
0.06316284
0.08943749
0.05834030
0.06516977
0.06257735
0.05849631
0.06856999
0.06447910
0.06291864
0.05700256
0.06085270
0.05851390
0.06407082
0.06519499
0.06052648
0.05825079
0.05782620
0.06078856
0.06473562
0.05987747
0.05952635
0.06053618
0.06257240
0.06295864
0.06495390
0.05751113
0.06407019
0.05813559
0.06456364
0.05617869
0.05855334
0.06230983
0.05783582
0.06019547
0.06134463
0.06794126
0.05800390
0.05960654
0.06105249
0.06584047
0.05721928
0.05810087
0.05788387
0.05947621
0.06084057
0.06934099
0.05820931
0.06048862
0.05958676
0.05980772
0.05643570
0.05756315
0.05628316
0.05589487
0.05889186
0.06142622
0.05765162
0.06330347
0.06298039
0.06134870
0.06060925
0.07200061
0.06080812
0.06005927
0.05866621
0.05866853
0.06405828
0.06353484
0.06064141
0.06247348
0.05596755
0.06627775
0.05819308
0.06119975
0.05713371
0.06074320
0.06347684
0.06216518
0.05815227
0.06474957
0.06624198
0.06471447
0.06653982
0.07099349
0.06046999
0.05910138
0.05619693
0.06040404
0.06497885
0.06069680
0.05708532
0.05778133
0.05589934
0.06153149
0.06250995
0.06086417
0.06245280
0.05649474
0.05954318
0.06077522
0.06075464
0.05788849
0.06780983
0.06503074
0.05896957
0.06045658
0.06103395
0.06330510
0.05775288
0.06163182
0.05877143
0.06083147
0.06212525
0.06302154
0.05810075
0.05853951
0.06666707
0.06563635
0.06055248
0.05968312
0.06163306
0.06252901
0.05746231
0.06062105
0.06559256
0.05742966
0.06555344
0.06029965
0.06385539
0.06085573
0.05861743
0.07461603
0.06949142
0.05849718
0.05960212
0.05988714
0.05874447
0.07144761
0.05731728
0.05699464
0.06595624
0.06176417
0.06159096
0.05884341
0.05805428
0.06185941
0.06202093
0.05371237
0.05984446
0.05954572
0.05991406
0.05638715
0.06543356
0.05598110
0.06591470
0.06200367
0.05925250
0.06659019
0.07423640
0.06287121
0.05898239
0.05602779
0.06307114
0.05896835
0.05886930
0.06680662
0.05841855
0.05909223
0.05969863
0.05978141
0.06023092
0.06023833
0.06882705
0.06226472
0.05605734
0.06645235
0.05830761
0.05777252
0.06224726
0.06315090
0.06506694
0.05668133
0.05835004
0.06498176
0.06358497
0.06116805
0.06225425
0.06084320
0.06298687
0.06370291
0.06300846
0.05998738
0.06228993
0.05761095
0.06177758
0.05808412
0.06306258
0.06441356
0.06131091
0.06986837
0.05708774
0.06079873
0.06200941
0.06318696
0.05666771
0.06403893
0.06328697
0.05745668
0.05988548
0.06821544
0.05855392
0.05814515
0.06290945
0.05921024
0.05924665
0.06448416
0.05807849
0.05594121
0.05685131
0.05886511
0.05883955
0.06024674
0.06321987
0.06060370
0.06441006
0.05686187
0.06771191
0.06126531
0.06110148
0.06585640
0.05802322
0.06026741
0.05945293
0.06603552
0.06125154
0.05752789
0.06356987
0.06185189
0.05762982
0.05914934
0.06298942
0.07701032
0.05703555
0.06150806
0.05671303
0.05591489
0.05953929
0.05993575
0.06348970
0.05838467
0.06001547
0.06051431
0.06209178
0.06043653
0.05941734
0.05980014
0.06219205
0.07065919
0.05694991
0.06030857
0.06638526
0.05908167
0.06341480
0.06093517
0.07083837
0.05719958
0.05983946
0.05715324
0.06102168
0.06253673
0.06353822
0.05923751
0.05825997
0.05951209
0.06578124
0.06040839
0.05846309
0.05875186
0.06729533
0.06383959
0.06112037
0.06471079
0.06085347
0.06428790
0.06493320
0.06342458
0.05704581
0.05959608
0.06630396
0.06141421
0.06208178
0.06065812
0.06010546
0.06224020
0.05710899
0.06700140
0.05621053
0.05947693
0.05930170
0.06214123
0.06232242
0.05618127
0.06173658
0.06516170
0.06238792
0.05861661
0.05695754
0.05762062
0.05734284
0.06858994
0.05774669
0.05851801
0.05891218
0.05556700
0.05916766
0.05850805
0.06229209
0.06088923
0.06397252
0.06412802
0.07264217
0.05701574
0.06664071
0.06140467
0.06520663
0.06553187
0.06080408
0.05525823
0.06402118
0.06160335
0.06413229
0.06267261
0.06124655
0.06055201
0.06114507
0.06129947
0.06072379
0.05796669
0.05841159
0.06407271
0.05594066
0.06134948
0.06278576
0.05992038
0.05697184
0.06096203
0.05915888
0.06030572
0.06343818
0.05932225
0.06301779
0.06380276
0.05508169
0.06270708
0.05967888
0.06448932
0.06193192
0.06145036
0.06529756
0.06484711
0.05800321
0.05783312
0.06418859
0.05824500
0.06133724
0.06026004
0.06754712
0.06230451
0.05980869
0.06271086
0.06306550
0.05884884
0.05866973
0.06030825
0.06321355
0.05913546
0.05858175
0.06032010
0.05868606
0.05712742
0.06016352
0.05713056
0.05976145
0.06111986
0.06170987
0.06053917
0.06543355
0.06794527
0.06077212
0.06262039
0.06187383
0.05670445
0.06717771
0.06005329
0.05857409
0.05451204
0.07027770
0.05697744
0.06416477
0.05900128
0.06003696
0.06418122
0.05530343
0.05958313
0.06383316
0.06288256
0.06280857
0.05953687
0.06123159
0.06691810
0.06699517
0.06197711
0.06093720
0.06616522
0.06977954