0.02327392
0.02563997
0.02562949
0.02526896
0.02554551
0.02628800
0.02507800
0.02771310
0.02541262
0.02708850
0.02910009
0.02771698
0.02659240
0.02430425
0.02285820
0.02318150
0.02627625
0.02578954
0.02777332
0.02330454
0.02919869
0.03034048
0.02416693
0.02449018
0.02513513
0.02564480
0.02438749
0.02928003
0.02481914
0.02308665
0.02582044
0.02779089
0.02426773
0.02598479
0.02344553
0.02439803
0.02479379
0.02687627
0.02222879
0.02372495
0.02415151
0.02695178
0.02520507
0.02525345
0.02801462
0.02595371
0.02605069
0.02688901
0.02750626
0.02391905
0.02495009
0.02426888
0.02587500
0.02866059
0.02348046
0.02490824
0.02443919
0.03134520
0.02787640
0.02553054
0.02449347
0.02573938
0.02410781
0.02381433
0.02799367
0.02470661
0.02485601
0.02717096
0.02436706
0.02594559
0.02547980
0.02635507
0.02461256
0.02606415
0.02543941
0.02759969
0.02780407
0.02527526
0.02699772
0.02593455
0.02341756
0.02637998
0.02758848
0.02510101
0.03033163
0.02727494
0.03036947
0.02922026
0.02437302
0.02518580
0.02808735
0.02388273
0.02385688
0.02539653
0.02452197
0.02526093
0.02455251
0.02650774
0.02686498
0.02615489
0.02381476
0.02486632
0.02688544
0.02478468
0.02602388
0.02638430
0.02764178
0.02370535
0.02764447
0.02315316
0.02310413
0.02381000
0.02481799
0.03209958
0.02602712
0.02475116
0.02545148
0.02442935
0.02686256
0.02735755
0.02744779
0.02694087
0.03014756
0.02567069
0.02195726
0.02399140
0.02540494
0.02610909
0.02629361
0.02889556
0.02551130
0.03113917
0.02494388
0.02466094
0.02707916
0.02643525
0.02435976
0.02613864
0.02917735
0.02393113
0.02330811
0.02599355
0.02595885
0.02468570
0.02381942
0.02578072
0.02512440
0.02432749
0.02563711
0.02917292
0.02550312
0.03287288
0.02993398
0.02619856
0.02502312
0.03112527
0.02360821
0.02261850
0.02590410
0.02445983
0.02661902
0.02473344
0.02265435
0.02468640
0.02512653
0.02577577
0.02525805
0.02504843
0.02590453
0.02494576
0.02359375
0.02554603
0.02840878
0.02564696
0.02338220
0.02391589
0.02846394
0.02640260
0.02638693
0.02484498
0.02648896
0.02901403
0.03038220
0.02339694
0.02738595
0.03038312
0.02414182
0.02890562
0.02767610
0.02834645
0.02404068
0.02538503
0.02354623
0.02593133
0.02857146
0.02559777
0.02439458
0.03263542
0.02519268
0.02470507
0.03187437
0.03105682
0.02823830
0.02243849
0.02329017
0.02284893
0.02436358
0.02404359
0.02500613
0.02587717
0.02554752
0.02310905
0.02630434
0.02414427
0.02111497
0.02321640
0.02795580
0.02420113
0.02560807
0.02255065
0.02670289
0.02495959
0.02662047
0.02585988
0.02460508
0.02724828
0.02879462
0.02662772
0.02559658
0.02491293
0.02449672
0.03462717
0.03009495
0.02331203
0.02589313
0.02730760
0.03364415
0.02421355
0.02481334
0.02583356
0.03082371
0.02870178
0.02278185
0.02638461
0.03076466
0.02390328
0.03075899
0.02289930
0.02306762
0.02660965
0.02424794
0.02667688
0.02638479
0.02419448
0.02314765
0.02878902
0.02205309
0.02406869
0.02625767
0.02855273
0.02809913
0.02321521
0.02334206
0.02575558
0.02528385
0.02860081
0.02545799
0.02411966
0.02758792
0.02866554
0.02781372
0.02791205
0.02451010
0.02575161
0.02388656
0.02654259
0.02826573
0.02510417
0.02684106
0.02604572
0.02745708
0.02454842
0.02333300
0.03066258
0.02288456
0.02356955
0.02288997
0.02663144
0.02397299
0.02463689
0.03247594
0.02527979
0.02754609
0.03162867
0.02673033
0.03157952
0.02283724
0.02911825
0.02454767
0.02945003
0.02577532
0.02559405
0.02481200
0.02423034
0.02760654
0.02510665
0.02582776
0.02675793
0.03052888
0.02605929
0.02321919
0.02721361
0.03196215
0.03029620
0.03267226
0.02849163
0.02383101
0.02511008
0.02493246
0.02403708
0.02511273
0.02199489
0.02405359
0.02578783
0.02432815
0.02431657
0.02990797
0.02416528
0.02554699
0.02349705
0.02324422
0.02480624
0.02687560
0.02786830
0.02436457
0.03007033
0.02439885
0.02656417
0.02248469
0.02647619
0.03078004
0.02359447
0.02850809
0.02603213
0.02732564
0.02627650
0.02425097
0.02706188
0.02701915
0.02841924
0.02479337
0.02473792
0.02869887
0.02664130
0.02653916
0.02250080
0.02406968
0.02179752
0.02506908
0.02668257
0.02301999
0.02806431
0.02563193
0.02534340
0.02655968
0.02489875
0.02331116
0.02336051
0.02532617
0.02625826
0.02545893
0.02792654
0.02692705
0.03172040
0.02888462
0.02383734
0.03135189
0.02954404
0.02259784
0.02456190
0.02477420
0.02444474
0.02403380
0.02925128
0.02580565
0.02618024
0.02401655
0.02445245
0.02252097
0.02404266
0.02552918
0.02404500
0.02467157
0.02525758
0.02777936
0.02758199
0.02468311
0.02541539
0.02790731
0.02432500
0.02267038
0.02791441
0.02405936
0.02962588
0.02599087
0.03027751
0.02457313
0.02507796
0.02355457
0.02319769
0.02471214
0.02527776
0.02453994
0.02727374
0.02428592
0.02345854
0.02550550
0.02852130
0.02493746
0.02669203
0.02374398
0.02278627
0.02902090
0.02800177
0.02463807
0.02463914
0.02435195
0.02741145
0.02908223
0.02376804
0.02854515
0.02485278
0.02768470
0.02851382
0.02218130
0.02500037
0.02701704
0.02306486
0.02592701
0.02818009
0.02499737
0.02402946
0.02362732
0.02601942
0.02952731
0.03132884
0.02660093
0.02427161
0.02820764
0.02292962
0.02804884
0.02302862
0.02543169
0.02499972
0.02229357
0.02570563
0.02694541
0.02378957
0.02635077
0.02551622
0.02877315
0.02732402
0.02639571
0.02658217
0.02470598
0.02642783
0.02261062
0.02380420
0.02773447
0.02492541
0.02602842
0.02855762
0.02858374
0.02551619
0.03096265
0.02508114
0.02670505
0.02533891
0.02655701
0.02766549
0.03005985
0.02465763
0.02289278
0.02547227
0.02352903
0.02467476
0.02650347
0.02899480
0.02388332
0.02662530
0.02424294
0.02725871
0.02596608
0.03771442
0.02665242
0.02549566
0.02631790
0.03074120
0.02596302
0.02551794