0.03514680
0.04220484
0.03874778
0.04342632
0.04090584
0.03978111
0.04376603
0.03758945
0.03890392
0.04252672
0.03890942
0.03693417
0.04107764
0.04002755
0.04075991
0.04189711
0.04226733
0.03998217
0.04257532
0.03945486
0.04020103
0.04281951
0.04127753
0.04425263
0.04103407
0.03754558
0.04168899
0.04500154
0.03865496
0.03922283
0.03989511
0.04168095
0.03880293
0.03539216
0.05558543
0.03747997
0.03939080
0.04416807
0.04402569
0.04067598
0.03895758
0.03694000
0.03914071
0.03716197
0.03703590
0.03888906
0.04098612
0.03951035
0.03972683
0.03865986
0.03804203
0.04204236
0.03913433
0.04660170
0.04149704
0.04591022
0.04239522
0.03881403
0.04014788
0.03681172
0.03782851
0.03881214
0.04010349
0.03888685
0.04011857
0.03756461
0.03773515
0.03915555
0.04196013
0.03844035
0.03823813
0.04097037
0.04301728
0.04037611
0.03522268
0.03407374
0.04253802
0.04028349
0.03924283
0.03947585
0.03931188
0.03683758
0.03633981
0.03753452
0.04383860
0.03999696
0.04087112
0.04340007
0.03962674
0.03701622
0.04307461
0.04027014
0.03858528
0.03880828
0.03683288
0.03759941
0.03957173
0.04172882
0.04622232
0.04263662
0.03995081
0.03483363
0.04178224
0.03874248
0.03986784
0.03582653
0.04007336
0.04286332
0.04064925
0.04020678
0.04027028
0.03589591
0.04416228
0.04063515
0.04229129
0.03748731
0.03985914
0.04354355
0.04431127
0.04331238
0.03968388
0.04088402
0.03931376
0.03655867
0.03871689
0.03852155
0.04044193
0.03567983
0.03906058
0.04880244
0.04185618
0.04219350
0.03751840
0.03900330
0.03820999
0.03586040
0.03764781
0.04600480
0.03797813
0.04021408
0.05059965
0.03995150
0.03615370
0.05151656
0.03727572
0.04183604
0.04448006
0.04296402
0.03576331
0.03728256
0.03741401
0.03953643
0.04288991
0.03935810
0.03844536
0.04053189
0.03581934
0.04066167
0.03913105
0.04285101
0.03894077
0.03679100
0.04324219
0.04440954
0.03694406
0.04156782
0.04405034
0.04097380
0.03869828
0.04094409
0.04343381
0.03907126
0.03958445
0.03668752
0.04199341
0.04554948
0.03730654
0.03972699
0.04570455
0.04101488
0.03981880
0.03573652
0.04356519
0.04478558
0.03828486
0.04046993
0.03534947
0.03674538
0.04373610
0.03602257
0.04110819
0.03726064
0.03949952
0.05622885
0.03602081
0.03801983
0.03682202
0.03647441
0.03986994
0.04736722
0.04520414
0.03707491
0.04091494
0.04376284
0.03728861
0.05297724
0.04241737
0.03799950
0.03738801
0.05454256
0.05072551
0.03649484
0.04031511
0.04452523
0.04131712
0.03770621
0.03972908
0.04236083
0.03706697
0.03878600
0.03825411
0.03867267
0.03783812
0.03776784
0.04063040
0.04823228
0.04358106
0.03695548
0.04062978
0.03954640
0.04166328
0.04061546
0.03723646
0.04165643
0.03725037
0.03645866
0.03922036
0.04572547
0.04096792
0.04762532
0.04111014
0.04101700
0.04043262
0.03994684
0.04272669
0.03914253
0.03907104
0.04170207
0.03849806
0.04405749
0.03763371
0.03933655
0.03713280
0.04267448
0.03827542
0.03809298
0.04383559
0.03563218
0.03944479
0.03882825
0.03817632
0.04335336
0.04042629
0.03676249
0.04619048
0.03650366
0.03593704
0.05648276
0.04063229
0.03841472
0.03666121
0.03821334
0.03934600
0.04342387
0.03768063
0.05205264
0.03831328
0.05257606
0.03629929
0.04047601
0.04017274
0.03971829
0.04051858
0.03606352
0.04157585
0.04281043
0.03639078
0.05236915
0.03821089
0.03961003
0.03928471
0.04126631
0.03876125
0.03841437
0.03884014
0.03943388
0.03914935
0.03903178
0.04401486
0.03676540
0.03658503
0.04080598
0.04021106
0.03658238
0.04103210
0.04453222
0.03765687
0.05321505
0.03943274
0.03907784
0.03669984
0.04336885
0.04038995
0.03896130
0.04055700
0.04272428
0.04230155
0.04029046
0.03694046
0.03801430
0.04184808
0.04484199
0.03988506
0.04536694
0.03820195
0.03937570
0.03940522
0.04600442
0.04358880
0.03899315
0.03790702
0.03687603
0.03640369
0.04001431
0.04103793
0.04529030
0.03759939
0.04051534
0.03851638
0.03660555
0.03510975
0.04241513
0.04086270
0.04405194
0.04392559
0.04272214
0.03809370
0.04148218
0.03922883
0.03437606
0.05632892
0.03494651
0.04005891
0.03832735
0.03809594
0.03886883
0.03877748
0.04195355
0.03532558
0.03905344
0.03676831
0.03995104
0.03778572
0.04028354
0.03754013
0.04147288
0.04336596
0.04683719
0.03841979
0.04089757
0.04151158
0.03852043
0.03676858
0.03687589
0.04086639
0.04283153
0.03946122
0.04856626
0.03630306
0.04017378
0.04446338
0.04428483
0.03953260
0.03772533
0.04310767
0.03760714
0.04017970
0.04207026
0.04033306
0.04315343
0.03430128
0.04022427
0.03917743
0.04027559
0.03999623
0.03857677
0.03609866
0.04380751
0.03993763
0.03869674
0.04090545
0.03508569
0.03755070
0.03804796
0.03809294
0.04610192
0.03956386
0.03873514
0.03776391
0.04492740
0.03870129
0.04298106
0.04315021
0.03898178
0.04089117
0.04679685
0.03836528
0.04335397
0.03972797
0.03820366
0.04502143
0.03755394
0.03719818
0.03952544
0.03801896
0.04665093
0.03902100
0.04088335
0.04098840
0.03842335
0.04331341
0.04814846
0.03774942
0.03886703
0.03891991
0.04038061
0.04039249
0.03925569
0.03746584
0.03616651
0.04302507
0.04225932
0.03966076
0.03767023
0.05049343
0.04047542
0.03776762
0.04751253
0.03882494
0.03778016
0.04099580
0.04047164
0.03762587
0.03588446
0.04707442
0.03587330
0.04112940
0.04109929
0.04078923
0.04269230
0.04003928
0.03871190
0.04448307
0.05155874
0.03475082
0.03729461
0.03595401
0.04192745
0.03623591
0.03896958
0.03797284
0.03559029
0.03953709
0.03709597
0.03758935
0.03792465
0.05809338
0.04042581
0.04012484
0.03879764
0.04686115
0.03628564
0.04050661
0.03818377
0.03816091
0.04057237
0.03911661
0.03476403
0.03958543
0.04027340
0.03987288
0.03991100
0.04176114
0.03771139
0.03886555
0.04012097
0.04227705
0.04215381
0.03678833
0.03866678