0.02587770
0.03220085
0.02870236
0.03147974
0.02600935
0.03146141
0.03072136
0.02978023
0.03563684
0.02786439
0.02933251
0.03361443
0.02850049
0.02725005
0.02440448
0.02722853
0.02879394
0.02990802
0.03317473
0.03737804
0.03180293
0.02666344
0.03043708
0.03039927
0.03329857
0.02832002
0.03022672
0.03708074
0.03728474
0.03127335
0.02617199
0.02715472
0.03858097
0.02549556
0.02651358
0.02952067
0.03228304
0.03137561
0.02954619
0.03540198
0.02599167
0.02803743
0.03425274
0.02753895
0.02634520
0.03339407
0.03128151
0.02923259
0.03751580
0.02702549
0.02994406
0.02721846
0.03649328
0.02800124
0.02963463
0.02492833
0.02991228
0.02895068
0.03040581
0.02868949
0.02333448
0.02973302
0.02840881
0.02456619
0.02669224
0.02994400
0.03065631
0.02509768
0.03186873
0.02615361
0.03735057
0.03066000
0.02789053
0.02909363
0.02619668
0.02711332
0.02959965
0.03089302
0.02702222
0.02529070
0.03028247
0.03208730
0.02670435
0.03437208
0.03137847
0.02708974
0.02730567
0.03051056
0.03310176
0.02831058
0.02783876
0.03178960
0.02885461
0.02827315
0.03052041
0.02672566
0.03071620
0.02633485
0.03239039
0.03303514
0.03125663
0.03129359
0.02816442
0.02950477
0.02845912
0.02820914
0.03317111
0.02685678
0.02958205
0.02527286
0.02868313
0.03627046
0.03486419
0.03068801
0.02861014
0.02971606
0.02696377
0.02792314
0.02943938
0.02602260
0.02992863
0.03027120
0.03060991
0.02692880
0.02882826
0.02644492
0.02852933
0.02684272
0.03075854
0.02753624
0.02761778
0.03329940
0.02768963
0.03251381
0.02929480
0.02659481
0.02893906
0.02739249
0.03653386
0.03056118
0.03470407
0.02832855
0.03432400
0.02691061
0.02939311
0.02897874
0.03096856
0.02942395
0.02931127
0.03231909
0.03060573
0.02699479
0.03112147
0.02814640
0.03457582
0.02936809
0.02680708
0.03171598
0.02740054
0.02837668
0.03046115
0.03244218
0.02763097
0.03036355
0.02614078
0.03965696
0.02924428
0.02849401
0.02714253
0.02865629
0.02772773
0.02581544
0.03071817
0.02941163
0.02791050
0.02743312
0.02668867
0.03019519
0.02743578
0.02655337
0.02846337
0.02960981
0.03147689
0.03143865
0.03798128
0.03154731
0.03309063
0.02849600
0.02564723
0.02694570
0.03521783
0.04208992
0.02711042
0.02756498
0.02737119
0.02729243
0.03020768
0.02743467
0.02973528
0.02700574
0.02918319
0.02650156
0.03215270
0.02596052
0.03154810
0.02781529
0.02544142
0.02727675
0.03149383
0.02735047
0.02705090
0.02973739
0.03797288
0.02814297
0.03028992
0.02691741
0.03513406
0.03172530
0.02917915
0.02713161
0.03035838
0.02829746
0.03823942
0.03752411
0.03771986
0.02818231
0.03001601
0.03374070
0.02952622
0.02825877
0.02895751
0.02663008
0.02541585
0.02961176
0.02747445
0.03520218
0.02885326
0.03685886
0.02889975
0.02937262
0.03025675
0.03519550
0.03473085
0.03692279
0.02839068
0.03127580
0.02936604
0.02529865
0.02785801
0.02968095
0.03193375
0.03394622
0.02865582
0.03660380
0.02867144
0.02692366
0.03203616
0.02602069
0.02904083
0.02950172
0.03237942
0.02595409
0.02868815
0.03066240
0.02770549
0.02655822
0.02845902
0.02834073
0.03358409
0.03317856
0.03341734
0.02976052
0.03046982
0.03217979
0.03130149
0.02650786
0.02888087
0.02735958
0.02805965
0.03344441
0.03157968
0.02897702
0.03176956
0.02519208
0.02648434
0.03295354
0.02570506
0.03013812
0.03168449
0.02650722
0.03510000
0.02941033
0.02853181
0.03185774
0.02929031
0.02866728
0.02595220
0.03433078
0.03001467
0.03769658
0.02741129
0.02714146
0.02777461
0.02747525
0.03001592
0.02937986
0.02833200
0.02828890
0.03768115
0.02763354
0.02780422
0.03626754
0.03357676
0.03946087
0.02592641
0.02980117
0.03183711
0.03332408
0.02729528
0.02604803
0.03303401
0.02750394
0.02780401
0.03136294
0.03147557
0.02671280
0.02823537
0.02827079
0.02983550
0.03383915
0.02988931
0.02698334
0.03133566
0.02974548
0.03154867
0.03240204
0.02798418
0.02770722
0.03040706
0.02870799
0.02991104
0.03049449
0.03567970
0.03243740
0.03176267
0.02825222
0.03154985
0.02788732
0.02799891
0.02957768
0.03095426
0.02776054
0.04196176
0.03112599
0.03179402
0.02600925
0.02661678
0.03108827
0.03731222
0.02837948
0.02576632
0.02538830
0.02656175
0.02902448
0.03050303
0.03526568
0.03444967
0.02788453
0.02977987
0.03896861
0.03097372
0.03036621
0.02927557
0.03562671
0.02824036
0.02823707
0.02780834
0.02553943
0.02843079
0.03046242
0.02774202
0.02625999
0.02768247
0.03119164
0.02878014
0.02756669
0.02789888
0.02903761
0.03576206
0.02750895
0.02950663
0.02643690
0.03074639
0.02834152
0.02816490
0.03059950
0.03374003
0.03511125
0.03054286
0.03549001
0.03518531
0.03176749
0.03493828
0.03233307
0.03151950
0.02502898
0.02817231
0.02572874
0.02870728
0.03081181
0.03878645
0.03656362
0.03203855
0.02685644
0.02861850
0.03083915
0.02842559
0.02732563
0.03021334
0.02782017
0.02924135
0.02792406
0.03668906
0.02840859
0.03089129
0.02969849
0.02682094
0.02918300
0.02981762
0.03275812
0.02866116
0.02792447
0.03667195
0.02765603
0.02743024
0.04530448
0.02862195
0.03142720
0.02709617
0.02940557
0.03228864
0.03080218
0.03244928
0.03526434
0.02897769
0.02685298
0.02952058
0.03166328
0.03369464
0.02636961
0.02810427
0.02980357
0.02759797
0.02991352
0.02602564
0.03467384
0.03299327
0.03054073
0.02616260
0.02677538
0.02540691
0.03357987
0.02971042
0.03003716
0.03252260
0.03246466
0.03122346
0.03113845
0.02533449
0.02934472
0.02761994
0.02818907
0.03119959
0.02729346
0.03857906
0.02931437
0.03105565
0.02965431
0.03214753
0.03073719
0.02738827
0.03384979
0.02826381
0.02772706
0.02584828
0.03586475
0.02721572
0.02835131
0.02954472
0.02770630
0.02665294
0.03172866
0.03522314
0.02623448
0.02899415
0.02978785
0.02464803
0.02679385
0.02716917
0.02919889