0.02963897
0.02268748
0.02931434
0.02807533
0.02641318
0.03120872
0.02708258
0.02504229
0.02796282
0.03344214
0.02537304
0.02719630
0.02840013
0.02421187
0.02644192
0.02720101
0.02821563
0.02548016
0.02633155
0.02501859
0.02546094
0.02709217
0.02451193
0.02861784
0.02611841
0.02978220
0.02944243
0.02607003
0.02628358
0.02773198
0.02747120
0.02871140
0.02608037
0.02647015
0.02668500
0.02523838
0.02526347
0.02625666
0.02565158
0.02493495
0.02587767
0.02946947
0.02877836
0.02637988
0.02634064
0.02734807
0.02858892
0.02553717
0.03025017
0.02918350
0.02669448
0.03247126
0.02788328
0.02521064
0.02692815
0.02931131
0.02737904
0.02933815
0.02654545
0.02850996
0.02488160
0.03394108
0.04131242
0.02957815
0.02555008
0.03238266
0.02803648
0.02844302
0.02565742
0.03091732
0.02676505
0.02952950
0.03105342
0.02524577
0.02824104
0.02490090
0.02591058
0.03297960
0.02888942
0.02490282
0.02864532
0.02836147
0.02895392
0.03073605
0.02716140
0.02641892
0.02890014
0.02553595
0.02747094
0.02503558
0.02430701
0.02930397
0.02769187
0.02764560
0.02513281
0.02730724
0.02781170
0.02768721
0.02783333
0.02610116
0.03025328
0.02567366
0.02660451
0.02501762
0.02870919
0.02565586
0.02706280
0.04314746
0.02784088
0.03198986
0.02785619
0.02881352
0.02548207
0.02859049
0.02562564
0.02911858
0.02765064
0.03009216
0.03159069
0.02994662
0.02987522
0.02687478
0.02553426
0.03028896
0.02626000
0.02607443
0.02621744
0.02448422
0.03006255
0.04017061
0.02577129
0.02563682
0.03025188
0.02865558
0.02426575
0.02497906
0.02556427
0.03184197
0.02914035
0.02703193
0.02823230
0.02664647
0.02750911
0.03090672
0.02750420
0.02671844
0.02682118
0.03021356
0.03435054
0.03068235
0.02715025
0.02453347
0.03090264
0.02846910
0.02747615
0.02675410
0.02524552
0.02626349
0.02864894
0.02830287
0.02848684
0.02602546
0.02622237
0.02729890
0.02935156
0.03620789
0.02620657
0.02693247
0.02966093
0.02841452
0.03075909
0.03014660
0.02536941
0.02712111
0.02980004
0.02932598
0.02785107
0.02844007
0.03498972
0.02723151
0.02856044
0.02795219
0.03167268
0.03182440
0.02461515
0.02852372
0.03067352
0.02764050
0.03438000
0.03130481
0.03023085
0.02504084
0.02523450
0.02659871
0.02853932
0.02683708
0.04414535
0.02878471
0.03170326
0.03675669
0.02385953
0.02686718
0.02716007
0.03127215
0.02641109
0.02857498
0.02979073
0.02479815
0.02574589
0.02663344
0.02394396
0.02661263
0.02375792
0.02542815
0.02659705
0.02617772
0.02358416
0.03006421
0.02336717
0.02727146
0.02991240
0.02758916
0.02545476
0.02632997
0.02683587
0.02866149
0.02777021
0.02608391
0.02754706
0.02757724
0.02704218
0.02941825
0.04004667
0.02740997
0.03333055
0.02469098
0.02825623
0.03016750
0.03067359
0.02725294
0.02833996
0.02614328
0.02652899
0.02949590
0.03179137
0.02632412
0.02838863
0.02648279
0.02526074
0.02473504
0.02624382
0.02772937
0.02486466
0.02717032
0.02720009
0.02960902
0.02832435
0.02823550
0.02808161
0.02589600
0.02500269
0.02463848
0.02628760
0.02632330
0.02857855
0.02638939
0.02798023
0.03315452
0.03103815
0.03299591
0.02625465
0.02711303
0.02761349
0.02843690
0.03249360
0.02632807
0.02706081
0.02931778
0.02573642
0.03078522
0.03113272
0.02919199
0.03018648
0.03329516
0.02635443
0.02680262
0.02716682
0.03139673
0.02948174
0.02684518
0.02502634
0.02572714
0.02730067
0.02623881
0.02642737
0.02554839
0.02796468
0.02889760
0.02728268
0.02745699
0.02706508
0.03107298
0.02634150
0.02790150
0.02792267
0.02738669
0.03317918
0.03189466
0.02704326
0.02264143
0.02658303
0.02916363
0.02707463
0.02652928
0.02681699
0.02775170
0.02368572
0.02827346
0.02927273
0.02328671
0.02966485
0.02849986
0.02911439
0.02632939
0.02841047
0.02701845
0.03465729
0.02352183
0.02892358
0.02555480
0.02669868
0.02954267
0.02635880
0.03050463
0.02565755
0.03085004
0.02795416
0.02681488
0.02480816
0.02702844
0.02498387
0.02627491
0.02771109
0.02657443
0.03118390
0.02631545
0.03188438
0.02450514
0.02897477
0.03439478
0.02682637
0.02664181
0.03299631
0.03042339
0.02726029
0.02990507
0.02461393
0.03143630
0.04211528
0.02470195
0.02835601
0.02489178
0.02620780
0.02704073
0.02866059
0.03104989
0.02357990
0.02924131
0.02717796
0.03096126
0.02609617
0.02628173
0.02797873
0.03841923
0.02637208
0.02662705
0.02702714
0.02402835
0.02495820
0.02456389
0.02475982
0.02450656
0.02608384
0.02753217
0.02661031
0.02921904
0.02945752
0.02748188
0.02552931
0.03505583
0.02751336
0.02484800
0.02727301
0.02523669
0.02511719
0.03634244
0.03295117
0.02953108
0.02943980
0.02734964
0.02651832
0.02528669
0.02718976
0.02930601
0.03185124
0.02637380
0.02534401
0.02875797
0.02617588
0.02470071
0.02580782
0.02728187
0.03135618
0.02566690
0.02300975
0.03005238
0.02782180
0.02593631
0.02469099
0.02866215
0.02647134
0.02824847
0.03003546
0.02450983
0.02710497
0.03454671
0.03145891
0.02898949
0.02495999
0.02695985
0.03862554
0.02836327
0.03034633
0.02721791
0.02426386
0.02513644
0.03228429
0.02836230
0.02965924
0.02805063
0.02460934
0.03106148
0.03326255
0.02802254
0.02583703
0.03047751
0.02682967
0.03178123
0.02862855
0.02697844
0.02719698
0.02644719
0.02989014
0.02897454
0.03581785
0.02821921
0.02838902
0.03294481
0.02927180
0.02681490
0.02713637
0.02464012
0.03018001
0.03006274
0.03184511
0.02307332
0.02377542
0.02687800
0.02433514
0.03039263
0.02836347
0.03645273
0.02636096
0.02648031
0.02761652
0.02844703
0.02641741
0.02691940
0.02501715
0.02698117
0.02998786
0.02749755
0.02724377
0.02657444
0.02775699
0.02919773
0.02835031
0.02647191
0.02802227
0.02690989
0.02885218
0.02905964
0.03278851
0.02660439
0.02714235
0.02717273
0.02588124
0.03010197
0.02613655
0.03061987