0.08203717
0.08827677
0.07892757
0.07535369
0.09551722
0.08318751
0.08751609
0.10911802
0.07749080
0.10443487
0.07783952
0.09376432
0.07472989
0.07054886
0.07094270
0.09078576
0.07806130
0.08978331
0.07212710
0.07371467
0.08963172
0.06954190
0.07246277
0.07651678
0.07443676
0.07633088
0.07349057
0.07608730
0.07512086
0.08641919
0.07885667
0.07172276
0.08244946
0.07579645
0.07264094
0.08146389
0.07593657
0.08531300
0.07720022
0.06994613
0.07129397
0.11387095
0.07548085
0.08023228
0.08185782
0.07456297
0.07258474
0.06811127
0.07841737
0.09452601
0.07888959
0.08792764
0.08471633
0.07954317
0.06901625
0.07926491
0.06685021
0.07898557
0.09466739
0.07348760
0.09450457
0.07497747
0.07123231
0.08441906
0.08650106
0.06920947
0.08920415
0.07093685
0.08648143
0.08583183
0.07644157
0.08569051
0.08077875
0.07804226
0.06463878
0.07128697
0.10952461
0.07845444
0.07556109
0.08305147
0.09218728
0.10017534
0.08508768
0.07618988
0.08320464
0.07362456
0.09355533
0.07601152
0.08761404
0.07615052
0.06978676
0.08410347
0.07584318
0.08130974
0.07520945
0.07744590
0.07814386
0.08046256
0.08132841
0.07638209
0.08082161
0.07431890
0.07092399
0.08457858
0.08146667
0.07447282
0.07531249
0.06778201
0.07501729
0.09337584
0.07086353
0.08488078
0.08023737
0.07160370
0.08464888
0.07168412
0.08330364
0.09083860
0.07044684
0.08118588
0.07274566
0.07468119
0.07129768
0.07701901
0.07933731
0.07874417
0.10280774
0.07234759
0.09121965
0.07671839
0.08363491
0.11071785
0.07125488
0.08441303
0.08181939
0.07195212
0.09123789
0.07424595
0.07751701
0.07721257
0.09402837
0.09749861
0.07265190
0.09736842
0.08094501
0.07695244
0.06991184
0.07910864
0.07694543
0.08775511
0.07725277
0.07642527
0.08331632
0.08090725
0.07067001
0.09597221
0.07552718
0.07173621
0.09356523
0.07251534
0.07642639
0.06874511
0.08477631
0.07637277
0.09510390
0.07718565
0.08296468
0.07783750
0.08545485
0.07859334
0.06628263
0.08235967
0.06846013
0.07752279
0.07673605
0.07210481
0.07554353
0.06678608
0.08019795
0.07547780
0.08437404
0.07801592
0.08698613
0.07249007
0.08235137
0.08669574
0.07037544
0.07037691
0.08348625
0.10054577
0.07004668
0.07672982
0.08632044
0.08564947
0.08942871
0.08869932
0.07192342
0.08288652
0.09670073
0.08210763
0.06578413
0.08730074
0.09517825
0.07081667
0.07336941
0.07421378
0.08232353
0.08127712
0.10128954
0.07388563
0.08113010
0.08903188
0.08176122
0.08140315
0.07690715
0.07717793
0.07653915
0.07575779
0.08684656
0.08480212
0.08995609
0.07206422
0.07796773
0.07709037
0.08244588
0.09292925
0.09671571
0.07107775
0.07778270
0.07302699
0.07365517
0.07217295
0.08279030
0.07269186
0.07500619
0.17813129
0.07118339
0.07227068
0.08540312
0.07337788
0.06901063
0.07632356
0.09314825
0.07253382
0.07393449
0.07617059
0.07524607
0.09391810
0.07334650
0.09307710
0.08366800
0.08858664
0.07316757
0.07201134
0.08890279
0.07698161
0.07320392
0.07092820
0.08441936
0.07162968
0.07954418
0.07157894
0.07895672
0.07057572
0.07776175
0.07771859
0.07758502
0.07609739
0.07766004
0.07183204
0.20158571
0.08675782
0.09481371
0.08325942
0.09949436
0.09738811
0.10225917
0.07971992
0.09828455
0.07595641
0.07163714
0.07287252
0.08145217
0.06529694
0.08264762
0.07062012
0.08272911
0.06994635
0.07787063
0.08002743
0.07489869
0.06815341
0.06613402
0.08811700
0.08287307
0.07093144
0.07038629
0.07715960
0.06990687
0.07466278
0.07334550
0.07527522
0.07313003
0.09380484
0.07387357
0.06723462
0.07679166
0.07185646
0.07562055
0.07478258
0.07636648
0.08532457
0.08817862
0.08002909
0.10178380
0.06843737
0.08687814
0.07667508
0.07673614
0.07171896
0.08159437
0.07311733
0.06946887
0.07185700
0.07878019
0.08956980
0.07843808
0.09164327
0.07559184
0.11340038
0.08501651
0.08157228
0.10558333
0.08104214
0.07005545
0.09788014
0.07758197
0.07597856
0.06828309
0.07500025
0.08391539
0.08409400
0.08062677
0.08806460
0.08695989
0.09412590
0.07341140
0.07955442
0.07564931
0.08964360
0.07874382
0.07660350
0.09006226
0.08452204
0.08024498
0.10185346
0.08541516
0.07710086
0.06800345
0.07992154
0.08179370
0.08180454
0.07148847
0.08074072
0.08190197
0.09502725
0.07377219
0.07771517
0.07419183
0.08348145
0.08799347
0.07086703
0.07778651
0.08913771
0.07557389
0.07878373
0.06981213
0.06978473
0.07305850
0.07409686
0.07638112
0.08405937
0.10695392
0.07518650
0.08131415
0.07714138
0.14950288
0.07212819
0.07455369
0.07905942
0.14188703
0.08463158
0.08014606
0.08315665
0.08367470
0.08526200
0.07909683
0.07160252
0.08736596
0.09070178
0.07937484
0.08007895
0.07287616
0.07774236
0.07889204
0.08277252
0.09612970
0.10405824
0.07738617
0.07113561
0.07672529
0.08712815
0.07282902
0.07808157
0.07127306
0.06823908
0.07333421
0.07858860
0.07584130
0.08541756
0.10137276
0.08730834
0.09518262
0.07243350
0.08240594
0.09097722
0.07729097
0.09222102
0.06975727
0.08974171
0.07265527
0.07405181
0.07074949
0.09382328
0.06963600
0.07894445
0.08099071
0.07561946
0.07503208
0.06771711
0.07552778
0.08106928
0.07970596
0.07811086
0.08581120
0.06690270
0.07201004
0.08991890
0.07894660
0.06805271
0.07337264
0.07259455
0.07178730
0.07283898
0.08082430
0.08086670
0.07289446
0.07161603
0.08727547
0.08992732
0.08241218
0.07687118
0.08325280
0.07354500
0.07206895
0.07716947
0.07733105
0.07173907
0.07677033
0.06452938
0.08720322
0.07740734
0.07993680
0.07330438
0.08128613
0.07927850
0.07975202
0.07967170
0.07123109
0.07367662
0.07063127
0.08735331
0.07512523
0.08241293
0.07971602
0.08101725
0.07852369
0.07339363
0.06477039
0.09264421
0.08019428
0.07014696
0.08274149
0.07629333
0.09305146
0.08137247
0.07503252
0.08242083
0.08175551
0.07674713