0.01931097
0.02004799
0.01935461
0.01927616
0.02184651
0.02544892
0.02421425
0.02079202
0.02035653
0.02313457
0.02302378
0.02285165
0.02106886
0.01878905
0.02087385
0.01703593
0.02076152
0.02084827
0.01999756
0.01953512
0.02001428
0.01994768
0.02098892
0.02294410
0.01927571
0.02159956
0.02082735
0.01822285
0.02008023
0.02192128
0.01987961
0.02497946
0.02472331
0.02437234
0.01987631
0.02118076
0.02493330
0.02100745
0.02113615
0.02220307
0.02084785
0.02307715
0.02212970
0.01859710
0.02080106
0.02110279
0.02055602
0.02131418
0.02061966
0.01787324
0.01861191
0.02192035
0.02247978
0.01712424
0.01887218
0.01989590
0.01828522
0.02260374
0.02031719
0.02301195
0.02342010
0.01793267
0.01778003
0.01854926
0.01942315
0.01925221
0.01746836
0.01865106
0.01873144
0.02348621
0.01922478
0.02123109
0.02174861
0.02215350
0.01856530
0.02083035
0.02217314
0.01824215
0.01950206
0.01954551
0.02126942
0.01870875
0.02170305
0.02350580
0.01978982
0.02430885
0.01910402
0.02015362
0.02045692
0.02202923
0.02074740
0.01907219
0.01980435
0.01936702
0.02018198
0.02223092
0.01877573
0.02119895
0.02122147
0.02253779
0.02148898
0.01913901
0.01989235
0.02264502
0.02238272
0.01930268
0.01805376
0.01893363
0.02114424
0.01896141
0.02015391
0.01898067
0.02091494
0.02364875
0.02153423
0.02047189
0.02078014
0.01846529
0.02138738
0.01873475
0.01842769
0.01663829
0.01857090
0.01884925
0.01999025
0.01829235
0.02296921
0.02094564
0.02478939
0.01927578
0.02084113
0.02010070
0.02039063
0.02339855
0.02094608
0.02265698
0.02155717
0.02033631
0.02062546
0.02294167
0.01952758
0.02007944
0.01784063
0.02662482
0.01757445
0.01819318
0.02207644
0.02554357
0.02240339
0.02079926
0.02032101
0.02210772
0.01913659
0.02037190
0.02054508
0.02242849
0.01860183
0.01975547
0.02687844
0.02134751
0.02000690
0.01997449
0.01867890
0.02363363
0.01914626
0.02062633
0.02069054
0.01824884
0.01852643
0.02078380
0.02073260
0.01908850
0.02295075
0.02048931
0.02011560
0.02007211
0.02056693
0.01864190
0.02008766
0.02092815
0.02523088
0.01917461
0.02059154
0.01907933
0.01871882
0.02033730
0.02319181
0.01736828
0.02218608
0.01966257
0.02102146
0.02059167
0.01995227
0.02161941
0.02188178
0.02059260
0.02222456
0.01680933
0.02043781
0.02227262
0.02039306
0.02162243
0.02166162
0.01961060
0.02096612
0.01844931
0.01937217
0.02159915
0.02551986
0.02309399
0.01994754
0.01892913
0.02112904
0.01758853
0.02072679
0.02334745
0.02007828
0.01742641
0.01980544
0.01877782
0.01883849
0.02173514
0.01683348
0.01996055
0.01982605
0.02121153
0.01805260
0.02054383
0.02300560
0.01997003
0.02196047
0.01920934
0.02074829
0.02019734
0.02108218
0.02063079
0.02026824
0.01952205
0.02279831
0.02194967
0.01968365
0.01716167
0.02565810
0.02023675
0.01933905
0.01892815
0.02085128
0.02357232
0.01920923
0.01984269
0.02134989
0.01800233
0.02085263
0.01999694
0.02239604
0.01929752
0.02135703
0.01882822
0.02574861
0.01847100
0.01877668
0.02173128
0.01976750
0.02480434
0.02363901
0.01769398
0.02036996
0.01737838
0.02105649
0.01938472
0.01942587
0.01960390
0.02035636
0.02249164
0.02353210
0.01935404
0.02093109
0.02236929
0.01865235
0.01835999
0.02041011
0.02408536
0.02062586
0.02368461
0.01762830
0.02272898
0.02097135
0.02013977
0.02022024
0.02166480
0.02012043
0.02115150
0.01994093
0.02202317
0.02118389
0.01995359
0.02143175
0.02014432
0.02329733
0.01765807
0.02202612
0.01998391
0.02040695
0.02097231
0.02195980
0.02031671
0.01951623
0.01786027
0.02099690
0.02013078
0.02790817
0.02267688
0.02130493
0.01987510
0.02054866
0.01954462
0.01911339
0.02254219
0.02297047
0.01752037
0.01945622
0.01889100
0.01825580
0.01937542
0.02765381
0.02113431
0.01939871
0.02362755
0.01740764
0.01860290
0.01730761
0.02014442
0.01952582
0.02288253
0.02057240
0.02056759
0.01822686
0.02692141
0.02360708
0.01754455
0.01827641
0.02254224
0.02013026
0.02105705
0.01857872
0.01992919
0.02283504
0.02052822
0.01746285
0.02232589
0.01908513
0.02084642
0.01791643
0.02040899
0.02263873
0.02205684
0.01855358
0.01805501
0.01918471
0.02309042
0.02150589
0.02281791
0.02039808
0.01972086
0.02210878
0.01837802
0.02126646
0.02287535
0.01927896
0.01911741
0.01906369
0.02475464
0.02020509
0.01865740
0.01962465
0.02102824
0.01737189
0.01907500
0.02347793
0.02068566
0.02471435
0.01770047
0.02298879
0.01852224
0.01965838
0.02195221
0.02182163
0.02235171
0.02170590
0.02137555
0.01957077
0.01709975
0.01909821
0.01813390
0.01835618
0.02024835
0.01980590
0.01830426
0.02081328
0.02152026
0.01889668
0.02336011
0.02305484
0.02188887
0.02049577
0.02035711
0.02153898
0.02138298
0.01926254
0.01917087
0.02021010
0.02358581
0.01998490
0.01885387
0.01885670
0.02129044
0.02211583
0.02060454
0.01960446
0.02516491
0.01936158
0.02199673
0.02277952
0.02275811
0.02373347
0.02246653
0.02225264
0.01867844
0.02751802
0.02115173
0.01678867
0.02306059
0.02218554
0.02417922
0.02193394
0.02065998
0.02226264
0.01803016
0.01907305
0.02132921
0.01859445
0.01974348
0.02311327
0.01962473
0.01918023
0.01850202
0.02020118
0.01760414
0.02064922
0.02350154
0.01923653
0.02180621
0.01960164
0.02169630
0.02380891
0.02112473
0.02294042
0.01895222
0.01958850
0.02254266
0.02175128
0.02020887
0.02040151
0.02255515
0.02033721
0.02113370
0.01976477
0.01884586
0.02138124
0.01878161
0.01876505
0.02072383
0.02144096
0.02384335
0.02400715
0.01952466
0.02204072
0.01881209
0.02272001
0.01743522
0.02115578
0.02190563
0.01997793
0.01781438
0.02000082
0.02207867
0.02028817
0.01898555
0.02002254
0.02153798
0.02109582
0.01956882
0.02207798
0.02445003
0.02064441
0.02284646
0.02059186
0.02250039
0.02229691
0.01886085