0.07129286
0.06969101
0.07282739
0.10992391
0.07822415
0.07934112
0.07446321
0.07280023
0.07539679
0.09248904
0.07058207
0.06893813
0.07569330
0.07111552
0.06318456
0.06533345
0.08593392
0.08066066
0.07597162
0.07481225
0.07484735
0.08832718
0.06605379
0.05774630
0.16985088
0.05806808
0.08253157
0.07438036
0.06203803
0.06927541
0.07521230
0.09028696
0.07037509
0.06480636
0.08973178
0.08928465
0.09188224
0.06583000
0.07649354
0.08251314
0.07679084
0.14053456
0.06597684
0.06657633
0.08405217
0.07012670
0.06525358
0.09722711
0.10493078
0.06963101
0.08369529
0.08595610
0.05942237
0.10638117
0.07729028
0.06693999
0.06160516
0.10212279
0.08391451
0.08083064
0.07025235
0.06555559
0.07505357
0.08963447
0.07375840
0.09670061
0.08299848
0.10996302
0.06945693
0.06828919
0.06445238
0.08537421
0.07003102
0.07895941
0.07235564
0.07330654
0.08535285
0.09610925
0.07556628
0.07338307
0.07218652
0.08158089
0.08646696
0.06534046
0.06595067
0.09522463
0.09886464
0.06428838
0.07534058
0.06166545
0.06616845
0.08279744
0.07649145
0.07583972
0.06645381
0.07033147
0.07800930
0.10082297
0.07065520
0.07489403
0.06793669
0.08026616
0.11777873
0.07666150
0.06891980
0.07189832
0.12544297
0.07100474
0.07620364
0.07484699
0.07949951
0.08778584
0.08291251
0.09620544
0.08002299
0.08204263
0.08326076
0.11430340
0.12016818
0.08754871
0.06613586
0.06158033
0.13399350
0.08137246
0.08602262
0.07545218
0.07135566
0.07782054
0.07004080
0.07619097
0.08822733
0.10998588
0.09097879
0.07291772
0.07340014
0.08288556
0.08380226
0.13668544
0.07196637
0.07246911
0.06610292
0.08842226
0.09027408
0.08725861
0.10986713
0.11430173
0.08759645
0.08221597
0.10619266
0.08316409
0.07027325
0.06359958
0.07485738
0.07795917
0.06312050
0.09282324
0.08130747
0.05928453
0.08333181
0.06778246
0.08481078
0.08151665
0.05957381
0.07147266
0.10078514
0.07294355
0.08330738
0.09020317
0.06642268
0.07869728
0.07838161
0.08391508
0.09969476
0.07533684
0.08648946
0.07287548
0.07094671
0.07952527
0.08692518
0.15165224
0.09228989
0.10616216
0.08774401
0.10782654
0.10511972
0.08584011
0.06378766
0.09646298
0.10651181
0.06579494
0.06203418
0.08343176
0.07623233
0.07427700
0.08930799
0.08504814
0.10269255
0.07688208
0.07824754
0.06527293
0.09792240
0.06896048
0.09228392
0.08180282
0.10973831
0.06870680
0.07295390
0.09602689
0.06716771
0.07903455
0.06134180
0.11211219
0.09116040
0.12105132
0.07613524
0.06866420
0.10080363
0.10249800
0.08842411
0.07567995
0.07185269
0.07181070
0.06580261
0.08626510
0.06633559
0.07907905
0.08423165
0.06450361
0.08030929
0.08815446
0.08401076
0.08305742
0.10644444
0.07396404
0.07812282
0.09150885
0.06418413
0.09476266
0.08156404
0.07437418
0.07369363
0.11990179
0.06952700
0.09379618
0.09606617
0.07698246
0.07095824
0.08572857
0.07659340
0.10364456
0.06073761
0.06285008
0.09083649
0.09618782
0.11218911
0.07164377
0.08725271
0.08115211
0.06900772
0.06631751
0.06781883
0.08530457
0.06120752
0.08042290
0.08335514
0.07475016
0.06874139
0.08361652
0.08423339
0.07471559
0.06807166
0.06053067
0.08227742
0.04740229
0.09797012
0.08394563
0.07452201
0.08643318
0.08223889
0.08223665
0.06912214
0.08836275
0.07180161
0.08422413
0.09052433
0.06169635
0.07602602
0.08002082
0.08213376
0.07147587
0.08793980
0.07779507
0.09314920
0.06570511
0.07015930
0.08387821
0.09639978
0.05869142
0.07028945
0.07831764
0.06964899
0.06407008
0.07347393
0.08903999
0.07541235
0.07240125
0.07939309
0.06986784
0.09376553
0.08804170
0.08687260
0.08578215
0.08038206
0.07320355
0.06421579
0.08251170
0.09109281
0.07387828
0.07241509
0.09408533
0.07220684
0.07352385
0.07173598
0.07700946
0.08320900
0.07080877
0.07110315
0.08211852
0.06773736
0.06961158
0.06634787
0.08067718
0.08491958
0.07845726
0.09731657
0.06869458
0.07115643
0.08255363
0.05972936
0.08217129
0.07704282
0.15734840
0.07151118
0.07604824
0.07268456
0.07254933
0.09144841
0.07308691
0.06949502
0.09067336
0.07853230
0.08869647
0.07634480
0.07964659
0.06927423
0.08496679
0.06649892
0.07800174
0.07916772
0.06321780
0.06280834
0.07612353
0.09361414
0.08962532
0.06334795
0.05748944
0.06557385
0.08280919
0.13770041
0.07015895
0.11182368
0.07788597
0.08391180
0.05745222
0.05827997
0.09185430
0.06138852
0.08709372
0.06813861
0.05592205
0.05786133
0.10744089
0.07603925
0.06764231
0.07172356
0.09936576
0.09047428
0.07130383
0.07105538
0.07197274
0.07229157
0.06344814
0.05995272
0.08212946
0.08154774
0.08845112
0.07530297
0.07138418
0.07342979
0.07813377
0.08057808
0.07983642
0.08251177
0.06921054
0.07224230
0.08156462
0.09183793
0.09222528
0.07378238
0.07372797
0.06809003
0.09036671
0.08588771
0.07905255
0.08997250
0.07458892
0.07833057
0.07110241
0.06477655
0.08799525
0.08778801
0.10133761
0.07593643
0.06752527
0.09100166
0.09143942
0.07215079
0.07688357
0.06863047
0.11366620
0.09225836
0.06419872
0.11796040
0.10274238
0.07158937
0.08128018
0.06147088
0.09863087
0.07980960
0.08173148
0.08639730
0.08041030
0.07002385
0.07360239
0.07009092
0.07841763
0.06610074
0.09593558
0.06856898
0.06915220
0.07955938
0.09260121
0.08070457
0.08735877
0.10412053
0.08622725
0.08137401
0.07033577
0.06944282
0.07147238
0.06935907
0.10103369
0.07803201
0.06896055
0.08663545
0.08482825
0.08757181
0.06140442
0.07265180
0.07743232
0.09649077
0.06730384
0.08437593
0.06822455
0.09103359
0.09939257
0.07770747
0.11840450
0.07567574
0.06585469
0.08484090
0.08772669
0.07587298
0.07059121
0.06200908
0.08160927
0.07945848
0.06848782
0.07225187
0.06485763
0.15539523
0.07771315
0.06329761
0.07999969
0.07299923
0.08589200
0.06635676
0.09197431
0.09365547
0.08120039