0.08879105
0.06660842
0.06376102
0.06372232
0.06094616
0.07612704
0.06663303
0.05952473
0.05887505
0.06157248
0.06042903
0.06066452
0.07387454
0.06529913
0.06533087
0.06684390
0.06098147
0.06206966
0.06340782
0.06126778
0.06613469
0.06211547
0.06335855
0.06008404
0.07131313
0.06400428
0.06083516
0.06456834
0.06355418
0.06413287
0.06619880
0.06220713
0.06165321
0.06228603
0.07082379
0.07034070
0.06152953
0.06407556
0.07169345
0.06532412
0.06203306
0.06154435
0.05903470
0.06251263
0.06279314
0.06079045
0.06401995
0.05840242
0.06044655
0.06037255
0.06792971
0.06138138
0.06115171
0.06513841
0.05941514
0.06382038
0.07238066
0.06855975
0.05982633
0.06110957
0.05710446
0.06393251
0.05995043
0.05894656
0.05874073
0.05898777
0.06755025
0.05961014
0.06290295
0.05946009
0.06290856
0.07012453
0.06329724
0.06868276
0.05899650
0.05815368
0.05763280
0.06312769
0.06116086
0.07334327
0.05898358
0.06609983
0.06216593
0.06754328
0.06759461
0.06162876
0.05818428
0.05973366
0.06687169
0.06342456
0.05932404
0.06222618
0.06033014
0.06466373
0.06941685
0.06118361
0.06185065
0.06207759
0.06254763
0.06847654
0.05674039
0.07481253
0.06955118
0.07014037
0.06923412
0.06369565
0.05806963
0.06024569
0.05828996
0.06051899
0.06371508
0.05994812
0.06078684
0.06653471
0.06303405
0.06299170
0.06193084
0.06095803
0.05768931
0.06074660
0.06187829
0.06243691
0.05881274
0.06073541
0.06374882
0.05971233
0.06056600
0.06330668
0.06244369
0.06764259
0.06344641
0.05972804
0.06424360
0.07060423
0.07127599
0.06432374
0.06188823
0.06313269
0.05985398
0.06527185
0.05931034
0.06134876
0.06402026
0.06295746
0.06243198
0.06111908
0.05949565
0.06802183
0.07809379
0.06485932
0.07120359
0.05683805
0.05906636
0.06290928
0.05933742
0.05714355
0.05870905
0.07177590
0.05760263
0.06869030
0.06025876
0.05531544
0.05942356
0.05966263
0.06092279
0.05914509
0.06280744
0.06237841
0.05916208
0.06775026
0.06262391
0.06167544
0.06208920
0.07123416
0.06625800
0.06461681
0.06427915
0.07401692
0.05793205
0.06213345
0.05827860
0.06082882
0.06163175
0.05975475
0.06245850
0.06466827
0.07103952
0.06233498
0.06754989
0.06415112
0.06071541
0.06018295
0.07427673
0.05886682
0.05963620
0.05860077
0.06278064
0.06871264
0.05864153
0.06308999
0.06117990
0.05909430
0.07295183
0.05900237
0.06491311
0.05764680
0.06637952
0.07933603
0.06276962
0.06043210
0.05944132
0.05804842
0.06251276
0.05733382
0.06317927
0.07275253
0.06732332
0.06021244
0.05854483
0.06241665
0.06334013
0.05881247
0.06755422
0.05626851
0.06757407
0.06137724
0.05661803
0.07250715
0.06538481
0.06165954
0.06117242
0.06074688
0.06741633
0.06150141
0.06227979
0.05768213
0.06884034
0.06075520
0.06338886
0.06326160
0.06293787
0.06114956
0.06374574
0.05917934
0.06140498
0.05891851
0.05966870
0.06126571
0.06782241
0.06054449
0.06456911
0.06235437
0.06164286
0.06189439
0.06172488
0.06305931
0.06990225
0.06343875
0.06059615
0.06472219
0.06148953
0.06790647
0.06913917
0.06460881
0.07293914
0.06748658
0.06547470
0.05785477
0.05982798
0.06635326
0.06483921
0.06007320
0.07020890
0.05951455
0.06102886
0.06644339
0.06256575
0.06961160
0.06153094
0.06363973
0.06135983
0.06330068
0.06166067
0.05621438
0.05953864
0.07121051
0.06302412
0.06778941
0.05908826
0.06513406
0.07222312
0.06022387
0.05986914
0.05994747
0.06443095
0.06455508
0.05993598
0.07535944
0.06235021
0.07433049
0.06722503
0.06497180
0.06162892
0.06058734
0.06685504
0.06612496
0.07813417
0.06460471
0.05980521
0.06262536
0.06023413
0.05998676
0.06343133
0.06452762
0.05906397
0.06098147
0.06591935
0.07038596
0.06090732
0.05809834
0.06046515
0.06294261
0.06861253
0.05987745
0.06335969
0.05924374
0.06568811
0.05962930
0.05903920
0.06196272
0.06896507
0.06406886
0.06357398
0.06248685
0.06234206
0.05547462
0.06345857
0.06625084
0.05890588
0.06238540
0.06082491
0.06968116
0.06402104
0.06214494
0.06214355
0.07800838
0.06243950
0.06124623
0.06290498
0.05857292
0.05774806
0.05909642
0.06852252
0.06783568
0.05931602
0.05678811
0.06359175
0.06307674
0.06286564
0.06182978
0.06209048
0.07023418
0.06028099
0.06881360
0.05808195
0.06293030
0.07293137
0.06269190
0.06063075
0.06837079
0.06331122
0.05988004
0.06288714
0.06211449
0.06622498
0.06671670
0.06098044
0.06381692
0.07160484
0.06717079
0.06817593
0.06504053
0.07140009
0.06546996
0.05683890
0.06013562
0.05979846
0.06551982
0.06527799
0.05840418
0.06147682
0.06162371
0.05955106
0.07417996
0.07407008
0.06255610
0.06549984
0.06436047
0.05919570
0.06626733
0.06143755
0.06662339
0.06366853
0.05600828
0.06060691
0.06498922
0.06608951
0.06250270
0.06337058
0.05793305
0.06131179
0.06220297
0.05704792
0.06445630
0.06107894
0.06207148
0.06513737
0.05909620
0.06235437
0.06018662
0.06581259
0.06613538
0.05736007
0.06360487
0.06441440
0.06501193
0.07156034
0.06414962
0.06394217
0.05767072
0.07294218
0.05977411
0.07950380
0.06917396
0.05876188
0.05978177
0.06786400
0.06092834
0.05900243
0.06141697
0.07183786
0.06014786
0.06466701
0.06675762
0.06349486
0.06626965
0.06438473
0.06996066
0.05932032
0.06128726
0.06248497
0.06330909
0.06102962
0.06217836
0.06082422
0.06081443
0.05736173
0.06224921
0.06329612
0.06024634
0.06596475
0.06644643
0.06319096
0.05933900
0.07263376
0.06309312
0.06501571
0.06490962
0.06145614
0.06363836
0.06470162
0.05909116
0.06707654
0.05831000
0.06017285
0.06260668
0.06806356
0.06227462
0.06181704
0.06714882
0.05968322
0.06234686
0.06580580
0.06062909
0.06117222
0.06473564
0.05770879
0.06760288
0.06632271
0.06273994
0.06423422
0.06086650
0.06361820
0.06300288
0.06243602
0.06042688
0.06246995
0.06026820
0.06038277
0.06710767