0.06534029
0.06779185
0.07578554
0.08196222
0.07060919
0.06714866
0.07479298
0.06869010
0.08096139
0.08269638
0.06598002
0.07747414
0.07130115
0.08858801
0.07896561
0.07036554
0.07022682
0.07494688
0.08373022
0.06977842
0.07461878
0.08012988
0.08130112
0.06557868
0.06619482
0.07398312
0.06933669
0.06928035
0.09081269
0.10270519
0.06415188
0.08099020
0.06640247
0.06566319
0.07199239
0.06993263
0.09390045
0.09532453
0.07288422
0.06730798
0.06614359
0.07967883
0.08169428
0.07055627
0.07479009
0.07692915
0.06447495
0.06860050
0.11565221
0.07464577
0.08372110
0.10779943
0.07784558
0.06743702
0.06905152
0.07183841
0.07869718
0.07607242
0.07173332
0.08774795
0.07420625
0.07995471
0.07114454
0.07704093
0.07835731
0.07169230
0.06379036
0.06729281
0.08020930
0.07891528
0.06820095
0.07109500
0.06555781
0.11564349
0.07407993
0.07490329
0.06991222
0.07056703
0.06977500
0.07133509
0.12820960
0.07280918
0.07422746
0.07790163
0.07822615
0.07936322
0.07239780
0.06479092
0.08575711
0.07445085
0.07211615
0.07228936
0.06558082
0.06559918
0.06678812
0.06813291
0.07687301
0.07147546
0.07779598
0.07288321
0.07613626
0.07159575
0.07124738
0.07431062
0.07327892
0.07493827
0.06787442
0.07516866
0.07448745
0.06471908
0.06898979
0.09056965
0.07522820
0.06703473
0.08620866
0.06789447
0.07996358
0.07338355
0.07371793
0.06781262
0.07353508
0.07107150
0.06935551
0.07225829
0.06765011
0.06929182
0.08368398
0.06999316
0.07148668
0.08521333
0.07291992
0.06964523
0.07216434
0.07459606
0.07671402
0.07198506
0.06369467
0.09176167
0.07219218
0.08900578
0.06626889
0.07582349
0.06412262
0.07677741
0.08506784
0.07093321
0.07191895
0.07081440
0.06942502
0.06424476
0.08411928
0.06885914
0.07480325
0.07312260
0.06940067
0.07293939
0.09538355
0.07145764
0.07592935
0.06506824
0.06604109
0.08491615
0.08730031
0.07436885
0.07721604
0.06437241
0.07476736
0.08731656
0.07386686
0.08158830
0.07283859
0.06880158
0.11119714
0.06880766
0.06589952
0.07822982
0.07067686
0.07405156
0.06849605
0.07975477
0.07970263
0.07773307
0.07791363
0.07188223
0.07206892
0.07771390
0.07320148
0.07534474
0.07580079
0.06909634
0.07963483
0.07765392
0.07715056
0.06894824
0.08769528
0.07300056
0.06799164
0.06672826
0.07934006
0.06825135
0.06217269
0.08287700
0.06734424
0.07108212
0.07803949
0.06839663
0.06899086
0.07184200
0.09003294
0.07356164
0.06509877
0.06990538
0.07710462
0.10433908
0.06602766
0.07060577
0.08727180
0.08436954
0.08151559
0.07314863
0.06691432
0.07394644
0.06984779
0.09696383
0.06436459
0.08545173
0.07134948
0.06660235
0.06838075
0.08494836
0.07890910
0.06766329
0.07765942
0.07490582
0.08687845
0.07442768
0.07198149
0.08506634
0.07110296
0.07728893
0.06513029
0.07028908
0.07291661
0.06569932
0.07369658
0.07244892
0.07074866
0.07470510
0.10401125
0.07053554
0.08075688
0.07347830
0.07851105
0.07367246
0.07938331
0.08644675
0.08055535
0.06732825
0.07305481
0.07995052
0.07170983
0.07882723
0.09131406
0.07451953
0.06434352
0.07594837
0.08264732
0.07581025
0.06534641
0.06914179
0.06805519
0.07279678
0.08106855
0.07191169
0.07663329
0.06960560
0.08309472
0.08224882
0.06993899
0.07342630
0.06891975
0.07863385
0.08870379
0.07204372
0.07385871
0.08008939
0.06471632
0.07482750
0.07057254
0.07274377
0.07446276
0.07912170
0.07331673
0.06802819
0.07733385
0.08017083
0.08058891
0.11558310
0.07085205
0.09400145
0.08856290
0.06903652
0.07435016
0.07900442
0.08293898
0.07477630
0.08447954
0.06958283
0.07630931
0.07974057
0.07797047
0.07349280
0.08164713
0.09199267
0.06941474
0.08026383
0.07028192
0.07166941
0.08778411
0.07585637
0.07849646
0.06808608
0.07470316
0.06782576
0.08304276
0.06668917
0.08183186
0.07016198
0.10926458
0.07336821
0.07241470
0.07810794
0.06357929
0.08355887
0.07103596
0.07645151
0.06966082
0.06780354
0.07257272
0.07015451
0.07371240
0.06817502
0.07057846
0.06600000
0.07405839
0.07618583
0.07114380
0.06986644
0.07480786
0.07039052
0.07163694
0.06657898
0.07082246
0.06581201
0.07313639
0.07474707
0.07726757
0.06538236
0.07495215
0.07249126
0.06983797
0.08262378
0.07765109
0.06671054
0.07384720
0.07605858
0.06995069
0.07989116
0.07121195
0.06544068
0.08219805
0.07547209
0.07869984
0.07268272
0.06859963
0.07520397
0.06556522
0.07418403
0.08348085
0.07206580
0.07634599
0.06737546
0.09143941
0.08663645
0.06361019
0.08104535
0.07677228
0.06430770
0.07269009
0.06706664
0.07335291
0.08100851
0.06966920
0.07423460
0.07432192
0.07462566
0.06383381
0.08251933
0.07288220
0.06893131
0.07025583
0.06746577
0.09831407
0.06977638
0.07746818
0.08017204
0.07682191
0.07458188
0.07752896
0.06973709
0.07682847
0.07533955
0.07297081
0.07565763
0.07203792
0.07370040
0.06313965
0.09380878
0.07867491
0.06782613
0.07895890
0.08419046
0.07190378
0.07284280
0.07632490
0.07182936
0.06542055
0.07160966
0.07067742
0.07243083
0.07762974
0.07031590
0.07420367
0.07141149
0.08643451
0.07013806
0.06865906
0.07182224
0.07168906
0.08248116
0.07963536
0.07321092
0.07699954
0.08285233
0.06697412
0.07849897
0.07826838
0.06806926
0.07539401
0.07999044
0.07047971
0.08718173
0.09108489
0.06514818
0.07105938
0.06813115
0.07161982
0.06909025
0.08545871
0.08128787
0.06140124
0.06539180
0.07633410
0.06446175
0.07292222
0.07149426
0.07169448
0.06947809
0.07495835
0.07940155
0.06559125
0.07198079
0.09544881
0.07588609
0.07793729
0.07464823
0.07847886
0.07904356
0.07586948
0.07420166
0.07734078
0.08306261
0.07047050
0.07841692
0.06769274
0.06993532
0.07259634
0.07862505
0.06840557
0.07480858
0.07304027
0.07358362
0.07117712
0.06697301
0.06466075
0.07089751
0.06741977
0.07426932
0.07537022
0.08155880