0.02129853
0.01797733
0.02241572
0.02248664
0.01844489
0.02297653
0.01911307
0.01894402
0.01983122
0.01793682
0.02080003
0.02150383
0.01935599
0.02233554
0.02183097
0.02267990
0.01986784
0.01996756
0.01947442
0.02243114
0.01941817
0.02214725
0.01891917
0.01919154
0.01939966
0.02218186
0.01972225
0.01895102
0.01976379
0.02082569
0.02299181
0.01979062
0.02015360
0.02109377
0.01936727
0.02013021
0.01853211
0.01935004
0.02253015
0.02053476
0.02109611
0.02087732
0.02014777
0.02055900
0.01882995
0.02136984
0.02109260
0.02089324
0.02068776
0.01901686
0.01999674
0.01931226
0.02046691
0.01996493
0.02150873
0.01935612
0.02350843
0.01959304
0.01853215
0.02083842
0.02106970
0.01954269
0.01784216
0.02207390
0.02002032
0.01847484
0.02125334
0.02061142
0.02247905
0.02015212
0.02079029
0.02391169
0.02042299
0.02316965
0.02077019
0.02106643
0.01876232
0.02322295
0.02009114
0.01970377
0.01894347
0.02297427
0.02006469
0.01933051
0.01877898
0.01912884
0.01957791
0.01988603
0.02027993
0.01891955
0.02320616
0.01630632
0.01841370
0.01917460
0.02125484
0.01908827
0.02052343
0.02115007
0.02013760
0.02052208
0.02064422
0.02130028
0.02270870
0.02032522
0.02162875
0.02185162
0.02208658
0.02250723
0.02134292
0.01886952
0.01908410
0.01925930
0.01821937
0.02032873
0.02315766
0.01975244
0.02135418
0.02235748
0.02181090
0.02067001
0.02197656
0.02027736
0.02526777
0.02202441
0.02124124
0.02141005
0.02172382
0.02068484
0.01967781
0.02390235
0.02239469
0.02055145
0.02013340
0.02418326
0.02053538
0.02050974
0.02150241
0.01908060
0.02025828
0.01975976
0.02077130
0.01805316
0.01968240
0.01927580
0.02117413
0.01900930
0.02043028
0.01896836
0.02060314
0.01893086
0.01957298
0.02439557
0.01962474
0.02357021
0.02210889
0.02338236
0.02148190
0.02160075
0.01862412
0.02017089
0.02132259
0.02402944
0.01966601
0.02332895
0.02143560
0.02139452
0.01954255
0.02100988
0.02020770
0.02255476
0.02264325
0.01929993
0.01958194
0.02261305
0.02266446
0.02058004
0.01774769
0.01984623
0.01875335
0.02063893
0.02180514
0.01772419
0.02015142
0.02041388
0.01947240
0.02188423
0.01949471
0.02327212
0.02141885
0.02446443
0.02495881
0.02005740
0.01837901
0.02239181
0.02164859
0.01929230
0.02269863
0.02050776
0.01919211
0.02498386
0.02160355
0.01935683
0.02004704
0.02164353
0.01876139
0.01927935
0.02084469
0.02032605
0.02197270
0.01919411
0.01973564
0.01945813
0.02229471
0.01891625
0.02175538
0.01990628
0.02109110
0.02073726
0.01941218
0.01999361
0.02123912
0.02033592
0.01970805
0.02107105
0.01913862
0.02532525
0.02476241
0.02040169
0.02524967
0.02004646
0.02250407
0.01981689
0.02194053
0.02128065
0.02034910
0.02292495
0.02517556
0.01956462
0.01967973
0.01975441
0.01951473
0.01967064
0.02293746
0.01908032
0.02032267
0.01978255
0.01694303
0.02272938
0.02179018
0.02319700
0.01944559
0.02142099
0.02015897
0.02469879
0.01952554
0.02148849
0.02086258
0.02195343
0.02087193
0.02131252
0.02366498
0.02008370
0.02162334
0.02077316
0.01876307
0.02188836
0.02092456
0.02219641
0.02258777
0.02061526
0.02478388
0.01981287
0.01785317
0.02064343
0.01973116
0.01940890
0.01978993
0.01880273
0.01856229
0.02029420
0.01989761
0.02129939
0.02011556
0.01798661
0.01990366
0.02223097
0.02035582
0.02167375
0.02075210
0.02145884
0.02238977
0.02012506
0.02297936
0.01846893
0.01997156
0.02078744
0.01617804
0.02314052
0.02024771
0.01984851
0.01965250
0.02201263
0.01975547
0.01999073
0.01895219
0.02049169
0.02203876
0.01990364
0.02076524
0.01906861
0.02315182
0.01993491
0.02039601
0.02216108
0.01958015
0.01875188
0.02429108
0.01934621
0.01942631
0.01971072
0.02222139
0.02268979
0.02117096
0.02501392
0.02162830
0.02211289
0.02024795
0.01968341
0.02096590
0.01876559
0.02172872
0.01908566
0.01887648
0.01865115
0.01937052
0.01934851
0.02058688
0.02185510
0.01946738
0.02172999
0.02131530
0.02175601
0.02099112
0.02349476
0.02201011
0.01968165
0.01872654
0.02100042
0.02168434
0.02006025
0.02095396
0.01920998
0.01996510
0.02143600
0.01994064
0.02170487
0.02162700
0.02081320
0.02100063
0.01887825
0.02188715
0.02005777
0.02056593
0.02064543
0.02127288
0.02243234
0.02156306
0.02293800
0.02268166
0.02004381
0.01848793
0.02160011
0.02325235
0.02296427
0.02119175
0.02020838
0.02215241
0.01939856
0.01873007
0.02180018
0.01939610
0.01987069
0.02439765
0.02346275
0.01873831
0.02299439
0.02182650
0.02105500
0.02200084
0.01909443
0.02066687
0.02057673
0.02065268
0.02285244
0.02396147
0.02000070
0.02305193
0.01800639
0.01909395
0.02068804
0.01908266
0.02059146
0.02138440
0.02043026
0.02036637
0.01985759
0.02200010
0.02279022
0.01916448
0.01951014
0.02467492
0.02115999
0.01949850
0.02612523
0.02174590
0.02122790
0.02022943
0.02211103
0.02062561
0.02251070
0.02145358
0.01963834
0.02249716
0.02054623
0.02106740
0.02132677
0.01901905
0.02295659
0.01964088
0.02234187
0.02186375
0.01928237
0.02005316
0.01930928
0.01838917
0.02263995
0.01739456
0.02322077
0.02006964
0.02019522
0.02184163
0.02362655
0.01900725
0.02098833
0.01827516
0.01961148
0.01908017
0.02377813
0.01954852
0.02138940
0.01854175
0.01998877
0.01917595
0.01853822
0.02214353
0.02322995
0.01997001
0.02070108
0.02161470
0.02156869
0.01894139
0.01918143
0.02064091
0.02048434
0.02295547
0.02029230
0.02046724
0.02080239
0.02195008
0.02217143
0.02169745
0.02336974
0.01836680
0.02102124
0.01933035
0.01887133
0.01977003
0.02047074
0.01956876
0.02143797
0.02082120
0.02030373
0.01955666
0.02041325
0.02193521
0.02208731
0.01909060
0.02002009
0.01923358
0.01849901
0.02140992
0.01972547
0.02506650
0.02202321
0.02022768
0.02223888
0.02037104
0.02106141
0.02479642
0.01866185