0.04113279
0.03183324
0.03889485
0.03389558
0.03309623
0.03123867
0.03003616
0.04323078
0.04003480
0.04676621
0.03412668
0.03311438
0.03257063
0.03219676
0.03575118
0.03851990
0.03165308
0.03092209
0.03233346
0.03192797
0.03103408
0.03446907
0.03194663
0.03172685
0.03053273
0.03535529
0.03219967
0.03857149
0.03476275
0.02930512
0.03086169
0.03726571
0.03283577
0.03281831
0.03638895
0.03286717
0.03272206
0.03086154
0.03809256
0.03221924
0.03367043
0.03292565
0.03219117
0.02860991
0.03762152
0.03774997
0.02925622
0.03349162
0.04637909
0.03696198
0.04059533
0.03608374
0.03278427
0.03368210
0.03105740
0.03089770
0.03573813
0.03058322
0.03648237
0.03043732
0.03024906
0.03302048
0.03289219
0.03170096
0.02983555
0.03957750
0.03931869
0.03453095
0.04011920
0.03859052
0.03665941
0.04377526
0.02867686
0.03068080
0.02991346
0.03163974
0.03109383
0.04148096
0.03699283
0.04156610
0.03117921
0.03095719
0.03482636
0.04675335
0.03730139
0.03481510
0.03404164
0.03355413
0.03329873
0.03275296
0.03232364
0.03976476
0.03570734
0.02843757
0.03099876
0.03701601
0.03185651
0.03624891
0.03175287
0.04130979
0.02890307
0.04050220
0.05236370
0.04459060
0.03898462
0.03177681
0.03532351
0.02922307
0.03396188
0.03931348
0.03617716
0.03501256
0.03147576
0.03225752
0.03000462
0.03688728
0.03415375
0.03526308
0.03176036
0.03028450
0.03587601
0.03218070
0.03442045
0.03574547
0.03613988
0.03401817
0.03365213
0.03292424
0.03554640
0.03664658
0.03871107
0.02857175
0.03393270
0.03169868
0.02960302
0.03427291
0.03984711
0.03217391
0.03187726
0.03107471
0.04275657
0.03782580
0.02753365
0.03711940
0.02662389
0.03316555
0.04802328
0.03462638
0.03888998
0.03571740
0.03660616
0.03025857
0.03381491
0.03275383
0.03175028
0.03388677
0.02982667
0.03292849
0.03353935
0.03941780
0.03107712
0.02910124
0.03320263
0.03251097
0.03319776
0.03196741
0.02912208
0.03390322
0.03004852
0.04766234
0.03845206
0.03270163
0.02689314
0.03447865
0.04262014
0.03089244
0.03604971
0.03285919
0.03057676
0.03814257
0.03238886
0.03130676
0.03223710
0.03112916
0.03358108
0.03112018
0.02770076
0.03151588
0.03576912
0.03157126
0.03154913
0.02854307
0.02828116
0.04375001
0.03042884
0.03059826
0.02859620
0.03125437
0.03501650
0.03875241
0.03834926
0.03209340
0.03162084
0.03169828
0.03663111
0.03280091
0.03220501
0.03029162
0.02823204
0.03187550
0.03587716
0.03317398
0.03502460
0.03481391
0.04490180
0.03292793
0.03692209
0.03495738
0.02938792
0.03296323
0.03348134
0.03325346
0.03306371
0.04126242
0.03112891
0.03319856
0.03499183
0.02827525
0.03338255
0.03246154
0.03078555
0.03006125
0.04038035
0.03263451
0.04138572
0.03133212
0.03390732
0.03126982
0.03319668
0.03206715
0.03351537
0.04810173
0.03113764
0.03649081
0.03177647
0.03239337
0.03167980
0.02861554
0.02872294
0.03631455
0.03317137
0.03836256
0.03331797
0.03123210
0.03306474
0.03402965
0.02928366
0.03812504
0.03125112
0.03394412
0.03368596
0.02976709
0.03590242
0.03286960
0.03545440
0.03274331
0.03886958
0.03275478
0.03357922
0.03327793
0.03751401
0.03533012
0.03345476
0.03450188
0.04210825
0.02835774
0.03315695
0.03948996
0.03042035
0.03431153
0.04020519
0.02699477
0.03540576
0.03166038
0.03605484
0.03134960
0.04458078
0.03905057
0.03222655
0.03067126
0.03493708
0.03095834
0.03228076
0.03165488
0.03097440
0.03478761
0.02977727
0.03331111
0.03377323
0.03077834
0.03855915
0.04854319
0.03199265
0.03135646
0.03583571
0.03332340
0.03523336
0.03462211
0.03574616
0.03639377
0.03527629
0.02966089
0.02988779
0.03705592
0.03098995
0.03600822
0.03130135
0.03796133
0.03728197
0.03630423
0.03968566
0.03315470
0.03834416
0.03047375
0.03337839
0.04122439
0.02859073
0.03919631
0.02910243
0.03604953
0.03701996
0.03448158
0.03258368
0.03266819
0.03305931
0.04054649
0.03180015
0.03773315
0.04584723
0.03583691
0.03389726
0.03493765
0.03511295
0.03233168
0.02971658
0.02789602
0.03213570
0.03286021
0.03763316
0.02964327
0.03419222
0.03401350
0.03308833
0.03254877
0.03447045
0.03138335
0.03557819
0.03271268
0.03653401
0.02787417
0.04371209
0.03349978
0.03238961
0.03165011
0.03767033
0.03626610
0.03337542
0.03225683
0.03079115
0.03749963
0.03211232
0.03174387
0.03094239
0.03372284
0.03118577
0.02792154
0.03104773
0.03433646
0.02902676
0.02950021
0.03183918
0.02773684
0.03736007
0.02682924
0.03740053
0.03498948
0.03626160
0.02700569
0.03357674
0.03576098
0.03256742
0.03942618
0.02844762
0.03022885
0.02961652
0.03136317
0.03141664
0.03035993
0.02819895
0.03444303
0.02989830
0.03044188
0.03202694
0.03552478
0.03074912
0.03355981
0.02878521
0.03408824
0.04355967
0.03158124
0.03665066
0.04404933
0.03243513
0.03953376
0.03927418
0.03617876
0.03838445
0.03511912
0.04115410
0.03524094
0.03728603
0.03405070
0.03455232
0.03142839
0.04510776
0.03384401
0.02963770
0.03219870
0.03565232
0.03371954
0.03480616
0.03157334
0.03208993
0.03144973
0.03315714
0.02931986
0.03234665
0.03955294
0.03148422
0.03935551
0.04300082
0.03228132
0.02887019
0.04017037
0.03234247
0.03222858
0.03453044
0.04222309
0.03134613
0.03307022
0.03036997
0.03505543
0.03665849
0.03446437
0.03379048
0.03534751
0.03130476
0.04441932
0.03396889
0.03077209
0.03184495
0.03954188
0.03132264
0.03067968
0.03811224
0.03726707
0.03840743
0.03803989
0.03108822
0.02723375
0.03527726
0.03504045
0.03584003
0.03103380
0.04545731
0.03558589
0.03376944
0.03241195
0.03627337
0.03675655
0.03881951
0.03378836
0.03011618
0.03539583
0.04108086
0.03450765
0.03091879
0.03345659
0.03113888
0.03535972
0.03258053
0.03108668
0.03772391
0.03309578
0.03187009
0.03134950
0.03387933
0.04146089
0.03486907
0.03124084