0.03341623
0.03471506
0.03117382
0.03292618
0.03338739
0.02941961
0.03637402
0.02837006
0.03315785
0.03200878
0.03560708
0.03188217
0.03049413
0.03559190
0.03116456
0.03792556
0.03354869
0.03334439
0.02455632
0.02769501
0.03254042
0.03222502
0.03128098
0.03612182
0.03514726
0.03227653
0.02940815
0.03055130
0.03640150
0.03309135
0.03761700
0.02940712
0.03051286
0.03075605
0.03905157
0.03425142
0.03617991
0.03024225
0.03499724
0.04051702
0.03294513
0.03733783
0.03466886
0.03205475
0.03342706
0.03724736
0.03356450
0.03546567
0.03274396
0.03186373
0.03878963
0.03182091
0.03488424
0.03710364
0.03145563
0.02602031
0.02780777
0.03274611
0.03088699
0.03491339
0.04016607
0.03162721
0.03496544
0.03588429
0.03273949
0.03039177
0.04262551
0.03618539
0.03037410
0.03310640
0.03046781
0.03460693
0.03468046
0.03725659
0.03349875
0.03315638
0.03147312
0.04024883
0.03087988
0.03434152
0.03182401
0.02897249
0.03035145
0.02711035
0.03341668
0.03459166
0.02930333
0.03698235
0.04113858
0.03620152
0.03094822
0.03370574
0.04175277
0.03132296
0.03135602
0.03049665
0.03202920
0.02893311
0.03154003
0.03429699
0.03675017
0.02867806
0.04633685
0.04921298
0.04457675
0.03428593
0.03566719
0.03758609
0.03177880
0.04090983
0.03409616
0.03463148
0.03390405
0.03679867
0.03163273
0.02990264
0.03878846
0.03256361
0.03742890
0.03995147
0.03128254
0.02888778
0.03193588
0.02739968
0.03730010
0.03156243
0.03148089
0.03026525
0.03853605
0.04138987
0.04067898
0.02838978
0.03744052
0.03008181
0.02959181
0.03505766
0.03755230
0.03483044
0.03266296
0.03415274
0.03369971
0.03778692
0.02977036
0.03635713
0.03461724
0.03701198
0.03455986
0.02796314
0.03576807
0.03262011
0.03309443
0.03502320
0.04163339
0.03274988
0.03332364
0.03021157
0.03140317
0.02867151
0.03497538
0.04328569
0.03268021
0.03546950
0.03519013
0.02977678
0.03869308
0.03146090
0.04353222
0.03868339
0.04239351
0.03008471
0.03483244
0.03444399
0.03878118
0.03942831
0.03549781
0.03224223
0.03645644
0.04695901
0.03447228
0.03296995
0.03425979
0.03215088
0.03984250
0.03972889
0.03063980
0.03752846
0.03240888
0.04025170
0.03549862
0.04596261
0.03211553
0.03748604
0.03438430
0.03131378
0.03617933
0.04225803
0.03185375
0.04060903
0.02803289
0.04066607
0.03143846
0.03092803
0.03706702
0.03710681
0.02840505
0.04025466
0.03369534
0.03759098
0.03360113
0.02974958
0.02945507
0.03529560
0.03128756
0.03442634
0.03150789
0.03834416
0.03365034
0.03237725
0.03567389
0.03173287
0.03695590
0.03111592
0.04297640
0.03462008
0.03100229
0.03171073
0.03811087
0.02785916
0.03116519
0.03428896
0.03475823
0.03267064
0.03643214
0.03070345
0.02720423
0.03530445
0.03718108
0.03194045
0.03892542
0.03550000
0.04353923
0.03485304
0.02834711
0.02753940
0.03782681
0.04533789
0.03081200
0.03246450
0.03801379
0.03352945
0.04210672
0.02906691
0.03403774
0.03408628
0.04444218
0.03300685
0.03543542
0.02863960
0.02689688
0.02893909
0.03392261
0.03570710
0.04444142
0.03197233
0.03395995
0.03068859
0.03653087
0.03764380
0.02941507
0.03479752
0.02862516
0.02753484
0.03365460
0.03599347
0.04505224
0.03295464
0.03346552
0.02948902
0.03297706
0.03424650
0.03242572
0.03449188
0.03383054
0.03238583
0.04389478
0.02777540
0.04396677
0.03833557
0.03204538
0.03181245
0.03605424
0.04197417
0.03595111
0.04532281
0.03273750
0.03279499
0.02873657
0.03651694
0.03307418
0.03218471
0.04117804
0.03135966
0.03621147
0.02674650
0.03317424
0.03004961
0.03884242
0.02739536
0.03793629
0.03547236
0.03698849
0.03061679
0.04541900
0.03662687
0.03296991
0.03867217
0.04149179
0.02993263
0.02936407
0.02936711
0.03834283
0.03067154
0.03539021
0.03352551
0.03342520
0.03209738
0.04017106
0.03827629
0.03287583
0.03206317
0.04049495
0.03223196
0.03703631
0.03327904
0.04442856
0.03609465
0.03075424
0.04245231
0.03310398
0.03212149
0.03412815
0.03284131
0.03650636
0.03458388
0.03303541
0.03452707
0.03477301
0.04357534
0.04062125
0.03860723
0.03161581
0.03385731
0.03692588
0.03195904
0.02669493
0.03100128
0.03320833
0.03618239
0.02705073
0.03744652
0.03480781
0.03533848
0.03828988
0.03353769
0.03659220
0.03157142
0.03844572
0.03823125
0.03329638
0.02934805
0.03096364
0.04825243
0.04371355
0.03622481
0.04443435
0.02859498
0.02908623
0.03484863
0.03294680
0.02949120
0.02760475
0.03283167
0.03291387
0.03434455
0.03970158
0.03169593
0.03564282
0.03656734
0.04005043
0.04122350
0.03609955
0.04243595
0.03754521
0.03614256
0.04271308
0.04118859
0.03243585
0.03889615
0.03315816
0.02785778
0.02979036
0.03738050
0.03501920
0.03143979
0.03497635
0.03508001
0.02880705
0.03979036
0.03889137
0.02893875
0.03452331
0.03857846
0.03348123
0.02965405
0.02992702
0.03270377
0.03287404
0.03882407
0.03258619
0.03018167
0.03533332
0.03331831
0.03362019
0.03351966
0.03249419
0.03789284
0.02919824
0.03509154
0.03218846
0.03410739
0.03906865
0.03574658
0.03546823
0.03053054
0.03492272
0.02956447
0.04517477
0.04144049
0.04194359
0.03150347
0.03940859
0.03092627
0.03469563
0.03320100
0.03610759
0.03119279
0.03873825
0.03640462
0.03244515
0.03308022
0.02979869
0.03612934
0.02892748
0.04140387
0.03312013
0.03014161
0.03511225
0.03328527
0.02999775
0.02958813
0.03154405
0.03107631
0.02918531
0.03126297
0.03619317
0.03507709
0.03756977
0.03530973
0.03401858
0.03309348
0.03888714
0.03185301
0.05089649
0.03181209
0.03293852
0.02973938
0.03444296
0.04144380
0.03827192
0.03677673
0.03905315
0.03203101
0.04152686
0.04029708
0.02827538
0.03521019
0.03253078
0.03901776
0.03272608
0.03221631
0.02790220
0.03329197
0.03984857
0.03033391
0.03514170
0.03155564
0.03107685
0.02663700
0.03571684
0.03122238