0.01750592
0.02328619
0.02342353
0.01872033
0.02214653
0.02262465
0.01879786
0.01926618
0.02184518
0.01884919
0.01970729
0.02015050
0.01969909
0.02336264
0.02248622
0.02237981
0.02048802
0.02297829
0.02101689
0.02117438
0.01976804
0.02158891
0.01933359
0.02351343
0.02153110
0.01828983
0.02087449
0.02070354
0.02443723
0.01921467
0.01862119
0.02528181
0.02538790
0.02115137
0.02289562
0.02464784
0.02223824
0.02113962
0.02243962
0.02287308
0.02057227
0.02144015
0.01920346
0.02247574
0.02017249
0.02273616
0.02166501
0.02204453
0.01824848
0.02063323
0.02064446
0.02126633
0.01804905
0.02335554
0.02432297
0.02341499
0.02114952
0.02444906
0.01936775
0.02077471
0.02151308
0.02167408
0.02009485
0.02094597
0.02020807
0.02031633
0.02157305
0.02191841
0.02181018
0.02339898
0.01927751
0.02268270
0.02203371
0.02384485
0.02127738
0.02028866
0.01877182
0.02696882
0.02129908
0.02267382
0.01945709
0.02064092
0.02412453
0.02499223
0.02071178
0.01944194
0.02005821
0.01726439
0.02056614
0.02288606
0.01951897
0.02095536
0.02049718
0.02161931
0.02090484
0.02021935
0.02160207
0.02436739
0.01852878
0.01907543
0.02055475
0.02031934
0.02396346
0.01831322
0.01998302
0.02185768
0.02164550
0.02195580
0.02225128
0.02286031
0.02164044
0.02129344
0.02215170
0.02278343
0.02041183
0.01910942
0.02086161
0.02197273
0.01990336
0.02237564
0.01963116
0.02328604
0.01982451
0.02471816
0.02242660
0.02280309
0.01837047
0.01959049
0.02140836
0.02113100
0.02438976
0.02530403
0.02066243
0.02805234
0.02062276
0.02255590
0.02133916
0.02481386
0.02196683
0.01940897
0.02169404
0.02425717
0.02185231
0.02285209
0.01970390
0.02169675
0.01945276
0.02551281
0.01932264
0.02300672
0.02145938
0.02321412
0.02757905
0.02152971
0.02006775
0.01944789
0.02022795
0.02141339
0.02076152
0.01945298
0.01757921
0.02087005
0.01926576
0.01949496
0.02154089
0.01964831
0.02310469
0.02055457
0.01932724
0.02110724
0.02492118
0.02165896
0.02497014
0.01951164
0.01951648
0.02039847
0.01815221
0.02105627
0.02004187
0.01957691
0.01912101
0.02087290
0.02023655
0.02011090
0.02177841
0.01886150
0.01969638
0.02179684
0.01931109
0.01894843
0.02190304
0.02174411
0.02296679
0.02387009
0.01947949
0.02000180
0.02035543
0.02234524
0.02283946
0.02317182
0.02358756
0.02135351
0.02092982
0.02155721
0.02276275
0.02285013
0.02536346
0.01755884
0.01884647
0.02308313
0.02351016
0.02122018
0.02177606
0.02147444
0.02132488
0.02110045
0.02534215
0.02254207
0.02407719
0.02081725
0.02358469
0.02198228
0.02531321
0.02278028
0.02388911
0.02086065
0.01905899
0.01948116
0.02265900
0.01905610
0.02331924
0.02229163
0.02236064
0.01832833
0.02230712
0.02093754
0.02066876
0.02249162
0.02175935
0.02174530
0.01897545
0.02515339
0.02232098
0.02046685
0.02105112
0.02077450
0.02151349
0.01882925
0.02077737
0.02568901
0.02083615
0.02430489
0.01959787
0.02085980
0.01964893
0.01912177
0.02176245
0.02064865
0.02142228
0.01895517
0.01936655
0.02453283
0.01983196
0.02107712
0.02350819
0.02127524
0.02087439
0.02450847
0.01985169
0.01852207
0.02083415
0.02056336
0.02436730
0.02001590
0.02070913
0.02308672
0.02206444
0.02146329
0.02222836
0.02476218
0.02379563
0.01903564
0.02270162
0.02166466
0.02004256
0.02146455
0.02363145
0.02009418
0.02046050
0.02195231
0.02257892
0.02339300
0.02302997
0.02438689
0.02244398
0.01993437
0.02032559
0.02058044
0.01847118
0.02187222
0.02136914
0.02321917
0.02415187
0.02180108
0.01971977
0.02363202
0.02398620
0.02154782
0.02064068
0.02055791
0.02144118
0.02174151
0.02050278
0.02195597
0.01924395
0.02100233
0.01992732
0.01975592
0.01956518
0.02097421
0.02531913
0.02017973
0.02043557
0.02107459
0.02187504
0.02203311
0.02186106
0.02135628
0.01722372
0.02061489
0.02066610
0.02327459
0.02165155
0.02345180
0.02132758
0.02176498
0.02497205
0.02075784
0.02211792
0.02273333
0.02241956
0.02296533
0.01901811
0.01971012
0.02340801
0.01984664
0.02420873
0.02131559
0.02176673
0.02145933
0.01975991
0.02023545
0.02371316
0.02519249
0.02062547
0.01818705
0.02367358
0.01916501
0.02225049
0.01999195
0.02171560
0.02112654
0.02166718
0.02085773
0.02492025
0.01863290
0.02054761
0.02321763
0.02018657
0.01988190
0.02166390
0.02238077
0.01982314
0.02253861
0.01993082
0.01987129
0.02018624
0.01924381
0.01963798
0.02456617
0.02080003
0.02327582
0.02219595
0.02180038
0.02524383
0.02408692
0.02241905
0.01975653
0.02133514
0.02173964
0.02337362
0.02159252
0.02292720
0.02446090
0.02115176
0.02214151
0.02114070
0.02333383
0.01822767
0.01961441
0.02068415
0.02088619
0.02032351
0.02005104
0.02376823
0.02082341
0.02238581
0.02111098
0.01902223
0.02122418
0.02303159
0.02065176
0.02025672
0.02314311
0.02122889
0.02040035
0.02405451
0.02008500
0.01884687
0.02632459
0.02162579
0.02006729
0.02264863
0.02166301
0.01865289
0.02363863
0.02739763
0.02349867
0.01956148
0.02043628
0.02055450
0.02161428
0.02203602
0.02009044
0.02317400
0.02165979
0.02164317
0.02076445
0.02236794
0.02252491
0.02326184
0.02133817
0.02027899
0.02071961
0.02320440
0.02038857
0.02525331
0.02089689
0.01971801
0.02141044
0.02144008
0.02103311
0.02163807
0.02162007
0.02082682
0.02450732
0.02347847
0.02034412
0.02007749
0.02145187
0.01951647
0.02118125
0.01967313
0.01893843
0.02011187
0.02432887
0.02311236
0.02247319
0.02014739
0.02027014
0.02034359
0.01958645
0.02174513
0.02137950
0.01956583
0.01915245
0.02334128
0.02079228
0.01964704
0.02157155
0.02138536
0.02181558
0.02079226
0.02125178
0.02035281
0.02271596
0.02298361
0.02088995
0.02412555
0.02189758
0.01971843
0.02317870
0.02150401
0.02132623
0.02074223
0.01953797
0.02061491
0.02187250
0.02462541
0.02163341