0.01747450
0.01730528
0.01916484
0.01779356
0.01780885
0.02168668
0.02393692
0.02172723
0.01842227
0.01870383
0.01886608
0.01837945
0.01880270
0.01798127
0.02227548
0.01966780
0.01945081
0.01726159
0.01817773
0.01724341
0.01831446
0.01944915
0.01726296
0.02147445
0.01870100
0.02100545
0.01891247
0.01779584
0.01884835
0.01856985
0.02035899
0.01802104
0.02060016
0.01745444
0.01726952
0.02005474
0.01598167
0.01786028
0.01735267
0.02078224
0.01760185
0.02223612
0.01745164
0.02082294
0.01745771
0.01873223
0.01846703
0.02037785
0.02052849
0.01887610
0.01661408
0.02005716
0.01994007
0.01758871
0.01604412
0.01636517
0.02085152
0.01828863
0.01851146
0.02108902
0.02056917
0.02135443
0.01771032
0.01947602
0.01789191
0.01980811
0.01943369
0.02057237
0.02005118
0.01870095
0.01790720
0.01957232
0.01849985
0.02118777
0.02170345
0.02084691
0.01693523
0.01821659
0.02189063
0.01905341
0.01765627
0.01814350
0.02063459
0.02251793
0.01871910
0.01792501
0.02080834
0.01991397
0.01627841
0.01833059
0.01901758
0.01829576
0.02138619
0.01846679
0.02078002
0.01838878
0.02124544
0.01929164
0.01812730
0.02182026
0.02062153
0.01844618
0.01811093
0.02281149
0.01871526
0.01950018
0.01948557
0.02013996
0.01907104
0.02078557
0.01692833
0.01749877
0.02185312
0.01795958
0.02008200
0.01735634
0.01935656
0.01823928
0.01805793
0.01800372
0.01813467
0.01806907
0.01803137
0.01899172
0.02378529
0.01870285
0.01854186
0.01877805
0.02158906
0.01941164
0.02041814
0.01946116
0.02105525
0.01739188
0.02057731
0.02630855
0.01894671
0.02061467
0.01808548
0.01818102
0.01870152
0.02127507
0.02081313
0.01736210
0.01679764
0.02134620
0.01761127
0.01798783
0.01840401
0.01710812
0.01872638
0.01972625
0.01825191
0.01774244
0.01936563
0.02009154
0.02423633
0.01867087
0.01732836
0.02239065
0.01639189
0.01855715
0.02081383
0.01873849
0.02270720
0.01906139
0.01798733
0.01798569
0.01865249
0.01945262
0.01803927
0.01868178
0.02379180
0.01943052
0.02006503
0.02021399
0.02044909
0.01904178
0.01774103
0.01755974
0.01773720
0.02022915
0.02019475
0.02168558
0.02131026
0.01937996
0.01996684
0.02070521
0.02033943
0.02182572
0.01897957
0.01803504
0.01904542
0.02002799
0.02004643
0.01991857
0.02406705
0.01913123
0.01789208
0.01740701
0.01947491
0.01596402
0.01875652
0.01989534
0.02007744
0.01866009
0.01907037
0.01871674
0.02003497
0.02003376
0.01887315
0.01847784
0.01837104
0.02202592
0.01825637
0.01864881
0.01872242
0.01972457
0.02097988
0.02191175
0.01695709
0.02152452
0.01935205
0.01986211
0.01792112
0.01805506
0.01989076
0.01944162
0.01883244
0.01957180
0.02011623
0.01783036
0.02044171
0.01666182
0.02040759
0.01837534
0.01691626
0.01757876
0.02014819
0.01773214
0.01875119
0.02013307
0.02003644
0.01782354
0.02088350
0.01618621
0.01914903
0.01862399
0.02063494
0.01810123
0.02113213
0.02160558
0.02202309
0.02113902
0.02035868
0.02086604
0.02010136
0.01911657
0.01738341
0.02380881
0.01916582
0.02153659
0.01894819
0.01915676
0.02196205
0.01938633
0.02182398
0.01681584
0.01728241
0.01710638
0.02265256
0.02008152
0.01895948
0.01708951
0.01721398
0.02158604
0.01771858
0.01729472
0.01666601
0.02040485
0.01910963
0.01940544
0.01859580
0.02196705
0.01853236
0.02021971
0.01859953
0.01869048
0.01993783
0.01720375
0.01826882
0.01905502
0.01996609
0.02050863
0.01831635
0.02100551
0.01837021
0.01905553
0.01822550
0.01838996
0.01757683
0.01937735
0.01943910
0.01957097
0.01825758
0.01971997
0.02299852
0.02163348
0.01881965
0.01986257
0.02032372
0.01730768
0.01887190
0.02338781
0.01829726
0.01861875
0.02040889
0.01842521
0.02072009
0.01886716
0.01692159
0.01738687
0.01863795
0.01778258
0.01859035
0.01839491
0.01897961
0.01778978
0.01835385
0.02014767
0.02103910
0.01878621
0.01669246
0.01832921
0.01817043
0.02017183
0.01954899
0.01828285
0.01844182
0.01708906
0.01824462
0.02021818
0.01914203
0.01918512
0.01845355
0.02518395
0.01877960
0.01951829
0.01840503
0.02085884
0.01994839
0.01780015
0.01845862
0.01898599
0.01661916
0.01853284
0.02281679
0.02102337
0.02185144
0.01711011
0.01733206
0.01822227
0.01763370
0.01781728
0.01770636
0.01819143
0.01978447
0.01865380
0.01733608
0.01824856
0.01626099
0.01861242
0.01816302
0.01736772
0.01947935
0.01665145
0.01946509
0.02103028
0.01773888
0.02043834
0.01915683
0.02023262
0.01924587
0.02058751
0.01940709
0.02000609
0.01843243
0.01856547
0.01719748
0.01898803
0.02214657
0.02009271
0.01655524
0.02068760
0.01907442
0.01908236
0.01874427
0.01863067
0.01945645
0.02299274
0.01787939
0.02069053
0.01884861
0.01986339
0.01895862
0.01826894
0.01902652
0.01716425
0.01924261
0.01869575
0.01761172
0.01783989
0.01873752
0.01615272
0.01787770
0.01884068
0.01672599
0.01882459
0.01773603
0.01848775
0.01841228
0.01740608
0.02084344
0.01882766
0.01871549
0.01940868
0.02258856
0.01939730
0.01870357
0.02022293
0.01686869
0.01906437
0.01892436
0.02479285
0.01748894
0.01850124
0.01729331
0.01885054
0.02067047
0.01952915
0.01746371
0.02146955
0.01879386
0.02084886
0.01776833
0.02073888
0.01962522
0.01822893
0.02133556
0.02070043
0.01782100
0.01768938
0.01765996
0.01858043
0.01824027
0.01962394
0.01781807
0.02050322
0.02051159
0.01791528
0.01727157
0.01752645
0.01785648
0.01854363
0.01949240
0.01809743
0.02160546
0.02036848
0.01845880
0.02079455
0.01824840
0.01707415
0.01930239
0.02045244
0.01969727
0.01764037
0.02017312
0.01895771
0.01858732
0.02035303
0.02149990
0.01760926
0.02129432
0.02147891
0.01948068
0.02187195
0.01784840
0.01974983
0.01992079
0.01847951
0.01781091
0.02117547
0.01806790
0.01858618
0.01922168
0.01695991
0.01970239
0.02028535
0.02022895
0.02005868