0.01787758
0.01676504
0.01502856
0.01801242
0.01908438
0.01928722
0.01925616
0.02398229
0.01972449
0.01757616
0.01643598
0.01864347
0.01917712
0.02060544
0.01768893
0.01774092
0.01998972
0.01896170
0.02189454
0.02275849
0.01894142
0.01950129
0.01801163
0.02375624
0.02135803
0.01813508
0.01883829
0.02022552
0.01886612
0.01936498
0.02296533
0.01740534
0.01651777
0.01900118
0.01663234
0.01949453
0.02088370
0.01647349
0.01954269
0.01734096
0.01691883
0.01833543
0.01866254
0.01750474
0.01911005
0.01777918
0.01806623
0.02063276
0.01838132
0.01969834
0.01894402
0.01757417
0.01833999
0.01905061
0.01788375
0.01781200
0.01750874
0.01731434
0.01998843
0.01662585
0.01995858
0.01843316
0.02177865
0.02163183
0.01998313
0.01816115
0.01965449
0.01833947
0.01995449
0.01989765
0.01721060
0.02184947
0.01756846
0.01750423
0.01705337
0.01846700
0.01822836
0.01801782
0.02053111
0.01964033
0.01908112
0.02021925
0.01978558
0.01792716
0.01837156
0.01963182
0.02130870
0.01842821
0.01743565
0.01829314
0.02005822
0.01805842
0.01789272
0.01811695
0.01923809
0.01903781
0.02008610
0.01912221
0.01933610
0.01828624
0.01961017
0.01836779
0.01836062
0.02080290
0.01850997
0.02090079
0.01706592
0.01778217
0.01819199
0.01823045
0.01819853
0.01853354
0.02264596
0.01868103
0.01797085
0.02038785
0.01946135
0.01737596
0.01824961
0.01838960
0.01974393
0.01868610
0.01984650
0.02143221
0.01733002
0.02177041
0.01965063
0.01822951
0.01965665
0.01774884
0.02510866
0.02169182
0.01813681
0.01775058
0.01794067
0.01692849
0.01673811
0.01846139
0.02181007
0.01869356
0.01823829
0.01757063
0.01782613
0.01636087
0.01964586
0.01819308
0.02035131
0.01977186
0.01858443
0.02113538
0.02181520
0.02045256
0.01914169
0.01720428
0.01913800
0.02027676
0.01793767
0.01873296
0.01917576
0.02266867
0.02266113
0.01807833
0.01884288
0.01789783
0.02082476
0.02069028
0.01917293
0.01935133
0.02056956
0.01972408
0.01970585
0.01694315
0.01599681
0.01798984
0.02072656
0.02175294
0.02133965
0.01996974
0.02258559
0.01751122
0.01793848
0.01867097
0.02033703
0.01829277
0.01586118
0.02337606
0.01894742
0.01999398
0.01910714
0.01689319
0.01939579
0.01786580
0.01911573
0.02205196
0.02218174
0.01967392
0.01742937
0.02277161
0.01715165
0.02085652
0.01635673
0.01787506
0.01848168
0.01745315
0.02275999
0.01837242
0.02005379
0.01837338
0.01918785
0.02061094
0.01873108
0.01853649
0.01798934
0.02187477
0.01866447
0.02070522
0.02037089
0.01705963
0.02031271
0.01881263
0.01806737
0.01811813
0.01850113
0.01910491
0.02084594
0.01865357
0.01753335
0.01846868
0.01913949
0.01931577
0.01890415
0.01759429
0.02090277
0.01710151
0.01999330
0.01887840
0.01918135
0.01983051
0.01776485
0.02059857
0.02163613
0.02069268
0.01864771
0.01941475
0.01722354
0.02061715
0.01898049
0.02016233
0.01891597
0.01900719
0.01660903
0.01988596
0.02298787
0.01719184
0.01710153
0.01989512
0.01709954
0.01724667
0.01892271
0.01814565
0.01883334
0.02018146
0.01778392
0.01855800
0.02601277
0.01843673
0.01903688
0.01854089
0.01899956
0.02260489
0.01666964
0.01936505
0.01841778
0.01722794
0.02113714
0.01942755
0.01778517
0.01905602
0.02099091
0.02304338
0.01828282
0.01885861
0.01878752
0.01988380
0.01821667
0.01892755
0.02073508
0.01846213
0.01840361
0.01795304
0.01887046
0.01750570
0.01847330
0.01851275
0.01926567
0.01954189
0.02033533
0.02091234
0.01949042
0.01848507
0.01693869
0.01879178
0.01952858
0.01806080
0.02074146
0.01917749
0.01825719
0.02033206
0.01679760
0.01731930
0.01918132
0.01981494
0.01681659
0.01697662
0.02021567
0.01585618
0.01845593
0.01884168
0.01742384
0.01635178
0.01833764
0.01950912
0.01925933
0.01740940
0.01957259
0.01685033
0.02048941
0.01923532
0.01555208
0.01898879
0.02003730
0.01662322
0.02195799
0.02010281
0.01824362
0.01711530
0.01814771
0.01766793
0.02165446
0.01739252
0.01631490
0.02258729
0.01971474
0.01939023
0.01788284
0.01847086
0.02058498
0.01723609
0.02060233
0.01854902
0.01880954
0.01760443
0.01968791
0.01772676
0.01825030
0.01781896
0.02003672
0.02250679
0.01837625
0.02049106
0.02105323
0.02044113
0.01757807
0.01970587
0.02070579
0.01659765
0.01746252
0.02110241
0.02178003
0.01889871
0.02000312
0.01953327
0.01946998
0.01871066
0.01794785
0.02070527
0.01988376
0.02199794
0.01881448
0.01651667
0.01578591
0.01876858
0.02000261
0.01719763
0.02072936
0.01992542
0.01806541
0.01698054
0.01991488
0.01811967
0.01868806
0.01695767
0.01793206
0.01766271
0.02057392
0.01807168
0.01739325
0.01772261
0.02294618
0.01896015
0.01852739
0.01833417
0.01779456
0.01899759
0.01916478
0.01774451
0.01781260
0.02069550
0.01909617
0.01925834
0.01832699
0.02295392
0.01727536
0.02007112
0.02039912
0.01594101
0.01898105
0.01878339
0.01865280
0.01831003
0.01666928
0.01696908
0.01918965
0.01918176
0.01921876
0.02158195
0.01786819
0.01795289
0.01711495
0.01714726
0.01988981
0.02086671
0.01918552
0.01978352
0.01923638
0.02014107
0.01742616
0.02048622
0.01986860
0.02039705
0.01684662
0.01825481
0.01893814
0.01899187
0.01971914
0.01779506
0.01786632
0.01779234
0.01958972
0.01887318
0.01614961
0.01829296
0.02167876
0.01896626
0.01898442
0.01919378
0.01741973
0.01957068
0.01709676
0.02172029
0.01717977
0.01726176
0.01942780
0.02099463
0.01794257
0.01895594
0.01642015
0.01929417
0.01983372
0.01873082
0.02133752
0.01823057
0.01984756
0.02008707
0.01928418
0.02100529
0.01837366
0.01793431
0.01819170
0.01820990
0.01605683
0.01655975
0.01827890
0.01721003
0.01908235
0.01791393
0.01718857
0.02334300
0.02053399
0.01754334
0.02184500
0.01908345
0.02259270
0.01929795
0.01963510
0.01646877
0.02032122
0.02159627
0.01849107
0.01867233