0.19905323
0.11265766
0.10788467
0.11753304
0.10210117
0.13287440
0.12976491
0.16630609
0.14398570
0.17033360
0.18193477
0.13756941
0.12993928
0.12466421
0.20086876
0.13677166
0.09918584
0.14459746
0.17727263
0.19572389
0.12886875
0.14091824
0.13212694
0.14064005
0.10312001
0.13222537
0.22827086
0.13671691
0.14149478
0.13906635
0.13111095
0.16590342
0.12835917
0.13058303
0.11523218
0.15036344
0.10375221
0.11777970
0.12289113
0.16521664
0.19518917
0.16257582
0.26061306
0.10110137
0.11794065
0.11238107
0.15662149
0.11030547
0.12013736
0.13553982
0.11952922
0.17755189
0.16537835
0.17588440
0.14122663
0.13491990
0.11747327
0.12226738
0.16315878
0.13314214
0.13326760
0.15537940
0.11513762
0.36989412
0.14822528
0.14230974
0.16220921
0.13559035
0.14958280
0.18838190
0.11741154
0.15552152
0.13982220
0.15660133
0.10652601
0.13021960
0.13937492
0.13107148
0.12548472
0.15740944
0.14067266
0.12985170
0.11826602
0.18446649
0.13857308
0.16197173
0.12856026
0.18428500
0.13455640
0.22442389
0.10912537
0.18828255
0.19162369
0.25765990
0.10990588
0.11036902
0.11130854
0.12269943
0.15308247
0.11155329
0.17419508
0.11706244
0.14997458
0.12366274
0.13530565
0.11134129
0.19341160
0.13576951
0.12841879
0.13719342
0.15092700
0.11226063
0.17122564
0.20563395
0.17561362
0.12327151
0.11148430
0.24388754
0.10191893
0.15760965
0.13841832
0.11729150
0.10830755
0.19701197
0.15682481
0.13154182
0.11994351
0.18728652
0.12503613
0.16226819
0.12514322
0.13949870
0.18377130
0.14317306
0.12717275
0.15040338
0.14287328
0.28308905
0.13161107
0.13040669
0.11844594
0.16848879
0.26386140
0.15217038
0.14255919
0.14516436
0.16062257
0.11259984
0.17353124
0.17306404
0.09859749
0.09828220
0.13220896
0.20240681
0.14789901
0.13735850
0.12777673
0.14691244
0.12441082
0.11683616
0.23432689
0.21056721
0.15595442
0.15536863
0.20309685
0.15153127
0.10475165
0.10627099
0.15210720
0.10673149
0.18673897
0.09401243
0.14040812
0.21685179
0.13479139
0.26132522
0.25773189
0.14052583
0.22511513
0.10445241
0.22050249
0.12433990
0.11528627
0.19048991
0.20264285
0.12299525
0.11174183
0.18046053
0.13231755
0.12181686
0.12385625
0.11295406
0.13294163
0.13303814
0.11608631
0.14096712
0.12154271
0.17036800
0.09405997
0.11516823
0.12018865
0.13041667
0.21662918
0.12286623
0.10948288
0.13077741
0.13876889
0.20160802
0.13048225
0.14740111
0.18961393
0.16477928
0.15146997
0.12637656
0.15222551
0.11893385
0.19228618
0.13877975
0.14253134
0.13557761
0.13549439
0.19175216
0.14001525
0.21811807
0.16950565
0.19005292
0.15563382
0.11929747
0.14017165
0.14835644
0.12853470
0.14955277
0.14396375
0.11430502
0.10223459
0.13466164
0.14234652
0.26466562
0.14370398
0.12113968
0.13489993
0.17455481
0.11139578
0.15295592
0.12698269
0.22853349
0.12667348
0.16013356
0.14507009
0.12667676
0.11385447
0.11513671
0.17580626
0.14264206
0.12545168
0.24956204
0.17822415
0.11338648
0.19600009
0.11509040
0.12733705
0.15745199
0.12988529
0.20100738
0.10924547
0.11738628
0.09740720
0.11560148
0.13629272
0.11439468
0.12021267
0.15186039
0.16062982
0.12024884
0.09619366
0.13703966
0.24975829
0.16302203
0.13955491
0.14624513
0.13616469
0.16590308
0.11364911
0.34537968
0.12517512
0.14434388
0.11944438
0.14207487
0.18881590
0.13223526
0.16922062
0.12176098
0.24504287
0.13096897
0.15139523
0.16967386
0.10797014
0.13198635
0.14891525
0.11312547
0.12800842
0.15917188
0.14666056
0.13795463
0.13436186
0.18582595
0.12779484
0.12912589
0.15772957
0.12086990
0.18109196
0.16064514
0.12442488
0.14924315
0.12854652
0.10711483
0.11938541
0.15494292
0.15634453
0.13762847
0.11979752
0.15010422
0.11012296
0.12067628
0.14828639
0.10113845
0.17206134
0.20751852
0.13305288
0.10508782
0.13124985
0.11903753
0.12821121
0.09620758
0.20343744
0.14568545
0.25889406
0.11770280
0.18480660
0.19140778
0.20332900
0.15593695
0.17173638
0.12003990
0.19317298
0.12538469
0.11784361
0.13766062
0.12873398
0.12873436
0.15295891
0.12399305
0.12387421
0.14167066
0.13185457
0.15414644
0.11305750
0.11145874
0.14240865
0.17178951
0.10873235
0.12605466
0.18050175
0.12460468
0.11649444
0.16560235
0.15403035
0.19632952
0.12132927
0.11395767
0.11929040
0.11564346
0.12545921
0.16778712
0.13377297
0.13211713
0.29075984
0.12299565
0.15665320
0.12029509
0.14002856
0.14308661
0.21050568
0.11515627
0.13376064
0.21313535
0.21284613
0.26439144
0.12553495
0.10805665
0.15695341
0.32681069
0.17031564
0.14886682
0.12875335
0.12523621
0.19276308
0.14119114
0.09637685
0.12258867
0.12965390
0.20753510
0.15215313
0.14623601
0.14611410
0.12483925
0.15791204
0.13608878
0.14722484
0.18320178
0.21191090
0.18513817
0.12917033
0.17056231
0.12630761
0.15411228
0.13768124
0.23709004
0.14675417
0.12409562
0.12730455
0.10369526
0.25130537
0.11052589
0.12039046
0.12702963
0.17169715
0.14581748
0.12906903
0.11228864
0.20208503
0.17539704
0.16593708
0.13692614
0.16729164
0.11961833
0.13351870
0.12804756
0.16788514
0.11945160
0.15450771
0.10881317
0.10055798
0.13107955
0.14598116
0.13207135
0.14909510
0.12094818
0.22967564
0.13529366
0.14452145
0.17476083
0.11797681
0.13476077
0.12502755
0.15528465
0.15583168
0.10882552
0.19583165
0.13609070
0.13751822
0.14113489
0.11189297
0.11606878
0.12976082
0.12043349
0.15257529
0.17826553
0.11718216
0.13621970
0.14524614
0.12501087
0.18015813
0.16188214
0.10934404
0.11624082
0.12293455
0.12636024
0.12113279
0.12926041
0.14521503
0.13400368
0.11318221
0.12778444
0.12051059
0.14576352
0.11680726
0.11951344
0.16502904
0.15832756
0.14339837
0.13582217
0.18466731
0.13852792
0.18220420
0.09778312
0.16514015
0.14308947
0.09927161
0.13006646