0.02147095
0.03142975
0.02220363
0.02841744
0.02528518
0.02434006
0.02332198
0.02280090
0.02275096
0.02348295
0.02182023
0.02340647
0.02185039
0.02093832
0.02311282
0.02151437
0.02553677
0.02552044
0.02136633
0.02642931
0.02371403
0.02347878
0.02561894
0.02304504
0.02460308
0.02477205
0.02216299
0.02622226
0.02591233
0.02186048
0.02465271
0.02211452
0.02100339
0.02302467
0.02367138
0.02296838
0.02065168
0.02329289
0.02389182
0.02676327
0.03080424
0.02427228
0.02621050
0.02217946
0.02317772
0.02139092
0.02447664
0.02530111
0.02303818
0.02509907
0.02443535
0.02394250
0.02331518
0.02407939
0.02179032
0.02432660
0.02160423
0.02323329
0.02421646
0.02220092
0.02275129
0.02406886
0.02447472
0.02649436
0.02361286
0.02422714
0.02193205
0.02130699
0.02223896
0.02258808
0.02502751
0.02722659
0.02274095
0.02606315
0.02257669
0.02279857
0.02415354
0.02506936
0.02099044
0.02176078
0.02304686
0.02361796
0.02242775
0.02258872
0.02298757
0.02174065
0.02655176
0.02538656
0.02376072
0.02269473
0.02229984
0.02630994
0.02503193
0.02308439
0.02583443
0.02223915
0.02273651
0.02492252
0.02265719
0.02315818
0.02414909
0.02373471
0.02321478
0.02274705
0.02356413
0.02262804
0.02096591
0.02455441
0.02243868
0.02076523
0.02382498
0.02467704
0.02482089
0.02450365
0.02248678
0.02193386
0.02152624
0.02442348
0.02389249
0.02352555
0.02146843
0.02378394
0.02208523
0.02558746
0.02720521
0.02200475
0.02048931
0.02139555
0.02577253
0.02683277
0.02174351
0.02588495
0.02155690
0.02782475
0.02363627
0.02206429
0.02220347
0.02411179
0.02337826
0.02185332
0.02670144
0.02240816
0.02910531
0.02827792
0.02389494
0.02197224
0.02507564
0.02542645
0.02441390
0.02195215
0.02974526
0.02354626
0.02362549
0.02381768
0.02345803
0.02765971
0.02236267
0.02324406
0.02168527
0.02332714
0.02559137
0.02243336
0.02607882
0.02385016
0.02256036
0.02368034
0.02413720
0.02738146
0.02330220
0.02214129
0.02262702
0.03520145
0.02157215
0.02261890
0.02384421
0.02101086
0.02520723
0.02533858
0.02342990
0.02819331
0.02442276
0.02052885
0.02173263
0.02368224
0.02348362
0.02284712
0.02222065
0.02235090
0.02423455
0.02596964
0.02398020
0.02389601
0.02372238
0.03059522
0.02182433
0.02451398
0.02238487
0.02312526
0.02335533
0.02442357
0.01988280
0.02274162
0.02266217
0.02418954
0.02102833
0.02160998
0.02469341
0.02161538
0.02222120
0.02284095
0.02352787
0.02511773
0.02151808
0.02414000
0.02141721
0.02350681
0.02397447
0.02468860
0.02437449
0.02497217
0.02103492
0.02167348
0.02769572
0.02301042
0.02489249
0.02455987
0.02310366
0.02403084
0.02289341
0.02323714
0.02286768
0.02318022
0.02111663
0.02419032
0.02529056
0.02375539
0.02244771
0.02172888
0.02550806
0.02384030
0.02201992
0.02833946
0.02229584
0.02292044
0.02704570
0.02318024
0.02212801
0.02328645
0.02152207
0.02142746
0.02297110
0.02642822
0.02296901
0.02438513
0.02703874
0.02254809
0.02521801
0.02224856
0.02059730
0.02431165
0.02351021
0.02326346
0.02339420
0.02347600
0.02808401
0.02587889
0.02501975
0.02191331
0.02508235
0.02375164
0.02593588
0.02280135
0.02230202
0.02241699
0.02404799
0.02359006
0.02198846
0.02349672
0.02291487
0.02356136
0.02265787
0.02301073
0.02833464
0.02316765
0.02273926
0.02301717
0.02459398
0.02167644
0.02546656
0.02386800
0.02241569
0.02418133
0.02239105
0.02228940
0.02452418
0.02656286
0.02283772
0.02573354
0.02356737
0.02626250
0.02169496
0.02380346
0.02250106
0.02037826
0.02121221
0.02268387
0.02095237
0.02665106
0.02262123
0.02383777
0.02213731
0.02175587
0.02307296
0.02419354
0.02477882
0.02484607
0.02465699
0.02531349
0.02050448
0.02353810
0.02447147
0.02346702
0.02574995
0.02278194
0.02364904
0.02416800
0.02266203
0.02094653
0.02264071
0.02089360
0.02399621
0.02356977
0.02373553
0.02215094
0.02182189
0.02298077
0.02389541
0.02252796
0.02152811
0.02327734
0.02464675
0.02481822
0.02414404
0.02218315
0.02441921
0.02145191
0.02384817
0.02341725
0.02253305
0.02191100
0.02287173
0.02341691
0.02127310
0.02274933
0.02155486
0.02346203
0.02254576
0.02243147
0.02242457
0.02332883
0.03691036
0.02283665
0.02421243
0.02275138
0.02597281
0.02811456
0.02231805
0.02282065
0.02179440
0.02368339
0.02179997
0.02223246
0.02172219
0.02377833
0.02351236
0.02324585
0.02691142
0.02458601
0.02194733
0.02466356
0.02290759
0.02944583
0.02270003
0.02637703
0.02297004
0.02317483
0.02520249
0.02298771
0.02325540
0.02328025
0.02451154
0.02204935
0.02767213
0.02391375
0.02123841
0.02173579
0.02181205
0.02313649
0.02085219
0.02478018
0.02503697
0.02255996
0.02485725
0.02109974
0.02133746
0.02317146
0.02855432
0.02188159
0.02362501
0.02350309
0.02154114
0.02495613
0.02171378
0.02322563
0.02513646
0.02829400
0.02104533
0.02143367
0.02252212
0.02306960
0.02397749
0.02040135
0.02256761
0.02901255
0.02320508
0.02230495
0.02506589
0.02031947
0.02519672
0.02205506
0.02228022
0.02446802
0.02677122
0.02180675
0.02232082
0.02526156
0.02184319
0.02543177
0.02383982
0.02331564
0.02188290
0.02755136
0.02478487
0.02459238
0.02047710
0.02182712
0.02175180
0.02213253
0.02189610
0.02227423
0.02415546
0.02339148
0.02418690
0.02364405
0.02321271
0.02122883
0.02173635
0.02312371
0.02440528
0.02448795
0.02211695
0.02204426
0.02196182
0.02201511
0.02234580
0.02828506
0.02485380
0.02446657
0.02463471
0.02475410
0.02559514
0.02319222
0.02621749
0.02269819
0.02263902
0.02174445
0.02255079
0.02242982
0.02240269
0.02309408
0.02431853
0.02322210
0.02234851
0.02120144
0.02206261
0.02143963
0.02477131
0.02595276
0.02197766
0.02082702
0.02636493
0.02281801
0.02307042
0.02277106
0.02258353
0.02327882
0.02199038
0.02274628
0.02539881
0.02880277