0.03350093
0.03572011
0.03705164
0.03429656
0.03360401
0.03517043
0.03157000
0.03486062
0.03417252
0.03473331
0.03593223
0.03678141
0.03416841
0.03555523
0.03257867
0.03608579
0.04649539
0.03261532
0.03916437
0.03301393
0.04130798
0.03718116
0.03692277
0.03585250
0.03538387
0.03832132
0.03274786
0.03752420
0.03323850
0.03603362
0.03768188
0.03587538
0.03522633
0.03702690
0.03521951
0.03702683
0.03462736
0.03306517
0.03395191
0.03529140
0.03733563
0.04029419
0.04038052
0.04020041
0.04194361
0.03405948
0.03369667
0.03375071
0.03901332
0.03304138
0.03277840
0.03533670
0.04011782
0.03656514
0.03289472
0.03608000
0.03637192
0.03463433
0.03661321
0.03208593
0.03662324
0.03616816
0.03236021
0.03237303
0.03474551
0.03486836
0.03533884
0.03499498
0.03483551
0.03593325
0.03515054
0.03951590
0.03600439
0.03486104
0.03475047
0.03369376
0.03672615
0.03608387
0.03568387
0.03469947
0.03578841
0.03852219
0.03380757
0.03597216
0.03693173
0.03728658
0.03280720
0.03449487
0.03543226
0.03452863
0.03310038
0.03537407
0.03413734
0.03743901
0.03524153
0.03765124
0.03453228
0.03477734
0.03574337
0.03688314
0.03407225
0.03508748
0.03457357
0.03506436
0.03557438
0.03793230
0.03175648
0.03854344
0.03568776
0.03512668
0.03500279
0.03839707
0.03499225
0.03516897
0.03572229
0.03363906
0.03494465
0.03818955
0.04913800
0.03650652
0.03436796
0.03428912
0.03555332
0.03158379
0.03316781
0.03288716
0.03320777
0.03392817
0.03318481
0.04249314
0.03777550
0.04148055
0.03313183
0.03545399
0.04066041
0.03518762
0.03449705
0.03611436
0.03887809
0.03380097
0.03550304
0.03217547
0.03417249
0.03370495
0.03677828
0.03511784
0.03512214
0.03934526
0.03536730
0.03573550
0.03285017
0.03777112
0.03351689
0.03096144
0.03688854
0.03334036
0.03527144
0.03387472
0.03395050
0.03355092
0.03421072
0.03350270
0.03645980
0.03377626
0.03206125
0.04960619
0.03570734
0.03520610
0.03614654
0.03585459
0.03633824
0.03860092
0.03906302
0.03352519
0.03706311
0.03509053
0.03562678
0.03540445
0.03656599
0.03414409
0.03411829
0.03852594
0.03721303
0.04874829
0.03483552
0.03371194
0.03548806
0.03659447
0.03418925
0.03478360
0.03272344
0.03869314
0.04320955
0.03343817
0.03706116
0.03418931
0.03496019
0.03568798
0.03678015
0.03512089
0.03617917
0.04024995
0.03567197
0.03353091
0.03484102
0.03801842
0.04252700
0.04012626
0.03727868
0.03509467
0.04116025
0.03456880
0.03619998
0.03666160
0.03579752
0.03414903
0.03285747
0.03495974
0.03555275
0.03427145
0.03518317
0.03518111
0.03457183
0.04233508
0.03791751
0.03643741
0.03294453
0.03227936
0.03383538
0.03485753
0.04043782
0.03524644
0.03726384
0.03733634
0.03334458
0.03631649
0.03368985
0.03475234
0.03665189
0.03918208
0.03626625
0.03410971
0.03763208
0.03204411
0.03664797
0.03749852
0.03419680
0.03400118
0.03346027
0.03514858
0.03556923
0.03280935
0.03495055
0.03212965
0.03489349
0.03986091
0.03537554
0.03356126
0.03279894
0.03910289
0.03475232
0.03859915
0.03442920
0.03633376
0.03732142
0.03526924
0.03343794
0.03733114
0.03827482
0.03765278
0.03711087
0.03447541
0.03422669
0.03530431
0.03477168
0.03476099
0.03349469
0.03652134
0.03260361
0.03754380
0.03480609
0.03530458
0.04009834
0.03786437
0.03800633
0.03686430
0.03292808
0.03515410
0.03450640
0.03288407
0.03273214
0.03874417
0.03365652
0.03719730
0.03447021
0.03724608
0.03214482
0.03591241
0.03472091
0.03621521
0.04658814
0.03360845
0.03605189
0.03222132
0.04581066
0.03567291
0.03549203
0.03417921
0.03520068
0.03515304
0.03924318
0.03408364
0.03828223
0.03197422
0.03468819
0.03370753
0.03488157
0.03369192
0.03786519
0.03368867
0.03499865
0.03366274
0.03199755
0.03505150
0.03491791
0.03644737
0.03766224
0.03511005
0.03786288
0.03731475
0.03510178
0.03274686
0.03399228
0.03387662
0.03496984
0.03558913
0.03466475
0.03770710
0.03270126
0.03077752
0.03339471
0.03528841
0.03437641
0.03531233
0.03413279
0.03477566
0.03984785
0.03417016
0.03313025
0.03666140
0.03349550
0.03669658
0.03465755
0.03595176
0.03791054
0.04736948
0.03703907
0.03468343
0.03482302
0.03565603
0.03991777
0.03223138
0.04177343
0.03664008
0.03577607
0.03581851
0.03473348
0.03319530
0.03549469
0.03861158
0.03346985
0.03245826
0.03500352
0.03753076
0.03945598
0.03336868
0.03275977
0.03776327
0.03821759
0.03763598
0.03663065
0.03460795
0.03534119
0.03437486
0.03221665
0.03775036
0.03406948
0.03820969
0.03726225
0.04190840
0.03234864
0.03361528
0.03278339
0.03276980
0.03998721
0.03968965
0.04026746
0.03380169
0.03499961
0.03440594
0.03709030
0.03393310
0.03645516
0.03414908
0.03979593
0.03431188
0.03462984
0.03648287
0.03429176
0.04097801
0.03854137
0.03741826
0.03438785
0.03240739
0.03571144
0.03736577
0.03410016
0.03501347
0.03369818
0.03668424
0.03552953
0.03420717
0.03240837
0.03378163
0.03799236
0.03635263
0.03856997
0.04896690
0.03503586
0.03492470
0.03468239
0.03476988
0.03862903
0.03986785
0.03437662
0.03595312
0.04105656
0.03235764
0.03736729
0.03641773
0.03702304
0.03646697
0.03612805
0.03669787
0.04339060
0.03315265
0.03400355
0.03522416
0.03628099
0.03501090
0.03445724
0.03637906
0.03516682
0.03559499
0.03587948
0.04125068
0.03410629
0.03395112
0.04048852
0.03699603
0.03452230
0.03352135
0.03635792
0.03694577
0.03500146
0.03334463
0.03780346
0.03951552
0.03560254
0.03655777
0.03852517
0.03774202
0.03517742
0.03723275
0.03400661
0.03624001
0.03444681
0.03633012
0.03532612
0.03418399
0.03259742
0.03622656
0.03484323
0.04161309
0.03267546
0.03636798
0.03634110
0.03406445
0.03398176
0.03392093
0.03879135
0.03480218
0.03587203
0.03508310
0.03499737
0.03504681
0.03324656
0.03292258
0.03329377
0.04093562