0.07061745
0.06503827
0.06415580
0.06984570
0.06306211
0.06450236
0.06812471
0.06452931
0.06524795
0.06745027
0.06302415
0.06338206
0.07035919
0.06656626
0.06914039
0.06836711
0.06320745
0.07240732
0.06324039
0.06636499
0.06685817
0.06520380
0.05983605
0.06174516
0.07336995
0.06493724
0.06452265
0.07026635
0.06775626
0.06554821
0.06198628
0.06514042
0.06462357
0.07228012
0.06944729
0.07085641
0.06377615
0.07548602
0.06410064
0.06610368
0.06298480
0.06667830
0.06469123
0.06552994
0.07587816
0.06708231
0.08135410
0.06639318
0.05861137
0.06369153
0.06863282
0.06470865
0.06214113
0.06527355
0.06137324
0.05927365
0.06868166
0.06434778
0.06805585
0.06625920
0.06575960
0.06622901
0.06231841
0.06809410
0.06006734
0.06191195
0.06591938
0.08852428
0.06780043
0.06567476
0.07278474
0.07105327
0.06823659
0.06745145
0.06676393
0.06240319
0.06290755
0.07470238
0.06533374
0.06046312
0.06931212
0.06531895
0.06659257
0.07205915
0.07767086
0.06644757
0.05868995
0.06189530
0.06696863
0.06204204
0.06277997
0.06393246
0.06820741
0.06701562
0.07288626
0.06646283
0.07276092
0.06401494
0.06137958
0.06144510
0.06340283
0.06410888
0.06997451
0.06270232
0.06523891
0.07003178
0.06758329
0.06514412
0.06362739
0.06300106
0.07058182
0.06308846
0.06499592
0.06084539
0.06690309
0.06391094
0.08255729
0.07031905
0.06171948
0.06393562
0.06617553
0.06313093
0.06649210
0.06083992
0.06237783
0.06200413
0.06560213
0.05915664
0.07356716
0.06214477
0.07451983
0.08230751
0.06231788
0.06539588
0.06298219
0.07476678
0.06352919
0.06942715
0.05865101
0.05936781
0.06461773
0.06773293
0.06403856
0.05822176
0.06557163
0.06480437
0.07442250
0.07047982
0.06115338
0.06422161
0.06158340
0.06554493
0.07101846
0.06941816
0.07259905
0.06503564
0.07252896
0.06442596
0.08435166
0.06914902
0.06569618
0.07150022
0.06205016
0.07156301
0.07055557
0.06806135
0.07048356
0.06740320
0.06565250
0.06111763
0.06477640
0.06033553
0.06299864
0.09234731
0.07001843
0.06683971
0.06602767
0.06735273
0.06260312
0.06736581
0.06260208
0.06808166
0.06511478
0.06834805
0.06592943
0.06415063
0.06554222
0.06569966
0.06290657
0.06430917
0.06407858
0.06396043
0.06365112
0.06332092
0.06895773
0.07480057
0.05912075
0.05942942
0.06365561
0.06428890
0.06568155
0.06096872
0.06567649
0.07195593
0.06531867
0.06858544
0.06575613
0.06825202
0.06032884
0.07782252
0.06712425
0.06576055
0.07385547
0.06299531
0.06479100
0.06643004
0.06252015
0.06796299
0.06992485
0.07615494
0.09076454
0.06564336
0.06838209
0.07121633
0.06520358
0.06618973
0.05810464
0.07210013
0.06712900
0.06494393
0.06444006
0.07152263
0.06518342
0.06444572
0.06251132
0.06941270
0.06484127
0.06085393
0.06713999
0.06597109
0.06650232
0.06570634
0.07665659
0.06318849
0.06545583
0.06528840
0.06277376
0.06138600
0.06833790
0.08023431
0.07731484
0.05981442
0.06305079
0.06658752
0.06730722
0.06489361
0.06445539
0.06074594
0.06200935
0.06399458
0.06480589
0.06784979
0.06454182
0.05787362
0.06322778
0.06337576
0.06236152
0.06193291
0.05896777
0.06450728
0.06291879
0.06428469
0.06445809
0.06896129
0.06399156
0.07608532
0.06264225
0.06388628
0.07116863
0.06798681
0.06478134
0.06619723
0.06599027
0.06755281
0.06809232
0.06526755
0.06400811
0.06566350
0.06031059
0.07163314
0.06387436
0.06746349
0.06514983
0.08720028
0.06042838
0.09478245
0.05910102
0.07983171
0.07479685
0.07409088
0.06441346
0.05929975
0.06112489
0.06228942
0.07618049
0.07000810
0.06656311
0.06254715
0.07075081
0.07037486
0.06324304
0.06418317
0.07775801
0.06622152
0.06400994
0.06173656
0.06485803
0.06176702
0.06702266
0.06974351
0.06860761
0.07050864
0.06270234
0.06577551
0.06596422
0.06995558
0.06080766
0.07258812
0.07648911
0.07021466
0.06066666
0.07233787
0.06155484
0.07065512
0.06365398
0.06766198
0.05917764
0.07244957
0.06610188
0.06784005
0.07225540
0.06369769
0.06983005
0.06440399
0.06262496
0.06990326
0.07685618
0.06266070
0.05887953
0.06681871
0.06912562
0.06133755
0.06311986
0.06563586
0.05992518
0.06050298
0.06935378
0.06068448
0.06464570
0.06697049
0.06711870
0.06675819
0.06802896
0.06626546
0.06087394
0.05918578
0.07148828
0.07103634
0.07292324
0.06951483
0.07022086
0.06721308
0.06934246
0.06530421
0.06195864
0.06523271
0.06085814
0.05788553
0.06189027
0.06311516
0.06687613
0.06263779
0.06387524
0.06423331
0.06378335
0.06698018
0.07416631
0.06426938
0.06912082
0.06821075
0.06150546
0.06634651
0.06725082
0.06384596
0.06400205
0.06390750
0.06438616
0.06064510
0.06785637
0.06620633
0.06372375
0.07516984
0.06188304
0.06561073
0.07246121
0.06510591
0.06396629
0.07168359
0.05921063
0.07378185
0.06132733
0.06968792
0.06310727
0.06133974
0.06337843
0.06614086
0.06297860
0.06269609
0.06549749
0.06520805
0.07125268
0.06334540
0.06869924
0.08139716
0.06315220
0.07925907
0.06526257
0.07117722
0.06201011
0.06098824
0.06705423
0.07973823
0.06208593
0.07363142
0.06638514
0.05979694
0.06777445
0.05956011
0.06456739
0.06507782
0.06452204
0.06378476
0.06228640
0.06585127
0.06419684
0.06843878
0.07876557
0.06093468
0.06924010
0.07004467
0.06805319
0.06456102
0.06563443
0.06643883
0.06154048
0.06881556
0.06227193
0.06421756
0.07107370
0.05985783
0.06189689
0.06610002
0.07096261
0.06186668
0.06293499
0.06315789
0.06388615
0.06210022
0.06861924
0.06213576
0.06145131
0.06967841
0.06154568
0.07304994
0.07101742
0.06560228
0.06002996
0.06481335
0.06008155
0.07247703
0.06723424
0.06794454
0.06130461
0.06084091
0.06275082
0.06087148
0.06347094
0.06558434
0.06954922
0.06008260
0.06275259
0.06529185
0.06737868
0.07305695
0.06302268
0.06287244
0.06452386
0.07592342
0.06608302
0.06419055