0.07029453
0.06558639
0.06573151
0.07317331
0.06889833
0.07210778
0.07862123
0.08021915
0.06734381
0.06479696
0.07479967
0.06310691
0.06603991
0.06330779
0.07301587
0.07133166
0.07930537
0.07465895
0.06351097
0.07129293
0.06432636
0.06290545
0.06717177
0.06088139
0.06809249
0.06508819
0.06924838
0.06811174
0.06950216
0.08323502
0.12676087
0.06687666
0.07014734
0.06754838
0.07348679
0.06352449
0.06153648
0.06484521
0.06385517
0.06624191
0.06414626
0.06578248
0.07176959
0.07780336
0.06773199
0.06939809
0.06945678
0.06250376
0.06455522
0.08038906
0.07434689
0.07175041
0.06854127
0.06909880
0.08277906
0.07010310
0.05779148
0.06089823
0.06705202
0.06185965
0.06925969
0.07291567
0.06928137
0.07258994
0.07433038
0.07646796
0.06767201
0.06837445
0.06370223
0.06772765
0.06027391
0.06726396
0.08669391
0.07275534
0.06879167
0.06791575
0.06691215
0.06611539
0.06631054
0.06664571
0.07392213
0.06412364
0.06766081
0.07814029
0.07210755
0.07976940
0.06491240
0.07576815
0.07620743
0.07924354
0.06871703
0.06656488
0.06878483
0.06799439
0.06950584
0.07337565
0.07301513
0.06797542
0.06984595
0.07035128
0.06638560
0.07289555
0.06255349
0.07285372
0.06476192
0.06573206
0.06807109
0.06618463
0.06369113
0.07530071
0.07000103
0.06679728
0.06978196
0.07956353
0.07773071
0.07008547
0.06487690
0.06464296
0.07389821
0.06884923
0.06380132
0.06991583
0.06829657
0.07206800
0.06550354
0.07620220
0.07977504
0.06419688
0.06936932
0.07522342
0.06276363
0.06971209
0.06897722
0.07496311
0.07166287
0.06418573
0.06728351
0.07822374
0.07361102
0.07474269
0.06420595
0.06721602
0.06784231
0.06365179
0.06821654
0.06704019
0.06470693
0.06971871
0.07120981
0.06456290
0.06896236
0.07249354
0.06710258
0.06343792
0.07291295
0.07715287
0.06903762
0.06624828
0.06524883
0.06193097
0.06515837
0.06685008
0.07422599
0.06567996
0.08235038
0.06472977
0.07001294
0.05950375
0.06414722
0.06660972
0.06576255
0.08034033
0.06630072
0.06510154
0.06495649
0.06243567
0.06782260
0.06532426
0.06515757
0.06780384
0.06645456
0.06386779
0.07377475
0.06731950
0.06674891
0.06368849
0.07168450
0.06774289
0.06557676
0.06449564
0.07088362
0.06811697
0.06962720
0.06433187
0.06902645
0.07580071
0.07130364
0.07611243
0.06097015
0.07268797
0.06713195
0.07062122
0.06911798
0.06964957
0.07664011
0.06963382
0.06960435
0.06776029
0.07855921
0.07453793
0.07084748
0.07004659
0.06514894
0.07066790
0.07762107
0.08427910
0.07838252
0.06288369
0.07127153
0.06345689
0.06445514
0.06604419
0.08267568
0.07899861
0.06751177
0.07136149
0.06722514
0.06605247
0.08860126
0.06776999
0.06386196
0.07910098
0.07794019
0.07067203
0.07166235
0.06492080
0.06634917
0.06171380
0.06867983
0.06656512
0.06817421
0.06625307
0.07603502
0.06531834
0.07583930
0.06342509
0.07590649
0.06498790
0.06811605
0.06412056
0.06908137
0.06317535
0.07745393
0.07108201
0.07225682
0.07064830
0.06620103
0.07145650
0.06794472
0.07193935
0.06596012
0.06769034
0.07086705
0.07276992
0.07124805
0.06725274
0.06358116
0.07153987
0.06886291
0.06686148
0.06789510
0.06813082
0.06598703
0.06460357
0.06558474
0.06221379
0.07118970
0.07079183
0.06950359
0.07296890
0.06475144
0.06857268
0.07071941
0.07593405
0.07865060
0.07535367
0.06930991
0.07060865
0.05942660
0.06293652
0.06818453
0.07491270
0.08057084
0.07210230
0.07318630
0.06917898
0.07605756
0.07268954
0.07216035
0.06803872
0.06730878
0.06874891
0.06522528
0.06900774
0.06184875
0.07742528
0.06841711
0.06751069
0.06432443
0.07129120
0.07737356
0.06953103
0.07290239
0.06419066
0.07583627
0.06414897
0.06348990
0.06859434
0.06935766
0.05851994
0.06871861
0.06520862
0.07258085
0.06378060
0.07520195
0.07046961
0.06913180
0.06788051
0.06233609
0.07241834
0.07433818
0.06315747
0.07027544
0.07624429
0.06720761
0.06786938
0.06296636
0.08008936
0.06441247
0.06567686
0.07086222
0.06706054
0.06081853
0.06777565
0.06498571
0.06798745
0.06626531
0.06143357
0.06643428
0.06313791
0.07152290
0.07804073
0.06694285
0.06802365
0.06382839
0.06647956
0.06386520
0.07477823
0.06818509
0.06351492
0.07098915
0.08111972
0.06609154
0.07352618
0.08864658
0.06764725
0.07109495
0.06657988
0.08424960
0.07278115
0.06558661
0.08222335
0.07743963
0.07026230
0.06494470
0.07180233
0.08751506
0.08616916
0.06707208
0.06830008
0.08676895
0.07161162
0.06812009
0.07122445
0.07155395
0.07367429
0.07764552
0.07038929
0.06885871
0.06775242
0.07497679
0.06962285
0.07579331
0.07611567
0.06743151
0.06733869
0.06266806
0.06534683
0.06526125
0.07204220
0.06652168
0.06652455
0.07238333
0.06842547
0.08336637
0.06657771
0.07520020
0.06628426
0.06607606
0.06726304
0.08328771
0.07261565
0.06597533
0.07659880
0.07249654
0.06559077
0.06185447
0.08668740
0.06912854
0.06422034
0.06727837
0.07104569
0.07999120
0.06824162
0.06493141
0.09931806
0.06798348
0.06805469
0.06816392
0.12165847
0.07301498
0.06494595
0.06261590
0.06603288
0.10280002
0.06685562
0.05992436
0.06428757
0.06487824
0.06707037
0.07644258
0.07532289
0.06755219
0.06848516
0.07252834
0.06853719
0.06427791
0.07019758
0.08415173
0.06735357
0.07136408
0.06713696
0.07295413
0.05898099
0.06813752
0.07004236
0.07129946
0.06770796
0.06477507
0.06592017
0.07427812
0.06805343
0.06921733
0.06662688
0.06649111
0.06840981
0.06267548
0.06358335
0.06892064
0.06657785
0.07008388
0.06593358
0.06778826
0.07481165
0.06976679
0.06473771
0.07254654
0.06538268
0.07483920
0.07388845
0.06305262
0.07061266
0.08068150
0.06751893
0.05872438
0.07210790
0.06566637
0.07467271
0.08230484
0.06490524
0.06347769
0.06614060
0.08369402
0.07982679
0.06519138
0.07390421
0.08407417
0.07268757
0.06941159
0.07606211