0.00465060
0.00592546
0.00458002
0.00696848
0.00925108
0.00459483
0.00412721
0.00543575
0.00411367
0.00614906
0.00592557
0.00717212
0.00381847
0.00455271
0.00478405
0.00518653
0.00552722
0.00739297
0.00689038
0.00598511
0.00382499
0.00616730
0.00509204
0.00651190
0.00476362
0.00668737
0.00704582
0.00500144
0.00443624
0.00496589
0.00456199
0.00370871
0.00433642
0.00616841
0.00525056
0.00513454
0.00459401
0.00480791
0.00537763
0.00594203
0.00389167
0.00423128
0.00461415
0.00492783
0.00472829
0.00531191
0.00601813
0.00557965
0.00715842
0.00373333
0.00486675
0.00511587
0.00478432
0.00948444
0.00603944
0.00500441
0.00408876
0.00891871
0.00553244
0.00510610
0.00384034
0.00571746
0.00828309
0.00386777
0.00520519
0.00538555
0.00444382
0.00450382
0.00720024
0.00539559
0.00450708
0.00444943
0.00747607
0.00433774
0.01106402
0.00697915
0.00540702
0.00842603
0.00626476
0.00412480
0.00668258
0.00602181
0.00394814
0.00882023
0.00444092
0.00846963
0.00539589
0.00731403
0.00441057
0.00461845
0.00621430
0.00680465
0.00531195
0.00433547
0.00719489
0.00547597
0.00478639
0.00910322
0.00488255
0.00676211
0.00389236
0.00552038
0.00501326
0.00733325
0.00907075
0.00605899
0.00504515
0.00650811
0.00566113
0.00441439
0.00508540
0.00482905
0.00380760
0.00398876
0.00501624
0.00559449
0.00583535
0.00988971
0.00336262
0.00447165
0.00712159
0.00362043
0.00448273
0.00663504
0.00424270
0.00556230
0.00359067
0.00525686
0.00587219
0.00988397
0.00359321
0.00502809
0.00477184
0.00549578
0.00467810
0.00579808
0.00570111
0.00537601
0.00572423
0.00442053
0.00837064
0.00703023
0.00406918
0.00450346
0.00515764
0.00522823
0.00601676
0.00429450
0.00505544
0.00406973
0.00390489
0.00436016
0.00440043
0.00581023
0.00470573
0.00517709
0.00513803
0.00562676
0.00396991
0.00655758
0.01227120
0.00564462
0.00561689
0.00564028
0.00591704
0.00363705
0.00507651
0.00500322
0.00410607
0.00654698
0.00397424
0.00433157
0.00538564
0.00762989
0.00453391
0.00403013
0.00426739
0.00551964
0.00492435
0.00822956
0.00550327
0.00380482
0.00399933
0.00770064
0.00617693
0.00609080
0.00676877
0.00436171
0.00397791
0.00655478
0.00425819
0.00758186
0.00434563
0.00566436
0.00348795
0.00814775
0.00406191
0.01110998
0.00595611
0.00517945
0.00431359
0.00648865
0.00692208
0.00681817
0.00445810
0.01137811
0.00892310
0.00518184
0.00458530
0.00363075
0.00471253
0.00551547
0.00429533
0.00480722
0.00415878
0.01422941
0.00634086
0.00495458
0.00722121
0.00911517
0.00648219
0.00538192
0.00491660
0.00521902
0.00434945
0.00372963
0.00381327
0.00534762
0.00426485
0.01063499
0.00642609
0.00439995
0.00466308
0.00513568
0.00653585
0.00542319
0.00558342
0.00911400
0.00539580
0.00496432
0.00387149
0.00449474
0.00384987
0.00618943
0.00335471
0.00423746
0.00415334
0.00434171
0.00353640
0.00542624
0.00474534
0.00506261
0.00505725
0.00464109
0.00406543
0.00502072
0.00362979
0.00479229
0.00491375
0.00579487
0.00704463
0.00552256
0.00895049
0.00413069
0.00526477
0.00668055
0.00527724
0.01128109
0.00541257
0.00480100
0.00410815
0.00509315
0.00427598
0.00444752
0.00408906
0.00831473
0.00477587
0.00381532
0.00426608
0.00310094
0.00562655
0.00428095
0.00483480
0.00366967
0.00545715
0.00670617
0.00512773
0.00611900
0.00695281
0.00454418
0.00429848
0.00366339
0.00748382
0.00730850
0.00384774
0.00636143
0.00493470
0.00487969
0.00424268
0.00638368
0.00607175
0.01383728
0.00594475
0.00382751
0.00646444
0.00393922
0.00501866
0.00467851
0.00818708
0.00745144
0.00534272
0.00427450
0.00455226
0.00505186
0.00405376
0.00603494
0.00503807
0.00427058
0.00426692
0.00550077
0.00572919
0.00553375
0.00416571
0.00349552
0.00434543
0.00484178
0.00541779
0.00436743
0.00467316
0.00538994
0.00495822
0.00620288
0.00420932
0.00532080
0.00818199
0.00448852
0.00405067
0.00444453
0.00445481
0.00685512
0.00449262
0.00344584
0.00428304
0.00611902
0.00675223
0.00497506
0.00442923
0.00521644
0.00570333
0.00446346
0.00647565
0.00348276
0.00902465
0.00819869
0.00645520
0.00757199
0.00458747
0.00524122
0.00345780
0.00366410
0.00360931
0.00772334
0.00467292
0.00433913
0.00656300
0.00413656
0.00454249
0.00519597
0.00442613
0.00545380
0.00348015
0.00876296
0.00533677
0.00619595
0.00586006
0.00429106
0.00834406
0.00412136
0.00414424
0.00513892
0.00336345
0.00371368
0.00812793
0.00444894
0.00414889
0.00457741
0.00422301
0.00741922
0.00359134
0.00502005
0.00487290
0.00470897
0.00450807
0.00418843
0.00432604
0.00469447
0.00372853
0.00465413
0.00469172
0.00400093
0.00468411
0.00710095
0.00508826
0.00680532
0.00600162
0.00727545
0.00392515
0.00606504
0.00558107
0.00503717
0.00544970
0.00516848
0.00625989
0.00425631
0.00752455
0.00617681
0.00720493
0.00407660
0.00347311
0.00398577
0.00619854
0.00713007
0.00511423
0.00405636
0.00622057
0.00581092
0.00548488
0.00401096
0.00702819
0.00492516
0.00715953
0.00575578
0.00372849
0.00519786
0.00352067
0.00638787
0.00426491
0.00423802
0.00514571
0.00500698
0.00607151
0.00664856
0.00451642
0.00619850
0.00509683
0.00428637
0.00513025
0.00448090
0.00567855
0.00453987
0.00411403
0.00482807
0.00423229
0.00812993
0.00479076
0.00523521
0.00477302
0.00453164
0.00631623
0.00455754
0.00602286
0.00471596
0.00458601
0.00723123
0.00414774
0.00432889
0.00651884
0.00518576
0.00642597
0.00488658
0.00491343
0.00685381
0.00461823
0.00623863
0.00493500
0.00526452
0.00335272
0.00315722
0.00777900
0.00435147
0.00396625
0.00554306
0.00463232
0.00599416
0.00689137
0.00455584
0.00768199
0.00451128
0.00386321
0.00489477
0.00608597
0.00490333
0.00686732
0.00631206
0.00773131
0.00450264
0.00504629
0.00460143
0.00546348
0.00754828