0.00959726
0.01561881
0.00866437
0.00905611
0.00924020
0.00960096
0.00905596
0.01071760
0.00929883
0.01119051
0.00968755
0.00977653
0.01033183
0.01113607
0.01636384
0.00865863
0.01158992
0.01016814
0.00992119
0.00980506
0.00899354
0.01174814
0.00994725
0.00943587
0.01058461
0.01066385
0.01069790
0.00908125
0.01434320
0.01005826
0.00931418
0.00995533
0.01159053
0.01165673
0.00911134
0.00933724
0.01038807
0.00949538
0.01001884
0.01090156
0.00980461
0.01145121
0.01062262
0.01000088
0.00969694
0.00862175
0.01235164
0.00897958
0.01106372
0.01025479
0.01082734
0.01029737
0.01134115
0.01009811
0.01136159
0.00967138
0.00913719
0.01078038
0.01205295
0.01066219
0.01003155
0.00965855
0.01004819
0.00931503
0.00877106
0.00931078
0.00895155
0.00900504
0.00962705
0.00861733
0.00884781
0.00894783
0.00939251
0.00991217
0.00967569
0.00951304
0.00902525
0.01037477
0.01049636
0.00936473
0.00956590
0.00926143
0.00894071
0.01038990
0.01109557
0.00968653
0.00910898
0.00989107
0.01155969
0.01047875
0.01135558
0.00913375
0.00967388
0.00950413
0.01160564
0.01005707
0.01114505
0.01169534
0.01027544
0.00941270
0.01097756
0.01045381
0.00905145
0.01158057
0.00962961
0.01049850
0.01076300
0.01008889
0.01107234
0.01235600
0.00826701
0.01089925
0.01856117
0.00933152
0.00917889
0.01004265
0.00953373
0.00992089
0.00960523
0.00951398
0.00988941
0.01026046
0.01099558
0.01106298
0.00967191
0.01007512
0.00927352
0.01050308
0.00908813
0.01040688
0.01169596
0.00955660
0.00886212
0.01089630
0.00925396
0.01033028
0.01100810
0.00946956
0.01057619
0.01018292
0.00918421
0.00894956
0.00841615
0.01080427
0.00957266
0.01105914
0.00947929
0.00893868
0.01066319
0.01022688
0.00925085
0.00895748
0.01039772
0.00990291
0.01008828
0.00918456
0.00832187
0.00894668
0.00956351
0.00951741
0.01082707
0.00905873
0.00827413
0.01197883
0.00958400
0.00939743
0.01275015
0.01110413
0.00898814
0.01042612
0.00885203
0.00886612
0.00901168
0.00946346
0.01169797
0.01051935
0.00947861
0.01101150
0.01019524
0.00907911
0.01029789
0.01980451
0.00941804
0.00984871
0.01024992
0.00977356
0.01252109
0.00932651
0.00904900
0.00934376
0.01037031
0.00954914
0.01080824
0.00945589
0.00999443
0.00934409
0.00988285
0.00926998
0.01200808
0.01097100
0.00879797
0.01083684
0.00930912
0.00908468
0.00916257
0.00910515
0.00860155
0.00923967
0.00930347
0.01099149
0.01187608
0.01016415
0.01079055
0.01042608
0.00980563
0.01005730
0.01181815
0.01005888
0.01206541
0.01024298
0.01024118
0.01065418
0.01161947
0.00968888
0.00952831
0.01037393
0.00938713
0.00912954
0.01028523
0.01020417
0.00971806
0.00872500
0.00904551
0.00948278
0.01058990
0.01006943
0.01119474
0.00961016
0.00963126
0.01411146
0.00960378
0.00929072
0.00898912
0.01032657
0.00929368
0.00907370
0.00919739
0.00862736
0.00873800
0.01138162
0.01279725
0.00976444
0.00995903
0.01081396
0.00975848
0.00911037
0.01057850
0.01036412
0.00917644
0.00945728
0.00926425
0.00927905
0.00954759
0.00918445
0.00872341
0.01181074
0.00880050
0.01089540
0.01131549
0.01279488
0.00924914
0.00977670
0.00850593
0.00984582
0.01085680
0.00920666
0.01109831
0.00836561
0.00957063
0.00956772
0.00821594
0.00987695
0.01043132
0.01057418
0.01095364
0.01025176
0.00981740
0.00883410
0.00957780
0.01108496
0.01116069
0.00970700
0.00904509
0.01107715
0.00970072
0.00924448
0.01017176
0.00952331
0.01155294
0.00954027
0.01360083
0.01100324
0.00963898
0.00932061
0.00948809
0.00998723
0.00941817
0.01057434
0.01132551
0.01231627
0.01039836
0.01061887
0.01307991
0.00924253
0.00991609
0.00927972
0.00922965
0.01248957
0.00930879
0.00951016
0.01026980
0.01034597
0.01204216
0.00852043
0.00990708
0.00986084
0.01038931
0.01066194
0.01108004
0.01031193
0.00880067
0.00991288
0.00961456
0.01056986
0.01154309
0.01057894
0.00906956
0.00908858
0.01141640
0.01152629
0.00895687
0.01175384
0.00911200
0.00911483
0.01133419
0.01037329
0.01119627
0.01234361
0.01584278
0.01189455
0.00977978
0.01017144
0.01062389
0.00955097
0.01106617
0.01017500
0.01057495
0.00877298
0.01019530
0.00943602
0.00933527
0.01028656
0.00932580
0.00973353
0.01205037
0.00938788
0.01104603
0.01564183
0.00938863
0.00989095
0.00972545
0.00925687
0.01024429
0.00984719
0.00839026
0.00958530
0.00924420
0.00924799
0.00917755
0.00919373
0.01186582
0.00948393
0.01061428
0.00877121
0.00917979
0.00928140
0.00972439
0.00925691
0.01180566
0.00941117
0.00946745
0.00900751
0.01112847
0.00955695
0.01098893
0.00971357
0.00943497
0.00885999
0.00944542
0.00972330
0.01241497
0.00933591
0.00977741
0.01083593
0.01217948
0.00892194
0.00961093
0.01139638
0.01062065
0.00932690
0.01069105
0.01161437
0.00961488
0.01091542
0.01230921
0.01055260
0.01070437
0.00931403
0.01199486
0.00933358
0.01227046
0.01219460
0.01031426
0.00881200
0.01033805
0.00940230
0.00961511
0.00925265
0.00908456
0.00946411
0.01061198
0.01213290
0.00893330
0.01039495
0.00924522
0.00926036
0.01005537
0.00903371
0.00932057
0.01045650
0.01058774
0.01259578
0.00907206
0.01113443
0.01061374
0.01089066
0.00935257
0.01079977
0.01206264
0.00892418
0.00935827
0.01061626
0.01077399
0.01021801
0.00988414
0.00944975
0.00924229
0.01047170
0.01008001
0.00957995
0.01116324
0.01000068
0.00901269
0.00927865
0.01018376
0.00980960
0.00929152
0.00994749
0.01163811
0.01044165
0.00936047
0.00938695
0.01195276
0.00885748
0.00974888
0.00930602
0.00860458
0.00987454
0.01180495
0.00945165
0.00899609
0.01095128
0.00893781
0.01047219
0.01134160
0.01086618
0.00907916
0.00985969
0.01031537
0.01156949
0.00946388
0.01187596
0.01109689
0.01042215
0.01145229
0.00974167
0.00884288
0.00956870
0.01073907
0.01076201