0.00162884
0.00158988
0.00152769
0.00173686
0.00158625
0.00175965
0.00142385
0.00150377
0.00149578
0.00170039
0.00149554
0.00162045
0.00157531
0.00135150
0.00164586
0.00155485
0.00155712
0.00145845
0.00163330
0.00147661
0.00143302
0.00158918
0.00169007
0.00150594
0.00146999
0.00156337
0.00142203
0.00157602
0.00144250
0.00133679
0.00150819
0.00155880
0.00160318
0.00141876
0.00169018
0.00179054
0.00139690
0.00153134
0.00188591
0.00155923
0.00155221
0.00171968
0.00152870
0.00181676
0.00151091
0.00179020
0.00150742
0.00158654
0.00179920
0.00152719
0.00155757
0.00154982
0.00163101
0.00187095
0.00139849
0.00160334
0.00163286
0.00145459
0.00213034
0.00132200
0.00145536
0.00149153
0.00164204
0.00147514
0.00142935
0.00150880
0.00154608
0.00151069
0.00157375
0.00211278
0.00182634
0.00159292
0.00171393
0.00189649
0.00178115
0.00283001
0.00149035
0.00139099
0.00171251
0.00181372
0.00156987
0.00162353
0.00163782
0.00148872
0.00150697
0.00159279
0.00172087
0.00139150
0.00158829
0.00145111
0.00159502
0.00141345
0.00168681
0.00150181
0.00147306
0.00138813
0.00143052
0.00166187
0.00154421
0.00156081
0.00149536
0.00167688
0.00169076
0.00134660
0.00174790
0.00156702
0.00164337
0.00148070
0.00188859
0.00142667
0.00227385
0.00152308
0.00135299
0.00162659
0.00142321
0.00140188
0.00161269
0.00193797
0.00159875
0.00198924
0.00150810
0.00146516
0.00156500
0.00197734
0.00144158
0.00156008
0.00163403
0.00168182
0.00155727
0.00201205
0.00189420
0.00168947
0.00212442
0.00150078
0.00355053
0.00142455
0.00159817
0.00147145
0.00170409
0.00155371
0.00164902
0.00161919
0.00179273
0.00165478
0.00173174
0.00152238
0.00163726
0.00156332
0.00185525
0.00143430
0.00148384
0.00151473
0.00237960
0.00145140
0.00143335
0.00144024
0.00156420
0.00178613
0.00143221
0.00128773
0.00134100
0.00133969
0.00168740
0.00159575
0.00138112
0.00162950
0.00158505
0.00169635
0.00164297
0.00158836
0.00151280
0.00161597
0.00136855
0.00158913
0.00166522
0.00163613
0.00169269
0.00139044
0.00138514
0.00158192
0.00157085
0.00168203
0.00131517
0.00184336
0.00149538
0.00183249
0.00141107
0.00138624
0.00156043
0.00167223
0.00145253
0.00224067
0.00155020
0.00155221
0.00152221
0.00160240
0.00137315
0.00156058
0.00160931
0.00154288
0.00170207
0.00158891
0.00174018
0.00152944
0.00181329
0.00188249
0.00234929
0.00142994
0.00175240
0.00343515
0.00160896
0.00159137
0.00176131
0.00149776
0.00176723
0.00159850
0.00154631
0.00167545
0.00142627
0.00162169
0.00139343
0.00151254
0.00164084
0.00140329
0.00181100
0.00165424
0.00166293
0.00160514
0.00167155
0.00161991
0.00148589
0.00155121
0.00168910
0.00213198
0.00194658
0.00158245
0.00137463
0.00220814
0.00150776
0.00158376
0.00145252
0.00155277
0.00146668
0.00148984
0.00147219
0.00152389
0.00142445
0.00164680
0.00239094
0.00184608
0.00171241
0.00148854
0.00151612
0.00152112
0.00155902
0.00195244
0.00155180
0.00149198
0.00144796
0.00154927
0.00171461
0.00170862
0.00166725
0.00254468
0.00156866
0.00149201
0.00137147
0.00156985
0.00194203
0.00145039
0.00144829
0.00152846
0.00147238
0.00152567
0.00142371
0.00160977
0.00173514
0.00168267
0.00170361
0.00173304
0.00157191
0.00147889
0.00156272
0.00155283
0.00151920
0.00148481
0.00158417
0.00175603
0.00156905
0.00167707
0.00149594
0.00149401
0.00157793
0.00141566
0.00154334
0.00145810
0.00141282
0.00150696
0.00149094
0.00169049
0.00157809
0.00140758
0.00159038
0.00161475
0.00147067
0.00164222
0.00145401
0.00170332
0.00166232
0.00137458
0.00177421
0.00162703
0.00170868
0.00164726
0.00164934
0.00164702
0.00137917
0.00167461
0.00150000
0.00138534
0.00138422
0.00146030
0.00142770
0.00151279
0.00133967
0.00143484
0.00179155
0.00164551
0.00148647
0.00157108
0.00185404
0.00160505
0.00205593
0.00177248
0.00150042
0.00156102
0.00151987
0.00135233
0.00171300
0.00141566
0.00158134
0.00208358
0.00153637
0.00214754
0.00146858
0.00142311
0.00161369
0.00146192
0.00277449
0.00185955
0.00140407
0.00170285
0.00144648
0.00251717
0.00149110
0.00195075
0.00146519
0.00185746
0.00184595
0.00174059
0.00152460
0.00183495
0.00151582
0.00145872
0.00138509
0.00171544
0.00248383
0.00157253
0.00170303
0.00159323
0.00144967
0.00140836
0.00144546
0.00155686
0.00152101
0.00202175
0.00156200
0.00154154
0.00150198
0.00171406
0.00152195
0.00170385
0.00153530
0.00152375
0.00182863
0.00140026
0.00136555
0.00151841
0.00148151
0.00138090
0.00141960
0.00214322
0.00165206
0.00226634
0.00165097
0.00160022
0.00162368
0.00165436
0.00146450
0.00181638
0.00159456
0.00162617
0.00147650
0.00144125
0.00156074
0.00144339
0.00147739
0.00146795
0.00214408
0.00136539
0.00183304
0.00164475
0.00142765
0.00141302
0.00152206
0.00183096
0.00148841
0.00170298
0.00155828
0.00143970
0.00146394
0.00146055
0.00165081
0.00163561
0.00172528
0.00158270
0.00230411
0.00140329
0.00180015
0.00180218
0.00131747
0.00137047
0.00155934
0.00159049
0.00187180
0.00140840
0.00159038
0.00170737
0.00150516
0.00159122
0.00178972
0.00152845
0.00148456
0.00153686
0.00165777
0.00140607
0.00223320
0.00153508
0.00164965
0.00163248
0.00135513
0.00150594
0.00160357
0.00203770
0.00135435
0.00159577
0.00191075
0.00152112
0.00134819
0.00160906
0.00145029
0.00155703
0.00144462
0.00143974
0.00138180
0.00141166
0.00148476
0.00158937
0.00167009
0.00163236
0.00160365
0.00163190
0.00155136
0.00152155
0.00167977
0.00153109
0.00170044
0.00168039
0.00161468
0.00188223
0.00192117
0.00142359
0.00175446
0.00148316
0.00156640
0.00158807
0.00186906
0.00136013
0.00145146
0.00149348
0.00145511
0.00169016
0.00163586
0.00129477
0.00310645
0.00145758
0.00182704
0.00172343
0.00150315
0.00158250