0.00289471
0.00283358
0.00298179
0.00384863
0.00284719
0.00292790
0.00299495
0.00423200
0.00332189
0.00380270
0.00296146
0.00275631
0.00282155
0.00324772
0.00281243
0.00299040
0.00314726
0.00289076
0.00325078
0.00307775
0.00280806
0.00382218
0.00273415
0.00350060
0.00342385
0.00585603
0.00283011
0.00302770
0.00308898
0.00290122
0.00289580
0.00281836
0.00411494
0.00303792
0.00317818
0.00254508
0.00270067
0.00314677
0.00305472
0.00312555
0.00313444
0.00323110
0.00338494
0.00316629
0.00309503
0.00310328
0.00406816
0.00312772
0.00302807
0.00296856
0.00321119
0.00309870
0.00325503
0.00299462
0.00297482
0.00286905
0.00326598
0.00288552
0.00356299
0.00310908
0.00316376
0.00340299
0.00316894
0.00277840
0.00293479
0.00334096
0.00270751
0.00292772
0.00338195
0.00287105
0.00510958
0.00381408
0.00340595
0.00311699
0.00267089
0.00320728
0.00265895
0.00268606
0.00302973
0.00280299
0.00304320
0.00288906
0.00340834
0.00298655
0.00300282
0.00304615
0.00394756
0.00298670
0.00336065
0.00297110
0.00293610
0.00294290
0.00263997
0.00354295
0.00297475
0.00309963
0.00332689
0.00308124
0.00275041
0.00299919
0.00303162
0.00341232
0.00277690
0.00297577
0.00298833
0.00318711
0.00276655
0.00259952
0.00310952
0.00305052
0.00293786
0.00324706
0.00272391
0.00290056
0.00341445
0.00300648
0.00290733
0.00309140
0.00307740
0.00318149
0.00345525
0.00340578
0.00281494
0.00285034
0.00332742
0.00304288
0.00292625
0.00299198
0.00270050
0.00253267
0.00317105
0.00294795
0.00312840
0.00315035
0.00327032
0.00280221
0.00362242
0.00282099
0.00293660
0.00278695
0.00257535
0.00347013
0.00298734
0.00324679
0.00368536
0.00272235
0.00269436
0.00282467
0.00345306
0.00355949
0.00343983
0.00291648
0.00314590
0.00264228
0.00314833
0.00347189
0.00305373
0.00319945
0.00288436
0.00288844
0.00294085
0.00240442
0.00314771
0.00311186
0.00301692
0.00400675
0.00288392
0.00345717
0.00301782
0.00270654
0.00355055
0.00290085
0.00269922
0.00333507
0.00384480
0.00308844
0.00286996
0.00293458
0.00331824
0.00302986
0.00444862
0.00295685
0.00290089
0.00299579
0.00322605
0.00321961
0.00316675
0.00311546
0.00314654
0.00289295
0.00328997
0.00315064
0.00354188
0.00540358
0.00308953
0.00279465
0.00296966
0.00325641
0.00277332
0.00315098
0.00368768
0.00289348
0.00272269
0.00297204
0.00309349
0.00289555
0.00316322
0.00271593
0.00345384
0.00293205
0.00283309
0.00295329
0.00322169
0.00399827
0.00346979
0.00283996
0.00276042
0.00306424
0.00280796
0.00310285
0.00371987
0.00312800
0.00298492
0.00282737
0.00276889
0.00321905
0.00322299
0.00276525
0.00312062
0.00265858
0.00307380
0.00269046
0.00292764
0.00276735
0.00290582
0.00335766
0.00265951
0.00305563
0.00334519
0.00303380
0.00282300
0.00313202
0.00318600
0.00291921
0.00312313
0.00296101
0.00283839
0.00285776
0.00338635
0.00344386
0.00278071
0.00296378
0.00278359
0.00292573
0.00286707
0.00318449
0.00295385
0.00268683
0.00277658
0.00299994
0.00327213
0.00285144
0.00310718
0.00290638
0.00283433
0.00331630
0.00326933
0.00349451
0.00318984
0.00334251
0.00347796
0.00296063
0.00307954
0.00306888
0.00307085
0.00334304
0.00272732
0.00305874
0.00349313
0.00400870
0.00292881
0.00299033
0.00326534
0.00305977
0.00314876
0.00321208
0.00275034
0.00278372
0.00281154
0.00291307
0.00292108
0.00304554
0.00327728
0.00314182
0.00332796
0.00292673
0.00294952
0.00300570
0.00306401
0.00322084
0.00286259
0.00436818
0.00306239
0.00317806
0.00322792
0.00283501
0.00301602
0.00292446
0.00294707
0.00279496
0.00327653
0.00317730
0.00327453
0.00301960
0.00353195
0.00307200
0.00290090
0.00381812
0.00272801
0.00340425
0.00268991
0.00318105
0.00379719
0.00298703
0.00282342
0.00413607
0.00345227
0.00297548
0.00314704
0.00276530
0.00347924
0.00361670
0.00385940
0.00285508
0.00267349
0.00320544
0.00300635
0.00332142
0.00285191
0.00325760
0.00280931
0.00306260
0.00309222
0.00286206
0.00308202
0.00294191
0.00309263
0.00286263
0.00290398
0.00293806
0.00282570
0.00319443
0.00305402
0.00291102
0.00312932
0.00281193
0.00311105
0.00260914
0.00272533
0.00270483
0.00311117
0.00289821
0.00537835
0.00320544
0.00304889
0.00529955
0.00349154
0.00299836
0.00273058
0.00317817
0.00276763
0.00302308
0.00314738
0.00293421
0.00288773
0.00317528
0.00312931
0.00297072
0.00261023
0.00275282
0.00313613
0.00276745
0.00322737
0.00317422
0.00302660
0.00326705
0.00311124
0.00298325
0.00276043
0.00299491
0.00331239
0.00306481
0.00287027
0.00313232
0.00267718
0.00334182
0.00313684
0.00321140
0.00285277
0.00279999
0.00334594
0.00315263
0.00308081
0.00294422
0.00373375
0.00352538
0.00307341
0.00294305
0.00286695
0.00295414
0.00294287
0.00289421
0.00281795
0.00304872
0.00482750
0.00312135
0.00331698
0.00292285
0.00354765
0.00304083
0.00282224
0.00321430
0.00301733
0.00300462
0.00283953
0.00311265
0.00283651
0.00294356
0.00295621
0.00294135
0.00294040
0.00306105
0.00348176
0.00336068
0.00279726
0.00313471
0.00350347
0.00282312
0.00287862
0.00356733
0.00302926
0.00295182
0.00263942
0.00286543
0.00270394
0.00283645
0.00304496
0.00306852
0.00337748
0.00296092
0.00294574
0.00289175
0.00302711
0.00314505
0.00287021
0.00295205
0.00297715
0.00317249
0.00330509
0.00297962
0.00297003
0.00317166
0.00312634
0.00326505
0.00331514
0.00300337
0.00356448
0.00290125
0.00334907
0.00275075
0.00284818
0.00299715
0.00282027
0.00282909
0.00281694
0.00307497
0.00321489
0.00352124
0.00351944
0.00288139
0.00283983
0.00337364
0.00395248
0.00335404
0.00282720
0.00301766
0.00353212
0.00306221
0.00301791
0.00283915
0.00277832
0.00314810
0.00309967
0.00301281
0.00286907
0.00291148
0.00326585
0.00352378
0.00273968
0.00268509