0.00157293
0.00177114
0.00161588
0.00151818
0.00145556
0.00150874
0.00173027
0.00174165
0.00143540
0.00157254
0.00158033
0.00154006
0.00166680
0.00156528
0.00180953
0.00148474
0.00150606
0.00155791
0.00148260
0.00158167
0.00162580
0.00143856
0.00157259
0.00158830
0.00161887
0.00168465
0.00153021
0.00152307
0.00149544
0.00175816
0.00146362
0.00165246
0.00149073
0.00161432
0.00162004
0.00151679
0.00169840
0.00180827
0.00149852
0.00172860
0.00172337
0.00145706
0.00143053
0.00155128
0.00152545
0.00171674
0.00156969
0.00166398
0.00141660
0.00152622
0.00171881
0.00175556
0.00165455
0.00148610
0.00161661
0.00153582
0.00153507
0.00178090
0.00149504
0.00180888
0.00166994
0.00162654
0.00175929
0.00149820
0.00159042
0.00151825
0.00164365
0.00147300
0.00145871
0.00142377
0.00140122
0.00169742
0.00173638
0.00152722
0.00150946
0.00152665
0.00159880
0.00143075
0.00156596
0.00202673
0.00150092
0.00166455
0.00178888
0.00157911
0.00160476
0.00151303
0.00162941
0.00154150
0.00161401
0.00160522
0.00152077
0.00166436
0.00149806
0.00385698
0.00158857
0.00151883
0.00151603
0.00162021
0.00148135
0.00150439
0.00171250
0.00157567
0.00146845
0.00153089
0.00160975
0.00166431
0.00147966
0.00175453
0.00148795
0.00168412
0.00176827
0.00146463
0.00154866
0.00175429
0.00160512
0.00151368
0.00149240
0.00150920
0.00140719
0.00201072
0.00155830
0.00150841
0.00151020
0.00161253
0.00160551
0.00159681
0.00150402
0.00145199
0.00178568
0.00168880
0.00154715
0.00152959
0.00157214
0.00182487
0.00147166
0.00153269
0.00156352
0.00167084
0.00155218
0.00148788
0.00165756
0.00143840
0.00148858
0.00149859
0.00160541
0.00167499
0.00151528
0.00175626
0.00158811
0.00164384
0.00154901
0.00146156
0.00147426
0.00151161
0.00154918
0.00157487
0.00175775
0.00164386
0.00169681
0.00152893
0.00161494
0.00143258
0.00158157
0.00169355
0.00167903
0.00161366
0.00161834
0.00157367
0.00155967
0.00140601
0.00144144
0.00162386
0.00180375
0.00165655
0.00169680
0.00153332
0.00152908
0.00151740
0.00164247
0.00166888
0.00170750
0.00149897
0.00153733
0.00189489
0.00150672
0.00169283
0.00156574
0.00153477
0.00179848
0.00153448
0.00167775
0.00155475
0.00185909
0.00152857
0.00145882
0.00163293
0.00153058
0.00153591
0.00146971
0.00152820
0.00152845
0.00184820
0.00190955
0.00162209
0.00155891
0.00171874
0.00264364
0.00161586
0.00155260
0.00166294
0.00184085
0.00142541
0.00161760
0.00164532
0.00147645
0.00149167
0.00152103
0.00144448
0.00145362
0.00141997
0.00176102
0.00162179
0.00174205
0.00154168
0.00165077
0.00173843
0.00152156
0.00149216
0.00158799
0.00150948
0.00150022
0.00167000
0.00152681
0.00161556
0.00173088
0.00149920
0.00150449
0.00149460
0.00136426
0.00154126
0.00153954
0.00179092
0.00142137
0.00153767
0.00160530
0.00168631
0.00143563
0.00142718
0.00147805
0.00162024
0.00166741
0.00158486
0.00170269
0.00145967
0.00170278
0.00146593
0.00160331
0.00159692
0.00149674
0.00157560
0.00142080
0.00141619
0.00146985
0.00152490
0.00162827
0.00177672
0.00185354
0.00155526
0.00155492
0.00146743
0.00153681
0.00165989
0.00167500
0.00160886
0.00151383
0.00170658
0.00176956
0.00186181
0.00158346
0.00163134
0.00159439
0.00177395
0.00155616
0.00151831
0.00153477
0.00153574
0.00152785
0.00140077
0.00145490
0.00169746
0.00151461
0.00142526
0.00160312
0.00151609
0.00153825
0.00168109
0.00145549
0.00163785
0.00145795
0.00158131
0.00150457
0.00152538
0.00150161
0.00153640
0.00150412
0.00164160
0.00160798
0.00184452
0.00154568
0.00157552
0.00173936
0.00158723
0.00159135
0.00191934
0.00151316
0.00152366
0.00202579
0.00174486
0.00158843
0.00153890
0.00150023
0.00175788
0.00177702
0.00172695
0.00162786
0.00146599
0.00161097
0.00167640
0.00169652
0.00158976
0.00141479
0.00155393
0.00160261
0.00155572
0.00163543
0.00176006
0.00171410
0.00155057
0.00157080
0.00152212
0.00157482
0.00157665
0.00162965
0.00159274
0.00153844
0.00144076
0.00165996
0.00150740
0.00171730
0.00160651
0.00154449
0.00162436
0.00138169
0.00162265
0.00161743
0.00154904
0.00160980
0.00155425
0.00245253
0.00157995
0.00156663
0.00149810
0.00168722
0.00148271
0.00149365
0.00152874
0.00145925
0.00152177
0.00160547
0.00162255
0.00163991
0.00166439
0.00156332
0.00147994
0.00162002
0.00154174
0.00141584
0.00141094
0.00150666
0.00184741
0.00149035
0.00153150
0.00199645
0.00146580
0.00156601
0.00151855
0.00158307
0.00149790
0.00201929
0.00147299
0.00155347
0.00152951
0.00148166
0.00152377
0.00196470
0.00140631
0.00156988
0.00165521
0.00155760
0.00180390
0.00151809
0.00157788
0.00161602
0.00166797
0.00161760
0.00159493
0.00142698
0.00164316
0.00169346
0.00181245
0.00166660
0.00174156
0.00159948
0.00146082
0.00162509
0.00154042
0.00151073
0.00156670
0.00147583
0.00154795
0.00167765
0.00161021
0.00173347
0.00166625
0.00150508
0.00149121
0.00151789
0.00158075
0.00136755
0.00146815
0.00170080
0.00145455
0.00172081
0.00160686
0.00152370
0.00177315
0.00152338
0.00167925
0.00154921
0.00147158
0.00171631
0.00164506
0.00166833
0.00152469
0.00166056
0.00218309
0.00156448
0.00157625
0.00178929
0.00165315
0.00143900
0.00167751
0.00150931
0.00166635
0.00153633
0.00174495
0.00146775
0.00150756
0.00162185
0.00153123
0.00139364
0.00154986
0.00167641
0.00141306
0.00145493
0.00150886
0.00145608
0.00157798
0.00160741
0.00152545
0.00156553
0.00148139
0.00150506
0.00153410
0.00159889
0.00157279
0.00168814
0.00150040
0.00164852
0.00150051
0.00151578
0.00162825
0.00162066
0.00162242
0.00149364
0.00156417
0.00156689
0.00171753
0.00180212
0.00188995
0.00150506
0.00150334
0.00155445
0.00168354
0.00152739
0.00145904
0.00144023
0.00151838
0.00157651
0.00159925