0.00158999
0.00147554
0.00226209
0.00190928
0.00172125
0.00171184
0.00152481
0.00161730
0.00182788
0.00197076
0.00183276
0.00232618
0.00164105
0.00142964
0.00161979
0.00183522
0.00140880
0.00157422
0.00173216
0.00243672
0.00246006
0.00188806
0.00170889
0.00198150
0.00155265
0.00138736
0.00173434
0.00149311
0.00193230
0.00130450
0.00181812
0.00157035
0.00225304
0.00160009
0.00119141
0.00244467
0.00153690
0.00159364
0.00159795
0.00196063
0.00177971
0.00193001
0.00146484
0.00145392
0.00130954
0.00247991
0.00158445
0.00150508
0.00163078
0.00166494
0.00145747
0.00162995
0.00178909
0.00165901
0.00155766
0.00158248
0.00207148
0.00203612
0.00164540
0.00170157
0.00199226
0.00185280
0.00136577
0.00214728
0.00140735
0.00201393
0.00188615
0.00164126
0.00185255
0.00169830
0.00178311
0.00209200
0.00196516
0.00146311
0.00158081
0.00193593
0.00224734
0.00146822
0.00182492
0.00187750
0.00168424
0.00206109
0.00126609
0.00186597
0.00168290
0.00158341
0.00143653
0.00255113
0.00148277
0.00201314
0.00232353
0.00207827
0.00167677
0.00170229
0.00142724
0.00149845
0.00174214
0.00154396
0.00146406
0.00139099
0.00223627
0.00157917
0.00189476
0.00190746
0.00158542
0.00166450
0.00161529
0.00182980
0.00165255
0.00148955
0.00160503
0.00203788
0.00177529
0.00165873
0.00184140
0.00163107
0.00153285
0.00147814
0.00154136
0.00209823
0.00149302
0.00135742
0.00147887
0.00185490
0.00296370
0.00166215
0.00155609
0.00182860
0.00170769
0.00148883
0.00209356
0.00186021
0.00165705
0.00128929
0.00151983
0.00157308
0.00164547
0.00180152
0.00150021
0.00220575
0.00162457
0.00225412
0.00203442
0.00162824
0.00225477
0.00176968
0.00172985
0.00161626
0.00200380
0.00160307
0.00162639
0.00156270
0.00142360
0.00180644
0.00219635
0.00193025
0.00175052
0.00155666
0.00216686
0.00170628
0.00265412
0.00195457
0.00165239
0.00174431
0.00207617
0.00153342
0.00138459
0.00156314
0.00154546
0.00183383
0.00213582
0.00165360
0.00162889
0.00161413
0.00217932
0.00192867
0.00164364
0.00178229
0.00161366
0.00166624
0.00203915
0.00154012
0.00177950
0.00175165
0.00185314
0.00149802
0.00160562
0.00178204
0.00180818
0.00180702
0.00206922
0.00144549
0.00187267
0.00212159
0.00181706
0.00143124
0.00162696
0.00157070
0.00145816
0.00175496
0.00222975
0.00151791
0.00181895
0.00158010
0.00153877
0.00181732
0.00244759
0.00194917
0.00264184
0.00171666
0.00190675
0.00169114
0.00157885
0.00174657
0.00170160
0.00242872
0.00170944
0.00183472
0.00160004
0.00157055
0.00188802
0.00170939
0.00178660
0.00192335
0.00209577
0.00178613
0.00180822
0.00169110
0.00207274
0.00129922
0.00179464
0.00158077
0.00187783
0.00169068
0.00157906
0.00157706
0.00212837
0.00155595
0.00170928
0.00145710
0.00167821
0.00180154
0.00184176
0.00167509
0.00182467
0.00167480
0.00195837
0.00136262
0.00195021
0.00254686
0.00187821
0.00292417
0.00165973
0.00176483
0.00158624
0.00147805
0.00174419
0.00183595
0.00185629
0.00178602
0.00189392
0.00183743
0.00215913
0.00150129
0.00154837
0.00154144
0.00247432
0.00147816
0.00191894
0.00231123
0.00266200
0.00139300
0.00174058
0.00175639
0.00157995
0.00160369
0.00216201
0.00162059
0.00261771
0.00223730
0.00173134
0.00140006
0.00228105
0.00213808
0.00186249
0.00142333
0.00191485
0.00290385
0.00153102
0.00160762
0.00159069
0.00194109
0.00160177
0.00160259
0.00202781
0.00177692
0.00159783
0.00160812
0.00172393
0.00162128
0.00202650
0.00159358
0.00184366
0.00191663
0.00192413
0.00209937
0.00162251
0.00156197
0.00141536
0.00276323
0.00153053
0.00207378
0.00151262
0.00144518
0.00145470
0.00160841
0.00174315
0.00271974
0.00178764
0.00188970
0.00156797
0.00140928
0.00198009
0.00155810
0.00185426
0.00193642
0.00187645
0.00193038
0.00154970
0.00176205
0.00274995
0.00216761
0.00148395
0.00208480
0.00163240
0.00205604
0.00194432
0.00136443
0.00199712
0.00153626
0.00141530
0.00150848
0.00165606
0.00200430
0.00157973
0.00129074
0.00205900
0.00159201
0.00167869
0.00140767
0.00154741
0.00184966
0.00188225
0.00155850
0.00174551
0.00198562
0.00219451
0.00169225
0.00217254
0.00162053
0.00218285
0.00203844
0.00214969
0.00187498
0.00244873
0.00283265
0.00166311
0.00156483
0.00161491
0.00163112
0.00178214
0.00211290
0.00167072
0.00182964
0.00205198
0.00174619
0.00201502
0.00172682
0.00214378
0.00144050
0.00158312
0.00169348
0.00200463
0.00172643
0.00172309
0.00167938
0.00174854
0.00138853
0.00201639
0.00188400
0.00146324
0.00195618
0.00145278
0.00170641
0.00190565
0.00287508
0.00233758
0.00260583
0.00155077
0.00160455
0.00204213
0.00129886
0.00148519
0.00201964
0.00163229
0.00134572
0.00211996
0.00242156
0.00194187
0.00174808
0.00155703
0.00146133
0.00181401
0.00184588
0.00149527
0.00159181
0.00161722
0.00173042
0.00220609
0.00185301
0.00184198
0.00145778
0.00134648
0.00146861
0.00196190
0.00151721
0.00168320
0.00163396
0.00130997
0.00228366
0.00342239
0.00185385
0.00165437
0.00155649
0.00207419
0.00206919
0.00216631
0.00176873
0.00191554
0.00174578
0.00192073
0.00183087
0.00194769
0.00185628
0.00152225
0.00139637
0.00172746
0.00169137
0.00150598
0.00165171
0.00164653
0.00176655
0.00169677
0.00169172
0.00147539
0.00176568
0.00170678
0.00207342
0.00152071
0.00291558
0.00183321
0.00149932
0.00173637
0.00166358
0.00201953
0.00136929
0.00177051
0.00170355
0.00161604
0.00193222
0.00165168
0.00159130
0.00163682
0.00212273
0.00189206
0.00198691
0.00167088
0.00179668
0.00246373
0.00159667
0.00152581
0.00136781
0.00160164
0.00219614
0.00283617
0.00173691
0.00184583
0.00160310
0.00161984
0.00168846
0.00190403
0.00203137
0.00163132
0.00171808
0.00160998
0.00186356
0.00165087
0.00223670
0.00145219
0.00160147