0.00045533
0.00046574
0.00044885
0.00047074
0.00045742
0.00046524
0.00047115
0.00046740
0.00046267
0.00046230
0.00051298
0.00050046
0.00046665
0.00045662
0.00045558
0.00045698
0.00046004
0.00044433
0.00046070
0.00045904
0.00045589
0.00045503
0.00044585
0.00045979
0.00046690
0.00045495
0.00048683
0.00045936
0.00047951
0.00045757
0.00046077
0.00045938
0.00044997
0.00046721
0.00048103
0.00047097
0.00046830
0.00044383
0.00046283
0.00046218
0.00045919
0.00046916
0.00046937
0.00046673
0.00047946
0.00046820
0.00046587
0.00045323
0.00046309
0.00047438
0.00048117
0.00046165
0.00044348
0.00046392
0.00045502
0.00044240
0.00044409
0.00045259
0.00046360
0.00044652
0.00047593
0.00045387
0.00045077
0.00045741
0.00046831
0.00046900
0.00047165
0.00044034
0.00047034
0.00044593
0.00045491
0.00047232
0.00049699
0.00046770
0.00045903
0.00046055
0.00043846
0.00045210
0.00048799
0.00046893
0.00045371
0.00046428
0.00045581
0.00044114
0.00046529
0.00047210
0.00046719
0.00045151
0.00044990
0.00045932
0.00045882
0.00045377
0.00044945
0.00047161
0.00044338
0.00048599
0.00045674
0.00045505
0.00048263
0.00047043
0.00045184
0.00046151
0.00044387
0.00046668
0.00045124
0.00044136
0.00047401
0.00046214
0.00047674
0.00045241
0.00046128
0.00046384
0.00045009
0.00045602
0.00047768
0.00047640
0.00043685
0.00045837
0.00044176
0.00046918
0.00046218
0.00046455
0.00045867
0.00046626
0.00044515
0.00047007
0.00045441
0.00046582
0.00044310
0.00045522
0.00045904
0.00047555
0.00043781
0.00044671
0.00044060
0.00044712
0.00047846
0.00045973
0.00045824
0.00046371
0.00046583
0.00046325
0.00046376
0.00043919
0.00046004
0.00044004
0.00047258
0.00046122
0.00044528
0.00046664
0.00048392
0.00046150
0.00045056
0.00045869
0.00044727
0.00046530
0.00046074
0.00046164
0.00046813
0.00044922
0.00046154
0.00045533
0.00045936
0.00044133
0.00047231
0.00045644
0.00050492
0.00046205
0.00045265
0.00044471
0.00044201
0.00047666
0.00045690
0.00045425
0.00048748
0.00046256
0.00049925
0.00047833
0.00045987
0.00045622
0.00044456
0.00048073
0.00046818
0.00045297
0.00046722
0.00045785
0.00046281
0.00045602
0.00044813
0.00046015
0.00045239
0.00046620
0.00045587
0.00046413
0.00044674
0.00046407
0.00046198
0.00045423
0.00044584
0.00047478
0.00044435
0.00045939
0.00043510
0.00044587
0.00047099
0.00043906
0.00046962
0.00045389
0.00045619
0.00045758
0.00045915
0.00046922
0.00044672
0.00045896
0.00045618
0.00047077
0.00042017
0.00046121
0.00045563
0.00049059
0.00045252
0.00045595
0.00045695
0.00044071
0.00045086
0.00045496
0.00044783
0.00046521
0.00048236
0.00046745
0.00045245
0.00046212
0.00043712
0.00045864
0.00045604
0.00045912
0.00046444
0.00045391
0.00044233
0.00046860
0.00045025
0.00044997
0.00044460
0.00046592
0.00046656
0.00046380
0.00045131
0.00044496
0.00045225
0.00045343
0.00046624
0.00046492
0.00048512
0.00046384
0.00047217
0.00046519
0.00043642
0.00043968
0.00045736
0.00044663
0.00045294
0.00048699
0.00046098
0.00046441
0.00045627
0.00045862
0.00045557
0.00047129
0.00045051
0.00045090
0.00045570
0.00044885
0.00043351
0.00044347
0.00044862
0.00045908
0.00044327
0.00045855
0.00044847
0.00045127
0.00045453
0.00046396
0.00048507
0.00047475
0.00047037
0.00048915
0.00046496
0.00045330
0.00044796
0.00045907
0.00046155
0.00046019
0.00046037
0.00044353
0.00044533
0.00049064
0.00044392
0.00045071
0.00048679
0.00045194
0.00047882
0.00044490
0.00047256
0.00044246
0.00047840
0.00044819
0.00046875
0.00044071
0.00046539
0.00045739
0.00046231
0.00046112
0.00044020
0.00048633
0.00044175
0.00046649
0.00046763
0.00048089
0.00043749
0.00043950
0.00045974
0.00046175
0.00049958
0.00045473
0.00044818
0.00047580
0.00045260
0.00046499
0.00047313
0.00046596
0.00046307
0.00047331
0.00045374
0.00046776
0.00046256
0.00046010
0.00048161
0.00046069
0.00047009
0.00044150
0.00044841
0.00046120
0.00045721
0.00045292
0.00044694
0.00046594
0.00045937
0.00045965
0.00045129
0.00047912
0.00044889
0.00048484
0.00046213
0.00047159
0.00045642
0.00045744
0.00045839
0.00047214
0.00044785
0.00047856
0.00044921
0.00047861
0.00046168
0.00044872
0.00045117
0.00044444
0.00043935
0.00045487
0.00046750
0.00046213
0.00045081
0.00044662
0.00045134
0.00046031
0.00044813
0.00045726
0.00044675
0.00044435
0.00043458
0.00048312
0.00044603
0.00046598
0.00043841
0.00044615
0.00045873
0.00047228
0.00046462
0.00045146
0.00044804
0.00048521
0.00044321
0.00047591
0.00045830
0.00045241
0.00045853
0.00044308
0.00045525
0.00044774
0.00046316
0.00046270
0.00044354
0.00046451
0.00048661
0.00046633
0.00044858
0.00044730
0.00045663
0.00046607
0.00047379
0.00044916
0.00051347
0.00046429
0.00045178
0.00045477
0.00045074
0.00044507
0.00045143
0.00044051
0.00045902
0.00047391
0.00046305
0.00048151
0.00044384
0.00045935
0.00045697
0.00046939
0.00046536
0.00046914
0.00045052
0.00047924
0.00044542
0.00044660
0.00045558
0.00049231
0.00045773
0.00045226
0.00046538
0.00045929
0.00044613
0.00046011
0.00047854
0.00046279
0.00043913
0.00046161
0.00045135
0.00044184
0.00044235
0.00044960
0.00046790
0.00046376
0.00045277
0.00045730
0.00046991
0.00049014
0.00044555
0.00044237
0.00044335
0.00047775
0.00046242
0.00044983
0.00045002
0.00046329
0.00044591
0.00044250
0.00045066
0.00046434
0.00045452
0.00047453
0.00047135
0.00045787
0.00045936
0.00044468
0.00045423
0.00046942
0.00045135
0.00045464
0.00047112
0.00044835
0.00046249
0.00047179
0.00046395
0.00044920
0.00044064
0.00045529
0.00045681
0.00046722
0.00044601
0.00045207
0.00046920
0.00045159
0.00044959
0.00047131
0.00044566
0.00045397
0.00045820
0.00046065
0.00044303
0.00049172
0.00045307
0.00046493