0.00871460
0.02344698
0.00930483
0.00784094
0.01564119
0.01100330
0.00584995
0.01184697
0.00759767
0.00874260
0.03182580
0.00815305
0.00937540
0.00804114
0.01109171
0.00660260
0.00608715
0.00899480
0.01037835
0.00822907
0.01684911
0.00931270
0.01615854
0.01052100
0.01037458
0.02211365
0.00840489
0.00739741
0.00923804
0.00958759
0.00764216
0.01008784
0.00719873
0.00972636
0.01027503
0.00972246
0.00766445
0.00576498
0.01539352
0.00784493
0.01281365
0.00930429
0.01345197
0.00791829
0.01143537
0.01698687
0.00743618
0.00990733
0.00624986
0.01126157
0.00865502
0.01389321
0.00784538
0.00628134
0.01096045
0.01082937
0.02048052
0.01783556
0.00940019
0.00755338
0.01337109
0.00603063
0.01124264
0.00734010
0.00653111
0.00585966
0.01108862
0.00986123
0.02010496
0.00984227
0.02245818
0.01518258
0.02041690
0.01076336
0.01129796
0.01320402
0.01298180
0.00907660
0.00735510
0.01063470
0.01358219
0.00916221
0.01839414
0.01257524
0.01718077
0.01498125
0.00972470
0.00876738
0.01031874
0.01122477
0.00653148
0.00679963
0.01146082
0.01040844
0.01571849
0.01589208
0.00972736
0.01292680
0.00855868
0.01660591
0.01332539
0.01062269
0.00826446
0.01701384
0.01241210
0.00954966
0.00656594
0.01086006
0.01071719
0.00808861
0.01182868
0.00931906
0.00872939
0.01374301
0.00705151
0.00716878
0.01472346
0.00580238
0.00866566
0.01435297
0.00578183
0.01597677
0.01695214
0.00911236
0.00790310
0.00831951
0.01221577
0.00809615
0.00675850
0.03703332
0.01265581
0.02256342
0.00703023
0.00846816
0.01431295
0.00971399
0.01019078
0.01572087
0.00869930
0.01207492
0.00985274
0.01432445
0.00924131
0.01116593
0.01112227
0.01779072
0.00734538
0.00849920
0.00931984
0.00877613
0.01257781
0.00782007
0.01308190
0.01943704
0.01275566
0.00602172
0.00773035
0.00837498
0.01264685
0.01247546
0.02487863
0.00732618
0.02942104
0.01000255
0.00946376
0.00885506
0.01038630
0.00665987
0.00755654
0.01555048
0.00817523
0.01000345
0.01370727
0.00863003
0.00804017
0.01055770
0.01074881
0.00940848
0.00895667
0.00942755
0.01201365
0.01023429
0.01045243
0.01158070
0.00805975
0.01641508
0.00756581
0.00584150
0.01440741
0.00975202
0.00789016
0.00991090
0.05332688
0.02068119
0.00745808
0.00803610
0.00552354
0.01091370
0.00819399
0.00976036
0.00635390
0.02558217
0.02238341
0.00714923
0.01107690
0.00693890
0.01348768
0.00946770
0.00931188
0.00666246
0.00889191
0.00805926
0.01257250
0.01153402
0.00669473
0.01349053
0.00857251
0.00987413
0.02340067
0.00670977
0.00901890
0.01191842
0.00938268
0.00734558
0.01767594
0.01217149
0.01550723
0.00926121
0.00608143
0.02150795
0.00659298
0.00833217
0.02568873
0.01096779
0.02004063
0.01095444
0.01550667
0.00935226
0.00650493
0.00791337
0.00848076
0.01026155
0.00740314
0.01307732
0.00994032
0.00951398
0.01090631
0.01286035
0.01897297
0.00826725
0.01250554
0.00818851
0.00675854
0.00857709
0.00739659
0.01186903
0.00849231
0.01642543
0.00813972
0.01521828
0.01749366
0.01083646
0.00698156
0.00891083
0.00976204
0.01121024
0.00917533
0.01520682
0.00940415
0.00755856
0.00587599
0.01178351
0.01451301
0.01111828
0.01930611
0.01409530
0.01117376
0.01040250
0.01103837
0.00890972
0.00818089
0.01162469
0.00906788
0.00949895
0.00988103
0.01458740
0.00694474
0.00695100
0.01884588
0.00595913
0.00727680
0.00775993
0.00916406
0.01065320
0.00694241
0.01412748
0.01989674
0.01076976
0.00791101
0.01177971
0.00649170
0.00664348
0.00686750
0.01344447
0.01109906
0.00687461
0.00935047
0.01053570
0.00964932
0.01247531
0.01279358
0.00801308
0.01122811
0.01108390
0.00967211
0.01397288
0.00866657
0.00766496
0.00914717
0.00683367
0.00880340
0.00759290
0.01276476
0.01112218
0.01290055
0.01448142
0.01198917
0.01082428
0.00682345
0.00707846
0.00983969
0.01247029
0.00883836
0.01484608
0.00713063
0.01565928
0.01017157
0.01218846
0.01205365
0.01821533
0.00805648
0.00868714
0.00945006
0.01550054
0.01072994
0.01019461
0.01448710
0.01003622
0.00600804
0.01316873
0.00661874
0.00924252
0.01413421
0.01349327
0.00712444
0.00893814
0.00520672
0.01030546
0.01383712
0.00857162
0.02157594
0.01130960
0.00805768
0.00698120
0.01724109
0.00613896
0.00696374
0.00941196
0.01319967
0.01612617
0.00704312
0.00686170
0.01291221
0.02916993
0.01202053
0.01751725
0.01489766
0.00769454
0.01091658
0.01069115
0.00695793
0.01489714
0.00858033
0.00823444
0.00568753
0.00866592
0.01981373
0.00826267
0.00826805
0.00669885
0.00946599
0.00813242
0.01453550
0.01235438
0.01235011
0.01116466
0.01612260
0.00501025
0.02106544
0.00929080
0.01754953
0.01540856
0.00880782
0.01265856
0.02024988
0.01207639
0.00997542
0.02396210
0.00871993
0.01440127
0.01220566
0.00869469
0.00833128
0.00706068
0.01147769
0.01031131
0.00692054
0.00951470
0.00651824
0.01043941
0.02719223
0.01201676
0.00845310
0.01314342
0.02030020
0.00880742
0.01229278
0.00886051
0.00771470
0.00603825
0.01101517
0.01394407
0.01460599
0.01832484
0.01179909
0.00627306
0.00641973
0.00946120
0.01231961
0.00830285
0.00884888
0.01031492
0.00954400
0.01291372
0.02341293
0.00694692
0.00688974
0.01328925
0.00684119
0.00803233
0.01084477
0.01804895
0.01657300
0.00677531
0.01684798
0.01222066
0.01116737
0.02842411
0.02062393
0.00970018
0.01149322
0.00915774
0.01866356
0.01445387
0.01398554
0.00821253
0.00729379
0.00749440
0.00926451
0.01178018
0.01168974
0.01847600
0.00685056
0.01316279
0.00818086
0.02058621
0.00914181
0.00749390
0.00925515
0.00726366
0.00809176
0.01025738
0.01598982
0.01610945
0.01266928
0.01077970
0.00786767
0.00824476
0.00931703
0.01280195
0.02648997
0.01001398
0.00770065
0.01019093
0.01071856
0.01178707
0.00954743
0.01241951
0.00783399
0.01234254