0.00328275
0.00285904
0.00351504
0.00239930
0.00317100
0.00230901
0.00255602
0.00526721
0.00277925
0.00378699
0.00325631
0.00382869
0.00394030
0.00340336
0.00552218
0.00275971
0.00310864
0.00253055
0.00299957
0.00355413
0.00339107
0.00293695
0.00300241
0.00306197
0.00444931
0.00343871
0.00313189
0.00306790
0.00303340
0.00381999
0.00263994
0.00342782
0.00353170
0.00367051
0.00392289
0.00372522
0.00416025
0.00323725
0.00291892
0.00283837
0.00415069
0.00262626
0.00335497
0.00342897
0.00306429
0.00331615
0.00483355
0.00312864
0.00329992
0.00482867
0.00278168
0.00425335
0.00445591
0.00386787
0.00355159
0.00294856
0.00399845
0.00282771
0.00430566
0.00393649
0.00258897
0.00833426
0.00355861
0.00524516
0.00307284
0.00312000
0.00436335
0.00320792
0.00458968
0.00268883
0.00302372
0.00404821
0.00394207
0.00333079
0.00385360
0.00333740
0.00514158
0.00297483
0.00343939
0.00308495
0.00335385
0.00344363
0.00324788
0.00478095
0.00272820
0.00296320
0.00357802
0.00408522
0.00382986
0.00409439
0.00342284
0.00298893
0.00344006
0.00277100
0.00323579
0.00368425
0.00336057
0.00425809
0.00302272
0.00289505
0.00262552
0.00313272
0.00322690
0.00322409
0.00453474
0.00483046
0.00310978
0.00472682
0.00341005
0.00293825
0.00334531
0.00308212
0.00242336
0.00392715
0.00407419
0.00341585
0.00531695
0.00306111
0.00310597
0.00285651
0.00381716
0.00282455
0.00439910
0.00303194
0.00248650
0.00253387
0.00378003
0.00291829
0.00401752
0.00238647
0.00357637
0.00332200
0.00298814
0.00335751
0.00284188
0.00252717
0.00359588
0.00312604
0.00278386
0.00399598
0.00383495
0.00385289
0.00302315
0.00337506
0.00388064
0.00363248
0.00395838
0.00341030
0.00228123
0.00365240
0.00317083
0.00311620
0.00333330
0.00363683
0.00377507
0.00425364
0.00370214
0.00298372
0.00298921
0.00326480
0.00295314
0.00406153
0.00285860
0.00323324
0.00620341
0.00310120
0.00302451
0.00343020
0.00272527
0.00369980
0.00341835
0.00343506
0.00300330
0.00532323
0.00301331
0.00300637
0.00320782
0.00324868
0.00297726
0.00270265
0.00304732
0.00404409
0.00290975
0.00351032
0.00389482
0.00280872
0.00451823
0.00283195
0.00258709
0.00261676
0.00435737
0.00381341
0.00343354
0.00317029
0.00348356
0.00336967
0.00461293
0.00295955
0.00303127
0.00305329
0.00281691
0.00256530
0.00369391
0.01464634
0.00306071
0.00283437
0.00387304
0.00311229
0.00426787
0.00290831
0.00259233
0.00329838
0.00349290
0.00312878
0.00297605
0.00266650
0.00318104
0.00302316
0.00507295
0.00430930
0.00315569
0.00325185
0.00261539
0.00295345
0.00413058
0.00520000
0.00431575
0.00338220
0.00275716
0.00389422
0.00357559
0.00277168
0.00301213
0.00262492
0.00287110
0.00495986
0.00371876
0.00263065
0.00369901
0.00332561
0.00302439
0.00402236
0.00429984
0.00529347
0.00254575
0.00590531
0.00339973
0.00437431
0.00252601
0.00317402
0.00745825
0.00412725
0.00360996
0.00464308
0.00448636
0.00416683
0.00322624
0.00376682
0.00294444
0.00330221
0.00264074
0.00488166
0.00310272
0.00273490
0.00320209
0.00283608
0.00355977
0.00428677
0.00413879
0.00271929
0.00300706
0.00277898
0.00751534
0.00360815
0.00515154
0.00234769
0.00260253
0.00429103
0.00438219
0.00296467
0.00433029
0.00342903
0.00284093
0.00407649
0.00329410
0.00266722
0.00321108
0.00323984
0.00365974
0.00396262
0.00320049
0.00343754
0.00421591
0.00272446
0.00338687
0.00409890
0.00463758
0.00340869
0.00288536
0.00374159
0.00278256
0.00398635
0.00394605
0.00297843
0.00299754
0.00341840
0.00331824
0.01097826
0.00296818
0.00368199
0.00320718
0.00368995
0.00386090
0.00272173
0.00428144
0.00351462
0.00311896
0.00287809
0.00430248
0.00277897
0.00307073
0.00565130
0.00256073
0.00264147
0.00544660
0.00345559
0.00334311
0.00380921
0.00316807
0.00431133
0.00475835
0.00622242
0.00619925
0.00300819
0.00299964
0.00238712
0.00347397
0.00292619
0.00297903
0.00316960
0.00548080
0.00310075
0.00337121
0.00438320
0.00370113
0.00386494
0.00348418
0.00367012
0.00314288
0.00457484
0.00284237
0.00320650
0.00224005
0.00378379
0.00445502
0.00317029
0.00291333
0.00334846
0.00370127
0.00274513
0.00577705
0.00372655
0.00278943
0.00372425
0.00444039
0.00445983
0.00444258
0.00285592
0.00299911
0.00290261
0.00598193
0.00243328
0.00436699
0.00332712
0.00246325
0.00290634
0.00307520
0.00351298
0.00379800
0.00376694
0.00355003
0.00438987
0.00378718
0.00691353
0.00372965
0.00358775
0.00332569
0.00384570
0.00289906
0.00473087
0.00268934
0.00257297
0.00256529
0.00381436
0.00294951
0.00395101
0.00285859
0.00318133
0.00242512
0.00291717
0.00338490
0.00334549
0.00433890
0.00370577
0.00675131
0.00305693
0.00278924
0.00301349
0.00273401
0.00378886
0.00344785
0.00314143
0.00447885
0.00341852
0.00343715
0.00270123
0.00309836
0.00468262
0.00272099
0.00263250
0.00375900
0.00306810
0.00324894
0.00351645
0.00311768
0.00372663
0.00257514
0.00321338
0.00345490
0.00522370
0.00273386
0.00276099
0.00278979
0.00477102
0.00501178
0.00492935
0.00386451
0.00476142
0.00272090
0.00340619
0.00387960
0.00317017
0.00301696
0.00334375
0.00295343
0.00364951
0.00278341
0.00516890
0.00427733
0.00591698
0.00271575
0.00363083
0.00328526
0.00260573
0.00429835
0.00412034
0.00448786
0.00312209
0.00389078
0.00279073
0.00310636
0.00277374
0.00300256
0.01000131
0.00333302
0.00364323
0.00406324
0.00329288
0.00363333
0.00362128
0.00246197
0.00330985
0.00560055
0.00355749
0.00390277
0.00288516
0.00429845
0.00336392
0.00277310
0.00311629
0.00419184
0.00356992
0.00291125
0.00402905
0.00321761
0.00300115
0.00292674
0.00478003
0.00358162
0.00319449
0.00315914
0.00311386
0.00374646
0.00248385
0.00292321
0.00457767
0.00351937
0.00432724
0.00299459
0.00435275