0.00530883
0.00500067
0.00491977
0.00551089
0.00531201
0.00540254
0.00484770
0.00478476
0.00571877
0.00540840
0.00591055
0.00497100
0.00547078
0.00514865
0.00541506
0.00576639
0.00524378
0.00469961
0.00481958
0.00607224
0.00539166
0.00499217
0.00517401
0.00520208
0.00567171
0.00452076
0.00523396
0.00570687
0.00486087
0.00504758
0.00516875
0.00501489
0.00529101
0.00440252
0.00825219
0.00502647
0.00466741
0.00486208
0.00479225
0.00523533
0.00582006
0.00456928
0.00531574
0.00642193
0.00584265
0.00491542
0.00532852
0.00511244
0.00497504
0.00476962
0.00501464
0.00504759
0.00481248
0.00632592
0.00463896
0.00725345
0.00475300
0.00485674
0.00503817
0.00470410
0.00588868
0.00521622
0.00467056
0.00491945
0.00486145
0.00479835
0.00543384
0.00492209
0.00527307
0.00467878
0.00460452
0.00504843
0.00579326
0.00535642
0.00450657
0.00511245
0.00584349
0.00570347
0.00481179
0.00559175
0.00499018
0.00546570
0.00663987
0.00491047
0.00508538
0.00509366
0.00478078
0.00509722
0.00555087
0.00491056
0.00517068
0.00527806
0.00470069
0.00549202
0.00479237
0.00677953
0.00466463
0.00477997
0.00544970
0.00479075
0.00457112
0.00536578
0.00492294
0.00502460
0.00488414
0.00508108
0.00480224
0.00598509
0.00481971
0.00467196
0.00523341
0.00490629
0.00506038
0.00506283
0.00529952
0.00510407
0.00524585
0.00488486
0.00482406
0.00628323
0.00489142
0.00470236
0.00472990
0.00562969
0.00459417
0.00493436
0.00489921
0.00494307
0.00468114
0.00596682
0.00494221
0.00558049
0.00553557
0.00510761
0.00514542
0.00476035
0.00530808
0.00521517
0.00506770
0.00555633
0.00466269
0.00528311
0.00543576
0.00459454
0.00536542
0.00512168
0.00565041
0.00530156
0.00487432
0.00493992
0.00544932
0.00530379
0.00467084
0.00752245
0.00463818
0.00506250
0.00588828
0.00498595
0.00482047
0.00496109
0.00487372
0.00478596
0.00596442
0.00530605
0.00497564
0.00481233
0.00510349
0.00533361
0.00452942
0.00478934
0.00497320
0.00772945
0.00498701
0.00481396
0.00515130
0.00521851
0.00687130
0.00539781
0.00449338
0.00520428
0.00491780
0.00512575
0.00538448
0.00527570
0.00506393
0.00593120
0.00549768
0.00479471
0.00486360
0.00545415
0.00635154
0.00470787
0.00477817
0.00586842
0.00603412
0.00501666
0.00485581
0.00491630
0.00547071
0.00484368
0.00446907
0.00561545
0.00518156
0.00480539
0.00508449
0.00477415
0.00517758
0.00515226
0.00547537
0.00577199
0.00522538
0.00534655
0.00517485
0.00493583
0.00475002
0.00499301
0.00478408
0.00483688
0.00489282
0.00510078
0.00487418
0.00471115
0.00531513
0.00486602
0.00496118
0.00487793
0.00514223
0.00558267
0.00487105
0.00544510
0.00515831
0.00531126
0.00603783
0.00514395
0.00539625
0.00515491
0.00497852
0.00540338
0.00521172
0.00558532
0.00470068
0.00520262
0.00550109
0.00528806
0.00519568
0.00486394
0.00503354
0.00482531
0.00529774
0.00491876
0.00464491
0.00500641
0.00553266
0.00477488
0.00531217
0.00510052
0.00461370
0.00627844
0.00607840
0.00602847
0.00489154
0.00505062
0.00497590
0.00484864
0.00589060
0.00512907
0.00478644
0.00516021
0.00485404
0.00533614
0.00516986
0.00470291
0.00488598
0.00527244
0.00500053
0.00546620
0.00471004
0.00495842
0.00465958
0.00494326
0.00710601
0.00483897
0.00504579
0.00458655
0.00505869
0.00491804
0.00527252
0.00536325
0.00505043
0.00474727
0.00566528
0.00524027
0.00542228
0.00483729
0.00508286
0.00523468
0.00520636
0.00485738
0.00546241
0.00547448
0.00523280
0.00515097
0.00492137
0.00474978
0.00535396
0.00559465
0.00460687
0.00591099
0.00511390
0.00514205
0.00438576
0.00555651
0.00507737
0.00498402
0.00523345
0.00443892
0.00519210
0.00482562
0.00483643
0.00479383
0.00454595
0.00523934
0.00509545
0.00612635
0.00522292
0.00459950
0.00457507
0.00678911
0.00562071
0.00483651
0.00478296
0.00554473
0.00557985
0.00523598
0.00534625
0.00528707
0.00458661
0.00488449
0.00479022
0.00532139
0.00509836
0.00507776
0.00466626
0.00493429
0.00549684
0.00477707
0.00479291
0.00495783
0.00498592
0.00556624
0.00555058
0.00471116
0.00488678
0.00518371
0.00517227
0.00493450
0.00548984
0.00485670
0.00476864
0.00491529
0.00530209
0.00462010
0.00510669
0.00486710
0.00531285
0.00506257
0.00494260
0.00595460
0.00664149
0.00515572
0.00583319
0.00472211
0.00517685
0.00470094
0.00463790
0.00570776
0.00551507
0.00513775
0.00541693
0.00517596
0.00640767
0.00449345
0.00460930
0.00482396
0.00663320
0.00505972
0.00514819
0.00502021
0.00486138
0.00494400
0.00494982
0.00481134
0.00466072
0.00524677
0.00468469
0.00493431
0.00470237
0.00504956
0.00518687
0.00550168
0.00529761
0.00488401
0.00452653
0.00492630
0.00495915
0.00486713
0.00478377
0.00485076
0.00515742
0.00529219
0.00560274
0.00530348
0.00542961
0.00451643
0.00519401
0.00487250
0.00549863
0.00473765
0.00547249
0.00468471
0.00496414
0.00487644
0.00506083
0.00467483
0.00474419
0.00540802
0.00494743
0.00470845
0.00467424
0.00536618
0.00535500
0.00524457
0.00547864
0.00526408
0.00532111
0.00539060
0.00470688
0.00636174
0.00475894
0.00509019
0.00460804
0.00481562
0.00477476
0.00485140
0.00531853
0.00492142
0.00523544
0.00551879
0.00548757
0.00550326
0.00472037
0.00555072
0.00484452
0.00556213
0.00475096
0.00474387
0.00523402
0.00490341
0.00541064
0.00526500
0.00492753
0.00466265
0.00506487
0.00509825
0.00471264
0.00484506
0.00546048
0.00471890
0.00496507
0.00530649
0.00523350
0.00508189
0.00479155
0.00524873
0.00475841
0.00569432
0.00574557
0.00473938
0.00474514
0.00536667
0.00482471
0.00522910
0.00542873
0.00611558
0.00484208
0.00562126
0.00563243
0.00503589
0.00547098
0.00508961
0.00455652
0.00525018
0.00554909
0.00489167
0.00487710
0.00482852
0.00465816
0.00503928
0.00523400
0.00579687