0.00392942
0.00334573
0.00305185
0.00220406
0.00286329
0.00209942
0.00198551
0.00257193
0.00238348
0.00383278
0.00224000
0.00293543
0.00261860
0.00211390
0.00237401
0.00229516
0.00232303
0.00221706
0.00296529
0.00333746
0.00231632
0.00214085
0.00323023
0.00264545
0.00270725
0.00216626
0.00317156
0.00241366
0.00244156
0.00284944
0.00269348
0.00225473
0.00480729
0.00267477
0.00270610
0.00306917
0.00232617
0.00233233
0.00244949
0.00296644
0.00257844
0.00260342
0.00216538
0.00284365
0.00249910
0.00213943
0.00236281
0.00256569
0.00308746
0.00236426
0.00227083
0.00193033
0.00267533
0.00222882
0.00421972
0.00262720
0.00267962
0.00314743
0.00291989
0.00203412
0.00282004
0.00270820
0.00279092
0.00251949
0.00239832
0.00222956
0.00340515
0.00256366
0.00295701
0.00215462
0.00312898
0.00213314
0.00281094
0.00298602
0.00226342
0.00243369
0.00214162
0.00235362
0.00247455
0.00268133
0.00294766
0.00251920
0.00288616
0.00224864
0.00299413
0.00382470
0.00218011
0.00257386
0.00289681
0.00267348
0.00229847
0.00288060
0.00196262
0.00352646
0.00280277
0.00239740
0.00284926
0.00322083
0.00271371
0.00267563
0.00231618
0.00250667
0.00240203
0.00200445
0.00203367
0.00226228
0.00280620
0.00237117
0.00263815
0.00317187
0.00277447
0.00240434
0.00229891
0.00294451
0.00320412
0.00337607
0.00367922
0.00298485
0.00231099
0.00336171
0.00345977
0.00308757
0.00251362
0.00290087
0.00303367
0.00230657
0.00244485
0.00247230
0.00312786
0.00255478
0.00202309
0.00270004
0.00285413
0.00219388
0.00259663
0.00237827
0.00184744
0.00214928
0.00190790
0.00254764
0.00275993
0.00218434
0.00345913
0.00223748
0.00225449
0.00260513
0.00221687
0.00246709
0.00310642
0.00249761
0.00233496
0.00205490
0.00249448
0.00230777
0.00286043
0.00236621
0.00324030
0.00218377
0.00222319
0.00223420
0.00226658
0.00231824
0.00228069
0.00186154
0.00291815
0.00230414
0.00270505
0.00223875
0.00212743
0.00377853
0.00307961
0.00203380
0.00276270
0.00288850
0.00236020
0.00218882
0.00299166
0.00224247
0.00230805
0.00267072
0.00207608
0.00257727
0.00440328
0.00288149
0.00316493
0.00264431
0.00287806
0.00211040
0.00277466
0.00404840
0.00265965
0.00288869
0.00306835
0.00207892
0.00280446
0.00292315
0.00265500
0.00245471
0.00279844
0.00236896
0.00258072
0.00260581
0.00247686
0.00256849
0.00441211
0.00326852
0.00221048
0.00260452
0.00194583
0.00244990
0.00248231
0.00267926
0.00222566
0.00264520
0.00262696
0.00416041
0.00213265
0.00205725
0.00285750
0.00225668
0.00278207
0.00296265
0.00193629
0.00523552
0.00242323
0.00206901
0.00264911
0.00260306
0.00204384
0.00283869
0.00225293
0.00210191
0.00210284
0.00192297
0.00245904
0.00294682
0.00326451
0.00227829
0.00204278
0.00215129
0.00240993
0.00211132
0.00283640
0.00268385
0.00221866
0.00213992
0.00299278
0.00371853
0.00259159
0.00212901
0.00188437
0.00358620
0.00311693
0.00263452
0.00252004
0.00250687
0.00344783
0.00287320
0.00245317
0.00220973
0.00334823
0.00263466
0.00221218
0.00291431
0.00592461
0.00244934
0.00361716
0.00249621
0.00343079
0.00369857
0.00299947
0.00252891
0.00331713
0.00349958
0.00252257
0.00214524
0.00230765
0.00223785
0.00243177
0.00480008
0.00632933
0.00213570
0.00408025
0.00236606
0.00250724
0.00348422
0.00232644
0.00356439
0.00243514
0.00244514
0.00267273
0.00257717
0.00256085
0.00296556
0.00332628
0.00255606
0.00242277
0.00261769
0.00217161
0.00257577
0.00339176
0.00360968
0.00225262
0.00266214
0.00261712
0.00273013
0.00400001
0.00201534
0.00261815
0.00311942
0.00258410
0.00224753
0.00380885
0.00258566
0.00234223
0.00224936
0.00318021
0.00264744
0.00280443
0.00244695
0.00315760
0.00229774
0.00249060
0.00252513
0.00302092
0.00240169
0.00217795
0.00233058
0.00255002
0.00256511
0.00287168
0.00244200
0.00208926
0.00282573
0.00270530
0.00242196
0.00256624
0.00253207
0.00362230
0.00319442
0.00254346
0.00224751
0.00243348
0.00235440
0.00208638
0.00194322
0.00220552
0.00270649
0.00263415
0.00280879
0.00330746
0.00227308
0.00333353
0.00269810
0.00216063
0.00237192
0.00220111
0.00243437
0.00251389
0.00278673
0.00215030
0.00228152
0.00219255
0.00321765
0.00411991
0.00249883
0.00375030
0.00305083
0.00349364
0.00215179
0.00266921
0.00266207
0.00280101
0.00260468
0.00229541
0.00248553
0.00369688
0.00292718
0.00293492
0.00277737
0.00239100
0.00316987
0.00257082
0.00235229
0.00349555
0.00211334
0.00235945
0.00255624
0.00329472
0.00213077
0.00222841
0.00240718
0.00212185
0.00274524
0.00217516
0.00219771
0.00258214
0.00377797
0.00584892
0.00301171
0.00348780
0.00229648
0.00255756
0.00219947
0.00189328
0.00218652
0.00221323
0.00413851
0.00265932
0.00267274
0.00273021
0.00342516
0.00300681
0.00237023
0.00294175
0.00254829
0.00231840
0.00203260
0.00269505
0.00282807
0.00249149
0.00183940
0.00254411
0.00222657
0.00220132
0.00184266
0.00289173
0.00293527
0.00281417
0.00264171
0.00206691
0.00272402
0.00333483
0.00251361
0.00228355
0.00224617
0.00326689
0.00295410
0.00293248
0.00252040
0.00255138
0.00214765
0.00250897
0.00225669
0.00337782
0.00187123
0.00324755
0.00252269
0.00192404
0.00205192
0.00317317
0.00256622
0.00208126
0.00235618
0.00223186
0.00305885
0.00253640
0.00221072
0.00247938
0.00218164
0.00230243
0.00253321
0.00250526
0.00199618
0.00325626
0.00218747
0.00231051
0.00336913
0.00278436
0.00307834
0.00253919
0.00330482
0.00272250
0.00331414
0.00281228
0.00249898
0.00264342
0.00269136
0.00348230
0.00263609
0.00277056
0.00311174
0.00244276
0.00223324
0.00257935
0.00289281
0.00292795
0.00532040
0.00222349
0.00282170
0.00248030
0.00278352
0.00224053
0.00283354
0.00260196
0.00252156
0.00211023
0.00482298
0.00392823
0.00260205