0.00473982
0.00565108
0.00601034
0.01069568
0.00654953
0.00572855
0.00421545
0.00670013
0.00705085
0.00882893
0.00407523
0.00779534
0.00923975
0.00495529
0.00655544
0.00537779
0.00495371
0.00559436
0.00483793
0.00549272
0.00760947
0.00601199
0.00510626
0.00445372
0.00675093
0.00587893
0.00380471
0.00596946
0.00566462
0.00506537
0.00724181
0.00403625
0.00314542
0.00413540
0.00577727
0.00688522
0.00535604
0.00440163
0.00434470
0.00504991
0.00498871
0.00471407
0.00712278
0.00404462
0.00820431
0.00849262
0.00369685
0.00454050
0.00807402
0.00677851
0.00427048
0.00656709
0.00527099
0.00433372
0.00348205
0.00654159
0.00653964
0.00463409
0.00411407
0.00379077
0.00553745
0.00600346
0.00368961
0.00535220
0.00410583
0.00522323
0.00500436
0.01271451
0.00429058
0.00768534
0.01058173
0.00435215
0.00400374
0.00554833
0.00624802
0.00597763
0.00484281
0.00862469
0.00682823
0.00673644
0.00563130
0.00723956
0.00473196
0.00471786
0.01244054
0.00472782
0.00722880
0.00674754
0.00544160
0.00753824
0.00751863
0.00479105
0.00413114
0.00398599
0.00799515
0.00540255
0.00677777
0.00549054
0.00614351
0.00702418
0.00446130
0.00934462
0.00456020
0.00558626
0.00465850
0.00431014
0.00774575
0.00733991
0.00417663
0.01210296
0.00443356
0.00581042
0.00508011
0.00792188
0.00801715
0.00476786
0.00421488
0.00474814
0.00507519
0.00427264
0.00990002
0.00671918
0.00761847
0.00380771
0.00363464
0.00650976
0.00394364
0.00440312
0.00473109
0.00358862
0.00753898
0.00461005
0.00539914
0.00557240
0.00531678
0.00640734
0.00504034
0.00431406
0.00598401
0.00758890
0.00312181
0.00320024
0.00447911
0.00476847
0.00581748
0.00492789
0.00509683
0.00493747
0.00706548
0.01683402
0.00520783
0.00452436
0.00450594
0.00535897
0.00488245
0.00811440
0.00656955
0.00573922
0.00710345
0.00440673
0.00498858
0.00969557
0.00592624
0.00632349
0.00531310
0.00471663
0.00537383
0.00543823
0.00557376
0.00426933
0.00566437
0.00905917
0.00833664
0.00795775
0.00617506
0.00519545
0.00583060
0.00598403
0.00354351
0.00433168
0.00420674
0.00582574
0.00668250
0.00480577
0.00826018
0.00576554
0.00629611
0.00429649
0.00460773
0.00415549
0.00786824
0.00898718
0.00402675
0.00434626
0.00566658
0.00679816
0.00423617
0.00652294
0.00485753
0.00493212
0.00526863
0.00588153
0.00541961
0.00601668
0.00565131
0.00594425
0.00660293
0.00504815
0.00686325
0.00510675
0.00534257
0.00423961
0.00517255
0.00646742
0.00515591
0.00694785
0.00378235
0.00395708
0.00585943
0.00480450
0.00407279
0.00400528
0.00472186
0.00622201
0.00660775
0.00875391
0.00389438
0.00475720
0.00865353
0.00409769
0.00597814
0.00360065
0.00916652
0.00858593
0.00469512
0.00639443
0.00759766
0.00540953
0.00519699
0.00638734
0.00391033
0.00366346
0.00707717
0.00864145
0.00540999
0.00514946
0.00703151
0.00451374
0.00722565
0.00351546
0.00516331
0.00394826
0.00722184
0.00520369
0.00520319
0.00431438
0.00478180
0.00535273
0.00481742
0.00883511
0.00484604
0.00453074
0.00403046
0.00658500
0.00639454
0.00534111
0.00532185
0.00703729
0.00664616
0.00842970
0.00730619
0.00533066
0.00577028
0.00525855
0.00835155
0.00530459
0.00522269
0.00426807
0.00947071
0.00464327
0.00479625
0.00500558
0.00500716
0.00569272
0.00536861
0.00348741
0.00719818
0.00665021
0.00447365
0.00468768
0.00841469
0.00495263
0.00473703
0.00570141
0.00432089
0.00445835
0.00708327
0.00509585
0.01002105
0.00454988
0.00784907
0.00487350
0.00540461
0.00452408
0.00527173
0.00357575
0.00462152
0.00581591
0.00700746
0.01040400
0.00421347
0.00673934
0.00529362
0.00522436
0.00647651
0.00555327
0.00604224
0.00489896
0.00789149
0.00651070
0.00819745
0.00363246
0.00583269
0.00892228
0.00502062
0.00547833
0.00857346
0.00393264
0.00661034
0.00393426
0.00432564
0.00463694
0.00658756
0.00421018
0.00502870
0.00618185
0.00593040
0.00806458
0.00594647
0.00437355
0.00696204
0.00674737
0.00476663
0.00864702
0.00625306
0.00546179
0.00637171
0.00573375
0.00611217
0.00583342
0.00445765
0.00474514
0.00771851
0.00556631
0.00482065
0.00520817
0.00527562
0.00422612
0.00569500
0.00446797
0.00454420
0.00901550
0.00414053
0.00326830
0.00729187
0.00557556
0.00380499
0.00379588
0.00994061
0.00545783
0.01052089
0.00588637
0.00313411
0.00477201
0.00464147
0.00670694
0.00624374
0.00410066
0.00510387
0.00466444
0.00606680
0.00446492
0.00619363
0.00788197
0.00480058
0.00405566
0.00463842
0.00397523
0.00608100
0.00472945
0.00484882
0.00719911
0.00467601
0.00686282
0.00405748
0.00517669
0.00659967
0.00417716
0.00893763
0.00466922
0.00438105
0.00577193
0.00371415
0.00730632
0.00335266
0.00536839
0.01042933
0.00709500
0.00938454
0.00459617
0.01007611
0.00541573
0.00478579
0.00577691
0.00731629
0.00798537
0.00491427
0.00467293
0.00603750
0.00424821
0.00487760
0.00551661
0.00400986
0.00446516
0.00468833
0.00541789
0.00610780
0.00630259
0.00445019
0.00397155
0.00464082
0.00579008
0.00497265
0.00540315
0.00592376
0.00380618
0.00484988
0.00450689
0.00629942
0.00776427
0.00750790
0.00768988
0.00621840
0.00467071
0.00401918
0.00606573
0.00742892
0.00653086
0.00795963
0.00625068
0.00487519
0.00785692
0.00580188
0.00459663
0.00349244
0.00534099
0.00486286
0.00667094
0.00499029
0.00513404
0.00480632
0.00431051
0.00592927
0.00612185
0.00672318
0.00431657
0.00636780
0.00513139
0.00530856
0.00404838
0.00441977
0.00478693
0.00417198
0.00516848
0.00427687
0.00660979
0.00721270
0.01021515
0.00514482
0.00634749
0.00914327
0.00340797
0.00407719
0.00851541
0.00550260
0.00702827
0.00511881
0.00646466
0.00508277
0.00455194
0.00538116
0.00414988
0.00460636
0.00632951
0.00385002
0.00746113
0.00657268
0.00383555
0.00761533
0.00448618