0.01673548
0.01675992
0.01800024
0.02606330
0.01733442
0.01766758
0.01440291
0.02130426
0.01934773
0.02525076
0.02238549
0.01999432
0.03085743
0.03098025
0.02976055
0.06689247
0.02523072
0.02276400
0.02705564
0.01828825
0.01719930
0.03998335
0.03017504
0.01990125
0.01618490
0.13041536
0.07312619
0.02118803
0.01613230
0.10491472
0.02213763
0.03700596
0.02110722
0.01760479
0.02045255
0.02480435
0.15450445
0.02288391
0.01870911
0.03108075
0.02084820
0.02639871
0.03350671
0.03527498
0.01929318
0.01588463
0.01520454
0.02306417
0.02687189
0.03989853
0.01748866
0.01963553
0.02310366
0.02370446
0.02378639
0.02476322
0.01751777
0.04274570
0.01313682
0.02238149
0.05783501
0.02439560
0.03000560
0.01703983
0.02480699
0.01994413
0.02159296
0.01868101
0.02706497
0.03667449
0.02060651
0.10029026
0.02171101
0.02011619
0.02732771
0.03152724
0.02913055
0.02100804
0.02386726
0.01737965
0.03006950
0.03854109
0.01563240
0.03237796
0.03253668
0.01638360
0.01964356
0.01700945
0.01971557
0.02185455
0.02096217
0.01198258
0.02321021
0.01796421
0.02413358
0.02772923
0.02020702
0.02909280
0.02866048
0.03408975
0.01589698
0.02133819
0.04060359
0.02067367
0.02504923
0.02832158
0.02062090
0.01879104
0.01766086
0.01558626
0.01677134
0.03079435
0.03237988
0.03458751
0.01766654
0.03593306
0.01767393
0.03804682
0.02113341
0.03332909
0.02174224
0.02445869
0.01855089
0.01715002
0.02182309
0.01607658
0.02419849
0.01790001
0.01909996
0.02171522
0.02635132
0.01871292
0.02301916
0.01770530
0.06311164
0.01954489
0.02459490
0.05142186
0.02076523
0.03200294
0.09595528
0.03788936
0.01945407
0.01797463
0.02305509
0.05314907
0.01710562
0.01916810
0.01437301
0.02967740
0.01931671
0.01686098
0.02053743
0.02995860
0.05003239
0.01843503
0.06110492
0.02652376
0.01695023
0.02434646
0.01487664
0.01990619
0.02884058
0.03247144
0.01939817
0.02057453
0.01887581
0.02336153
0.02144181
0.02214479
0.03508728
0.01524771
0.02623865
0.01622903
0.01886567
0.02345993
0.01999370
0.05850848
0.02932921
0.01826371
0.01846163
0.03000703
0.07171417
0.02416489
0.02238799
0.02869454
0.02663658
0.02555914
0.01899808
0.01530487
0.01455094
0.03202481
0.01939387
0.05616556
0.01810881
0.02572312
0.04041498
0.02133069
0.01822591
0.02832347
0.06369178
0.02149157
0.01953257
0.01799552
0.01781065
0.03366034
0.02174089
0.02245794
0.03299638
0.02088474
0.01807093
0.02658100
0.01921067
0.02086684
0.03087379
0.01890898
0.02782438
0.05537335
0.01745297
0.02013710
0.01874981
0.03263346
0.01968905
0.02309759
0.02294619
0.02158994
0.03602102
0.01691035
0.04167913
0.02972308
0.01835613
0.03216055
0.02004988
0.06385426
0.02068232
0.02711699
0.02523033
0.01732180
0.03180520
0.02310150
0.02734895
0.01729624
0.01995131
0.02245541
0.01814197
0.01473013
0.01479529
0.01874526
0.01672119
0.02141565
0.02597789
0.02021854
0.01982584
0.02276030
0.03021602
0.01906904
0.02277039
0.02335410
0.02366630
0.02706773
0.01799576
0.02537965
0.01910191
0.01697414
0.02513456
0.02063680
0.03533340
0.01817363
0.01813163
0.05016549
0.02150578
0.01685786
0.03117481
0.02294117
0.02042359
0.04318806
0.02733508
0.01557333
0.02020454
0.02021342
0.02053475
0.03056924
0.02317874
0.02548263
0.02792283
0.02296678
0.02932840
0.01883765
0.03908075
0.01696265
0.01663149
0.01942545
0.03465779
0.03533891
0.01999131
0.02851863
0.04085712
0.02448884
0.03092723
0.03107104
0.01632757
0.05096883
0.02172994
0.04725178
0.03224622
0.02191385
0.03128604
0.01745531
0.04079207
0.03696148
0.02557739
0.01962769
0.01911511
0.02584051
0.03647605
0.02052783
0.01639757
0.02268553
0.01631892
0.02765880
0.04694571
0.01580231
0.03565777
0.01719465
0.01555022
0.02634852
0.01869822
0.05402437
0.08746978
0.02311583
0.01814343
0.01728945
0.03823036
0.02193569
0.02670759
0.01369935
0.02219579
0.02543980
0.02660435
0.01558220
0.03860669
0.04508092
0.08485295
0.02717871
0.04773621
0.04300541
0.02401376
0.01498448
0.02474019
0.01734831
0.01754768
0.03245163
0.01438731
0.01960701
0.04010713
0.03009691
0.01840409
0.01807209
0.01574167
0.02596996
0.01728998
0.02023917
0.03245893
0.01573037
0.02157010
0.02835922
0.03559838
0.04412877
0.01635999
0.02045823
0.02012244
0.01946917
0.02877581
0.01860518
0.01480227
0.01900717
0.02132491
0.02682345
0.01843020
0.02842582
0.01661556
0.01638950
0.01925546
0.01890254
0.02705220
0.02600441
0.01543651
0.02977725
0.01500231
0.01896632
0.01634684
0.05165394
0.01941210
0.03331618
0.02919870
0.04202252
0.02546929
0.01730769
0.02079115
0.02698695
0.02125523
0.01723916
0.03696233
0.03265859
0.01983219
0.03570064
0.01714998
0.01853139
0.01791955
0.04513671
0.04090012
0.03276616
0.01766291
0.03289279
0.03322327
0.03599890
0.01441624
0.01869294
0.02811353
0.01930013
0.02445878
0.02071776
0.02432433
0.05473749
0.01764305
0.02539812
0.02592726
0.01638680
0.02033061
0.02881982
0.02387178
0.01620706
0.01726404
0.02159811
0.03322591
0.04308540
0.02342195
0.06442882
0.02880181
0.03106957
0.02512778
0.01810764
0.01780088
0.02415848
0.01321054
0.02129125
0.01718277
0.01937708
0.01826083
0.01927992
0.02262396
0.02880226
0.01521121
0.01589203
0.04193006
0.02532034
0.01894242
0.01756224
0.01583959
0.02202760
0.01644416
0.01650736
0.03151132
0.02078821
0.02730659
0.02230809
0.02132908
0.03565525
0.02254844
0.03530741
0.04219697
0.01780546
0.05464864
0.03221505
0.01536157
0.01800531
0.02056897
0.02602459
0.01723237
0.01687769
0.02393580
0.02891780
0.02445251
0.02534250
0.01910374
0.04904909
0.02164592
0.01465558
0.02006203
0.01627900
0.02075832
0.01871442
0.02725256
0.06651550
0.01844172
0.01998945
0.02703097
0.01886140
0.03046706
0.02285326