0.00114281
0.00117935
0.00117585
0.00120296
0.00127158
0.00121625
0.00127349
0.00118200
0.00111999
0.00122733
0.00127554
0.00113695
0.00115279
0.00123961
0.00121332
0.00124824
0.00126940
0.00129556
0.00121199
0.00123535
0.00113267
0.00111765
0.00114936
0.00122959
0.00128614
0.00118759
0.00127355
0.00175930
0.00128966
0.00117871
0.00113481
0.00133393
0.00115957
0.00120035
0.00126238
0.00121613
0.00128902
0.00122642
0.00138360
0.00119615
0.00120562
0.00118113
0.00118727
0.00118570
0.00121263
0.00123439
0.00120709
0.00124332
0.00136446
0.00122093
0.00120560
0.00117123
0.00123914
0.00110102
0.00121861
0.00126715
0.00139933
0.00111870
0.00138456
0.00125498
0.00120047
0.00163146
0.00122680
0.00186062
0.00149088
0.00122238
0.00119136
0.00121525
0.00109118
0.00122858
0.00138228
0.00114953
0.00126624
0.00118842
0.00123020
0.00117192
0.00116553
0.00116568
0.00117638
0.00116179
0.00119449
0.00117074
0.00117358
0.00121595
0.00153344
0.00113010
0.00117047
0.00143865
0.00117488
0.00107030
0.00114293
0.00123332
0.00120544
0.00115328
0.00143349
0.00119205
0.00133022
0.00122259
0.00122493
0.00124561
0.00109588
0.00124767
0.00117536
0.00121643
0.00123004
0.00133431
0.00130812
0.00120384
0.00120943
0.00122875
0.00149784
0.00127955
0.00113391
0.00132931
0.00124885
0.00124587
0.00124564
0.00121180
0.00130189
0.00109311
0.00120138
0.00117567
0.00112190
0.00115798
0.00120322
0.00127745
0.00116955
0.00119441
0.00112687
0.00145143
0.00114885
0.00122213
0.00112658
0.00120616
0.00127733
0.00114627
0.00138377
0.00129277
0.00114910
0.00123812
0.00105554
0.00132934
0.00109139
0.00128495
0.00109365
0.00117582
0.00118831
0.00120882
0.00147618
0.00115082
0.00111887
0.00116813
0.00119175
0.00110851
0.00122448
0.00112937
0.00128628
0.00117061
0.00116882
0.00121393
0.00124453
0.00113808
0.00117500
0.00121955
0.00125558
0.00116451
0.00119993
0.00120797
0.00121469
0.00126101
0.00131243
0.00116347
0.00127882
0.00123896
0.00127881
0.00123813
0.00122247
0.00129242
0.00119815
0.00126352
0.00114886
0.00122017
0.00114075
0.00114660
0.00135283
0.00129102
0.00123018
0.00116995
0.00132359
0.00115005
0.00117892
0.00114078
0.00115117
0.00117391
0.00120898
0.00115165
0.00118010
0.00116707
0.00115075
0.00117128
0.00114147
0.00118576
0.00119255
0.00128433
0.00127682
0.00119488
0.00120068
0.00131025
0.00120311
0.00116082
0.00117243
0.00129080
0.00127471
0.00122830
0.00115076
0.00129254
0.00112965
0.00119765
0.00129565
0.00123805
0.00140389
0.00116863
0.00125796
0.00122862
0.00117500
0.00121788
0.00122094
0.00134136
0.00120880
0.00112128
0.00112321
0.00118158
0.00120762
0.00116056
0.00119439
0.00112406
0.00108784
0.00123935
0.00129453
0.00117644
0.00117139
0.00126794
0.00111321
0.00128766
0.00118873
0.00110826
0.00131286
0.00125661
0.00133815
0.00118607
0.00119326
0.00119398
0.00119174
0.00120634
0.00116104
0.00128227
0.00125236
0.00128267
0.00127398
0.00120436
0.00115096
0.00137325
0.00125854
0.00122433
0.00133041
0.00119872
0.00123541
0.00130153
0.00108193
0.00132702
0.00123575
0.00123114
0.00117527
0.00112041
0.00119197
0.00127094
0.00119852
0.00115691
0.00119613
0.00118479
0.00118554
0.00124443
0.00122886
0.00112604
0.00119933
0.00114835
0.00118987
0.00106609
0.00110375
0.00125070
0.00111585
0.00121253
0.00115694
0.00107312
0.00123153
0.00115703
0.00118940
0.00136423
0.00122686
0.00129544
0.00131920
0.00123227
0.00136230
0.00134824
0.00126111
0.00118083
0.00112781
0.00119406
0.00113364
0.00118411
0.00117532
0.00109056
0.00111882
0.00118483
0.00115757
0.00147211
0.00140330
0.00122577
0.00126308
0.00116826
0.00113182
0.00117070
0.00114912
0.00123959
0.00117189
0.00128894
0.00127310
0.00112726
0.00115661
0.00125799
0.00115442
0.00126164
0.00134190
0.00112770
0.00121777
0.00121447
0.00121454
0.00115879
0.00124334
0.00110777
0.00107983
0.00119573
0.00115018
0.00134989
0.00121712
0.00110092
0.00122552
0.00132948
0.00133529
0.00122576
0.00119976
0.00115326
0.00127635
0.00115315
0.00125741
0.00119088
0.00115327
0.00116640
0.00115246
0.00119059
0.00126846
0.00125504
0.00131924
0.00127923
0.00113474
0.00121949
0.00119390
0.00113140
0.00112655
0.00132758
0.00131955
0.00115877
0.00122336
0.00120994
0.00107419
0.00112120
0.00110805
0.00117496
0.00124740
0.00116969
0.00122288
0.00127097
0.00110682
0.00113882
0.00121874
0.00121313
0.00113825
0.00114739
0.00126837
0.00112970
0.00117592
0.00115824
0.00123990
0.00112918
0.00123177
0.00107648
0.00114857
0.00120966
0.00113334
0.00116280
0.00127016
0.00122533
0.00119769
0.00113332
0.00118120
0.00150615
0.00136613
0.00112889
0.00119141
0.00122165
0.00117725
0.00149115
0.00119244
0.00123114
0.00113993
0.00115145
0.00108091
0.00118130
0.00124134
0.00114424
0.00119018
0.00131942
0.00109755
0.00113062
0.00120230
0.00119409
0.00126275
0.00119523
0.00131674
0.00120391
0.00132905
0.00133214
0.00117443
0.00115824
0.00126403
0.00124690
0.00123176
0.00122979
0.00116577
0.00114408
0.00120549
0.00110699
0.00129323
0.00125666
0.00112118
0.00118404
0.00120160
0.00123310
0.00130414
0.00116876
0.00115074
0.00126336
0.00120940
0.00122678
0.00120006
0.00115598
0.00122752
0.00118649
0.00143151
0.00109679
0.00114541
0.00115688
0.00124687
0.00121644
0.00121142
0.00128280
0.00125225
0.00117970
0.00114112
0.00122996
0.00110141
0.00109281
0.00147296
0.00116646
0.00116782
0.00123821
0.00122559
0.00118344
0.00123955
0.00131815
0.00119380
0.00114372
0.00120089
0.00121148
0.00129138
0.00108928
0.00112902
0.00118532
0.00118189
0.00116413
0.00130941
0.00124094
0.00125850
0.00116822
0.00119056
0.00125364
0.00116210
0.00124646
0.00129306
0.00119605