0.00070616
0.00070555
0.00069182
0.00072074
0.00077426
0.00077580
0.00071239
0.00075143
0.00071046
0.00073136
0.00071355
0.00071303
0.00070326
0.00069416
0.00069863
0.00073063
0.00071265
0.00075429
0.00072803
0.00070061
0.00073748
0.00072169
0.00077145
0.00072448
0.00072212
0.00078039
0.00069563
0.00071655
0.00072250
0.00070090
0.00071520
0.00071264
0.00069563
0.00069466
0.00070233
0.00073817
0.00067882
0.00079200
0.00070401
0.00072111
0.00072305
0.00070158
0.00071168
0.00070036
0.00072691
0.00072656
0.00073605
0.00070935
0.00069946
0.00070499
0.00071264
0.00071467
0.00070190
0.00077726
0.00073287
0.00072125
0.00074591
0.00070928
0.00072903
0.00070576
0.00070596
0.00073344
0.00073590
0.00074622
0.00070769
0.00072730
0.00081402
0.00072088
0.00074038
0.00073653
0.00071520
0.00074115
0.00070636
0.00071167
0.00073731
0.00074269
0.00070741
0.00076612
0.00073256
0.00074901
0.00070322
0.00075968
0.00071027
0.00073470
0.00076579
0.00071439
0.00070990
0.00070365
0.00069842
0.00072319
0.00071491
0.00068544
0.00070363
0.00073061
0.00074319
0.00072240
0.00071278
0.00072289
0.00074279
0.00076130
0.00069697
0.00072119
0.00072901
0.00075030
0.00071133
0.00071024
0.00072411
0.00071465
0.00073879
0.00072619
0.00068628
0.00070870
0.00072699
0.00071968
0.00071902
0.00072284
0.00069560
0.00074909
0.00070564
0.00073955
0.00072065
0.00070413
0.00070731
0.00068762
0.00069904
0.00076978
0.00074263
0.00074471
0.00074146
0.00073050
0.00069547
0.00072997
0.00072005
0.00071398
0.00072951
0.00074593
0.00069010
0.00068808
0.00074687
0.00074909
0.00071913
0.00070514
0.00070292
0.00072245
0.00070873
0.00071925
0.00069016
0.00073638
0.00072950
0.00075631
0.00072711
0.00070583
0.00071643
0.00070675
0.00073829
0.00070165
0.00071547
0.00070138
0.00070176
0.00076109
0.00071652
0.00071409
0.00071177
0.00069589
0.00071245
0.00073518
0.00070610
0.00075978
0.00072413
0.00071004
0.00073413
0.00074570
0.00075887
0.00071927
0.00070567
0.00072942
0.00071220
0.00070510
0.00074808
0.00070930
0.00072989
0.00068407
0.00070583
0.00072364
0.00073748
0.00072707
0.00075172
0.00071762
0.00073089
0.00070241
0.00072335
0.00069297
0.00076205
0.00072143
0.00072195
0.00067812
0.00072397
0.00072051
0.00071233
0.00070242
0.00076362
0.00070785
0.00072589
0.00074707
0.00074395
0.00071853
0.00070942
0.00074208
0.00072930
0.00069693
0.00069322
0.00073298
0.00073320
0.00071828
0.00072235
0.00071570
0.00072045
0.00067764
0.00072089
0.00070073
0.00073372
0.00069306
0.00072354
0.00070217
0.00072070
0.00076334
0.00072664
0.00068418
0.00072378
0.00073475
0.00072647
0.00071156
0.00071606
0.00071809
0.00070918
0.00071723
0.00071628
0.00076257
0.00071164
0.00069884
0.00070454
0.00069633
0.00070861
0.00071848
0.00069245
0.00068821
0.00070159
0.00075430
0.00072235
0.00072985
0.00072431
0.00073151
0.00072594
0.00070130
0.00070391
0.00071573
0.00073633
0.00072741
0.00070930
0.00071471
0.00071434
0.00074223
0.00074064
0.00071630
0.00069871
0.00073119
0.00073489
0.00071743
0.00072198
0.00069893
0.00072029
0.00074562
0.00071716
0.00074574
0.00070038
0.00071763
0.00074313
0.00072189
0.00073047
0.00072442
0.00071361
0.00078010
0.00073957
0.00079061
0.00070718
0.00071912
0.00071782
0.00069821
0.00070717
0.00070139
0.00071434
0.00070459
0.00068633
0.00073047
0.00069321
0.00074612
0.00073058
0.00072152
0.00073090
0.00072383
0.00070160
0.00071408
0.00070805
0.00069449
0.00071778
0.00072836
0.00072226
0.00069556
0.00071309
0.00068961
0.00072587
0.00073770
0.00072409
0.00071812
0.00074045
0.00071765
0.00070217
0.00073121
0.00071213
0.00069967
0.00075211
0.00071395
0.00068876
0.00077270
0.00071523
0.00075464
0.00069834
0.00073530
0.00070300
0.00068054
0.00071333
0.00073454
0.00071772
0.00074667
0.00074143
0.00077310
0.00072319
0.00070439
0.00071087
0.00075030
0.00072016
0.00073820
0.00071178
0.00070681
0.00074056
0.00073064
0.00071780
0.00070760
0.00071374
0.00071730
0.00069438
0.00076942
0.00074793
0.00069878
0.00074355
0.00071705
0.00070157
0.00070370
0.00072051
0.00073220
0.00071981
0.00072673
0.00077827
0.00072816
0.00069595
0.00070220
0.00069273
0.00070962
0.00073865
0.00076285
0.00069982
0.00070888
0.00071611
0.00073891
0.00071066
0.00071647
0.00074755
0.00073388
0.00070670
0.00076227
0.00073268
0.00074415
0.00074170
0.00079706
0.00075073
0.00071333
0.00074886
0.00069196
0.00076219
0.00070131
0.00069805
0.00072839
0.00072042
0.00075770
0.00069638
0.00070762
0.00072237
0.00071974
0.00072984
0.00069091
0.00070640
0.00071854
0.00072727
0.00069971
0.00072363
0.00073946
0.00070828
0.00073107
0.00068903
0.00072033
0.00071771
0.00069347
0.00071578
0.00073164
0.00069067
0.00074502
0.00072466
0.00074532
0.00069296
0.00069061
0.00074174
0.00071658
0.00071032
0.00072674
0.00070882
0.00069708
0.00071478
0.00071952
0.00070159
0.00068779
0.00073538
0.00077478
0.00076829
0.00069455
0.00074695
0.00070783
0.00073983
0.00071842
0.00070277
0.00074726
0.00070755
0.00072461
0.00067874
0.00074285
0.00072755
0.00074568
0.00079193
0.00072129
0.00071996
0.00071680
0.00073282
0.00074326
0.00068024
0.00072558
0.00070639
0.00071226
0.00072938
0.00070788
0.00071245
0.00071989
0.00076050
0.00069981
0.00072345
0.00077435
0.00072698
0.00074246
0.00074995
0.00070290
0.00072417
0.00070713
0.00068993
0.00070587
0.00072590
0.00072932
0.00072996
0.00072383
0.00071234
0.00073818
0.00073581
0.00070757
0.00072900
0.00070361
0.00072498
0.00073666
0.00074365
0.00071288
0.00073460
0.00070514
0.00073321
0.00071454
0.00071349
0.00070983
0.00071509
0.00073755
0.00071994
0.00070812
0.00070641
0.00073104
0.00071911
0.00071400