0.00056070
0.00062430
0.00053134
0.00059000
0.00054749
0.00052970
0.00054423
0.00057564
0.00053449
0.00056137
0.00058687
0.00059068
0.00061529
0.00056787
0.00057282
0.00054939
0.00062971
0.00053021
0.00054256
0.00057551
0.00057046
0.00055937
0.00068026
0.00055260
0.00054844
0.00055286
0.00059706
0.00055559
0.00061637
0.00059278
0.00060111
0.00056831
0.00054200
0.00053350
0.00062550
0.00059325
0.00055450
0.00066940
0.00055402
0.00054995
0.00060283
0.00062765
0.00060792
0.00054445
0.00059299
0.00054911
0.00057410
0.00056761
0.00064469
0.00060615
0.00060842
0.00057551
0.00057765
0.00057485
0.00053420
0.00059610
0.00055495
0.00056639
0.00057107
0.00056155
0.00058289
0.00061172
0.00061579
0.00057811
0.00057982
0.00052747
0.00059252
0.00056376
0.00066919
0.00055340
0.00059163
0.00058043
0.00056477
0.00064565
0.00055844
0.00057996
0.00061691
0.00058101
0.00053620
0.00058319
0.00056540
0.00056194
0.00055737
0.00057637
0.00061397
0.00056069
0.00064530
0.00059654
0.00061022
0.00057560
0.00063434
0.00060802
0.00056419
0.00059987
0.00056738
0.00060204
0.00056439
0.00061155
0.00055528
0.00059370
0.00066303
0.00062249
0.00055183
0.00054136
0.00058157
0.00062604
0.00056472
0.00053311
0.00058084
0.00058968
0.00055560
0.00059837
0.00057842
0.00055926
0.00059191
0.00059215
0.00056888
0.00056362
0.00066485
0.00052847
0.00054676
0.00058428
0.00060717
0.00062976
0.00060261
0.00062476
0.00057737
0.00058290
0.00056256
0.00059555
0.00059116
0.00065889
0.00056636
0.00057796
0.00057608
0.00072149
0.00057355
0.00057201
0.00059061
0.00058997
0.00056433
0.00058708
0.00059310
0.00058756
0.00053639
0.00058845
0.00057344
0.00056261
0.00061356
0.00058269
0.00054349
0.00060922
0.00055646
0.00057144
0.00060191
0.00060345
0.00059003
0.00055965
0.00058876
0.00061799
0.00055294
0.00056116
0.00064677
0.00058380
0.00059458
0.00062307
0.00062143
0.00054751
0.00056739
0.00059457
0.00063916
0.00059856
0.00059192
0.00055276
0.00055307
0.00058704
0.00058014
0.00061538
0.00054903
0.00055162
0.00055546
0.00063393
0.00055981
0.00059930
0.00053728
0.00055748
0.00056310
0.00057863
0.00056004
0.00060806
0.00054791
0.00060242
0.00061549
0.00057169
0.00059052
0.00055853
0.00058487
0.00056844
0.00059249
0.00058328
0.00059665
0.00052332
0.00055040
0.00058055
0.00057180
0.00063645
0.00052777
0.00054804
0.00055028
0.00055541
0.00056052
0.00057750
0.00063746
0.00061077
0.00056789
0.00059777
0.00054701
0.00065450
0.00061925
0.00057593
0.00060117
0.00055284
0.00055135
0.00060257
0.00053970
0.00063312
0.00056838
0.00054840
0.00056145
0.00056754
0.00062767
0.00059737
0.00055257
0.00057352
0.00056335
0.00057166
0.00059523
0.00056152
0.00058056
0.00060029
0.00054645
0.00053237
0.00060327
0.00063079
0.00063528
0.00058889
0.00057183
0.00055862
0.00060587
0.00060947
0.00055048
0.00052115
0.00055754
0.00058307
0.00059690
0.00060307
0.00057705
0.00058016
0.00063050
0.00050851
0.00053372
0.00055839
0.00061953
0.00059834
0.00059507
0.00056334
0.00056424
0.00053976
0.00055088
0.00056807
0.00060061
0.00056147
0.00055316
0.00061698
0.00053848
0.00057731
0.00056898
0.00059133
0.00054202
0.00059755
0.00054425
0.00059763
0.00060585
0.00050570
0.00055224
0.00059298
0.00055708
0.00059156
0.00059340
0.00060894
0.00061137
0.00054994
0.00057210
0.00062849
0.00059158
0.00055228
0.00055361
0.00059752
0.00056602
0.00059198
0.00054580
0.00056228
0.00056113
0.00059641
0.00054987
0.00062800
0.00061548
0.00055880
0.00056396
0.00056444
0.00056390
0.00060435
0.00062759
0.00060690
0.00057167
0.00061046
0.00064288
0.00054541
0.00053764
0.00056934
0.00061507
0.00054461
0.00057903
0.00053189
0.00066057
0.00058546
0.00058380
0.00060718
0.00055070
0.00059892
0.00054568
0.00055146
0.00060857
0.00055728
0.00063492
0.00056834
0.00058024
0.00055538
0.00053900
0.00052602
0.00055482
0.00064750
0.00055853
0.00054801
0.00056427
0.00066213
0.00059369
0.00062805
0.00055571
0.00062279
0.00061372
0.00058271
0.00061949
0.00054649
0.00061617
0.00055447
0.00059696
0.00058393
0.00065320
0.00070477
0.00055950
0.00059303
0.00053304
0.00052864
0.00058752
0.00057269
0.00056779
0.00055382
0.00056735
0.00055213
0.00057294
0.00052799
0.00059623
0.00057201
0.00059792
0.00058485
0.00060359
0.00057699
0.00058612
0.00057997
0.00065394
0.00055608
0.00059429
0.00057377
0.00059004
0.00054415
0.00059419
0.00056018
0.00058609
0.00053678
0.00069228
0.00055772
0.00062063
0.00060349
0.00066712
0.00066290
0.00057069
0.00057545
0.00057036
0.00060580
0.00053801
0.00058848
0.00063851
0.00057371
0.00056059
0.00059772
0.00054937
0.00058585
0.00059594
0.00053838
0.00058702
0.00055033
0.00055499
0.00058079
0.00054567
0.00070163
0.00054444
0.00054262
0.00055016
0.00062036
0.00056105
0.00058423
0.00062511
0.00061177
0.00060211
0.00059399
0.00061767
0.00054529
0.00057499
0.00055648
0.00055892
0.00057701
0.00054870
0.00061253
0.00054735
0.00059294
0.00064955
0.00062511
0.00056234
0.00063761
0.00058040
0.00053546
0.00057091
0.00054857
0.00053737
0.00054011
0.00054478
0.00063391
0.00062895
0.00056044
0.00053832
0.00061067
0.00056451
0.00059800
0.00053460
0.00055663
0.00054536
0.00057651
0.00056926
0.00056789
0.00057155
0.00054795
0.00055145
0.00055845
0.00060608
0.00057831
0.00058355
0.00057430
0.00058214
0.00059878
0.00056732
0.00063733
0.00053923
0.00063329
0.00061114
0.00053136
0.00054346
0.00073823
0.00054775
0.00056510
0.00064076
0.00058619
0.00059788
0.00058639
0.00054039
0.00057347
0.00055432
0.00055921
0.00055581
0.00058734
0.00056175
0.00065923
0.00058235
0.00056817
0.00055609
0.00054020
0.00058901
0.00062556
0.00061086
0.00055232