0.00242689
0.00173908
0.00167995
0.00144371
0.00212943
0.00179121
0.00144591
0.00164677
0.00212061
0.00191230
0.00139229
0.00172378
0.00154915
0.00170422
0.00177708
0.00200143
0.00178068
0.00229130
0.00165723
0.00219072
0.00189835
0.00150892
0.00176969
0.00142337
0.00169016
0.00154365
0.00215672
0.00209268
0.00148513
0.00134189
0.00249931
0.00225207
0.00169893
0.00159930
0.00207328
0.00160213
0.00155540
0.00202584
0.00203970
0.00185918
0.00197823
0.00199121
0.00174868
0.00179795
0.00173260
0.00196368
0.00127796
0.00189539
0.00164062
0.00153097
0.00164975
0.00228276
0.00148696
0.00249622
0.00178974
0.00187378
0.00166525
0.00137119
0.00144425
0.00156993
0.00190675
0.00261533
0.00197436
0.00141986
0.00202588
0.00212804
0.00186636
0.00162787
0.00175629
0.00159617
0.00161694
0.00177779
0.00163787
0.00184222
0.00150563
0.00202814
0.00159402
0.00147264
0.00169147
0.00204282
0.00257954
0.00180138
0.00147399
0.00242010
0.00201875
0.00188017
0.00203573
0.00213746
0.00162797
0.00243755
0.00233853
0.00164864
0.00182145
0.00200429
0.00181507
0.00154907
0.00181284
0.00176852
0.00193704
0.00159874
0.00201891
0.00207341
0.00191036
0.00153277
0.00223954
0.00200594
0.00156162
0.00186363
0.00183184
0.00184854
0.00232284
0.00137076
0.00128981
0.00193556
0.00188527
0.00199184
0.00184029
0.00162126
0.00201152
0.00183581
0.00149120
0.00144869
0.00150369
0.00189331
0.00172551
0.00198814
0.00176861
0.00180936
0.00191361
0.00143219
0.00176530
0.00111730
0.00169025
0.00270363
0.00149907
0.00216748
0.00214433
0.00195996
0.00137681
0.00156919
0.00210150
0.00219159
0.00141672
0.00217707
0.00212888
0.00204106
0.00159089
0.00166415
0.00171525
0.00189481
0.00169589
0.00167681
0.00171197
0.00197743
0.00152914
0.00196529
0.00218343
0.00213334
0.00141637
0.00148424
0.00152298
0.00187058
0.00162785
0.00173202
0.00200037
0.00240400
0.00186835
0.00238448
0.00199646
0.00156198
0.00206008
0.00141604
0.00177532
0.00171208
0.00141821
0.00148107
0.00221984
0.00192047
0.00161208
0.00136568
0.00176656
0.00231474
0.00168516
0.00215219
0.00178836
0.00236399
0.00203852
0.00183109
0.00305796
0.00195167
0.00157637
0.00201497
0.00236631
0.00195241
0.00167372
0.00172817
0.00177769
0.00184476
0.00201179
0.00171608
0.00194160
0.00220329
0.00123089
0.00175657
0.00173773
0.00148776
0.00207125
0.00148229
0.00213961
0.00168598
0.00178912
0.00190866
0.00165497
0.00197482
0.00194226
0.00130910
0.00201423
0.00229798
0.00160900
0.00188248
0.00127180
0.00166252
0.00195251
0.00261639
0.00177620
0.00141646
0.00151443
0.00238045
0.00201314
0.00151570
0.00167862
0.00205375
0.00156060
0.00140779
0.00222869
0.00163669
0.00140518
0.00139649
0.00193169
0.00249268
0.00168900
0.00190250
0.00166321
0.00185321
0.00210023
0.00183270
0.00175319
0.00163923
0.00211635
0.00137207
0.00192404
0.00181450
0.00169870
0.00165369
0.00167946
0.00202214
0.00207946
0.00161874
0.00166668
0.00138005
0.00194796
0.00169904
0.00161815
0.00165643
0.00170688
0.00149053
0.00247292
0.00156316
0.00172624
0.00196717
0.00152111
0.00156099
0.00191931
0.00155536
0.00167794
0.00163620
0.00126987
0.00131546
0.00175919
0.00231919
0.00159527
0.00139383
0.00177156
0.00186207
0.00120584
0.00163628
0.00201727
0.00234898
0.00213345
0.00265438
0.00177222
0.00129420
0.00281550
0.00183700
0.00225040
0.00181033
0.00213833
0.00181052
0.00186054
0.00172767
0.00141112
0.00233211
0.00205671
0.00221445
0.00237899
0.00184025
0.00170536
0.00165759
0.00147725
0.00194969
0.00183548
0.00205139
0.00169913
0.00195218
0.00177547
0.00185329
0.00147292
0.00178036
0.00239341
0.00244900
0.00179688
0.00184377
0.00120247
0.00184006
0.00229435
0.00172621
0.00162818
0.00191132
0.00170379
0.00178562
0.00195948
0.00182440
0.00213395
0.00153826
0.00176433
0.00188121
0.00164019
0.00203586
0.00190407
0.00228137
0.00142275
0.00210334
0.00257198
0.00165799
0.00126457
0.00184419
0.00186276
0.00157758
0.00204843
0.00175309
0.00135593
0.00163661
0.00230097
0.00156346
0.00194092
0.00198152
0.00150710
0.00143738
0.00201178
0.00214219
0.00175721
0.00176111
0.00175869
0.00144910
0.00159471
0.00150083
0.00163364
0.00196707
0.00197212
0.00205080
0.00214421
0.00189986
0.00141038
0.00180626
0.00164961
0.00171573
0.00172896
0.00222078
0.00225352
0.00184667
0.00181208
0.00185864
0.00234166
0.00220635
0.00168778
0.00196730
0.00176782
0.00168577
0.00160746
0.00201069
0.00167523
0.00189908
0.00206090
0.00151837
0.00239446
0.00206092
0.00161067
0.00166671
0.00242918
0.00154940
0.00203317
0.00151195
0.00155092
0.00171613
0.00179298
0.00165107
0.00170491
0.00185009
0.00126604
0.00200891
0.00193675
0.00177304
0.00188774
0.00233265
0.00175285
0.00192319
0.00207566
0.00184808
0.00199242
0.00221037
0.00172245
0.00243616
0.00203923
0.00209146
0.00240378
0.00228831
0.00239414
0.00168823
0.00181528
0.00168637
0.00175877
0.00176211
0.00173741
0.00118816
0.00267776
0.00199748
0.00174508
0.00213141
0.00170030
0.00163337
0.00172945
0.00164354
0.00231455
0.00143266
0.00194798
0.00248515
0.00151856
0.00160330
0.00164424
0.00183903
0.00170857
0.00156110
0.00167281
0.00163302
0.00210842
0.00234881
0.00167068
0.00206748
0.00183263
0.00158170
0.00148445
0.00247948
0.00134237
0.00179701
0.00180705
0.00118652
0.00208631
0.00173667
0.00176311
0.00241920
0.00171828
0.00165870
0.00135744
0.00140173
0.00188537
0.00143525
0.00204009
0.00162988
0.00197971
0.00173047
0.00144992
0.00136801
0.00174416
0.00168015
0.00153232
0.00185417
0.00239683
0.00148901
0.00192421
0.00178146
0.00157051
0.00225720
0.00192526
0.00196568
0.00147982
0.00172843
0.00150784
0.00172917
0.00150275
0.00223061