0.00839132
0.00660465
0.00620958
0.00566777
0.00729782
0.00932196
0.00789156
0.00559088
0.01097043
0.01033976
0.00473615
0.01107601
0.00671006
0.01777691
0.00594010
0.00551971
0.00727073
0.00660803
0.00567886
0.00652115
0.00653692
0.00571548
0.01015483
0.00837341
0.00470138
0.00697521
0.00925563
0.01220357
0.00688525
0.00525723
0.00595081
0.00771575
0.00848641
0.00501748
0.00695448
0.00635324
0.00642352
0.00504642
0.00485398
0.00900474
0.00503515
0.00667372
0.00763996
0.00735212
0.00764435
0.00792755
0.00989765
0.00853326
0.00558019
0.01204806
0.00538776
0.00592510
0.00515709
0.00447759
0.00467310
0.00512342
0.00684366
0.00824336
0.00548143
0.00887567
0.00503225
0.00699471
0.00845898
0.00518464
0.00574393
0.00988687
0.01350504
0.01073039
0.00442159
0.01036180
0.00506410
0.00683334
0.00766425
0.00809621
0.00917769
0.00609777
0.01690903
0.00590716
0.00562049
0.01150467
0.01369323
0.00671694
0.00853582
0.00718354
0.00561150
0.00799463
0.00512988
0.00668100
0.01300190
0.00534157
0.00452439
0.00914256
0.00607652
0.00607752
0.00712179
0.00860663
0.00905156
0.00438667
0.01131028
0.01468183
0.00588626
0.01055427
0.00452381
0.01461330
0.00640752
0.00657755
0.00539456
0.00576429
0.00834577
0.00727623
0.00498336
0.00513638
0.00459487
0.00521918
0.01114838
0.00908130
0.00594565
0.00968371
0.00464410
0.00789346
0.00969611
0.00708884
0.00629715
0.00647386
0.00440837
0.00681060
0.00555591
0.01587122
0.00395800
0.00473422
0.01156056
0.00562931
0.00441179
0.00742316
0.00781596
0.00730991
0.00819662
0.00674201
0.01040275
0.01301781
0.00700243
0.00652535
0.00766193
0.00790178
0.00987313
0.00636673
0.00728140
0.00586081
0.00539497
0.01197895
0.01238137
0.00600286
0.01084393
0.00526995
0.01113525
0.00479391
0.00480721
0.00553021
0.01088058
0.01045151
0.00493566
0.01100385
0.00633994
0.00448843
0.00464840
0.00946474
0.00697652
0.00558440
0.00803180
0.00839920
0.00893177
0.00812101
0.00759999
0.00848677
0.00619497
0.00601322
0.00955340
0.00567148
0.00464495
0.00568997
0.01095801
0.01080190
0.00663553
0.00469487
0.00512556
0.00920832
0.00842698
0.01015332
0.00876559
0.00950920
0.00699527
0.00967854
0.00754026
0.00707636
0.01237123
0.00912927
0.00786814
0.00668160
0.00499816
0.00936349
0.00580265
0.00928706
0.00433366
0.00840139
0.01100485
0.00683578
0.00739727
0.00705967
0.00663544
0.00645017
0.00596987
0.00885970
0.01104301
0.00538673
0.00495727
0.01127545
0.00533412
0.00650836
0.01072615
0.01346299
0.00816353
0.01145584
0.00618531
0.00650311
0.00623114
0.00981438
0.00559478
0.00501785
0.00616115
0.00584052
0.00845652
0.00484966
0.00669085
0.00815113
0.00741971
0.00608524
0.00562368
0.00753369
0.01091954
0.00692790
0.00636914
0.00625441
0.00558162
0.00859280
0.01136109
0.00606499
0.01050343
0.00482782
0.00486028
0.00750172
0.00758629
0.00686595
0.00994016
0.00572829
0.00685481
0.00818450
0.01049851
0.00552507
0.00795258
0.00656888
0.00446663
0.00543900
0.01018664
0.01656484
0.01286038
0.01064525
0.00544280
0.00687449
0.00464343
0.00589372
0.01100719
0.00695219
0.00539886
0.00643243
0.00549917
0.00568701
0.00718628
0.01269062
0.00512708
0.01344019
0.00865238
0.00546326
0.00667180
0.00852326
0.00624127
0.00676306
0.00750983
0.00652791
0.00749506
0.00701020
0.00659990
0.00596615
0.00817316
0.00717930
0.01163839
0.00677661
0.00978164
0.01041185
0.00589184
0.00430737
0.00695728
0.00379595
0.00580486
0.01294911
0.00839121
0.00759044
0.00851265
0.00703136
0.00439086
0.00594220
0.01006520
0.00754768
0.00756461
0.00850840
0.00841098
0.01176337
0.00978443
0.00779310
0.00556227
0.00974039
0.00570381
0.00892163
0.00693850
0.00819178
0.00721290
0.00615745
0.00426065
0.00696088
0.01143966
0.00840407
0.01020021
0.01289277
0.00900740
0.00766908
0.00605956
0.00872741
0.01093377
0.00745052
0.00813786
0.01112806
0.00977385
0.00596999
0.00538791
0.00456732
0.00554904
0.01356120
0.00687055
0.00599457
0.00605084
0.00678925
0.00854294
0.00595985
0.00586368
0.00930843
0.00623042
0.00627505
0.01164872
0.00726711
0.00694134
0.00817709
0.00683918
0.00774399
0.00524314
0.00863933
0.00863539
0.01080562
0.00835374
0.01261295
0.00479998
0.00512625
0.00686285
0.00902690
0.01097786
0.00348388
0.01134723
0.00534547
0.00693461
0.00891111
0.00745634
0.00913094
0.00701716
0.00674900
0.01505547
0.00552745
0.00793197
0.00908534
0.01207731
0.00467089
0.00479254
0.00675903
0.00575403
0.00650483
0.00676536
0.00601415
0.00506770
0.00818922
0.00754303
0.01413374
0.00712739
0.01067795
0.01021279
0.00681447
0.00467478
0.00582064
0.00797091
0.00871970
0.00658434
0.01160377
0.00847103
0.01029017
0.00475939
0.00683774
0.00662586
0.00728424
0.00648899
0.00577404
0.00856228
0.00705809
0.01248377
0.01471544
0.01011023
0.00883342
0.00706494
0.00590599
0.00798470
0.00563319
0.01008431
0.00586771
0.00520352
0.00559162
0.00402011
0.00636488
0.00519332
0.01079986
0.00489122
0.00993371
0.01198372
0.01045651
0.00615233
0.00926799
0.00529998
0.00446451
0.01059052
0.00472065
0.00789239
0.00645020
0.00608946
0.00597522
0.00640804
0.00769107
0.00730688
0.00515825
0.00788856
0.01142116
0.01008045
0.01295650
0.00903808
0.00663070
0.01216060
0.00695993
0.01154597
0.00559742
0.00826557
0.00559728
0.00866849
0.00817808
0.00644066
0.00837612
0.00677860
0.00567491
0.00569181
0.00880923
0.01274470
0.00658211
0.01105370
0.00764525
0.00557002
0.00481505
0.00599669
0.00836252
0.00670723
0.00582834
0.01068900
0.00727495
0.00731508
0.01439630
0.00648006
0.00649710
0.00869810
0.00627761
0.00687689
0.01060427
0.00669738
0.00743226
0.00678506
0.00671449
0.00502135
0.00747235
0.00830794
0.00492512