0.02667513
0.00691093
0.00962278
0.00994842
0.01216418
0.00876673
0.02165443
0.01667906
0.02609322
0.01418510
0.01016280
0.00972070
0.01919095
0.00945886
0.00822381
0.02002696
0.01375677
0.03067120
0.01105860
0.01210579
0.01149671
0.00936852
0.01420212
0.01244573
0.01244976
0.01307692
0.00887828
0.01405240
0.01103187
0.01230819
0.01403924
0.01378783
0.00977969
0.00817096
0.01529964
0.01191395
0.01907530
0.01201652
0.01595403
0.01268127
0.02761560
0.00958986
0.00959647
0.00927955
0.01305639
0.02568925
0.01532943
0.01600601
0.01177075
0.01652816
0.00965372
0.00926699
0.01690807
0.01016763
0.01155587
0.01977640
0.01776889
0.01276521
0.02162571
0.01270357
0.01429240
0.00923073
0.01117182
0.02068512
0.01655832
0.01354996
0.02071326
0.01183925
0.02150362
0.01012245
0.01114529
0.01282637
0.01097017
0.01227145
0.01377459
0.02463516
0.00827257
0.00977915
0.01057189
0.02313746
0.01171254
0.01435277
0.00958428
0.01259135
0.01311230
0.03513154
0.01204466
0.01036160
0.00721003
0.01291919
0.02488542
0.00851126
0.01041503
0.01182096
0.00883422
0.01648797
0.01170476
0.02021220
0.01160983
0.00970766
0.01351845
0.01061758
0.00885642
0.01251585
0.00702870
0.00956236
0.01340948
0.01166475
0.01159877
0.01022410
0.03944592
0.00866715
0.00996223
0.01353365
0.01406834
0.00927482
0.01245962
0.00915071
0.01013437
0.01044913
0.01781105
0.01129769
0.01463384
0.02019676
0.01154722
0.01562165
0.02204676
0.01243463
0.00963875
0.01597282
0.01374969
0.02057717
0.01382489
0.01206847
0.01349753
0.01865439
0.00992328
0.01674346
0.01237391
0.01596387
0.00807210
0.01265071
0.01076113
0.00925694
0.01160596
0.01892979
0.01102782
0.01262544
0.00855894
0.00972953
0.01422786
0.00881345
0.01499607
0.01666382
0.01223126
0.01052385
0.00971711
0.00725328
0.01252010
0.01619739
0.01434856
0.01835849
0.01319143
0.01476794
0.01984432
0.01565818
0.01335729
0.01283490
0.01181345
0.01002219
0.00862938
0.00906347
0.00897437
0.01163038
0.00892042
0.00777993
0.01055603
0.01584554
0.01744558
0.01059652
0.01267155
0.01036582
0.01082752
0.01298068
0.01430530
0.00904061
0.02506676
0.01959133
0.03313716
0.00834739
0.00805982
0.01146804
0.00796485
0.00921983
0.01247617
0.00870196
0.01602359
0.02905769
0.03062483
0.04306065
0.01864147
0.01115761
0.01178901
0.01465906
0.01535168
0.00904815
0.01136995
0.01389290
0.01006776
0.01366461
0.01081719
0.03998053
0.00958576
0.01078023
0.00964231
0.03457018
0.01320184
0.01200066
0.01062258
0.02217183
0.00881951
0.00950091
0.01039790
0.01110882
0.01062050
0.00858742
0.00933964
0.00910545
0.01094384
0.00916455
0.01186134
0.01088787
0.00867941
0.01437163
0.02512485
0.01230718
0.01658410
0.01281957
0.01931043
0.01414478
0.02298933
0.01677898
0.01140668
0.00940246
0.01289949
0.01509615
0.01151066
0.01495161
0.01662106
0.00916757
0.00896701
0.01473377
0.01388880
0.01099171
0.01316998
0.01244112
0.01430467
0.01342655
0.01438032
0.00983875
0.01373661
0.05118142
0.01908888
0.01323422
0.01254861
0.01613315
0.01075326
0.00910090
0.01149883
0.01035082
0.01528986
0.02212220
0.01149369
0.01019923
0.00949647
0.01164084
0.00877947
0.01967408
0.01393753
0.01019330
0.02216728
0.01544644
0.01526945
0.01343912
0.03517389
0.01646464
0.00754182
0.00975137
0.00978619
0.01280077
0.00976750
0.00906393
0.01075405
0.01009687
0.01697836
0.04253702
0.01409562
0.01172301
0.01562676
0.01686019
0.01055184
0.01268738
0.01392403
0.00863824
0.01210795
0.01457997
0.03650984
0.01325393
0.01107915
0.00917524
0.04962947
0.01486828
0.01089781
0.01373330
0.02938198
0.01815110
0.01731081
0.00988865
0.00974763
0.01479186
0.01352411
0.03389107
0.01282046
0.01164765
0.00948235
0.01153239
0.01307519
0.00970830
0.01200285
0.01059291
0.02740033
0.01066981
0.02216463
0.01075066
0.01454087
0.01278915
0.01585453
0.01793738
0.01069335
0.01216215
0.00794755
0.01524502
0.00945054
0.01273867
0.01243025
0.01035965
0.01049697
0.01547887
0.00997140
0.01087352
0.01057562
0.02218379
0.01022645
0.01189897
0.01134873
0.00907960
0.01152063
0.01101722
0.01329562
0.01267897
0.01090563
0.01655474
0.00861964
0.00977099
0.01248027
0.01743681
0.01376736
0.01314464
0.01251524
0.00925120
0.00934811
0.02119820
0.00681094
0.02760235
0.02210296
0.01445265
0.01834552
0.01155369
0.01353238
0.01127938
0.00999822
0.01070562
0.01133176
0.01080061
0.01117557
0.03783287
0.00852947
0.01772901
0.00903531
0.01361849
0.01231278
0.01675510
0.01483352
0.01164148
0.01643167
0.01404271
0.01137679
0.01240781
0.01100427
0.00928246
0.02599795
0.01141739
0.00763815
0.00951241
0.01667806
0.01118817
0.01253535
0.01844154
0.02056136
0.00946435
0.01488236
0.00909001
0.00991363
0.01450999
0.02005305
0.00906781
0.01816541
0.01013081
0.01092620
0.01351929
0.01153898
0.02274807
0.00913491
0.00885736
0.01013196
0.00927348
0.01124487
0.01895475
0.00888554
0.01947255
0.03324918
0.01229164
0.03635637
0.03690268
0.00929997
0.00862898
0.01331340
0.01002005
0.01175699
0.01097352
0.01630674
0.01735201
0.01672803
0.01567505
0.01218563
0.01038027
0.01062125
0.00861023
0.00833615
0.01464064
0.01056272
0.01228163
0.01509945
0.01666621
0.00947346
0.01071085
0.01562367
0.01093602
0.01164856
0.00978963
0.01250125
0.02830960
0.01372334
0.00875508
0.02364535
0.01985727
0.01217409
0.01469679
0.01384230
0.00953241
0.00752707
0.00884021
0.01377561
0.01022502
0.00867910
0.01328545
0.01371512
0.01328284
0.01029698
0.00895168
0.00959874
0.00779650
0.01848588
0.01060172
0.01979515
0.00915615
0.01720257
0.01079498
0.01343692
0.01650158
0.01173386
0.01078881
0.01395823
0.01318524
0.03135107
0.01321703
0.01157771
0.00993271
0.01030075
0.01186250