0.01117348
0.01244109
0.01008609
0.01163208
0.01081324
0.01133978
0.01048353
0.00995805
0.01518683
0.01167821
0.00961274
0.01567399
0.01068266
0.01244189
0.01060031
0.01076286
0.01292025
0.01283494
0.01466167
0.01133292
0.01048466
0.01328759
0.01345538
0.01243078
0.01128117
0.01248706
0.00972595
0.00930545
0.00980275
0.01089504
0.01205122
0.01226592
0.01192603
0.01284212
0.01432594
0.01095062
0.01129784
0.00993722
0.00967232
0.01081313
0.01267653
0.01047203
0.01091808
0.01294095
0.00958131
0.01189273
0.01008530
0.01080010
0.00981017
0.00979698
0.01351396
0.01170408
0.01168181
0.01136686
0.01346582
0.01132333
0.01167407
0.01235249
0.00903512
0.01009357
0.01259770
0.00943550
0.00986596
0.00949739
0.00999654
0.01283934
0.01263602
0.01077914
0.01267186
0.01341845
0.01128911
0.01100137
0.01058049
0.00993947
0.01019742
0.01413901
0.01398076
0.01022116
0.01132799
0.01069110
0.01098535
0.01153387
0.01097049
0.01030199
0.01079454
0.01005896
0.01100633
0.01116537
0.01034635
0.01291074
0.01121302
0.01186093
0.01012423
0.01107926
0.01074349
0.01226179
0.01836884
0.01172998
0.01085376
0.01049146
0.01176073
0.01182391
0.01216023
0.01224097
0.01196069
0.01094370
0.01032135
0.01124290
0.00999001
0.01096755
0.00999623
0.01404635
0.01491165
0.01291166
0.01000846
0.01183891
0.01147548
0.00999227
0.01255706
0.01167167
0.01139829
0.02122475
0.01257634
0.01052165
0.01014603
0.01183680
0.00974143
0.01219696
0.01037749
0.01153627
0.01552257
0.01142955
0.01178264
0.01180736
0.01072865
0.01157972
0.01052730
0.00999946
0.01012458
0.01197623
0.01186948
0.01262295
0.01034509
0.00989060
0.01084639
0.01043081
0.01125096
0.01265486
0.01184966
0.01153748
0.01053193
0.01230238
0.01334440
0.01092577
0.01007084
0.01150974
0.01174312
0.01070504
0.01291542
0.01415289
0.01189129
0.01196813
0.00979443
0.00951341
0.01372579
0.01403584
0.01323606
0.01071278
0.01698093
0.01111012
0.01147160
0.01144213
0.00988821
0.01101491
0.01085631
0.01442761
0.01149653
0.01668114
0.01394333
0.00965147
0.01294799
0.01530447
0.01339053
0.01032348
0.01535599
0.01422769
0.01033259
0.01104652
0.01329446
0.01433779
0.01069841
0.00942564
0.01169915
0.01208985
0.01272389
0.01330451
0.01340746
0.01297967
0.01027178
0.01243028
0.01151384
0.02136248
0.01442653
0.00990573
0.01054742
0.00952142
0.00989360
0.01111768
0.01073213
0.01738111
0.01052976
0.01490155
0.01144694
0.00873051
0.01035060
0.01106560
0.01852972
0.01033839
0.00984192
0.01028749
0.01087415
0.01319647
0.01052216
0.01377248
0.00923577
0.00999467
0.02364704
0.01523996
0.01315494
0.01100312
0.01740516
0.01336930
0.01449955
0.01317503
0.01008090
0.01213418
0.01032125
0.01345029
0.01035763
0.01176839
0.01001526
0.01121299
0.01472663
0.01173087
0.01135831
0.01059184
0.01026225
0.01130921
0.01086582
0.01775975
0.01165297
0.01175034
0.00999403
0.01060504
0.01189593
0.01940080
0.00998433
0.00945239
0.01233493
0.01041741
0.01097736
0.01206705
0.01079037
0.01199838
0.01050813
0.01170544
0.01478886
0.00963811
0.01098321
0.01330810
0.01038244
0.01989936
0.01235351
0.01124201
0.01220289
0.01065704
0.01296640
0.01224830
0.01176824
0.01219532
0.01059966
0.00981027
0.01325723
0.01027991
0.01042256
0.01287776
0.01023047
0.01281520
0.01172807
0.01110245
0.01294993
0.01348299
0.01316804
0.01026199
0.01069489
0.01245754
0.01153690
0.01150117
0.00938350
0.01156905
0.01313239
0.01025248
0.01136626
0.00996431
0.01371642
0.01798750
0.01956682
0.00942187
0.01310292
0.01146227
0.01032759
0.01276854
0.01020810
0.01278572
0.01339178
0.01577967
0.01287402
0.01188434
0.01041004
0.01647678
0.01382590
0.00997148
0.01194831
0.01720475
0.01339481
0.01262219
0.01165582
0.01166315
0.00890770
0.01231368
0.02052283
0.00952641
0.01054404
0.01242562
0.01163453
0.01394182
0.01211092
0.01187930
0.01116379
0.01111534
0.01369030
0.01398727
0.01133398
0.01185480
0.01239707
0.01117398
0.00957606
0.01150984
0.01266531
0.01191290
0.01004572
0.01296071
0.01976116
0.01440444
0.01100749
0.01064385
0.01208636
0.01125377
0.01105951
0.01095962
0.01177869
0.01304686
0.01367857
0.01028288
0.00989483
0.01351434
0.00959862
0.01044455
0.01206802
0.01262848
0.01030038
0.01136160
0.01162214
0.00982039
0.01101954
0.01122567
0.01009490
0.01076253
0.01138446
0.00981689
0.01249962
0.01002396
0.01069967
0.01104249
0.01110905
0.01195871
0.01168187
0.01195508
0.01404856
0.00993402
0.01267040
0.01172691
0.01077176
0.01082850
0.01447104
0.01390289
0.01297725
0.01330286
0.02104033
0.01220808
0.01212910
0.01034464
0.01198710
0.01203803
0.01294825
0.01226368
0.01005697
0.01368230
0.01256315
0.01038256
0.01317548
0.00999158
0.01479467
0.01184955
0.01054643
0.00923913
0.00991948
0.01179337
0.01230147
0.01458386
0.00951409
0.00885761
0.01447267
0.01005295
0.01083471
0.01275100
0.01069503
0.01038295
0.01192592
0.01030061
0.01367583
0.00980677
0.01593525
0.01497778
0.01047820
0.03445606
0.01543551
0.00993078
0.01084606
0.01328497
0.01383407
0.02154631
0.00991963
0.01035874
0.01178734
0.01061113
0.01047926
0.01200551
0.01671952
0.01044888
0.01062424
0.01244602
0.01227115
0.01207293
0.01414307
0.01397495
0.01131272
0.01080627
0.01991144
0.01132533
0.01462004
0.01075598
0.01223551
0.01120410
0.02606581
0.01207455
0.01200984
0.01208107
0.01193245
0.01098571
0.01055792
0.02212917
0.01180139
0.00964730
0.01391262
0.01029512
0.01156967
0.01038878
0.01488293
0.01002666
0.01033780
0.01057079
0.01107704
0.01341828
0.01254156
0.01898713
0.01244398
0.01252125
0.01147844
0.00970599
0.01071544
0.01053315
0.01042004
0.00937787
0.00994816
0.01100663
0.01317216
0.01086967
0.00983422
0.01210179