0.11352703
0.03056543
0.04838283
0.08336947
0.14798878
0.04208122
0.03648598
0.03577932
0.04966969
0.02710806
0.02389806
0.08537682
0.05073382
0.03343782
0.04530853
0.03738645
0.07985515
0.02613421
0.05802329
0.02635907
0.03216354
0.02506378
0.03064591
0.04055828
0.05237334
0.03568608
0.04948714
0.02963612
0.03589868
0.02863088
0.06530137
0.02066212
0.07517575
0.03912469
0.09336845
0.03665950
0.02701962
0.03172498
0.04658085
0.03328052
0.03550598
0.02593584
0.05030752
0.07330171
0.03796203
0.07713637
0.03003377
0.04335367
0.03662658
0.03523484
0.03215628
0.06710944
0.04195829
0.03089319
0.03254883
0.04753160
0.20561588
0.04067446
0.01997155
0.02379711
0.02318823
0.03054773
0.11730074
0.07171836
0.07311673
0.18005187
0.03947850
0.04310241
0.06133997
0.02416831
0.04621260
0.03513379
0.03842559
0.06079275
0.21690198
0.06161924
0.04931898
0.01991594
0.02330891
0.02298879
0.02317924
0.08391712
0.09714871
0.05511417
0.02323421
0.05061863
0.04369274
0.05286816
0.03112568
0.03315831
0.03136249
0.03695098
0.09909467
0.02971434
0.06135439
0.06126132
0.11660137
0.02690741
0.03235853
0.06993555
0.02456394
0.05338036
0.03263889
0.04030145
0.02991288
0.13265108
0.04445373
0.03758253
0.03576435
0.06027698
0.03806459
0.03183898
0.12322002
0.02421152
0.02448616
0.03405417
0.02314452
0.05579233
0.06288268
0.09354377
0.02917680
0.05283058
0.02074333
0.02394027
0.08013918
0.02668420
0.05104200
0.06605994
0.02784718
0.02507695
0.06185533
0.07802617
0.04427221
0.05666020
0.04681813
0.12068552
0.01903503
0.02993555
0.04646276
0.02418693
0.02159624
0.02378204
0.07594211
0.02807579
0.03238592
0.03057037
0.05860102
0.04291761
0.02635447
0.04514856
0.07084348
0.02582794
0.02870331
0.04392056
0.05434925
0.02826065
0.05934143
0.05972304
0.08739026
0.08349858
0.02684385
0.08689804
0.03064333
0.02292283
0.04102408
0.03879265
0.02664996
0.12717493
0.03315516
0.12537409
0.01959100
0.03266039
0.02106236
0.12603415
0.04026397
0.02506829
0.10477077
0.11169148
0.04774680
0.03759660
0.13166861
0.03205201
0.01979657
0.03624188
0.04899803
0.05423972
0.03390636
0.04626998
0.03457727
0.10281700
0.14141978
0.07252858
0.02979964
0.03497711
0.07977625
0.08768134
0.04105652
0.02555905
0.04719033
0.02764032
0.02653922
0.04993070
0.05717136
0.02528592
0.10903550
0.02482905
0.05100945
0.02676214
0.04616051
0.03039074
0.06549530
0.02878478
0.06695099
0.02600627
0.10872323
0.08604853
0.06012910
0.11018026
0.05157049
0.17952226
0.03266756
0.04222782
0.02743398
0.14204294
0.05991944
0.06779536
0.04382549
0.04594086
0.04297022
0.03497782
0.03345639
0.08455014
0.04819958
0.04207787
0.04613036
0.04307606
0.06002132
0.05241597
0.03175633
0.02417638
0.05514690
0.01932603
0.08137291
0.02690571
0.03309564
0.03024463
0.05572443
0.10317518
0.03766967
0.02927108
0.02496429
0.02806452
0.04188775
0.04497225
0.02165356
0.03275679
0.04058273
0.02465241
0.12483546
0.03371994
0.03617824
0.13928768
0.02393165
0.05389848
0.02141698
0.07825736
0.02130793
0.02243598
0.02706423
0.03564444
0.06515156
0.02980508
0.02539769
0.05743052
0.05725395
0.04348853
0.05587776
0.30555322
0.03977993
0.06087167
0.04259918
0.04651789
0.13522846
0.02151169
0.03310191
0.02040098
0.03030731
0.03695162
0.32137591
0.03268484
0.02491499
0.03487875
0.15632000
0.04086203
0.05573941
0.03251760
0.03072073
0.03631602
0.02277042
0.03301961
0.02897917
0.03942949
0.02527954
0.04697871
0.03435791
0.03394300
0.07130394
0.04603955
0.02052280
0.03761418
0.04155135
0.02778352
0.02985431
0.05174212
0.04522530
0.03189664
0.03974465
0.03726662
0.04286660
0.03027355
0.02535618
0.02256510
0.08464467
0.04638431
0.02674519
0.04885076
0.05361287
0.03498396
0.02713033
0.04476300
0.02525113
0.02179553
0.07486890
0.02349784
0.04226319
0.03059138
0.05405561
0.04391201
0.02824508
0.15939386
0.23513956
0.05389897
0.09270652
0.01652978
0.09398486
0.03079932
0.02750268
0.02255619
0.04566799
0.05065007
0.02764649
0.03793138
0.03113162
0.04313648
0.02593587
0.07962944
0.02845999
0.05040273
0.03179310
0.11815579
0.04114594
0.02268668
0.04960856
0.06719339
0.10588056
0.03668429
0.02462724
0.03466293
0.06136179
0.03004505
0.02866033
0.04525723
0.03394621
0.05733954
0.02940751
0.03839802
0.12635618
0.15693823
0.02473278
0.02833578
0.08753161
0.04990436
0.10070609
0.07145471
0.02845524
0.02168448
0.03660570
0.02469672
0.03261340
0.03541877
0.02167323
0.01764150
0.02103150
0.08331460
0.07073659
0.04173534
0.13240581
0.20250892
0.02601524
0.02947751
0.05039046
0.04646874
0.03888048
0.02172074
0.04509368
0.10643191
0.04368129
0.04183720
0.02167147
0.03008706
0.02942782
0.03712815
0.07287781
0.13041956
0.03229119
0.03414192
0.08104940
0.02207378
0.04266914
0.04807603
0.06185834
0.03671092
0.04195873
0.04540860
0.03409340
0.03226536
0.04708244
0.02491197
0.02714667
0.02994149
0.02609927
0.16233559
0.03372218
0.04298553
0.02390750
0.04012337
0.02858640
0.03638291
0.08323142
0.11334354
0.02651308
0.06709711
0.02579448
0.02956834
0.03428615
0.02901340
0.10077109
0.04000519
0.02779522
0.06091991
0.06678669
0.04546682
0.03793122
0.05053578
0.05115944
0.02181975
0.02896995
0.07376593
0.03867261
0.03471465
0.04360171
0.03234836
0.03428527
0.02386767
0.05298349
0.03200002
0.03094278
0.02832696
0.04309889
0.10933843
0.04545686
0.11132411
0.08198676
0.02825702
0.05298083
0.04629841
0.07225865
0.06398566
0.03336565
0.03825917
0.04180263
0.06012669
0.18404412
0.04959167
0.07080318
0.06873706
0.02658948
0.03820122
0.09589174
0.04386915
0.06123627
0.13324777
0.03908174
0.08623869
0.02845290
0.04762420
0.04252521
0.05629860
0.05384580
0.02786306