0.03606683
0.02467725
0.04941084
0.01879958
0.01972828
0.01612432
0.03882238
0.02139355
0.03836335
0.01416766
0.03773181
0.07064606
0.04315202
0.02964959
0.01337323
0.02068937
0.02026879
0.03832097
0.01991618
0.05210031
0.03702127
0.03813281
0.04463102
0.01852791
0.01398521
0.01808543
0.01222377
0.02805397
0.01874301
0.02125102
0.04826157
0.07022325
0.02203280
0.02022135
0.01662555
0.02113457
0.04613582
0.05879957
0.03788413
0.01910322
0.03186860
0.07589200
0.07961691
0.01493635
0.01258101
0.01728223
0.09280014
0.01174851
0.01691764
0.04271312
0.01262134
0.03232538
0.03158192
0.02865952
0.02506707
0.01738870
0.02026863
0.02156081
0.02900103
0.01707280
0.02566871
0.02774730
0.02880444
0.03444518
0.02835496
0.03243611
0.08037034
0.01465801
0.05753002
0.01808289
0.07764219
0.02937927
0.01667612
0.05316557
0.02038314
0.04646543
0.01924486
0.10925946
0.02429032
0.04862039
0.05625559
0.03653643
0.03112530
0.01516955
0.04505607
0.01505060
0.01951102
0.02081334
0.03764313
0.02562456
0.02694143
0.02637278
0.01849346
0.02223010
0.02497670
0.02248387
0.02334225
0.01628486
0.02303293
0.04982077
0.01739535
0.02513596
0.03941379
0.01871329
0.04405780
0.03440378
0.03281014
0.04036661
0.01855290
0.02443730
0.03033473
0.03794168
0.02805829
0.05673141
0.02226634
0.02140633
0.02524042
0.02139204
0.02094435
0.01238154
0.03729577
0.01988674
0.04910198
0.03715830
0.01779772
0.03039052
0.03563708
0.01548077
0.02197814
0.02396526
0.02391389
0.03300474
0.02314185
0.05100979
0.02164384
0.01608480
0.08907261
0.04220564
0.02185460
0.02574488
0.02346946
0.01746250
0.01318355
0.01934333
0.03446291
0.01651648
0.03471236
0.03857586
0.03402335
0.05171847
0.01226400
0.02939981
0.02610041
0.01631458
0.02986655
0.01291118
0.02075086
0.01903740
0.01957550
0.04548368
0.02406849
0.01806167
0.02984961
0.03307107
0.01414686
0.01967556
0.02162627
0.05087117
0.01927647
0.03291695
0.01646635
0.03110660
0.04939304
0.03823522
0.02490958
0.02251819
0.02067329
0.02246230
0.01594792
0.01533126
0.02253483
0.04025810
0.02333408
0.01285559
0.04714616
0.01943087
0.01854998
0.02174073
0.07274403
0.01193864
0.01339350
0.01895900
0.02814173
0.03492816
0.01425918
0.05747042
0.01980164
0.02353827
0.05120523
0.03800777
0.03637030
0.02164523
0.01603873
0.01883667
0.02179890
0.02315473
0.02417142
0.02851796
0.02558563
0.01715265
0.04671517
0.08149724
0.02711599
0.03638482
0.01072060
0.02693397
0.03372484
0.02318808
0.02168523
0.04437195
0.02740644
0.02157497
0.01743801
0.01931045
0.05830232
0.01511932
0.01481274
0.01678199
0.02822459
0.03254956
0.02964916
0.02841878
0.02015814
0.02318486
0.01878872
0.12627937
0.04159694
0.02877005
0.02611449
0.02250625
0.05994554
0.02113792
0.02656670
0.01257220
0.01251784
0.02372533
0.01166397
0.02101975
0.04224931
0.02159636
0.02749012
0.05826509
0.02336967
0.02827990
0.02966913
0.01961359
0.02716987
0.01776408
0.04152021
0.02530914
0.01793262
0.01952941
0.02129853
0.02616916
0.01254070
0.02141724
0.02167619
0.02216172
0.02498916
0.01539329
0.03096098
0.01908740
0.01926831
0.08544856
0.07475274
0.01967180
0.02072011
0.01781846
0.01626605
0.02049056
0.02420945
0.01613658
0.01957843
0.01972203
0.05629594
0.02311395
0.04442142
0.02642045
0.01440741
0.02044559
0.01704724
0.02612114
0.04245617
0.03314383
0.02279168
0.01701061
0.02970711
0.03329803
0.07758604
0.06440573
0.03042393
0.01398325
0.03677985
0.02678605
0.01827247
0.02606996
0.01831715
0.02255733
0.06841797
0.02363160
0.02089630
0.01880875
0.05290836
0.01694206
0.01671758
0.03208756
0.04705210
0.01471192
0.01834716
0.01769774
0.02024314
0.01864589
0.01700059
0.02350879
0.10399629
0.03269196
0.05551586
0.02018679
0.02434964
0.01577691
0.01595191
0.03142226
0.03446058
0.01284785
0.04605804
0.01660372
0.01969732
0.01650611
0.01604833
0.07056904
0.01717615
0.01695640
0.15978715
0.01332997
0.04562445
0.02083292
0.06229920
0.01784679
0.07828441
0.03212316
0.02844830
0.07280926
0.09125651
0.01978981
0.01727324
0.04299061
0.02088673
0.02688973
0.02629183
0.02786735
0.06060265
0.03072669
0.02934295
0.02163167
0.01469563
0.03361664
0.02175920
0.03532937
0.02521209
0.02481377
0.01979757
0.02121553
0.02646456
0.02731926
0.01792594
0.01253365
0.02314485
0.07314916
0.02647838
0.03132390
0.01947055
0.02565934
0.01886165
0.03781296
0.01714936
0.02291237
0.02345140
0.01953497
0.03860079
0.01541366
0.03160197
0.01763284
0.02392385
0.04460751
0.05026414
0.02261608
0.01796259
0.05167497
0.02066450
0.04019498
0.05594966
0.01376976
0.04740403
0.01829713
0.01803758
0.01745593
0.02249619
0.01881026
0.02568350
0.02308707
0.02354699
0.03570879
0.02824174
0.01486144
0.04989441
0.03124373
0.01893254
0.04800424
0.03157545
0.02514715
0.01679216
0.03183222
0.01584145
0.06334387
0.01896286
0.01873734
0.01742993
0.02058376
0.12764465
0.04425780
0.03186969
0.01311837
0.01499957
0.01971834
0.01747767
0.02445282
0.01641702
0.01359338
0.01653846
0.01758855
0.02945986
0.01661066
0.02331947
0.03597848
0.02667219
0.02949335
0.04617510
0.01739947
0.01543119
0.04377840
0.03542352
0.05288956
0.02390431
0.03928556
0.01574960
0.01925495
0.03930542
0.03431954
0.06521860
0.04898217
0.02416433
0.01792030
0.04114546
0.02425894
0.05109588
0.03384950
0.02501091
0.05175981
0.02244623
0.01299304
0.02249095
0.02763639
0.02748445
0.01560753
0.04051222
0.05170833
0.04185451
0.01815720
0.04468852
0.04978926
0.01110416
0.02208558
0.12341347
0.02017367
0.02021479
0.05564900
0.04075694
0.03687193
0.02285295
0.04039333
0.01503285
0.04577643
0.08119978
0.01111596
0.02115453
0.02460803
0.06046114
0.01159987
0.04984323
0.01754315