0.01751950
0.01340184
0.01198776
0.01072167
0.01074902
0.01600525
0.01504753
0.01244858
0.01736631
0.01741176
0.01657197
0.01523431
0.01484077
0.01369885
0.01428788
0.01930247
0.01033700
0.01937179
0.01357139
0.05714229
0.01436272
0.01352556
0.02830424
0.01317846
0.01443146
0.01267519
0.02003428
0.01354390
0.01327711
0.01287164
0.01472205
0.01140334
0.01296509
0.01441855
0.01567145
0.01210753
0.01429142
0.01873341
0.01377889
0.02641874
0.01360678
0.01310447
0.01942711
0.04472459
0.01157306
0.01888188
0.01753794
0.03381268
0.01798303
0.01356744
0.01465780
0.01622119
0.01921382
0.01386673
0.01542558
0.01294569
0.02098694
0.01649297
0.01606347
0.01796368
0.01583633
0.01973715
0.01388729
0.01439812
0.01463262
0.01599387
0.01371006
0.01179603
0.01668501
0.01574676
0.01348848
0.03342056
0.01629514
0.01060538
0.01231544
0.01512702
0.01434146
0.01347229
0.01415633
0.01777822
0.01799843
0.01430600
0.01250322
0.01374354
0.02209529
0.01564380
0.01992048
0.01202529
0.02514432
0.01810244
0.01812528
0.01088133
0.01361963
0.01624020
0.01283174
0.01976322
0.01634924
0.01954493
0.01782205
0.02098952
0.01381265
0.01641206
0.01475373
0.01337758
0.01541397
0.01192205
0.01116302
0.03184712
0.01389534
0.01127835
0.01251782
0.01403411
0.01650951
0.01256331
0.02484099
0.01252230
0.01530644
0.01610776
0.01372694
0.01250339
0.01582067
0.01449878
0.01506635
0.01436825
0.01706095
0.01505791
0.01199034
0.01288788
0.01563374
0.01331694
0.01441267
0.01396066
0.01242054
0.01871683
0.01558304
0.01462479
0.01942072
0.01188080
0.01635142
0.01238198
0.01501671
0.01927843
0.01101998
0.01356804
0.01845878
0.01397093
0.01292063
0.01150238
0.01783366
0.01370075
0.02727878
0.01524719
0.01750324
0.01614240
0.01847823
0.01572236
0.01355464
0.01469912
0.01367572
0.01684165
0.01822848
0.01655560
0.01161099
0.01832683
0.01036218
0.01480173
0.01793358
0.01305632
0.01434385
0.01402361
0.01665171
0.02447610
0.01435237
0.01737051
0.01288387
0.02078971
0.01329969
0.01392805
0.01414196
0.01479208
0.01553410
0.01565384
0.01269206
0.01660513
0.03013464
0.01357662
0.01565316
0.02369808
0.01801446
0.01501777
0.01614658
0.01512271
0.01899070
0.02288446
0.02309313
0.01591244
0.01193721
0.02052452
0.01337642
0.02305412
0.01285748
0.01403110
0.09620131
0.02755349
0.01293467
0.01161717
0.01529014
0.01120726
0.01585620
0.01651711
0.01649822
0.01335864
0.01725973
0.01446837
0.02018798
0.01374612
0.01572393
0.01421840
0.01350264
0.01614185
0.01579245
0.02862019
0.01562574
0.01684344
0.01427095
0.01557904
0.01536611
0.01470447
0.01512202
0.02419062
0.01478936
0.01493136
0.02577462
0.01935595
0.01288047
0.01317400
0.01483804
0.01507655
0.01427714
0.02463275
0.01220367
0.01283056
0.01278036
0.01119860
0.01588298
0.02181717
0.01431329
0.01471524
0.01352945
0.01671828
0.01324530
0.01371660
0.01521806
0.01312806
0.01603550
0.02544779
0.01593257
0.01633582
0.01756900
0.01372389
0.01017023
0.01119802
0.01562914
0.01097731
0.01341450
0.01354005
0.02013834
0.01308125
0.01208340
0.01706847
0.01305231
0.01200143
0.01406138
0.01193252
0.01854102
0.01648151
0.01308446
0.01715144
0.01391993
0.01416223
0.01661307
0.01621735
0.01400867
0.01433716
0.01724639
0.01028644
0.01805104
0.01293039
0.01802949
0.01113533
0.01102822
0.02120664
0.01510198
0.02012606
0.01587909
0.01094750
0.01899495
0.01535427
0.01348524
0.01624184
0.01544615
0.02469596
0.01147181
0.01661789
0.02504591
0.01973655
0.03732315
0.02592558
0.01080918
0.01226147
0.01102918
0.01344730
0.02170814
0.01384573
0.01494580
0.01852929
0.01630091
0.01609225
0.01385618
0.01430178
0.01615603
0.01652437
0.01264256
0.01076420
0.01507162
0.01300485
0.01392035
0.01660939
0.02138496
0.01164773
0.01579712
0.01247061
0.01334380
0.01551624
0.01123503
0.01506641
0.01412627
0.01587577
0.01144810
0.01201117
0.01300582
0.01803474
0.01500373
0.01855150
0.01259484
0.01271289
0.01215919
0.01232136
0.01437955
0.01544911
0.01658865
0.01269227
0.01438306
0.02126282
0.01204042
0.02100052
0.01291329
0.01330862
0.01434529
0.01084579
0.01959940
0.01939896
0.01246041
0.02241114
0.01784992
0.01627365
0.01866984
0.02278170
0.01411331
0.01603343
0.01117309
0.02063912
0.01241184
0.01185193
0.01878433
0.01619591
0.01399562
0.01826137
0.01496725
0.01339022
0.01409713
0.01302786
0.01538038
0.01213885
0.01097513
0.01248459
0.01311716
0.02255803
0.01505752
0.01150136
0.01231176
0.01177861
0.02194578
0.01437644
0.07064880
0.01410913
0.01295879
0.01250227
0.01642467
0.01251754
0.01364782
0.01474173
0.01208397
0.01450506
0.01641049
0.01373388
0.01310750
0.02703939
0.02335369
0.01969795
0.02247222
0.01177478
0.01266719
0.01520998
0.01402407
0.01280993
0.01502795
0.01426659
0.02776910
0.01820160
0.02119371
0.02039641
0.01419732
0.01296701
0.01452573
0.01380365
0.01311891
0.02586725
0.01434848
0.02056214
0.01725044
0.01729427
0.01863107
0.01156583
0.01715829
0.02392717
0.01906230
0.01469524
0.01297974
0.01435117
0.03019675
0.02004803
0.01530165
0.01400304
0.01487163
0.02264160
0.01326334
0.01532406
0.01437439
0.01428976
0.01366466
0.02019902
0.01147352
0.01611661
0.01376809
0.01419102
0.01333899
0.01369260
0.01454046
0.01271370
0.01255744
0.02060495
0.02215860
0.01251836
0.01935909
0.01343737
0.01024545
0.02521265
0.02188728
0.01665126
0.01083803
0.01541787
0.01520810
0.01763956
0.01631952
0.01335269
0.01342919
0.01975881
0.01832277
0.01603254
0.01650171
0.01611712
0.01553311
0.01433031
0.01583812
0.02342829
0.01569507
0.01503071
0.01160431
0.02916626
0.01372681
0.01758703
0.01098144
0.03233771
0.01378609
0.01262978
0.01630106
0.01794483
0.01400119
0.01398761