0.00040367
0.00041250
0.00040157
0.00041803
0.00040776
0.00039657
0.00041022
0.00040257
0.00041802
0.00041735
0.00040273
0.00039923
0.00040936
0.00040886
0.00040369
0.00040141
0.00040248
0.00040864
0.00040570
0.00040490
0.00039853
0.00040309
0.00041267
0.00040132
0.00041420
0.00040024
0.00040053
0.00040691
0.00040520
0.00040753
0.00039955
0.00040682
0.00040942
0.00040573
0.00040519
0.00041185
0.00042139
0.00040392
0.00042028
0.00040413
0.00040286
0.00040864
0.00040838
0.00040521
0.00039575
0.00041552
0.00040940
0.00039850
0.00044586
0.00040595
0.00041654
0.00042127
0.00040195
0.00041419
0.00041333
0.00040103
0.00040197
0.00040190
0.00040558
0.00041059
0.00040443
0.00042314
0.00040493
0.00042465
0.00039843
0.00040263
0.00041469
0.00040802
0.00040980
0.00040422
0.00040886
0.00040768
0.00041081
0.00040807
0.00040499
0.00040495
0.00041026
0.00042824
0.00039839
0.00042014
0.00040077
0.00040503
0.00039952
0.00041469
0.00040460
0.00039877
0.00040006
0.00041213
0.00040635
0.00040596
0.00040310
0.00039727
0.00040484
0.00043263
0.00040372
0.00039892
0.00040140
0.00041816
0.00039918
0.00040734
0.00041295
0.00041067
0.00040609
0.00041140
0.00040386
0.00039275
0.00040659
0.00041674
0.00040478
0.00040470
0.00040436
0.00040344
0.00040236
0.00040425
0.00041927
0.00040867
0.00041780
0.00040154
0.00040725
0.00041045
0.00039458
0.00041007
0.00039979
0.00040134
0.00039907
0.00040273
0.00040193
0.00040718
0.00039613
0.00040407
0.00041187
0.00041515
0.00040740
0.00041431
0.00039093
0.00039436
0.00040297
0.00040374
0.00040245
0.00040965
0.00042060
0.00039744
0.00040212
0.00039583
0.00041152
0.00041435
0.00040556
0.00040824
0.00042895
0.00041243
0.00040325
0.00040706
0.00041464
0.00039567
0.00040626
0.00041489
0.00040652
0.00041265
0.00039632
0.00040414
0.00039974
0.00040117
0.00040387
0.00040351
0.00039607
0.00040973
0.00041677
0.00040432
0.00040418
0.00042478
0.00041438
0.00040810
0.00041031
0.00039498
0.00040034
0.00040975
0.00040768
0.00040816
0.00040419
0.00041624
0.00041906
0.00041093
0.00040686
0.00040211
0.00040163
0.00040652
0.00039686
0.00040697
0.00039735
0.00040033
0.00040981
0.00041142
0.00039672
0.00040523
0.00040933
0.00040407
0.00040594
0.00039954
0.00040888
0.00040999
0.00040117
0.00040520
0.00042540
0.00041316
0.00040847
0.00040079
0.00040694
0.00043073
0.00040694
0.00040131
0.00040265
0.00040831
0.00040694
0.00039927
0.00039829
0.00040358
0.00041377
0.00041944
0.00041097
0.00040410
0.00041159
0.00039324
0.00043243
0.00042751
0.00041155
0.00041202
0.00040924
0.00040976
0.00041090
0.00042436
0.00040865
0.00041646
0.00040179
0.00041021
0.00041271
0.00040719
0.00042507
0.00040696
0.00040995
0.00039868
0.00041493
0.00039202
0.00040457
0.00040356
0.00042147
0.00041457
0.00040018
0.00050649
0.00040878
0.00040626
0.00039674
0.00041426
0.00040398
0.00040789
0.00039641
0.00039256
0.00041494
0.00040216
0.00040671
0.00040668
0.00040195
0.00040481
0.00040187
0.00040309
0.00041777
0.00040691
0.00040703
0.00041367
0.00042547
0.00040338
0.00040957
0.00040399
0.00040737
0.00040216
0.00041523
0.00041224
0.00039858
0.00042134
0.00040081
0.00040037
0.00039607
0.00040323
0.00040384
0.00040145
0.00041274
0.00039637
0.00041145
0.00041919
0.00039976
0.00040317
0.00041548
0.00041348
0.00041292
0.00040946
0.00040964
0.00040772
0.00039720
0.00040292
0.00041907
0.00041447
0.00040868
0.00041484
0.00042579
0.00039616
0.00040827
0.00040198
0.00040708
0.00040496
0.00040511
0.00039941
0.00039963
0.00040273
0.00039489
0.00039767
0.00040908
0.00041104
0.00041925
0.00041380
0.00042417
0.00040492
0.00041037
0.00042347
0.00041329
0.00042097
0.00040458
0.00039800
0.00040984
0.00039406
0.00040044
0.00040484
0.00041205
0.00039686
0.00041034
0.00041376
0.00040546
0.00041268
0.00040177
0.00040685
0.00039418
0.00041125
0.00040666
0.00040837
0.00040357
0.00040994
0.00040647
0.00041021
0.00040659
0.00040161
0.00041809
0.00040248
0.00040663
0.00040528
0.00040154
0.00039569
0.00040469
0.00040073
0.00040676
0.00039739
0.00039972
0.00041545
0.00041590
0.00041152
0.00039732
0.00041675
0.00040245
0.00039663
0.00039434
0.00040865
0.00040934
0.00040158
0.00040153
0.00040105
0.00041121
0.00039754
0.00039370
0.00040310
0.00039975
0.00041395
0.00041422
0.00040598
0.00040567
0.00040212
0.00041173
0.00041700
0.00040292
0.00040302
0.00040746
0.00041384
0.00041296
0.00041076
0.00041313
0.00040922
0.00041106
0.00042059
0.00040691
0.00040831
0.00041929
0.00041422
0.00040706
0.00041899
0.00041963
0.00039855
0.00039795
0.00039593
0.00040353
0.00040753
0.00040453
0.00040763
0.00041036
0.00040036
0.00042086
0.00040450
0.00040621
0.00042328
0.00041125
0.00039886
0.00041389
0.00041683
0.00041701
0.00039649
0.00041643
0.00040709
0.00039531
0.00040982
0.00040715
0.00041097
0.00041268
0.00040675
0.00039649
0.00039510
0.00040425
0.00042465
0.00040757
0.00042196
0.00040111
0.00040478
0.00040474
0.00040767
0.00039919
0.00040663
0.00041147
0.00040742
0.00040598
0.00040128
0.00041431
0.00041317
0.00039939
0.00039971
0.00041632
0.00041999
0.00039242
0.00042456
0.00041066
0.00040500
0.00040829
0.00039976
0.00041777
0.00040746
0.00042224
0.00041042
0.00041346
0.00040186
0.00040078
0.00039591
0.00041086
0.00039996
0.00040852
0.00040483
0.00039273
0.00040042
0.00040001
0.00041903
0.00041893
0.00040525
0.00040594
0.00041196
0.00040936
0.00041225
0.00039859
0.00040784
0.00039718
0.00040483
0.00040565
0.00040470
0.00042466
0.00040496
0.00040867
0.00040153
0.00040781
0.00042993
0.00040261
0.00041227
0.00040558
0.00039387
0.00041336
0.00039926
0.00040656
0.00040167
0.00039890
0.00040652