0.00708344
0.00991960
0.00847035
0.00790928
0.00723574
0.00714103
0.00796391
0.00896445
0.00648058
0.01050648
0.00838904
0.00930167
0.00757491
0.00992408
0.00738602
0.00713807
0.00695942
0.00668785
0.00639128
0.00913838
0.00847977
0.01085744
0.00756447
0.00654261
0.00764856
0.00695520
0.00742898
0.00949139
0.00643844
0.00803645
0.00774177
0.00761793
0.00809772
0.00790463
0.00793827
0.00735065
0.00676366
0.00727965
0.00691662
0.00666865
0.00743296
0.00844299
0.00746071
0.00663362
0.00658312
0.00855506
0.00959476
0.00990706
0.00740107
0.00897218
0.00880408
0.00884102
0.00815188
0.01042398
0.00640713
0.00634098
0.00740444
0.00701468
0.01037025
0.00677555
0.00861159
0.00671727
0.02687117
0.00664066
0.00693947
0.00759649
0.01139259
0.00711388
0.00635169
0.00676196
0.00620099
0.00850795
0.00873855
0.00625572
0.00601422
0.00643999
0.00751029
0.02135536
0.00748420
0.00878647
0.01133933
0.00607669
0.01046782
0.01283739
0.02398743
0.00851830
0.00942805
0.01080956
0.00906210
0.00637567
0.00955384
0.00669454
0.00717868
0.00672239
0.00582236
0.00684852
0.00817058
0.00884082
0.00709525
0.00876756
0.00986681
0.00884928
0.00695944
0.00741016
0.00738372
0.00688599
0.00766552
0.00659964
0.00827161
0.00622359
0.00697934
0.00710379
0.00683226
0.00762827
0.00831488
0.01221004
0.00791365
0.00783238
0.00920270
0.00758373
0.01055521
0.00711029
0.00806545
0.00705217
0.00833792
0.00784557
0.00786114
0.00766190
0.00754108
0.00794384
0.00675920
0.00918144
0.00632682
0.01089593
0.01004849
0.00993407
0.00669713
0.00944464
0.00706867
0.01132319
0.01170300
0.00779337
0.00719158
0.01160356
0.00577742
0.00693772
0.01602888
0.00868786
0.01186184
0.00651874
0.00857956
0.00673231
0.01104916
0.00693138
0.00729698
0.00762089
0.00657032
0.01383577
0.00850717
0.00671561
0.00768484
0.00969983
0.00723197
0.00821787
0.00819403
0.00699626
0.00744235
0.00716932
0.00721507
0.00738468
0.00798798
0.00763064
0.00750533
0.01062185
0.00587719
0.00797176
0.00954451
0.00651148
0.00654756
0.00683928
0.00641760
0.00611424
0.00738375
0.00655180
0.00718999
0.00572377
0.00800678
0.00762396
0.00943381
0.00688074
0.02138301
0.00766967
0.00886708
0.01388028
0.01260222
0.00754847
0.00817248
0.00909350
0.00843300
0.01238574
0.00671544
0.00684754
0.00732863
0.00959860
0.01662498
0.00708425
0.00691799
0.00883399
0.00936640
0.00701282
0.02062001
0.00688118
0.00655671
0.00891748
0.00947071
0.00734716
0.00800092
0.01268730
0.01246339
0.00659577
0.00788517
0.00723736
0.01009855
0.00732047
0.00702642
0.01165418
0.00668234
0.00702335
0.00878489
0.00926226
0.00750133
0.00611279
0.01297243
0.00740736
0.00692462
0.00971399
0.00684009
0.01000566
0.00837300
0.00560832
0.00994227
0.02465302
0.00882992
0.01017250
0.00790505
0.00742867
0.00842388
0.00697319
0.00677310
0.00736783
0.00740687
0.00776395
0.01052445
0.00696827
0.00813738
0.00584021
0.01011812
0.00869613
0.00663412
0.00805094
0.00835421
0.00610845
0.01166696
0.00678779
0.00976548
0.00703689
0.00774332
0.00829374
0.00655475
0.00876975
0.00663494
0.00666068
0.01017704
0.00686264
0.00800789
0.00714508
0.00686417
0.01027666
0.00742871
0.00975313
0.02550767
0.00711401
0.00958938
0.00746811
0.00914391
0.00916821
0.00761201
0.00643988
0.00676848
0.00728694
0.00765661
0.00633179
0.00804342
0.00764821
0.00762537
0.00877800
0.00840191
0.01348726
0.01166680
0.00692949
0.00837772
0.00603367
0.00713353
0.01382952
0.00725077
0.00688506
0.00906586
0.00702498
0.00863820
0.00697574
0.00593621
0.00751069
0.00624612
0.00650096
0.00599671
0.00895099
0.00763883
0.00625902
0.00999151
0.00627364
0.00710741
0.00627963
0.00718311
0.00639730
0.00818496
0.00800818
0.01212915
0.00717259
0.00822830
0.00821719
0.00758927
0.01230862
0.00703110
0.00913920
0.00650733
0.00604490
0.00718372
0.00650378
0.00741293
0.00781453
0.00723130
0.00719768
0.00779255
0.00966449
0.00765619
0.00744214
0.01193924
0.00816013
0.00811545
0.00776503
0.00834970
0.00827477
0.00743613
0.00745170
0.00905956
0.00945153
0.00839454
0.00687555
0.00645596
0.00927475
0.00786751
0.00663113
0.00694425
0.01139152
0.00754851
0.00804902
0.01107450
0.01074552
0.00616955
0.00701878
0.00856431
0.00861417
0.00646936
0.00683541
0.00725754
0.00765176
0.01550329
0.00812595
0.00740610
0.00824856
0.00942628
0.00869519
0.00804554
0.00869002
0.00977211
0.00794366
0.00653378
0.00840784
0.00607305
0.00970905
0.00683608
0.00684855
0.00742261
0.00899345
0.00747294
0.00758040
0.00794577
0.00735355
0.00814293
0.00944684
0.00641969
0.00816960
0.00545401
0.00737976
0.00762723
0.00630367
0.00837947
0.00720214
0.01719342
0.02056323
0.00845439
0.00726570
0.00820890
0.00629610
0.00859499
0.00712323
0.00873520
0.00705473
0.00736085
0.01136727
0.00612173
0.00901925
0.00668035
0.00557480
0.00725567
0.01072307
0.01013002
0.00728848
0.01068765
0.00675072
0.00876203
0.00676220
0.00695403
0.00817595
0.00601572
0.00978901
0.00644884
0.00649761
0.00674775
0.00709008
0.00851632
0.00628376
0.00861411
0.00968418
0.00766937
0.00889809
0.00783179
0.00959474
0.00748759
0.00703350
0.00671059
0.00611755
0.00695007
0.00698036
0.00665579
0.00738558
0.00995740
0.00801615
0.00598825
0.01053696
0.00755135
0.00743064
0.00913312
0.00853994
0.00830560
0.00731541
0.00850849
0.00542860
0.00898268
0.00644919
0.00566435
0.00808550
0.00799227
0.01315521
0.00738231
0.00726535
0.00869575
0.00663724
0.00631668
0.00964498
0.00595822
0.00614075
0.00747991
0.00755346
0.00817948
0.01006504
0.00653096
0.00726276
0.00669487
0.00958718
0.00887665
0.00742212
0.01180323
0.00603892
0.00756245
0.00835412
0.00845486
0.00700646
0.00781768
0.00978524