0.00080877
0.00081419
0.00084022
0.00089689
0.00083438
0.00079108
0.00081380
0.00085074
0.00082036
0.00085749
0.00079164
0.00089599
0.00083258
0.00095189
0.00083633
0.00082707
0.00084972
0.00080296
0.00086131
0.00081997
0.00085428
0.00084733
0.00085505
0.00085451
0.00084901
0.00083779
0.00083430
0.00084861
0.00082809
0.00088042
0.00089816
0.00081312
0.00082631
0.00079137
0.00083652
0.00080449
0.00083238
0.00084718
0.00082236
0.00085453
0.00082099
0.00084095
0.00089639
0.00078060
0.00079354
0.00077307
0.00080797
0.00077139
0.00079313
0.00082508
0.00080818
0.00077505
0.00086691
0.00076851
0.00082157
0.00080874
0.00083398
0.00079825
0.00085266
0.00086340
0.00077220
0.00079331
0.00085775
0.00087401
0.00086442
0.00090481
0.00087696
0.00082996
0.00079678
0.00082423
0.00078390
0.00088907
0.00083027
0.00077527
0.00081344
0.00087662
0.00084776
0.00085242
0.00092678
0.00080076
0.00086106
0.00083231
0.00083520
0.00084143
0.00092714
0.00082609
0.00083359
0.00083398
0.00094347
0.00081735
0.00082944
0.00086439
0.00106417
0.00086464
0.00081268
0.00085563
0.00077604
0.00077124
0.00085470
0.00081901
0.00082189
0.00088858
0.00096421
0.00086503
0.00085322
0.00078043
0.00088623
0.00083848
0.00095572
0.00080850
0.00083255
0.00078429
0.00083956
0.00086399
0.00080884
0.00079724
0.00082017
0.00083831
0.00082041
0.00081027
0.00085152
0.00083665
0.00083453
0.00080216
0.00082654
0.00080674
0.00080358
0.00083309
0.00080222
0.00088660
0.00085452
0.00083514
0.00079544
0.00078127
0.00081752
0.00078377
0.00084341
0.00081653
0.00086087
0.00081096
0.00082722
0.00085343
0.00079178
0.00084968
0.00087811
0.00079299
0.00082644
0.00080857
0.00081116
0.00083434
0.00085075
0.00082305
0.00082701
0.00080408
0.00086446
0.00079851
0.00080272
0.00084150
0.00081761
0.00080639
0.00078949
0.00084641
0.00081557
0.00079774
0.00081058
0.00083797
0.00081823
0.00080102
0.00082949
0.00082504
0.00082907
0.00080286
0.00078572
0.00079071
0.00082602
0.00087443
0.00078399
0.00082035
0.00082385
0.00084271
0.00080042
0.00080690
0.00109381
0.00082208
0.00080636
0.00082967
0.00080238
0.00079936
0.00081884
0.00083388
0.00079261
0.00086861
0.00101136
0.00087602
0.00087623
0.00087609
0.00081061
0.00084227
0.00090343
0.00082321
0.00080161
0.00080139
0.00082404
0.00082219
0.00084545
0.00078468
0.00080572
0.00082460
0.00079943
0.00080909
0.00079778
0.00092067
0.00086958
0.00084928
0.00081243
0.00089665
0.00083891
0.00080718
0.00086018
0.00090275
0.00077436
0.00083853
0.00087004
0.00078909
0.00082430
0.00079359
0.00085012
0.00081730
0.00081284
0.00102804
0.00087347
0.00079872
0.00089003
0.00094075
0.00081783
0.00082838
0.00078480
0.00084497
0.00082944
0.00081084
0.00086612
0.00081070
0.00082515
0.00080289
0.00088693
0.00088106
0.00083019
0.00086561
0.00086669
0.00085098
0.00080257
0.00084456
0.00080120
0.00079331
0.00081253
0.00086319
0.00087436
0.00088544
0.00083083
0.00080607
0.00083128
0.00081573
0.00081646
0.00080444
0.00083056
0.00085836
0.00080092
0.00079242
0.00078205
0.00106490
0.00081200
0.00084150
0.00080915
0.00081756
0.00083912
0.00083125
0.00088803
0.00077702
0.00083714
0.00080438
0.00078857
0.00084543
0.00083978
0.00092539
0.00083288
0.00091083
0.00084546
0.00083458
0.00079325
0.00079411
0.00087158
0.00081793
0.00081099
0.00081908
0.00083751
0.00086175
0.00081905
0.00084081
0.00086084
0.00082715
0.00084005
0.00090002
0.00082914
0.00086241
0.00082921
0.00081234
0.00085179
0.00082805
0.00085745
0.00091799
0.00078585
0.00090838
0.00082296
0.00081686
0.00091564
0.00081907
0.00081197
0.00089055
0.00085116
0.00086305
0.00077516
0.00088675
0.00085371
0.00089308
0.00082354
0.00084508
0.00079021
0.00081298
0.00080046
0.00083224
0.00079142
0.00086260
0.00081456
0.00100929
0.00083073
0.00078980
0.00083276
0.00080490
0.00077518
0.00084767
0.00078380
0.00081767
0.00083670
0.00085529
0.00085905
0.00080406
0.00078707
0.00081833
0.00086214
0.00077088
0.00082466
0.00084189
0.00078987
0.00083037
0.00084948
0.00078955
0.00079488
0.00078515
0.00084522
0.00082658
0.00081707
0.00084935
0.00078759
0.00084819
0.00082154
0.00079953
0.00083566
0.00100060
0.00084232
0.00081895
0.00089101
0.00086096
0.00082503
0.00084153
0.00082558
0.00084161
0.00091453
0.00083395
0.00087114
0.00080873
0.00085547
0.00084055
0.00085260
0.00086297
0.00088434
0.00088687
0.00081591
0.00087472
0.00084641
0.00086428
0.00078699
0.00079373
0.00085364
0.00084434
0.00090885
0.00082152
0.00083785
0.00081597
0.00086990
0.00083710
0.00086117
0.00076808
0.00095560
0.00086881
0.00092993
0.00081850
0.00080048
0.00078331
0.00081031
0.00091328
0.00080306
0.00085649
0.00077426
0.00078009
0.00087150
0.00079688
0.00079441
0.00076957
0.00078622
0.00082585
0.00081426
0.00080080
0.00088797
0.00086710
0.00091414
0.00077929
0.00078941
0.00087423
0.00084007
0.00078905
0.00079339
0.00098569
0.00083307
0.00080080
0.00080848
0.00086840
0.00081892
0.00085981
0.00081714
0.00082882
0.00085872
0.00084269
0.00083930
0.00085872
0.00094088
0.00081281
0.00084601
0.00084070
0.00083028
0.00083786
0.00086520
0.00080663
0.00079493
0.00087285
0.00084102
0.00081831
0.00083794
0.00080997
0.00078393
0.00093473
0.00082525
0.00080000
0.00082377
0.00086284
0.00079063
0.00085165
0.00079166
0.00078109
0.00082325
0.00088986
0.00083548
0.00083614
0.00082277
0.00079806
0.00082006
0.00082051
0.00089333
0.00080429
0.00084188
0.00080229
0.00082281
0.00085127
0.00083405
0.00083994
0.00084595
0.00081028
0.00085583
0.00085037
0.00100397
0.00078392
0.00085164
0.00077410
0.00088699
0.00083080
0.00083731
0.00079724
0.00083550
0.00081475
0.00079596
0.00078251