0.01457242
0.00864675
0.00874066
0.03860719
0.03683201
0.01592697
0.02679999
0.01107924
0.02869257
0.01308266
0.01409271
0.01484128
0.02113595
0.01091591
0.00932337
0.01189396
0.01271049
0.03227156
0.02197869
0.01202374
0.00883643
0.00995475
0.00761453
0.02711532
0.01581328
0.01642555
0.00985784
0.01287641
0.04590233
0.01072778
0.00933496
0.01008909
0.00835139
0.02019560
0.00961729
0.02486749
0.01158025
0.01429193
0.01357419
0.01572554
0.00953820
0.00899775
0.02515084
0.01207760
0.01121501
0.01104026
0.01006110
0.02734360
0.02050109
0.00990107
0.02789043
0.01423977
0.01202694
0.01523326
0.00826140
0.01108640
0.01014832
0.01133512
0.00891474
0.01018046
0.01659876
0.01425809
0.01533582
0.01758611
0.01312298
0.01361872
0.01172339
0.02710001
0.01556549
0.01106864
0.00818015
0.02645349
0.01547192
0.01118136
0.01171143
0.01085052
0.00758523
0.00805633
0.01997901
0.01165194
0.01826882
0.03037302
0.01562859
0.01485443
0.01224511
0.01543836
0.03332690
0.01571445
0.00844284
0.00883824
0.01595622
0.01820712
0.00750227
0.01157787
0.01978047
0.01893461
0.02735673
0.01360619
0.00998819
0.01483927
0.02453408
0.00904440
0.00837084
0.03080437
0.00939696
0.00737760
0.01359965
0.02268424
0.01221759
0.02275241
0.01284890
0.01029840
0.01692438
0.01290287
0.01378822
0.01090583
0.00908129
0.01225008
0.01145804
0.02654125
0.01531077
0.01231392
0.00791065
0.01241236
0.02678845
0.00798424
0.02418166
0.02133649
0.00868552
0.01807456
0.00994117
0.01276751
0.01408474
0.01132774
0.01553238
0.00805070
0.01036548
0.01034378
0.00949506
0.01694362
0.02613865
0.02137270
0.01007897
0.01299369
0.01900816
0.00910018
0.01646516
0.01196451
0.01849950
0.01447746
0.01448672
0.01422683
0.01580029
0.00942898
0.01414929
0.01027777
0.01142705
0.01471193
0.02835256
0.01177233
0.01544138
0.01836571
0.02261726
0.01309288
0.01487904
0.01262955
0.01754906
0.00849374
0.01232650
0.02691282
0.01842481
0.02011461
0.01323156
0.00966860
0.01187467
0.00930962
0.01160367
0.00699806
0.00688495
0.01550774
0.02297796
0.00817658
0.01444851
0.00919741
0.01575513
0.02412430
0.01032387
0.02249913
0.03080185
0.01263458
0.01007421
0.01996257
0.01403189
0.01331616
0.01605720
0.01620394
0.01222936
0.00878909
0.01421025
0.02818446
0.00853337
0.01665155
0.02288501
0.01224850
0.01420128
0.00888096
0.00751011
0.01001608
0.00834022
0.01403821
0.01846441
0.01070087
0.02835506
0.01730817
0.00899164
0.01155737
0.02925644
0.02533138
0.00765081
0.01258953
0.00787778
0.02535312
0.01127701
0.00992919
0.02193273
0.01201566
0.01252949
0.01973557
0.02071561
0.00976105
0.01053697
0.01729780
0.03588899
0.01199997
0.02830969
0.01540246
0.00903807
0.01238692
0.00965758
0.00922287
0.01327424
0.01571213
0.01856436
0.02225958
0.01044529
0.00830333
0.02208619
0.00955719
0.01293466
0.02667827
0.01135668
0.00919864
0.01275871
0.01003575
0.01035099
0.02063513
0.00903363
0.02409106
0.01550850
0.01122031
0.00795639
0.00919369
0.00827102
0.01538845
0.01665063
0.02638123
0.03666733
0.01566253
0.01343478
0.03890183
0.01429642
0.02380375
0.00761189
0.01966001
0.02269710
0.01062568
0.01283338
0.01213594
0.01532403
0.01331056
0.01636974
0.01049709
0.01288998
0.01476328
0.00923210
0.00957957
0.01114054
0.01297398
0.02922866
0.02518803
0.01640912
0.01315314
0.00701006
0.01702752
0.01864439
0.00736586
0.01021375
0.00984762
0.01519602
0.01769974
0.00915260
0.01162988
0.01563582
0.01604121
0.01609283
0.01138108
0.01239001
0.00889778
0.01140604
0.01882822
0.01137741
0.01001299
0.01374207
0.02214167
0.01457505
0.01126552
0.02651161
0.02915425
0.02654993
0.01978797
0.01146547
0.01223769
0.00896848
0.01644785
0.01529606
0.01465281
0.01509229
0.00907439
0.01062140
0.01036492
0.00777183
0.01049741
0.01005576
0.02170754
0.03619180
0.02031496
0.01398427
0.01600208
0.02200322
0.00912827
0.01518442
0.00952565
0.02221844
0.03864097
0.01491191
0.01323375
0.01119645
0.01657385
0.01139817
0.01419340
0.02089322
0.00882234
0.01326048
0.02669913
0.00964393
0.01086602
0.01041305
0.00842877
0.01199071
0.01696225
0.00934141
0.01005158
0.01724833
0.02711331
0.00944297
0.02854018
0.00759572
0.01092249
0.01452270
0.02045162
0.03412087
0.02426811
0.01090782
0.01821632
0.01033742
0.01890272
0.00742917
0.01802587
0.00881428
0.01021423
0.01069570
0.01501560
0.00773001
0.01046924
0.01114013
0.01801417
0.01347883
0.01908238
0.01615513
0.02862490
0.00749672
0.01992324
0.01266751
0.01258274
0.01226871
0.02675898
0.01480184
0.01393674
0.01271369
0.01517578
0.02988296
0.01108249
0.03795986
0.02245917
0.01529677
0.00850624
0.01250543
0.01203730
0.01168095
0.01126785
0.01009070
0.00979074
0.01177241
0.01499883
0.01299672
0.01098652
0.04163439
0.01665437
0.00997855
0.00914686
0.01536101
0.00919140
0.01485183
0.00958563
0.01816856
0.01051229
0.01354071
0.01031737
0.02146746
0.01773891
0.01108983
0.01921513
0.01949493
0.01053256
0.01556496
0.01822026
0.02667328
0.02379260
0.02449373
0.01805049
0.02320649
0.00877115
0.01682910
0.02743603
0.01279932
0.02942350
0.02416552
0.02016798
0.02456359
0.00946947
0.01643082
0.01531957
0.02796405
0.01288271
0.01083624
0.00927776
0.00795125
0.01954870
0.02429545
0.00893972
0.01605002
0.01056926
0.01897646
0.00909354
0.01212512
0.00959373
0.00828698
0.01600282
0.01139521
0.00818421
0.01010171
0.01085328
0.01212237
0.01649138
0.02022355
0.01031181
0.02463842
0.01461704
0.03836716
0.01340976
0.01244524
0.01028343
0.01776356
0.01510498
0.00706654
0.02281480
0.01551846
0.01367016
0.00967974
0.01050863
0.01889477
0.01287662
0.02364908
0.01420785
0.00725852
0.01467995
0.01042189
0.01141133
0.00910041
0.01273690