0.00384921
0.00348812
0.00416243
0.00345803
0.00443139
0.00457041
0.00346124
0.00396525
0.00369195
0.00461609
0.00395597
0.00405706
0.00366152
0.00358063
0.00336444
0.00402155
0.00495269
0.00350630
0.00362194
0.00483545
0.00360615
0.00382646
0.00438730
0.00396450
0.00335311
0.00449291
0.00453177
0.00426978
0.00418031
0.00368678
0.00324862
0.00467620
0.00489854
0.00401518
0.00678165
0.00453047
0.00349664
0.00612814
0.00416435
0.00375585
0.00376383
0.00340391
0.00394647
0.00315400
0.00345500
0.00496361
0.00488112
0.00332237
0.00411259
0.00501143
0.00509549
0.00402968
0.00348361
0.00474011
0.00542950
0.00574397
0.00412133
0.00322226
0.00388268
0.00565971
0.00368786
0.00346894
0.00370199
0.00370178
0.00335614
0.00378953
0.00379467
0.00446813
0.00366775
0.00376106
0.00371998
0.00372345
0.00416124
0.00471366
0.00423947
0.00418371
0.00372324
0.00403382
0.00358374
0.00370118
0.00425175
0.00442046
0.00391936
0.00397255
0.00406762
0.00469033
0.00456449
0.00359316
0.00626118
0.00442037
0.00401832
0.00396803
0.00456826
0.00435084
0.00405834
0.00324613
0.00364458
0.00416039
0.00518378
0.00557600
0.00391649
0.00431528
0.00415866
0.00415168
0.00751566
0.00538723
0.00391051
0.00394609
0.00528162
0.00472724
0.00380353
0.00397686
0.00415040
0.00340542
0.00365674
0.00367249
0.00370345
0.00339074
0.00378323
0.00344510
0.00377604
0.00311735
0.00423814
0.00386535
0.00469405
0.00346062
0.00527476
0.00432695
0.00529358
0.00342861
0.00400775
0.00354158
0.00346374
0.00500667
0.00329314
0.00445110
0.00493710
0.00428219
0.00381400
0.00358457
0.00341714
0.00432637
0.00359771
0.00612647
0.00404540
0.00344004
0.00321122
0.00349996
0.00340306
0.00610143
0.00470613
0.00526326
0.00395403
0.00444474
0.00341161
0.00361969
0.00365344
0.00403455
0.00380304
0.00413569
0.00468765
0.00366791
0.00346301
0.00439711
0.00410801
0.00388088
0.00433327
0.00362790
0.00593412
0.00328051
0.00380995
0.00459560
0.00350459
0.00330055
0.00443501
0.00343883
0.00389234
0.00671914
0.00330611
0.00342194
0.00492790
0.00434872
0.00686901
0.00408504
0.00346805
0.00352525
0.00443145
0.00460974
0.00371564
0.00449415
0.00447244
0.00374423
0.00454638
0.00440748
0.00414762
0.00499426
0.00405261
0.00322000
0.00384346
0.00331631
0.00357639
0.00349821
0.00412525
0.00348961
0.00433866
0.00374237
0.00381758
0.00411731
0.00407228
0.00393344
0.00458283
0.00650164
0.00443029
0.00430365
0.00481119
0.00436316
0.00445129
0.00382684
0.00357551
0.00344699
0.00462140
0.00430207
0.00400408
0.00378030
0.00353932
0.00352689
0.00465197
0.00476944
0.00329636
0.00521814
0.00341271
0.00375258
0.00499387
0.00449764
0.00451129
0.00404456
0.00445385
0.00415786
0.00453010
0.00374831
0.00372775
0.00451360
0.00442270
0.00438944
0.00703080
0.00353791
0.00476950
0.00486000
0.00396418
0.00343194
0.00412783
0.00464821
0.00526705
0.00394264
0.00411421
0.00399941
0.00416314
0.00334332
0.00481601
0.00348264
0.00378861
0.00458961
0.00372274
0.00373721
0.00514184
0.00434527
0.00355284
0.00356384
0.00487159
0.00391087
0.00362195
0.00385283
0.00413782
0.00615468
0.00458314
0.00424267
0.00806822
0.00466193
0.00350641
0.00487216
0.00359468
0.00420698
0.00371318
0.00586761
0.00385446
0.00455843
0.00394553
0.00337502
0.00378870
0.00346101
0.00476187
0.00482639
0.00381978
0.00434204
0.00410163
0.00384653
0.00522724
0.00368911
0.00370346
0.00328747
0.00429084
0.00606402
0.00368863
0.00379593
0.00359113
0.00496748
0.00337284
0.00488011
0.00453360
0.00343518
0.00424929
0.00320365
0.00429854
0.00510845
0.00554109
0.00397850
0.00355502
0.00427783
0.00387279
0.00404084
0.00435593
0.00396906
0.00418145
0.00330202
0.00306918
0.00428040
0.00375193
0.00415304
0.00734555
0.00360691
0.00325266
0.00360322
0.00454516
0.00369377
0.00610727
0.00531255
0.00447679
0.00447896
0.00367500
0.00548430
0.00471830
0.00599160
0.00449212
0.00403517
0.00508826
0.00376182
0.00424679
0.00393594
0.00508986
0.00398190
0.00397409
0.00356713
0.00412912
0.00426386
0.00329053
0.00337790
0.00365197
0.00390509
0.00334513
0.00402064
0.00371929
0.00409352
0.00381965
0.00349248
0.00310234
0.00454756
0.00464903
0.00323478
0.00371062
0.00417102
0.00337368
0.00804198
0.00365205
0.00289792
0.00348631
0.00360694
0.00399575
0.00517057
0.00386185
0.00374950
0.00482463
0.00415672
0.00339579
0.00359329
0.00399492
0.00397813
0.00536502
0.00329757
0.00461103
0.00413397
0.00387708
0.00497595
0.00395979
0.00366866
0.00419062
0.00363009
0.00379852
0.00420165
0.00396048
0.00449755
0.00372987
0.00430725
0.00486799
0.00488097
0.00420179
0.00480493
0.00432753
0.00439131
0.00395106
0.00383542
0.00377789
0.00338880
0.00338334
0.00361537
0.00899265
0.00373840
0.00355795
0.00399812
0.00349474
0.00364447
0.00447063
0.00403092
0.00396611
0.00415528
0.00380326
0.00368493
0.00459470
0.00344525
0.00441277
0.00982604
0.00359146
0.00412037
0.00344206
0.00417875
0.00321519
0.00458493
0.00330432
0.00378463
0.00324805
0.00573310
0.00406555
0.00429256
0.00447031
0.00586460
0.00471566
0.00390344
0.00438862
0.00395300
0.00618750
0.00425260
0.00810255
0.00372255
0.00388091
0.00434641
0.00402439
0.00675657
0.00475744
0.00662616
0.00467419
0.00398288
0.00329940
0.00397050
0.00424665
0.00414920
0.00327734
0.00347299
0.00418850
0.00465268
0.00388155
0.00413544
0.00386334
0.00374783
0.00396122
0.00504907
0.00390962
0.00553589
0.00433860
0.00504272
0.00398153
0.00350858
0.00396655
0.00351976
0.00407793
0.00415203
0.00403843
0.00386681
0.00436846
0.00400858
0.00316984
0.00394936
0.00345369
0.00378783
0.00351821
0.00330007
0.00407979
0.00319113
0.00331255
0.00420403
0.00381262
0.00411874