0.00195728
0.00191183
0.00208530
0.00223385
0.00190260
0.00223836
0.00212289
0.00213059
0.00204585
0.00204760
0.00181457
0.00194620
0.00195758
0.00192622
0.00209892
0.00187754
0.00200697
0.00190265
0.00209945
0.00208207
0.00203532
0.00199585
0.00196997
0.00196894
0.00189743
0.00203374
0.00192540
0.00199038
0.00192041
0.00188677
0.00179315
0.00206226
0.00204946
0.00195924
0.00210847
0.00194363
0.00201251
0.00196080
0.00184650
0.00193330
0.00188810
0.00194258
0.00213157
0.00184080
0.00189366
0.00195170
0.00206122
0.00198046
0.00190568
0.00215680
0.00216190
0.00197718
0.00194310
0.00197360
0.00217697
0.00195240
0.00194545
0.00188352
0.00230355
0.00188070
0.00195030
0.00198199
0.00206205
0.00203031
0.00208044
0.00194059
0.00205147
0.00195950
0.00199827
0.00200641
0.00194354
0.00219925
0.00202133
0.00208506
0.00192842
0.00182869
0.00195271
0.00199358
0.00185028
0.00206097
0.00207235
0.00198958
0.00217167
0.00189544
0.00197208
0.00185449
0.00194246
0.00205564
0.00252636
0.00197932
0.00197030
0.00230165
0.00190899
0.00191877
0.00196554
0.00193890
0.00217187
0.00188992
0.00185523
0.00186066
0.00231036
0.00182939
0.00197975
0.00195673
0.00188659
0.00181963
0.00198204
0.00184776
0.00195187
0.00221355
0.00212006
0.00192991
0.00203275
0.00201490
0.00213628
0.00198496
0.00200349
0.00189715
0.00206496
0.00208934
0.00195957
0.00194966
0.00182681
0.00207169
0.00205893
0.00195059
0.00213244
0.00184851
0.00189317
0.00206838
0.00189247
0.00188947
0.00188810
0.00189399
0.00194326
0.00199271
0.00196354
0.00185767
0.00187489
0.00208456
0.00195619
0.00198956
0.00196621
0.00193651
0.00196116
0.00190608
0.00191980
0.00205419
0.00195967
0.00200719
0.00206040
0.00198391
0.00178854
0.00204568
0.00200473
0.00186129
0.00195245
0.00206473
0.00191635
0.00188968
0.00190240
0.00197642
0.00229931
0.00187178
0.00200181
0.00180269
0.00195968
0.00182356
0.00214442
0.00191769
0.00199252
0.00186360
0.00212895
0.00195840
0.00190077
0.00214963
0.00194078
0.00193925
0.00209194
0.00217367
0.00197936
0.00197427
0.00210187
0.00202594
0.00205173
0.00182012
0.00195488
0.00176601
0.00200519
0.00199744
0.00189907
0.00205437
0.00183846
0.00186261
0.00207853
0.00205420
0.00185767
0.00189216
0.00186681
0.00189662
0.00203244
0.00200825
0.00210426
0.00184287
0.00203434
0.00189544
0.00187535
0.00190988
0.00221703
0.00199352
0.00201965
0.00208264
0.00191164
0.00204632
0.00221828
0.00210190
0.00201736
0.00194081
0.00195188
0.00200304
0.00186761
0.00203655
0.00190233
0.00198337
0.00203349
0.00219328
0.00206017
0.00197639
0.00214979
0.00193938
0.00199421
0.00212041
0.00187902
0.00176439
0.00180584
0.00195712
0.00191624
0.00189818
0.00198026
0.00204545
0.00194408
0.00193809
0.00185016
0.00195878
0.00190438
0.00192370
0.00214325
0.00221869
0.00188718
0.00196428
0.00217580
0.00185569
0.00219503
0.00225740
0.00185146
0.00203193
0.00190851
0.00224246
0.00193070
0.00210189
0.00192191
0.00208119
0.00195700
0.00194018
0.00214608
0.00187359
0.00186842
0.00191862
0.00210904
0.00192385
0.00190327
0.00189527
0.00181822
0.00189249
0.00189953
0.00196831
0.00192618
0.00208049
0.00210682
0.00189369
0.00190592
0.00179331
0.00207785
0.00198160
0.00248053
0.00191421
0.00191792
0.00202860
0.00196785
0.00191209
0.00191564
0.00191462
0.00210059
0.00198824
0.00199113
0.00197085
0.00194286
0.00236220
0.00215422
0.00207358
0.00191282
0.00205531
0.00189312
0.00210876
0.00185588
0.00190148
0.00181519
0.00199584
0.00190836
0.00197390
0.00227567
0.00236968
0.00200502
0.00188168
0.00193339
0.00192715
0.00197432
0.00197152
0.00228006
0.00192504
0.00185855
0.00199739
0.00193871
0.00186758
0.00189856
0.00199625
0.00198117
0.00191174
0.00180257
0.00191840
0.00199194
0.00193604
0.00174887
0.00204807
0.00195294
0.00199390
0.00189716
0.00193360
0.00195782
0.00219824
0.00208744
0.00193391
0.00187515
0.00218746
0.00186553
0.00204757
0.00185216
0.00189967
0.00194188
0.00185627
0.00236354
0.00203069
0.00199757
0.00200647
0.00197785
0.00205232
0.00189215
0.00206732
0.00203110
0.00188907
0.00192377
0.00209019
0.00196673
0.00193417
0.00198869
0.00186761
0.00192796
0.00199498
0.00201438
0.00205670
0.00191519
0.00188299
0.00214130
0.00193367
0.00195344
0.00203930
0.00191067
0.00200450
0.00193503
0.00198051
0.00191973
0.00184658
0.00196962
0.00187073
0.00206032
0.00215606
0.00202986
0.00194108
0.00190699
0.00187779
0.00190558
0.00191519
0.00200226
0.00208100
0.00185305
0.00208745
0.00208861
0.00196818
0.00189496
0.00195707
0.00208918
0.00187974
0.00202853
0.00195118
0.00181797
0.00197158
0.00209384
0.00192297
0.00189369
0.00207968
0.00192681
0.00198578
0.00200795
0.00196565
0.00192524
0.00187479
0.00194737
0.00213748
0.00198953
0.00188308
0.00190129
0.00194699
0.00192721
0.00192971
0.00223078
0.00201916
0.00192732
0.00208957
0.00212311
0.00225790
0.00200915
0.00196002
0.00194441
0.00197870
0.00210903
0.00206902
0.00187016
0.00197623
0.00188732
0.00229629
0.00215031
0.00187047
0.00201221
0.00206261
0.00196982
0.00195933
0.00189277
0.00228386
0.00192192
0.00196545
0.00189986
0.00203061
0.00196000
0.00186183
0.00243088
0.00223225
0.00200556
0.00198639
0.00214181
0.00191179
0.00218062
0.00190314
0.00205697
0.00187730
0.00197528
0.00185734
0.00196736
0.00193891
0.00199363
0.00189560
0.00201332
0.00201046
0.00188890
0.00194965
0.00190373
0.00207190
0.00217032
0.00189929
0.00197258
0.00227744
0.00186420
0.00195132
0.00188230
0.00195529
0.00230765
0.00181640
0.00198261
0.00227477
0.00195013
0.00189083
0.00206269
0.00208895
0.00208439
0.00219609
0.00189761
0.00198358
0.00206279
0.00191018
0.00206412
0.00203291