0.04899086
0.04436274
0.04928342
0.04568469
0.04679601
0.05465270
0.05065919
0.04464743
0.05011186
0.05054446
0.04669826
0.04577120
0.04694646
0.04991008
0.05019573
0.05327782
0.04546876
0.04695991
0.04941983
0.04659286
0.05604244
0.04925992
0.04615398
0.04911272
0.05329726
0.04451474
0.05207540
0.04830476
0.04356734
0.05484401
0.04683743
0.04455478
0.04932090
0.05021617
0.04845663
0.05091077
0.05704011
0.05284046
0.04765286
0.04892670
0.04597809
0.04340866
0.05357923
0.05263504
0.05705430
0.04561104
0.05146619
0.04355344
0.04642701
0.05022287
0.04715685
0.05747173
0.05145757
0.04561860
0.05728438
0.04672788
0.05130401
0.06193230
0.05391527
0.04865957
0.06019190
0.05492855
0.04766698
0.04330276
0.04963796
0.05202064
0.05003633
0.06107477
0.05386302
0.04676987
0.04406470
0.04888996
0.04650165
0.04859715
0.04930321
0.04715970
0.05473916
0.04929422
0.04952264
0.05447297
0.04681041
0.04513918
0.05511385
0.04951338
0.05165508
0.04527164
0.04679120
0.04936023
0.04196585
0.04808847
0.04402391
0.04506624
0.04716968
0.04575881
0.05031538
0.04503447
0.04409568
0.04579628
0.04428065
0.05427896
0.04725498
0.04632213
0.04984523
0.05688615
0.04550625
0.04645980
0.05860182
0.04533935
0.04320840
0.04481638
0.05674390
0.05211388
0.05265281
0.05117699
0.04371823
0.04674237
0.04387216
0.04648960
0.05139429
0.04706490
0.05153802
0.04477661
0.04718616
0.05794319
0.05409047
0.04937415
0.05260016
0.04656682
0.04768414
0.07185450
0.05871909
0.04952625
0.05122661
0.04311888
0.04910062
0.04756661
0.04546448
0.05419958
0.04533949
0.06372206
0.04938657
0.05174883
0.04732125
0.04558972
0.05805364
0.04876132
0.04561873
0.05357328
0.04465633
0.04517206
0.04572895
0.04291565
0.05583528
0.04606545
0.04783653
0.04358792
0.04687381
0.05827522
0.04729537
0.05199047
0.04836075
0.04444484
0.04592189
0.04957513
0.05583154
0.04625275
0.04825875
0.04564683
0.04998043
0.04995486
0.05067700
0.05250576
0.08117963
0.04359101
0.04525226
0.05429396
0.04386090
0.04790441
0.04957661
0.04870697
0.04933614
0.05069883
0.04846232
0.04785132
0.04442502
0.04579372
0.04375882
0.05861684
0.04553367
0.05298865
0.04584936
0.04947033
0.05637534
0.05031197
0.04795060
0.06020496
0.05029054
0.05183309
0.05177915
0.04866742
0.05342379
0.04600352
0.04654372
0.04412008
0.04777476
0.04780583
0.04720643
0.04491258
0.04400976
0.04391367
0.04858745
0.04255338
0.04500897
0.05088347
0.05015915
0.05054625
0.04980906
0.04772813
0.05052762
0.04436577
0.04994603
0.05107814
0.04615468
0.04454209
0.05727665
0.04488333
0.04504582
0.04746336
0.04374424
0.04715811
0.05660731
0.05064954
0.04251015
0.04528311
0.04434359
0.04961462
0.04771869
0.04408230
0.04804968
0.04815309
0.05251928
0.04852677
0.05287580
0.04608548
0.04635412
0.04485936
0.04426391
0.04741993
0.05099068
0.07091261
0.04651713
0.05305551
0.04530946
0.04823181
0.05880884
0.04652424
0.04670040
0.04745162
0.04850628
0.04941748
0.05162298
0.05210161
0.04194465
0.04627767
0.04536232
0.04828998
0.04687919
0.04542009
0.04470370
0.04353716
0.04191498
0.05043590
0.04191684
0.04696421
0.04817607
0.05026643
0.05677224
0.05192393
0.05221037
0.05113613
0.04662192
0.04589560
0.05358828
0.04908431
0.04898787
0.04904487
0.04806017
0.04916047
0.04860416
0.04853605
0.04776205
0.04635977
0.05191026
0.05533566
0.04628452
0.04801593
0.05304326
0.06439009
0.05630379
0.05519314
0.04818224
0.05514779
0.04850823
0.04539278
0.04888352
0.04263246
0.04665494
0.04883526
0.04704860
0.04709725
0.04873802
0.04648154
0.04794171
0.04567120
0.04686489
0.06526404
0.04640843
0.05016797
0.05010095
0.05006667
0.04807033
0.05115857
0.04784021
0.05422377
0.04648540
0.04785328
0.04868314
0.04469521
0.05150662
0.04659211
0.04737011
0.04836588
0.04935417
0.04943003
0.04728576
0.04806416
0.04602218
0.04722527
0.04581966
0.04790396
0.04958943
0.04598095
0.04447547
0.04950623
0.04677387
0.04548743
0.04785146
0.04849843
0.06955594
0.05708207
0.05571671
0.05239854
0.04668421
0.04554574
0.05173072
0.04433771
0.04873509
0.04592029
0.04520040
0.04692797
0.05145922
0.04943990
0.05466464
0.05271857
0.04935618
0.05674406
0.05151468
0.04719709
0.04406792
0.05688098
0.04369911
0.04843723
0.05184968
0.05411215
0.04405054
0.05519769
0.04804622
0.05683814
0.04908163
0.05083964
0.05601142
0.04920043
0.04706991
0.04825054
0.04890772
0.04411530
0.04668985
0.04887426
0.04925291
0.04342489
0.04694319
0.05144251
0.04628864
0.05005694
0.04691618
0.06156933
0.04986794
0.04767111
0.04869145
0.04653932
0.05040473
0.05018851
0.04776681
0.04635476
0.04346790
0.05376210
0.04945132
0.05920504
0.06566205
0.06659835
0.04535919
0.04956453
0.05462774
0.04838776
0.04916327
0.04676736
0.05310218
0.04978101
0.05479484
0.05481254
0.04545414
0.04796553
0.04415804
0.04817003
0.05090697
0.04668635
0.05121216
0.05196424
0.04748255
0.05809756
0.05150669
0.04516731
0.04528752
0.04353872
0.04804595
0.04542923
0.05393905
0.04993318
0.04601065
0.05002631
0.04318459
0.05312391
0.04385482
0.05124137
0.04634576
0.05847733
0.04910772
0.05037238
0.05179250
0.04533978
0.05828227
0.04973147
0.04748605
0.05114824
0.05293965
0.04535181
0.04890675
0.04598349
0.04902829
0.04860078
0.04760459
0.05935776
0.04553874
0.04625705
0.05005423
0.04941172
0.04771173
0.04398670
0.05587995
0.04705451
0.04982714
0.05584305
0.04869646
0.04830258
0.04689986
0.04772084
0.05832637
0.04337285
0.04958383
0.04515203
0.04241548
0.04275637
0.05458238
0.05158968
0.04621089
0.04720568
0.06262046
0.04998228
0.04801709
0.04626474
0.04704190
0.06192870
0.05103350
0.04660048
0.05096754
0.04587539
0.05055004
0.04794161
0.04804917
0.04729923