0.03894262
0.04664114
0.04275383
0.04458060
0.04352278
0.04517364
0.04162617
0.04284212
0.04140460
0.07458761
0.04347755
0.04903237
0.04661966
0.04506815
0.04894174
0.04323871
0.04272056
0.04989404
0.05150111
0.04165720
0.04788545
0.04349247
0.04436193
0.04512053
0.04744668
0.04849089
0.04386071
0.04570265
0.04448356
0.04485306
0.05111384
0.04429611
0.04162114
0.04443376
0.04109963
0.03945231
0.04440004
0.04518822
0.04370037
0.04142445
0.04360693
0.04250809
0.04531032
0.04236615
0.04223698
0.04930348
0.04089555
0.04197958
0.04070239
0.04333224
0.04219972
0.04096427
0.04353625
0.05149345
0.04839286
0.04323181
0.04155078
0.05055626
0.05389891
0.04322090
0.05174121
0.04727607
0.04400075
0.04336169
0.04282028
0.04271244
0.04608671
0.04323792
0.04960118
0.04239186
0.04335110
0.04461012
0.03971062
0.04226151
0.04546934
0.04134762
0.04916749
0.04958672
0.04475065
0.04094055
0.04296819
0.04604659
0.04570493
0.04401516
0.04231821
0.04302842
0.04303005
0.04733055
0.04605521
0.04223113
0.04304882
0.04681360
0.04153106
0.04316737
0.04656115
0.04460429
0.04540689
0.03962795
0.04478891
0.04985726
0.04514876
0.04335683
0.04565699
0.04373441
0.04224836
0.04550273
0.04746627
0.04297097
0.04327405
0.04072368
0.04690158
0.04447840
0.04211715
0.04076596
0.04269080
0.04627731
0.04461588
0.04691428
0.04347690
0.04691874
0.04476037
0.04332265
0.04097139
0.04402287
0.04547671
0.05587424
0.04082121
0.04462063
0.04704349
0.05281265
0.04640776
0.04520724
0.05055192
0.04527345
0.04217637
0.04446416
0.04797122
0.04331471
0.04926921
0.04154176
0.04559082
0.04162601
0.04692996
0.04404855
0.05314423
0.04366071
0.04374839
0.04283888
0.04563235
0.04752518
0.04197909
0.05254334
0.04763816
0.04680011
0.04241968
0.04718077
0.04230759
0.04593558
0.04338277
0.04698972
0.04087003
0.04593421
0.04393503
0.04347057
0.04481505
0.04461330
0.04375442
0.04690286
0.04491333
0.04188497
0.04642509
0.04531087
0.04394498
0.04333493
0.04461921
0.04037288
0.04465517
0.04548419
0.04587663
0.04125596
0.04460381
0.04415434
0.04557308
0.04506429
0.04603298
0.04340069
0.04467087
0.04579739
0.04408414
0.04280559
0.04284289
0.04671251
0.04156900
0.04343242
0.04745427
0.04354343
0.04156319
0.04895576
0.04353865
0.04099013
0.04141504
0.04093191
0.04230282
0.04182495
0.05002114
0.04609806
0.04559866
0.04295917
0.04719358
0.04360196
0.04135356
0.04638965
0.04642260
0.04315053
0.04690530
0.04597070
0.04686567
0.04305025
0.04097001
0.05797068
0.04408379
0.04198268
0.04362759
0.04471562
0.04818049
0.04869468
0.04380455
0.05140200
0.04387181
0.04243061
0.04435025
0.04389647
0.04669304
0.04239991
0.04227054
0.04050325
0.04837841
0.04718694
0.04458726
0.04578617
0.04388917
0.04651943
0.04619397
0.04444328
0.04912212
0.04637280
0.04815066
0.04644447
0.05075664
0.04238165
0.04426156
0.04872831
0.04470441
0.04572551
0.04565211
0.04115419
0.04454522
0.04595649
0.04470292
0.04078221
0.04660838
0.04738946
0.04437674
0.04264920
0.04756529
0.04317457
0.04033829
0.04093380
0.05525372
0.04268667
0.04362360
0.04601179
0.04422277
0.04448974
0.04996995
0.04050876
0.04014603
0.04810913
0.04529895
0.04311884
0.04335588
0.04686427
0.04821316
0.04701277
0.04544415
0.04466845
0.05002516
0.04271624
0.04746207
0.04304814
0.04843360
0.04131498
0.04682980
0.04100776
0.05578388
0.04630277
0.04627070
0.04156590
0.05622835
0.04583951
0.04164300
0.04336933
0.04522013
0.04272855
0.04266411
0.04171134
0.05390696
0.05056347
0.04907153
0.04839881
0.05444568
0.04694041
0.04570769
0.04885731
0.04099669
0.04256333
0.05523830
0.04474995
0.04397461
0.04164261
0.05437933
0.04490453
0.04298300
0.04192113
0.04199801
0.04605459
0.04592746
0.04462807
0.04425754
0.03923786
0.04085469
0.04194415
0.04274525
0.04953155
0.06024710
0.04777138
0.04679351
0.04825482
0.04352660
0.04441118
0.04180555
0.04765540
0.04082246
0.04863053
0.04299737
0.04126655
0.04115696
0.05124046
0.04478253
0.04290638
0.04374609
0.04772087
0.04414338
0.05317273
0.05502251
0.04275473
0.04570856
0.04610282
0.04534402
0.04166632
0.04591807
0.04745897
0.04797564
0.04341405
0.04128460
0.04318022
0.04577813
0.04340891
0.04415832
0.04532661
0.04416945
0.05021079
0.03984940
0.04517615
0.04346386
0.04487324
0.04640676
0.04579424
0.04811457
0.04330133
0.04906355
0.04788190
0.04185558
0.04569050
0.04466887
0.04296136
0.04947293
0.04321271
0.04391336
0.04264639
0.04287359
0.04549236
0.04753853
0.04279067
0.04234741
0.03980864
0.04517271
0.05672875
0.04230878
0.04676050
0.04354003
0.04623254
0.05377811
0.04695192
0.04307312
0.04200455
0.04564442
0.04675620
0.04082735
0.04456204
0.04448294
0.04422903
0.04243530
0.04615913
0.04489065
0.04505560
0.04515696
0.04575811
0.04544848
0.04329485
0.04022507
0.04798409
0.04607992
0.04172721
0.04144499
0.04892694
0.04295008
0.05014011
0.04455574
0.05479131
0.04312928
0.04159581
0.04357017
0.04335074
0.04262224
0.04824201
0.04255598
0.04958563
0.04133197
0.04502629
0.04977977
0.05553708
0.04768489
0.04300212
0.04749337
0.04514174
0.04483447
0.04164226
0.04234248
0.04020412
0.04484638
0.04414476
0.04980324
0.04355055
0.04623347
0.04730805
0.04858355
0.04544494
0.04404833
0.04194901
0.04489463
0.04301040
0.04261122
0.04080117
0.04273120
0.05668357
0.05194253
0.04697118
0.04295667
0.05272249
0.04130542
0.04431632
0.04056190
0.04430268
0.04413399
0.04019140
0.04289168
0.04848081
0.04188093
0.04667608
0.04049786
0.04551543
0.04206006
0.04892305
0.04564181
0.05046789
0.04273249
0.05369107
0.04615918
0.04363746
0.04625252
0.05620782
0.03915153
0.04516350
0.04378974
0.04543259
0.04664586
0.04469274
0.04188142
0.04239640