0.05260163
0.04490175
0.04429365
0.04776658
0.04323694
0.04423294
0.03952786
0.04833336
0.04358316
0.03818616
0.06003749
0.04038022
0.05052650
0.03495036
0.04589640
0.04208320
0.04389066
0.03400369
0.05161736
0.03500967
0.04566145
0.04825042
0.04590628
0.03729102
0.04676543
0.04082861
0.04620430
0.04340656
0.04794084
0.04570006
0.03926764
0.04577175
0.04121757
0.04093865
0.04462939
0.04904350
0.03974098
0.03921854
0.04205413
0.04233070
0.04467379
0.04238365
0.04499701
0.03951531
0.04021132
0.04312363
0.04447761
0.04430251
0.03706530
0.04452697
0.03807187
0.04102422
0.05155048
0.03913557
0.04362078
0.04588467
0.04557787
0.05209619
0.04396161
0.04120205
0.04177742
0.04968019
0.03867953
0.03856335
0.04029444
0.04799906
0.03990733
0.04006169
0.04389670
0.04154860
0.03787014
0.04539093
0.03979708
0.03493115
0.04594568
0.04443179
0.05580336
0.04883606
0.04166179
0.04547494
0.03755783
0.04114887
0.03737570
0.03784650
0.04097082
0.04065204
0.04483267
0.03590661
0.04678012
0.03775812
0.04063300
0.04513355
0.04036743
0.03937400
0.05188494
0.04238675
0.04476787
0.04065943
0.04516830
0.04209057
0.04997284
0.04009710
0.04399046
0.03529290
0.04031955
0.03829031
0.03921544
0.03962632
0.04479700
0.04369062
0.04077641
0.03750088
0.05645353
0.04176132
0.04740387
0.04086733
0.04364870
0.04084699
0.04056217
0.04260420
0.03765348
0.03844212
0.04050404
0.04486293
0.04944851
0.05751985
0.04257184
0.04980565
0.04946182
0.04064144
0.04438602
0.05038150
0.04324319
0.03784877
0.03923189
0.04840594
0.03417171
0.03849008
0.03942250
0.04876277
0.04525482
0.04179669
0.04631892
0.04449971
0.04509025
0.03904736
0.04627729
0.03880093
0.04389720
0.04404890
0.03594452
0.05580915
0.04288380
0.04339887
0.04548506
0.04030134
0.04121435
0.04221460
0.04094106
0.04711148
0.04369173
0.03881703
0.04439358
0.04516207
0.04103934
0.05175738
0.04250462
0.04304526
0.04413055
0.04830585
0.04068981
0.03695640
0.04793534
0.03862888
0.04823599
0.04558143
0.04515933
0.03752708
0.05167194
0.04897659
0.03961927
0.04663528
0.03573575
0.04102589
0.04256166
0.04514625
0.04886052
0.03930432
0.04227089
0.03785376
0.04588025
0.04839944
0.04060775
0.03995201
0.03993870
0.04608188
0.03807873
0.03848848
0.03381330
0.04585733
0.04173028
0.04603043
0.03609574
0.03916278
0.04035985
0.04420606
0.04912700
0.04123638
0.03745666
0.04520362
0.04011082
0.04132968
0.05176229
0.04375845
0.03968406
0.05042190
0.05466707
0.05126880
0.04473785
0.03851773
0.04829616
0.03922768
0.04358482
0.03509447
0.04981124
0.04846826
0.04672783
0.04670272
0.04378133
0.04123063
0.03635514
0.04943670
0.04393824
0.04150775
0.04856065
0.04642224
0.05006940
0.04242639
0.04695449
0.04276981
0.03908531
0.04097799
0.03698681
0.04741413
0.04353969
0.04947501
0.04239512
0.03767264
0.03873054
0.03892215
0.03800516
0.03871437
0.04611874
0.05335971
0.04556932
0.04716242
0.03951129
0.04023056
0.03845553
0.03831002
0.04078751
0.04657049
0.07058789
0.04541262
0.04056646
0.04272241
0.04830611
0.06899359
0.05483774
0.04361982
0.04198326
0.05331776
0.04508895
0.04609969
0.04136763
0.04014819
0.03988129
0.06082382
0.04611960
0.04619729
0.04147136
0.04229669
0.03592148
0.05426462
0.04660253
0.05173586
0.04356116
0.04232379
0.04297697
0.04621260
0.05001649
0.04029267
0.04145594
0.03990309
0.03616015
0.05530941
0.04215347
0.03680857
0.04594883
0.03923769
0.03791778
0.04842767
0.04933129
0.04026076
0.03726393
0.03660336
0.03830638
0.04686692
0.03874265
0.04699149
0.04891966
0.04131328
0.04219332
0.03943888
0.05242764
0.04776451
0.04024400
0.04108626
0.04673090
0.04173143
0.04065877
0.04228795
0.04631651
0.03972398
0.04071294
0.04797550
0.05085052
0.04861178
0.04531403
0.04066021
0.04779274
0.04832378
0.05293564
0.03669662
0.04159508
0.04652667
0.04180495
0.04758630
0.04779881
0.04429221
0.04326471
0.04392371
0.04040053
0.04134044
0.04567704
0.04972330
0.04113955
0.04591033
0.04244958
0.04359496
0.03519592
0.04211265
0.04437796
0.05307268
0.04511961
0.06559879
0.03947256
0.04339958
0.03661785
0.04162280
0.04650887
0.04218124
0.04301561
0.04779342
0.04756793
0.04708656
0.03981125
0.04570784
0.03812996
0.04420065
0.04013327
0.05638009
0.04214381
0.04713280
0.04881651
0.04542630
0.04484109
0.04043297
0.04011533
0.04334599
0.03798180
0.04121965
0.03710571
0.04508413
0.05118935
0.03835754
0.04641766
0.04032386
0.03972514
0.04960353
0.04834483
0.04273339
0.04231766
0.04965106
0.03990611
0.03996873
0.04844762
0.03982512
0.04082457
0.04418369
0.03539788
0.04828582
0.03968643
0.04624953
0.03895770
0.05010834
0.03748380
0.04173360
0.04419351
0.04810151
0.03953849
0.04476074
0.04678197
0.03738283
0.04234639
0.04905463
0.04265558
0.03614117
0.03757892
0.03905658
0.05231201
0.05445706
0.04066497
0.04143873
0.04619206
0.04457443
0.04508220
0.04342421
0.04861966
0.04336642
0.04096537
0.03941632
0.03577682
0.04336333
0.03860519
0.04224104
0.04209456
0.03603180
0.04155338
0.04147436
0.03885621
0.04190717
0.04110701
0.05113142
0.03866706
0.03765921
0.03919685
0.03818454
0.04325897
0.04173826
0.04840462
0.03804435
0.04944018
0.04212389
0.04297000
0.04502693
0.04415155
0.04750664
0.04092855
0.04553291
0.06646108
0.04327524
0.04065276
0.05836359
0.04310021
0.05022962
0.04333119
0.04367802
0.04668621
0.04850719
0.04014573
0.04234103
0.05149759
0.04703524
0.04133226
0.05223502
0.03431206
0.03487176
0.03811841
0.04103212
0.04602481
0.05097842
0.04509213
0.04361640
0.03827949
0.03798011
0.03792849
0.04316037
0.03538409
0.04245940
0.04620910
0.04701344
0.04216786
0.04409425
0.03768936
0.03820140
0.04427583
0.04919256
0.03884252
0.03866344