0.11660405
0.12443210
0.09579135
0.14753323
0.13716927
0.10079045
0.09895279
0.08989284
0.09640328
0.12546045
0.10849944
0.10151184
0.12322923
0.10924482
0.12563811
0.10225340
0.10284447
0.11790224
0.09887579
0.11628483
0.11421870
0.10511808
0.10254389
0.13158727
0.12328885
0.14777340
0.11452718
0.10962372
0.11645024
0.12664199
0.12585041
0.09362540
0.10325013
0.11389605
0.11861760
0.10997146
0.12741727
0.11912775
0.10202544
0.09985824
0.10481203
0.10169112
0.12500203
0.09212097
0.10741903
0.11234478
0.13235991
0.12299673
0.09621646
0.15298596
0.10153144
0.12335258
0.10818489
0.10559878
0.09925779
0.10774429
0.09400492
0.12118397
0.11692672
0.09785759
0.10121160
0.10135226
0.10982881
0.10964578
0.10271967
0.09300195
0.10237785
0.11952040
0.11964300
0.09869662
0.09899226
0.12061071
0.09976154
0.09189038
0.11116825
0.11418702
0.15962533
0.10270708
0.10206659
0.10304172
0.09736285
0.13108489
0.10396129
0.10593640
0.14056521
0.11868905
0.10563945
0.12218589
0.09738633
0.12629812
0.10204647
0.10431724
0.09413584
0.11851311
0.11637649
0.13404351
0.10154317
0.11675486
0.12514684
0.09471936
0.11547971
0.10943629
0.11757645
0.11951676
0.10106247
0.11118833
0.10668778
0.11022492
0.10772824
0.11691709
0.15488977
0.11086803
0.09511188
0.10591609
0.13391757
0.09559716
0.10368575
0.14812424
0.11545443
0.10878341
0.11631586
0.13579982
0.09728013
0.11190066
0.13290921
0.11628378
0.10120710
0.12366194
0.11722452
0.13536379
0.10614595
0.15019059
0.11380122
0.09703207
0.09391724
0.11682014
0.11740486
0.10729326
0.10743180
0.11826233
0.12424316
0.09961205
0.11963405
0.09589433
0.10139534
0.12802070
0.09978282
0.09960281
0.10465143
0.09638490
0.10657827
0.11454400
0.11038602
0.11275050
0.10161358
0.11068715
0.10733258
0.12238596
0.09874074
0.17634640
0.09824167
0.10393630
0.10280843
0.08976704
0.12876639
0.12355119
0.11910231
0.09640198
0.09615490
0.10413509
0.11833480
0.10580938
0.10433098
0.09272989
0.11279241
0.14416353
0.10443262
0.11046562
0.11476270
0.10558945
0.11882941
0.18707425
0.10303054
0.11363310
0.11795786
0.10983426
0.10277369
0.11711210
0.12444746
0.10789139
0.11022996
0.10960068
0.12416470
0.09434306
0.09247977
0.10186011
0.11216300
0.10605717
0.10577520
0.11641169
0.09946349
0.10316802
0.12295399
0.10206424
0.13027200
0.10941035
0.11007665
0.10720828
0.09697183
0.10884932
0.11272731
0.10750962
0.10147306
0.11839491
0.10878644
0.11160858
0.12627029
0.09062005
0.09354442
0.10055433
0.10369576
0.10021663
0.09899431
0.09980315
0.09568053
0.10889276
0.11393621
0.09247342
0.10230790
0.13165304
0.11344079
0.10350979
0.10212555
0.10469087
0.15282418
0.09871584
0.11493963
0.11609850
0.11281331
0.09580976
0.14412321
0.10328296
0.10946113
0.12051253
0.10846113
0.12734564
0.11097581
0.13634995
0.15188578
0.10630492
0.08264680
0.10322856
0.09425079
0.09346033
0.10633879
0.10709664
0.11172150
0.15116337
0.14868938
0.13407018
0.11078218
0.09290910
0.17460365
0.14984257
0.10540392
0.10075632
0.11881627
0.12521594
0.10961291
0.10863640
0.10690011
0.09569696
0.09360288
0.10755629
0.09829301
0.10063262
0.15457246
0.12526547
0.10440331
0.10607424
0.10031351
0.11392836
0.10141436
0.12619316
0.10221447
0.12183170
0.09457812
0.09360516
0.10708311
0.11664890
0.10297956
0.10042898
0.11422473
0.12151416
0.11868252
0.10220700
0.11980552
0.11411267
0.10804077
0.10158027
0.09275037
0.11338371
0.13432812
0.09311504
0.09379098
0.10073172
0.10384353
0.12801508
0.11410099
0.10771953
0.10704096
0.09807756
0.11995689
0.09967760
0.08472238
0.11031251
0.10240825
0.12867519
0.11699339
0.12516186
0.10379582
0.11489950
0.11541746
0.09227966
0.11322288
0.09388269
0.09712638
0.10307718
0.10581651
0.10040478
0.14156975
0.11147927
0.09788826
0.09752937
0.10092267
0.09475391
0.11033983
0.09392743
0.12156623
0.11058566
0.10695805
0.08866121
0.10339415
0.12727244
0.10709091
0.09533972
0.10044194
0.11037113
0.11085753
0.24562882
0.10315153
0.10759416
0.10933646
0.11090034
0.13645841
0.17786828
0.10431890
0.13562085
0.10799772
0.10348275
0.09966880
0.10879037
0.12010904
0.10920433
0.09067823
0.10181307
0.12324034
0.11068237
0.09655682
0.11479510
0.10030580
0.09780344
0.12216079
0.09978596
0.09347004
0.08990721
0.10579708
0.10967850
0.11821372
0.11538034
0.13064794
0.11538406
0.11495131
0.09079282
0.13297021
0.12441349
0.10811047
0.11375878
0.11557398
0.09953207
0.10928068
0.09964471
0.10530283
0.12262986
0.18187182
0.11669546
0.11183037
0.10011730
0.11265230
0.10191788
0.17007715
0.10764155
0.13325524
0.10778796
0.09753731
0.13093614
0.12311344
0.10432726
0.15915097
0.09302035
0.10144654
0.10550281
0.09898385
0.13650680
0.11682562
0.10113870
0.10458946
0.10121217
0.10019088
0.12332436
0.11120591
0.12682167
0.10372537
0.11521526
0.11774401
0.12244591
0.09953928
0.11127845
0.10023675
0.10815330
0.09496208
0.12436288
0.09995789
0.09654976
0.11031014
0.13697784
0.09785216
0.10903176
0.10429857
0.09874959
0.10413024
0.13290756
0.11039861
0.13892648
0.10553904
0.12449423
0.09583134
0.11000557
0.16311916
0.15322288
0.10260555
0.10332987
0.11095865
0.09778981
0.13122162
0.10581114
0.10144385
0.08507285
0.12278179
0.13773507
0.12334261
0.11174931
0.11487957
0.11446533
0.10320266
0.10690098
0.16548672
0.12457631
0.10366596
0.11878411
0.11624677
0.12330619
0.11651489
0.13921386
0.11694015
0.11884427
0.11772263
0.09106922
0.10812719
0.09878186
0.10511478
0.10399611
0.10031144
0.10794661
0.17378629
0.11659497
0.09157113
0.13178924
0.11672932
0.10374721
0.10440837
0.12256448
0.11417397
0.10942138
0.10214846
0.10221228
0.09076782
0.09677165
0.13293728
0.12511225