0.03161483
0.02948818
0.03926963
0.03390832
0.03171649
0.03526809
0.03358239
0.03187222
0.03521478
0.03583600
0.02964795
0.03178672
0.03176947
0.03840115
0.03481687
0.03357029
0.03282837
0.03388725
0.03500159
0.03298849
0.03058124
0.03318343
0.03160356
0.02943664
0.03219765
0.03007285
0.03123048
0.03352040
0.02984095
0.03389140
0.03337527
0.02865361
0.03342956
0.03235309
0.03188065
0.03568164
0.03131636
0.03586995
0.02875370
0.03340039
0.03091317
0.03057440
0.03242272
0.03243448
0.03302367
0.03220553
0.03173337
0.03358545
0.03197642
0.03597221
0.02690915
0.03143180
0.03074112
0.02943466
0.04227582
0.03070934
0.03278044
0.02977056
0.02905229
0.03080343
0.03505214
0.03401420
0.02755467
0.03549621
0.03433846
0.03282669
0.03336493
0.03794899
0.03381758
0.03286610
0.03608745
0.03376684
0.03410143
0.03264749
0.03076607
0.02972808
0.03228045
0.03641567
0.03086656
0.03102430
0.02979136
0.03310859
0.03129584
0.03602573
0.02755239
0.03207532
0.03195377
0.03440546
0.03116421
0.02953979
0.03127633
0.03439681
0.03381926
0.03376778
0.03508512
0.02860167
0.02951656
0.03599734
0.02811871
0.03115845
0.03278897
0.03350158
0.03384516
0.02933456
0.03246914
0.04526893
0.02848268
0.03014845
0.02892338
0.03447556
0.02841574
0.03405132
0.03070638
0.03284065
0.03408216
0.02731420
0.03462303
0.03803882
0.03632894
0.03383777
0.03354523
0.03593935
0.03398792
0.03240013
0.03200913
0.03198557
0.02799669
0.03441649
0.03066121
0.03785733
0.03322709
0.03750992
0.02813062
0.03272339
0.03572157
0.03517077
0.02941969
0.02955255
0.02988142
0.03647953
0.03083141
0.03646209
0.03234917
0.03056247
0.03308548
0.03000958
0.02949080
0.02750427
0.03879136
0.03274506
0.03627125
0.02928305
0.03797727
0.02803455
0.03334387
0.03017634
0.03314654
0.03328000
0.03893661
0.03950336
0.02825850
0.03197043
0.03123782
0.03213792
0.03063923
0.03067436
0.03086519
0.02876397
0.03157074
0.03454199
0.03224249
0.02886936
0.03018777
0.03128741
0.03625845
0.03245788
0.03810312
0.04013442
0.04133360
0.02929662
0.03140906
0.03045049
0.03683764
0.03188856
0.03095181
0.03743177
0.03239092
0.02892375
0.03551014
0.02912179
0.02974933
0.03731197
0.03244631
0.03211036
0.03074243
0.03090478
0.03681133
0.03141989
0.03284967
0.03679716
0.03233141
0.03478274
0.03269752
0.02812275
0.03344126
0.03261034
0.03087459
0.03244870
0.03361083
0.02912599
0.03610034
0.03564765
0.02914020
0.03305033
0.04034686
0.03518155
0.03393940
0.03252970
0.03514337
0.03206026
0.03728065
0.03293914
0.03366237
0.02941462
0.03262096
0.04016635
0.03469829
0.03231826
0.02944791
0.03291503
0.03038052
0.03721870
0.03124999
0.03559457
0.02967135
0.02949527
0.03609310
0.03286125
0.03453830
0.02944904
0.04277028
0.03709354
0.03392887
0.03256361
0.03032807
0.03540985
0.02870537
0.03122352
0.02978530
0.03604446
0.02817818
0.03637584
0.02931714
0.03432728
0.03445604
0.02961696
0.03543010
0.03309616
0.03203170
0.03000637
0.03429694
0.03495609
0.03101799
0.03807588
0.02920662
0.03844321
0.03611636
0.03891773
0.03326248
0.03161780
0.03783432
0.02990905
0.03447190
0.02997404
0.03587278
0.03138570
0.03911104
0.03072633
0.03144975
0.03130371
0.03061112
0.02881954
0.03232750
0.03573532
0.03916406
0.03678233
0.03375304
0.02974215
0.02823793
0.03021055
0.02851502
0.03401846
0.03005339
0.03470691
0.03510206
0.03600998
0.03493345
0.03608910
0.03364068
0.03469420
0.03673648
0.02893231
0.03097394
0.03212484
0.02953026
0.03130795
0.03015498
0.04499495
0.02879398
0.03673049
0.03044980
0.03023113
0.03328005
0.03097520
0.03138307
0.03640045
0.03139091
0.02712813
0.03645525
0.03331229
0.03050402
0.03806154
0.02925163
0.02977955
0.03391350
0.03279736
0.03148199
0.03119558
0.02996807
0.03560431
0.03256871
0.02944814
0.03172778
0.03109596
0.03572839
0.03864176
0.03685835
0.02968556
0.03082941
0.03201006
0.02822778
0.03154095
0.03035533
0.02984779
0.03057548
0.03951716
0.03774872
0.03243457
0.02856101
0.03311013
0.02956734
0.03473515
0.03095861
0.03347728
0.03631642
0.03015699
0.03139369
0.03194371
0.03291007
0.03074925
0.03399561
0.03369639
0.02937230
0.03005026
0.03459600
0.03000304
0.03844986
0.03209267
0.03821699
0.02915875
0.02913914
0.03188392
0.03251234
0.03265947
0.02843604
0.03229642
0.02916574
0.03284661
0.03624563
0.03579408
0.03685166
0.03079057
0.03329487
0.02951062
0.02950033
0.03071636
0.02630038
0.03409757
0.02859706
0.03736216
0.03138651
0.02981853
0.03043072
0.03139824
0.03119200
0.03478826
0.03346272
0.03231681
0.03465739
0.03152815
0.03057143
0.02858791
0.03303843
0.03028134
0.03259412
0.03116740
0.03091257
0.02942710
0.03389671
0.03009245
0.02778807
0.02932178
0.03229395
0.02896880
0.02758601
0.03192528
0.03059369
0.03580555
0.02822641
0.03086657
0.03414128
0.03434431
0.03814969
0.02786243
0.03397562
0.03518111
0.02976319
0.03481994
0.03031237
0.02940300
0.03131801
0.03834760
0.03525207
0.03126337
0.02930346
0.03988223
0.03207814
0.03657813
0.03267197
0.03137786
0.03463784
0.03842013
0.03147507
0.03314910
0.03623318
0.04069718
0.03386107
0.03162557
0.03328344
0.03212595
0.02970916
0.03979293
0.03602687
0.03881391
0.02818585
0.03395464
0.03130951
0.03179897
0.03700596
0.02917718
0.03073985
0.03028624
0.03456498
0.03386447
0.02879949
0.03062799
0.03249466
0.03297204
0.03136065
0.03905603
0.03607270
0.02856250
0.03500027
0.03253224
0.03271714
0.03116299
0.02862282
0.03615949
0.04196658
0.04217233
0.04836396
0.03245352
0.03520570
0.03390539
0.03125457
0.03070825
0.04794995
0.03511470
0.03527082
0.03580756
0.03051447
0.03164988
0.03156570
0.03128024
0.03184467
0.03298443
0.03356207
0.03752069
0.03514055
0.03303477