0.02943625
0.03202150
0.02843946
0.02687167
0.02774312
0.03219757
0.02780890
0.02765807
0.03254503
0.03149795
0.03053440
0.02911419
0.03045166
0.03451485
0.02545988
0.02971342
0.03019596
0.02649896
0.02998452
0.02862975
0.02730547
0.03010470
0.02862040
0.02474900
0.03390174
0.03086684
0.02968709
0.02844768
0.02736363
0.02919340
0.02620906
0.03066424
0.02754606
0.02807305
0.02870770
0.02671043
0.02633297
0.02624350
0.03354111
0.03273416
0.02718247
0.03155264
0.02621746
0.02925709
0.02618003
0.03309872
0.02652735
0.03163455
0.03175870
0.02591195
0.02718137
0.02937056
0.03031742
0.02866205
0.02843044
0.02848856
0.02695017
0.02962230
0.02873258
0.03169061
0.02681698
0.03283070
0.03392011
0.03018435
0.03045565
0.02952805
0.03087369
0.02954452
0.03320908
0.03063684
0.02869490
0.03012919
0.02978317
0.02628966
0.03233919
0.02533187
0.02782929
0.02971508
0.03077648
0.02718244
0.02950481
0.02911956
0.02964090
0.02799906
0.03118780
0.02748216
0.02978436
0.02675077
0.03321449
0.03018805
0.03109163
0.02912610
0.03257079
0.03007920
0.03453180
0.02681586
0.03371703
0.02669273
0.03032127
0.03121962
0.02902735
0.02857458
0.03169348
0.03068425
0.02760020
0.03266481
0.02906612
0.02729946
0.03092365
0.02881353
0.02907094
0.02961394
0.02737822
0.02900486
0.02897865
0.02611562
0.02611977
0.02879144
0.02947713
0.02838552
0.03157597
0.02848385
0.02943772
0.03120761
0.02683919
0.02757512
0.02950080
0.02881673
0.02878075
0.03422186
0.02937152
0.02839056
0.03077324
0.02856367
0.02588253
0.02805602
0.02672488
0.02949158
0.03009203
0.03077865
0.02838515
0.03020707
0.03276362
0.02831523
0.03014205
0.02936057
0.02759681
0.02821213
0.02606759
0.03175762
0.02998463
0.03054654
0.03084419
0.02972520
0.03018669
0.02820722
0.02934947
0.03216516
0.02718403
0.02909399
0.03095919
0.03194412
0.02980036
0.03147987
0.02575105
0.03218683
0.02906360
0.02764354
0.02750740
0.03212506
0.03000764
0.02623143
0.03159342
0.02809282
0.02447202
0.03044976
0.02673730
0.02994466
0.02873031
0.03206845
0.02796539
0.03102856
0.03497571
0.02778325
0.03091531
0.02964265
0.03003578
0.02660572
0.02988085
0.02823552
0.02723701
0.02752906
0.02891059
0.02743683
0.02604495
0.02835573
0.02829842
0.02621630
0.02512088
0.02706566
0.02994498
0.02875806
0.02968809
0.03038888
0.02749164
0.02882309
0.02668930
0.02985215
0.02736475
0.03072480
0.02642246
0.02737655
0.03174277
0.02588365
0.02858795
0.02992610
0.02921640
0.02747578
0.02769600
0.02542391
0.03066531
0.03155587
0.02858985
0.02930347
0.03007728
0.02738619
0.02906580
0.02951841
0.03039136
0.03246571
0.02984910
0.02881811
0.02846207
0.03196727
0.02961615
0.03431064
0.02973954
0.02919584
0.02723409
0.02849733
0.03028044
0.02787246
0.02957278
0.02897077
0.03013529
0.02608951
0.03248711
0.03167987
0.02983546
0.03109662
0.03272163
0.03156736
0.02606983
0.03029676
0.02960212
0.02926843
0.02763887
0.02783567
0.02895942
0.02941985
0.02894042
0.02662227
0.02944532
0.03106765
0.02776434
0.02593612
0.02824236
0.02596994
0.03367831
0.03033931
0.02996914
0.02845874
0.03121827
0.02829510
0.02679668
0.02680704
0.02762298
0.03146008
0.03100059
0.03283294
0.02895367
0.02480373
0.02973674
0.03391244
0.03070583
0.02769701
0.03410343
0.02823129
0.02922109
0.03219338
0.03051702
0.02635902
0.03212395
0.02904059
0.02894470
0.03204999
0.03069363
0.03180050
0.02979488
0.03097676
0.03418024
0.02829354
0.03177099
0.02971153
0.02925450
0.03409883
0.03085031
0.02733458
0.02795887
0.03287666
0.02558249
0.02657807
0.03104173
0.02848076
0.02563287
0.03165327
0.03490654
0.03248158
0.02963148
0.03094251
0.03133297
0.03168231
0.02815997
0.02972118
0.02964539
0.02679166
0.03146880
0.02615631
0.02727465
0.02754732
0.02490665
0.03173650
0.02904351
0.02769737
0.02791958
0.03076270
0.02949711
0.02981715
0.02934892
0.02663595
0.02716196
0.03056462
0.02800719
0.03069731
0.02604021
0.02881818
0.02792630
0.02922315
0.02486745
0.03238732
0.02898109
0.02822641
0.02901903
0.03314122
0.02869796
0.03267149
0.03053301
0.02841390
0.02808156
0.02753389
0.02744101
0.03283908
0.03157912
0.03055599
0.03121069
0.02975764
0.03000245
0.03162145
0.03146882
0.02613792
0.03030964
0.03354020
0.02829551
0.02741357
0.03030720
0.02871668
0.03231088
0.03089481
0.03073127
0.02612226
0.03379121
0.02840687
0.02699291
0.02559787
0.03016008
0.02738946
0.02831559
0.02627734
0.02793623
0.03044190
0.02809640
0.02700550
0.02557624
0.02528131
0.02928312
0.03056641
0.02720094
0.02896013
0.02446654
0.02704679
0.02907730
0.03001613
0.02732723
0.02913605
0.02852351
0.03031577
0.03129050
0.02958279
0.03055874
0.03268899
0.02823619
0.02558765
0.03156885
0.03789194
0.03021881
0.02802097
0.02900531
0.03063750
0.03324363
0.02784899
0.02953006
0.03300042
0.02643764
0.02678746
0.03023189
0.02773595
0.02842624
0.02872613
0.02609251
0.02625020
0.02747831
0.02806155
0.02747597
0.03223198
0.02651709
0.03355544
0.02918644
0.02965460
0.02740800
0.02889111
0.02829120
0.03143183
0.02788298
0.02801404
0.02488182
0.02721709
0.02747000
0.02764627
0.02833953
0.02784203
0.02668038
0.02918635
0.03366391
0.02930197
0.03261650
0.03126402
0.03022891
0.02971415
0.02653023
0.03065058
0.02884498
0.03033236
0.02762379
0.03117698
0.02995641
0.02829728
0.02858091
0.02677728
0.03265717
0.02882059
0.03235635
0.02827198
0.02649204
0.02945162
0.02864326
0.02830069
0.02767122
0.02765744
0.02797867
0.02656587
0.03001139
0.02894806
0.03343549
0.02953061
0.02852830
0.02910931
0.02858425
0.02835028
0.02938007
0.02830061
0.02918865
0.02785174
0.02982987
0.02762162
0.03245154
0.02513863
0.03372785
0.02845619
0.02855059
0.03107799