0.07039958
0.06903591
0.06942747
0.07074765
0.06939801
0.07085823
0.07158362
0.07753079
0.08137894
0.07317060
0.06657494
0.07336079
0.07888193
0.07182446
0.07086294
0.07676098
0.07134117
0.07124541
0.06850415
0.07695852
0.06947701
0.07049870
0.07505635
0.07681098
0.06716065
0.07418842
0.09110561
0.07393501
0.07595114
0.07162488
0.07461825
0.07250030
0.07292560
0.07288523
0.07165708
0.07365700
0.07238768
0.07038857
0.07800810
0.08091120
0.06579137
0.07256169
0.07226069
0.07106114
0.07793805
0.07461441
0.07343969
0.07964116
0.07876180
0.07760202
0.08074807
0.07409033
0.07900135
0.07029111
0.06816284
0.07869189
0.07014499
0.07348428
0.08011644
0.07788122
0.06867863
0.07256810
0.06767727
0.07041698
0.08157568
0.07075744
0.06848810
0.08184357
0.07051360
0.07206790
0.07063602
0.07462394
0.07305529
0.06979085
0.07193252
0.07123390
0.07359628
0.08153650
0.07500156
0.07630273
0.07764450
0.07895858
0.08464687
0.07375476
0.06951476
0.06852143
0.07212193
0.06739580
0.07551759
0.07423839
0.07516430
0.07656715
0.07764701
0.08264635
0.07915809
0.07984195
0.07160885
0.07238625
0.07743100
0.07425060
0.07059417
0.07033476
0.07842402
0.07411653
0.06623423
0.07728186
0.08027727
0.08002690
0.08073566
0.06966789
0.06893332
0.07134631
0.07195738
0.06915414
0.07499955
0.06883489
0.07337041
0.08189032
0.06975567
0.07673214
0.07566714
0.07590568
0.08107100
0.07201852
0.07046623
0.07541815
0.07265217
0.06793061
0.07873339
0.07230980
0.07130338
0.06920366
0.07341124
0.07422886
0.06625960
0.06849359
0.06723329
0.08335353
0.07520788
0.07828447
0.07285563
0.07641263
0.07544648
0.07733726
0.07347000
0.07285622
0.07200673
0.07294462
0.07754129
0.07322588
0.07584987
0.07490217
0.07331546
0.07300016
0.07273752
0.06868834
0.08183303
0.07337108
0.07197641
0.07175381
0.07602352
0.08031777
0.07580185
0.07337712
0.07500912
0.07773764
0.06927306
0.07163039
0.07122809
0.07211234
0.07149898
0.09288428
0.07881594
0.06894626
0.07295222
0.07604229
0.07080918
0.08559607
0.08158123
0.07415934
0.06726801
0.08448845
0.08251591
0.07427708
0.07620276
0.07555888
0.08381427
0.07745715
0.07257198
0.06918050
0.07511923
0.07475484
0.07775507
0.07118474
0.07521447
0.07230375
0.07405218
0.07050024
0.07789435
0.07455006
0.07093898
0.06229747
0.07597580
0.07893453
0.07193762
0.07455414
0.07073081
0.08070541
0.06821301
0.06915320
0.07265332
0.07489234
0.07646131
0.06707186
0.08171347
0.08438664
0.06723240
0.07073818
0.08000147
0.07368121
0.06997027
0.06856798
0.08195045
0.07497506
0.06845933
0.06737854
0.07252345
0.06862299
0.07426553
0.07157347
0.07820284
0.07384913
0.07681444
0.07508124
0.07276823
0.07142110
0.07428074
0.06929459
0.07848141
0.07203237
0.07387231
0.08894544
0.08212913
0.07567615
0.07150448
0.10859857
0.06948920
0.06957329
0.07576124
0.08038962
0.06838619
0.06889172
0.07652180
0.07758259
0.06966467
0.06994188
0.07938116
0.07463281
0.07046737
0.07648548
0.07169248
0.06960271
0.07180988
0.07630947
0.07591964
0.06701766
0.07744106
0.07177288
0.07234297
0.07224842
0.07786367
0.07311730
0.07466243
0.07451355
0.07269511
0.07386212
0.08374777
0.06898892
0.07901162
0.06849797
0.07272096
0.06717205
0.07671960
0.07656804
0.07684988
0.07727673
0.06924045
0.06826875
0.08394483
0.07294083
0.06488579
0.07049406
0.07247453
0.07109568
0.06912308
0.06841049
0.06737122
0.08335987
0.07401743
0.06849901
0.06762659
0.07723748
0.06807736
0.07495137
0.07588931
0.07964735
0.07173933
0.07714856
0.07377704
0.06786496
0.07172501
0.07161943
0.07674813
0.07477339
0.07523411
0.07060207
0.07521661
0.07479590
0.06810122
0.07265530
0.07910888
0.07888804
0.09412727
0.07007891
0.09051969
0.07782326
0.07392822
0.07190180
0.07010668
0.07371952
0.07514436
0.07272975
0.08067803
0.07168568
0.08672183
0.07339163
0.07014775
0.07180736
0.07397572
0.06845309
0.07210730
0.07001454
0.07028336
0.07709569
0.07588902
0.07492102
0.07069292
0.07949532
0.07434117
0.07478286
0.07628943
0.07975644
0.07611635
0.07579484
0.06801379
0.07137840
0.07242932
0.07715240
0.08261580
0.06750918
0.07453158
0.07059587
0.06899082
0.07443268
0.07790148
0.07204295
0.07493758
0.08352838
0.08023233
0.07072020
0.06734213
0.07424479
0.07516341
0.07302495
0.07399099
0.07403716
0.08088256
0.07363216
0.06763037
0.06841094
0.07518178
0.07287176
0.06838902
0.06982564
0.07212698
0.07430648
0.07109068
0.06974602
0.07065415
0.07160520
0.07107651
0.07020660
0.07404265
0.07617438
0.07744198
0.07943106
0.06893922
0.07647108
0.06914885
0.07193190
0.07281535
0.07750220
0.06737458
0.06823064
0.08065773
0.07186877
0.07475900
0.07199747
0.06889094
0.06974594
0.07071121
0.07525334
0.07433370
0.07244714
0.07615574
0.07401241
0.07142005
0.07868657
0.06774352
0.07360870
0.07099131
0.07021865
0.07524686
0.07060672
0.06864993
0.07247220
0.06718481
0.09136341
0.08458602
0.07425320
0.06887449
0.06922327
0.07064601
0.06981420
0.06744742
0.08883994
0.07155341
0.07375234
0.06841963
0.07778138
0.07632577
0.06966305
0.07413412
0.07899877
0.06979863
0.06786700
0.07357885
0.07947728
0.06876133
0.07467849
0.06759524
0.07028765
0.06641491
0.07339213
0.07669184
0.07170338
0.07039996
0.07061341
0.07495516
0.07237201
0.07503893
0.07061254
0.07543701
0.07639789
0.07981743
0.07596987
0.06920846
0.07316402
0.06783714
0.07196436
0.07012036
0.08755413
0.06736095
0.07372975
0.06870270
0.06901995
0.07100626
0.07070214
0.07472318
0.07095396
0.07594475
0.07437238
0.07745425
0.07551302
0.07574569
0.08067083
0.07284015
0.08004657
0.06894392
0.06921223
0.07376044
0.07242783
0.07605794
0.07016941
0.07361776
0.07061012
0.07429266
0.07422223
0.07788157
0.07006639