0.05680968
0.06478441
0.06039625
0.05436838
0.04929386
0.05216763
0.05844051
0.04834522
0.05244602
0.05397869
0.05416892
0.06058023
0.05653935
0.05560060
0.05241435
0.05271134
0.05329394
0.06845789
0.06616731
0.06266553
0.04981675
0.05394264
0.05594909
0.06174641
0.05616429
0.04906005
0.04705433
0.05710043
0.05714944
0.06004973
0.05440329
0.06693418
0.05613943
0.05606974
0.05981797
0.06452997
0.04850640
0.07337841
0.05090176
0.05444160
0.05050539
0.05383885
0.05602352
0.05719732
0.08537119
0.05835125
0.05323686
0.05107860
0.05115301
0.05337411
0.05386183
0.04779452
0.07765626
0.04910881
0.05185151
0.05465047
0.04624512
0.05705785
0.05354413
0.05074314
0.05505323
0.05605031
0.06280156
0.05246555
0.05602507
0.06291311
0.06020864
0.05930635
0.05160258
0.05068170
0.05389823
0.05618754
0.06240814
0.05842435
0.06209094
0.05232781
0.05706846
0.05965638
0.05617712
0.05816177
0.05643531
0.05359594
0.05429088
0.05237626
0.05460786
0.05075724
0.05299147
0.05468480
0.05187996
0.06358691
0.05502418
0.05497676
0.05573576
0.07408748
0.05477827
0.05007032
0.05622766
0.04948105
0.05246830
0.05214231
0.05886109
0.04649030
0.05835101
0.04981280
0.05224282
0.05416374
0.05478067
0.05245959
0.05811461
0.06739834
0.05840769
0.05091204
0.06857515
0.05166831
0.05323896
0.04920643
0.05675121
0.07487059
0.05555079
0.05921186
0.05454107
0.05593711
0.05739361
0.06657592
0.05136805
0.05574953
0.05615179
0.05603221
0.05000795
0.05705741
0.05535466
0.05290021
0.05489798
0.05288587
0.06452873
0.05447581
0.05742185
0.05297829
0.05033723
0.05298144
0.05151909
0.05842637
0.06101208
0.05580841
0.05782930
0.05071986
0.05629600
0.05123277
0.05638733
0.05931415
0.04643551
0.06699814
0.06060084
0.05636776
0.05975362
0.05279508
0.05033495
0.05662181
0.05365232
0.06093637
0.06075958
0.05274068
0.04846009
0.06218636
0.04632195
0.05637271
0.05791574
0.05802113
0.05204817
0.06043305
0.05695986
0.05708241
0.05191926
0.07284934
0.05958926
0.05398169
0.05836334
0.05510603
0.06457762
0.07114820
0.06367092
0.04993789
0.10215479
0.06551734
0.05715929
0.05427592
0.05476054
0.05841964
0.04603440
0.05704917
0.04864516
0.04898531
0.05618679
0.04897757
0.05289729
0.06169154
0.05137496
0.05031554
0.05360324
0.05866065
0.05516300
0.05005459
0.05238441
0.05224778
0.07701803
0.05171719
0.05613053
0.05815788
0.05292094
0.04960443
0.05250395
0.06857138
0.06447198
0.05230906
0.05785919
0.06463545
0.06504075
0.06465387
0.05355730
0.05852371
0.06621569
0.05459680
0.05064773
0.05666287
0.06972078
0.06520302
0.07082804
0.05476790
0.05544810
0.05887172
0.05151166
0.07222138
0.05396381
0.05199314
0.05906610
0.05557982
0.07073027
0.04878862
0.05989899
0.05203417
0.05882495
0.05675425
0.05564336
0.05282609
0.05547157
0.05250002
0.05457211
0.05066528
0.05170872
0.05048698
0.04817574
0.06699406
0.07319776
0.05200150
0.05614732
0.06085037
0.05847485
0.05376670
0.05573471
0.05058004
0.05407901
0.05468218
0.05439866
0.05249065
0.05511563
0.05702884
0.05796619
0.05391152
0.06662089
0.06061761
0.06171347
0.05056279
0.06503082
0.04980391
0.05460748
0.06660064
0.05499875
0.05862899
0.04967117
0.06131695
0.05215244
0.05745436
0.05649421
0.05931554
0.04810399
0.05504486
0.05739164
0.06878477
0.05695521
0.06275881
0.05751011
0.04942909
0.05669481
0.05049633
0.05327933
0.05993111
0.05624199
0.06362154
0.05388176
0.06360910
0.04831375
0.05790399
0.05777717
0.05080684
0.05456252
0.07276703
0.05049996
0.05366289
0.05131041
0.05244917
0.05705750
0.06457066
0.05784354
0.05333870
0.06105503
0.05675013
0.05797377
0.06415262
0.05533092
0.05007273
0.06295107
0.06056972
0.05406384
0.06147948
0.05854050
0.05914402
0.05109726
0.05253426
0.04845559
0.05978002
0.05619321
0.05315573
0.05494488
0.05569343
0.05006406
0.06124679
0.05515093
0.05812663
0.06146165
0.05403235
0.05324593
0.04917595
0.05143941
0.05666270
0.05271209
0.04949331
0.05189458
0.05912373
0.05260734
0.05856784
0.05282785
0.05913378
0.05740690
0.05366898
0.05951678
0.05269879
0.05539937
0.05078034
0.05592770
0.04848928
0.05219701
0.06414643
0.05398980
0.05776885
0.05293977
0.05511514
0.04666646
0.07375992
0.04846728
0.06402099
0.05603054
0.06714221
0.05944924
0.06463870
0.04725059
0.04674871
0.05227389
0.04874762
0.06290698
0.06920979
0.05425449
0.05190378
0.06460654
0.05780354
0.05901182
0.06868775
0.05259674
0.06799537
0.05668107
0.05589384
0.05323939
0.05608517
0.05586260
0.05030538
0.05401837
0.05967191
0.05994325
0.05654835
0.05374397
0.05600891
0.05837403
0.06455988
0.06155496
0.06145699
0.06490985
0.05484065
0.05960404
0.05116470
0.05478528
0.05242646
0.06646951
0.06231069
0.06963307
0.05511718
0.05468038
0.05315771
0.05581458
0.05051778
0.07818625
0.05313997
0.05507156
0.05799031
0.05257302
0.05709288
0.05438021
0.05485203
0.05441859
0.05779127
0.04829473
0.05711442
0.05567956
0.05368836
0.05186108
0.05103667
0.06403211
0.04954950
0.05773507
0.05228621
0.05478603
0.05252482
0.05507197
0.05700509
0.05571811
0.05797447
0.05234544
0.06667110
0.06474298
0.04893596
0.05369666
0.05039772
0.05679317
0.05064253
0.05780958
0.05750868
0.05179751
0.07917248
0.05279708
0.05464281
0.05299737
0.07539953
0.05809460
0.05594482
0.04923006
0.05105872
0.06185567
0.05276291
0.05646917
0.08749021
0.05349653
0.05560055
0.06746565
0.05629578
0.05707442
0.05540268
0.06348392
0.06030774
0.06195499
0.06335400
0.06018649
0.05487631
0.05109716
0.05552335
0.05426457
0.05150576
0.05952422
0.05592073
0.04998001
0.06045043
0.05554301
0.05101761
0.05159742
0.05653484
0.05019321
0.06435166
0.05649561
0.05539464
0.05332358
0.05451069
0.05258810
0.05667651