0.08270966
0.09011514
0.09466013
0.09291031
0.08760482
0.08803683
0.08660939
0.08842883
0.07975107
0.10127956
0.08418825
0.08877347
0.09165333
0.09089585
0.09008187
0.09261718
0.08758370
0.08573150
0.08456935
0.09161521
0.08570638
0.09290361
0.10210733
0.09349660
0.08874358
0.09023795
0.09395835
0.09143416
0.08169766
0.08232079
0.09062853
0.08643312
0.08707561
0.08984521
0.08385268
0.09154148
0.08439034
0.08384924
0.08065108
0.08325299
0.08421815
0.09535098
0.09002300
0.08373848
0.09027602
0.08633115
0.09745751
0.08232484
0.08898933
0.08881534
0.07601440
0.09154573
0.17170700
0.08207863
0.08656582
0.09166671
0.07845254
0.08152678
0.09075099
0.08221091
0.10299761
0.08533273
0.10713269
0.08163085
0.07620900
0.09429768
0.11033645
0.08788066
0.08497220
0.08387923
0.08778987
0.08224572
0.08885748
0.07441209
0.08556632
0.08026668
0.09152791
0.07818249
0.08664878
0.08123242
0.08925893
0.08841188
0.09403803
0.08049809
0.10577868
0.08647384
0.08028386
0.08818510
0.08636706
0.12117079
0.08600463
0.10080277
0.08387859
0.09563371
0.09147454
0.10187859
0.09262120
0.08955330
0.08633463
0.08259904
0.08006627
0.10886407
0.07876971
0.08883998
0.09543847
0.07820001
0.11853959
0.09025905
0.08164818
0.09301959
0.09218936
0.11548017
0.09313192
0.10329391
0.08564046
0.11064785
0.10121749
0.09344726
0.07452614
0.08687417
0.09036682
0.09360548
0.08101807
0.07918103
0.07784473
0.08637675
0.10767571
0.08597122
0.08974388
0.08899058
0.08328653
0.13517848
0.08180661
0.08142203
0.09485348
0.08586136
0.10341273
0.08414440
0.09221348
0.07976030
0.08761527
0.08095329
0.08714578
0.11362794
0.08624935
0.08780115
0.09324415
0.08518042
0.08829345
0.08470469
0.08286754
0.08528101
0.08699585
0.08638125
0.07774411
0.09081421
0.09118190
0.08345476
0.08710668
0.08441830
0.08377055
0.08081145
0.08414643
0.08765596
0.08712734
0.08759016
0.08535985
0.09109628
0.08633440
0.08824199
0.08628529
0.09583053
0.08986406
0.09088147
0.08540411
0.09479586
0.08421151
0.08299114
0.08195024
0.07741044
0.10844458
0.08208682
0.11517086
0.10616081
0.08876634
0.08423397
0.08145794
0.09208802
0.09051053
0.10968928
0.09039248
0.09637086
0.08751398
0.08304007
0.09161540
0.09578890
0.10511172
0.08282293
0.08494172
0.07919399
0.07744781
0.08961670
0.09003351
0.08104641
0.08304134
0.08793713
0.08108899
0.09182836
0.09356715
0.09237465
0.09055102
0.08923375
0.09634719
0.08138934
0.08723712
0.10611909
0.09838333
0.09326617
0.08933537
0.09517937
0.08187143
0.09244046
0.08756388
0.09602972
0.08065327
0.08692753
0.08676581
0.07876411
0.08132577
0.08044356
0.07967144
0.09477203
0.08040819
0.07886295
0.08454665
0.08201290
0.09679805
0.07905201
0.08184613
0.08263945
0.08804158
0.09018545
0.09270689
0.09009506
0.09752596
0.09066202
0.08445563
0.08531441
0.08824670
0.09570821
0.09305367
0.08074252
0.09001446
0.08851638
0.08465207
0.08792042
0.08939592
0.08421192
0.08233078
0.08579229
0.09483708
0.08854367
0.08617788
0.09308230
0.09232943
0.08176202
0.08605719
0.08357461
0.08580900
0.09835104
0.08419552
0.07435447
0.11605032
0.08755333
0.08754946
0.09634908
0.08873405
0.09676777
0.08374072
0.09589335
0.08299322
0.08257043
0.08355298
0.09571402
0.08008867
0.08491799
0.08844629
0.08532487
0.08684311
0.09566738
0.09085831
0.08577870
0.08468741
0.08950309
0.10504497
0.08663558
0.09105536
0.08618558
0.10052781
0.10085708
0.08486640
0.07735865
0.09362942
0.07756676
0.07951399
0.10020492
0.09841912
0.10460301
0.08994385
0.10745291
0.09688641
0.08374168
0.09242971
0.08296143
0.09108661
0.08674545
0.08191917
0.09522444
0.09289698
0.08418099
0.09829919
0.08105977
0.09749814
0.08916451
0.07852790
0.10101544
0.08457857
0.10464442
0.10301853
0.08354457
0.08845379
0.08734774
0.10178478
0.09553064
0.09392410
0.08036481
0.08568428
0.09209640
0.10423794
0.09201289
0.08341441
0.07849321
0.10742887
0.08258002
0.08459339
0.09486541
0.08448650
0.08493608
0.08941106
0.09375971
0.09200359
0.08748371
0.08157176
0.08592067
0.09855319
0.08499826
0.08227931
0.09022153
0.09026228
0.08942333
0.08290266
0.09062532
0.07456601
0.08735613
0.07912328
0.08976348
0.07908161
0.08896585
0.08766493
0.08296402
0.08947322
0.08082490
0.09245178
0.08499930
0.08002359
0.07728360
0.08549938
0.10780219
0.08832800
0.11158894
0.09013120
0.09239188
0.07982337
0.09216756
0.08593650
0.08510468
0.08354928
0.09007825
0.08329302
0.09992567
0.09485109
0.08199640
0.08972162
0.08707188
0.13842330
0.08498786
0.07819557
0.09262864
0.08474298
0.11082037
0.09628822
0.11546138
0.09322611
0.09270083
0.08394550
0.08219491
0.10438533
0.10428353
0.08925710
0.07463527
0.07907513
0.08323470
0.08749861
0.08519372
0.07960439
0.15273606
0.08990133
0.07894862
0.08576561
0.08102182
0.09019831
0.08671911
0.07713683
0.10756792
0.08577540
0.07720625
0.08938569
0.08888096
0.09143461
0.08409367
0.09460379
0.08199637
0.08780058
0.09250653
0.09042643
0.08884088
0.08748105
0.07751318
0.07880664
0.08610458
0.11183356
0.09109942
0.08750804
0.08238955
0.08405689
0.08404063
0.09554524
0.09556631
0.08348248
0.08899992
0.08105690
0.07813496
0.08468096
0.08636171
0.14071143
0.08863078
0.08899638
0.08055266
0.10224829
0.07504114
0.09056400
0.10575541
0.09106428
0.10281000
0.08082712
0.07934887
0.08755077
0.08003508
0.09086027
0.09285562
0.09557428
0.10243361
0.09497122
0.08311361
0.09517359
0.07917597
0.10851682
0.08285177
0.08075028
0.09321499
0.08181299
0.09870307
0.08586311
0.08997419
0.08939684
0.09057319
0.08202656
0.08942343
0.08499654
0.09654319
0.08176643
0.08682731
0.08660972
0.08992124
0.08732833
0.09037020
0.08627115
0.09781470
0.08501840
0.11314441