0.02617190
0.03094398
0.02803483
0.02895931
0.02845936
0.02602445
0.02850982
0.02990985
0.02636081
0.03065164
0.03099933
0.02888164
0.02948227
0.02639861
0.02852745
0.02958076
0.02763656
0.02880369
0.02430939
0.03033817
0.03023148
0.02784636
0.03039024
0.03152596
0.03054509
0.02831890
0.02527457
0.02324733
0.02894794
0.02570385
0.02796127
0.03247026
0.02974771
0.02823952
0.02995497
0.02388241
0.02562730
0.02731631
0.03018822
0.02474256
0.02684879
0.02690689
0.02573309
0.03018227
0.02610833
0.02837105
0.02600815
0.02832791
0.02428541
0.02555013
0.02599014
0.02492082
0.02624665
0.02801871
0.02720449
0.02504767
0.02553028
0.02420425
0.03152155
0.03118772
0.03539334
0.02589569
0.02446079
0.03099135
0.02350985
0.02977040
0.02394401
0.03396511
0.02628228
0.02983539
0.02509059
0.03265466
0.03048524
0.02701703
0.03018212
0.02588443
0.02473882
0.02371754
0.02773758
0.02686252
0.02721783
0.02516853
0.03193547
0.02688454
0.03133218
0.02528020
0.02768736
0.02983094
0.02705462
0.02639222
0.02587614
0.02652899
0.02386800
0.03074517
0.02320159
0.02489628
0.02727875
0.02426086
0.03041533
0.02617562
0.02850890
0.02829259
0.02757158
0.02647071
0.03425725
0.02596560
0.02813091
0.02541224
0.02792635
0.02973306
0.02572183
0.02598445
0.02429686
0.02856174
0.02982931
0.02688085
0.02700396
0.02777559
0.02511631
0.02658097
0.02493732
0.02371696
0.03117866
0.02724099
0.02394024
0.03192771
0.02869144
0.02834423
0.02501638
0.02601515
0.02399353
0.02837192
0.02704634
0.02502429
0.02829911
0.02644931
0.02745026
0.02662586
0.02951592
0.02597961
0.03227865
0.02742245
0.02538946
0.02397484
0.02618511
0.02542556
0.02739548
0.02917482
0.02467232
0.02751542
0.02498996
0.02423421
0.03011242
0.02576560
0.02510374
0.03097251
0.02803021
0.02946697
0.02567199
0.02963683
0.02846648
0.02935090
0.02956236
0.02484972
0.02842036
0.02699050
0.02500586
0.02838933
0.03065037
0.03344962
0.03326490
0.02787190
0.02294463
0.02616759
0.02795656
0.02561693
0.02608406
0.02846291
0.02565192
0.02678612
0.03113363
0.02987414
0.02448557
0.02450509
0.02896489
0.02662710
0.02542005
0.02846927
0.02992234
0.02883465
0.02861651
0.02515775
0.02572595
0.02633892
0.02457564
0.02686113
0.02926917
0.02677136
0.02415390
0.02365968
0.02929465
0.02618946
0.03380508
0.02666287
0.02523489
0.03090275
0.03069291
0.02725559
0.03025381
0.02923518
0.02659265
0.02637867
0.02624887
0.02592354
0.02617186
0.03337612
0.02279869
0.02947831
0.02396406
0.02889993
0.02467726
0.03248299
0.02859217
0.02550819
0.03437289
0.02802609
0.02583374
0.02903274
0.02810090
0.02417961
0.02583568
0.02860687
0.02477024
0.02831424
0.02767990
0.02380784
0.02792282
0.02890750
0.02660485
0.02540723
0.02664694
0.02572132
0.02658008
0.02633926
0.02638367
0.02527449
0.02854605
0.02763905
0.02756351
0.02865581
0.02566736
0.02860966
0.03053610
0.02446020
0.02984559
0.03325011
0.02471237
0.02755686
0.02785217
0.02505415
0.02765774
0.03054912
0.02941011
0.02482540
0.02568723
0.02421228
0.03029162
0.03045958
0.02872238
0.02588877
0.02723404
0.02411117
0.03086169
0.02591521
0.02989424
0.02401147
0.02841639
0.02513730
0.02694993
0.02756846
0.02797299
0.02736535
0.02501139
0.02904692
0.02674302
0.02896217
0.03352632
0.03064033
0.02841032
0.03008983
0.02801845
0.02901808
0.02609977
0.02484545
0.02738001
0.02536204
0.02893674
0.02736293
0.02659090
0.02652270
0.02782200
0.02811283
0.02925492
0.03164924
0.02589984
0.03028435
0.02720827
0.02569449
0.02722678
0.02554760
0.02843058
0.02641452
0.02881003
0.02794412
0.02431244
0.03280295
0.02978467
0.02826456
0.02392420
0.02781323
0.02447770
0.03181149
0.03380233
0.03227875
0.03069504
0.02500319
0.03452416
0.02742251
0.02893379
0.02748151
0.02419385
0.02953429
0.02834906
0.02804680
0.02758164
0.03272546
0.03380074
0.02608654
0.02433033
0.02734112
0.02596501
0.02704599
0.02666362
0.02465767
0.03165818
0.02663013
0.02621865
0.02681018
0.02639916
0.02887952
0.02523397
0.02763818
0.02447517
0.02686396
0.03684901
0.02720663
0.02713693
0.03264004
0.03035453
0.03335922
0.02530576
0.02850693
0.02196862
0.02665649
0.02659801
0.02931255
0.02630940
0.02944892
0.02629270
0.02964178
0.02518563
0.02749179
0.02982891
0.03026875
0.02766021
0.02747757
0.02694330
0.03273310
0.02656214
0.02835873
0.03161422
0.02853248
0.03412678
0.02740586
0.02697312
0.02811138
0.02614864
0.02526963
0.02407935
0.02485208
0.03580336
0.02565079
0.02867541
0.03197412
0.02946786
0.03366408
0.02637830
0.02379360
0.02599119
0.03329839
0.02618099
0.02656152
0.02602443
0.02319297
0.02453502
0.02824493
0.02709402
0.02525617
0.03088049
0.02907201
0.02438610
0.02679343
0.02760085
0.02366837
0.03134401
0.02946308
0.03063440
0.02801971
0.03080992
0.03029602
0.02734997
0.02279991
0.02848609
0.02793275
0.02714957
0.02918309
0.02970248
0.02320315
0.03091357
0.02843506
0.02686783
0.02500490
0.02760686
0.03000718
0.02613499
0.03117585
0.02432974
0.02854123
0.02874335
0.02818243
0.02917909
0.02942832
0.02457831
0.02856873
0.02905118
0.02592033
0.02609002
0.02452601
0.02585182
0.02965594
0.02699394
0.03095625
0.02784397
0.02268599
0.02528143
0.03009892
0.02519576
0.03103566
0.02975597
0.02664547
0.03338314
0.02625334
0.03108936
0.02712730
0.02655095
0.02964112
0.02650170
0.02614433
0.03325419
0.02484620
0.03668773
0.02825369
0.02930257
0.02688574
0.02730992
0.02707915
0.03310578
0.02802150
0.02585688
0.02530936
0.02761648
0.02572941
0.03189996
0.02635716
0.02446196
0.02436496
0.02321213
0.02858919
0.02762077
0.02679533
0.02593314
0.02513202
0.02660997
0.02759553
0.02632010
0.02696785
0.02821134
0.02908889
0.02870622
0.02654936