0.02671433
0.03136778
0.02218144
0.03189150
0.02692196
0.02791047
0.02434542
0.02683206
0.02879075
0.02647765
0.02509352
0.02659434
0.02854123
0.02897138
0.02724178
0.02698437
0.02695974
0.02539031
0.02824918
0.03423832
0.02652173
0.02593765
0.02845172
0.02672660
0.03001748
0.02903764
0.02570164
0.02789321
0.02689775
0.03117423
0.02833594
0.02628110
0.02736109
0.02890383
0.02495870
0.02759890
0.02646993
0.02788298
0.02702783
0.02764828
0.02835725
0.02528548
0.02621969
0.02446082
0.02653698
0.02643796
0.02869122
0.02858444
0.02688752
0.03197041
0.02613606
0.02614345
0.02661892
0.03898426
0.02694087
0.02897535
0.02548105
0.02828552
0.03170810
0.02955513
0.02868819
0.02798899
0.02943949
0.02693097
0.03047731
0.02554755
0.02551427
0.02940320
0.02841056
0.02697516
0.02946873
0.03110747
0.02535477
0.02512937
0.02788138
0.02895400
0.03080794
0.02633394
0.02901560
0.03103778
0.02866135
0.02603264
0.02927549
0.02363746
0.02780475
0.03004526
0.02440379
0.03034962
0.02789168
0.03003916
0.02597871
0.02531151
0.02889252
0.02705651
0.02800191
0.02778711
0.02821144
0.02463781
0.02657341
0.02794934
0.02526775
0.03061331
0.02762493
0.02636076
0.02830314
0.02586228
0.02724645
0.02749287
0.02410794
0.02821817
0.03017002
0.02691752
0.02888510
0.02661074
0.02942760
0.02363731
0.02523024
0.03301983
0.02711517
0.03047988
0.02967639
0.03079499
0.02640756
0.02941797
0.02862228
0.03244178
0.02797596
0.02371611
0.02596006
0.02406417
0.02518714
0.02610033
0.02971006
0.02345751
0.03255579
0.03077978
0.03091388
0.02551037
0.02583221
0.02968709
0.02932877
0.02579034
0.02673866
0.02784276
0.02386889
0.02901522
0.02757953
0.03121922
0.02891232
0.02804812
0.02762424
0.02877146
0.02783612
0.02814009
0.02507763
0.02556198
0.02583648
0.02789083
0.02950784
0.02750166
0.02922586
0.02722560
0.02434241
0.03079562
0.02688237
0.02600059
0.03130703
0.02647987
0.02447544
0.02402202
0.02612056
0.02778747
0.02950549
0.02705098
0.02562174
0.02595579
0.02591746
0.02637309
0.03093890
0.02676585
0.02648755
0.02750557
0.02582496
0.02593611
0.03109580
0.02520980
0.02808950
0.02691935
0.02365667
0.02635054
0.02756180
0.03058084
0.02779473
0.02625479
0.02641376
0.02829785
0.02615688
0.03032594
0.02770413
0.02920134
0.02940774
0.02765234
0.02839948
0.02840163
0.02864131
0.02798081
0.02464967
0.03120806
0.02685499
0.02970945
0.02893304
0.03211886
0.02826242
0.02863869
0.03215890
0.03236966
0.02913566
0.03053558
0.02774848
0.02693681
0.02909449
0.02762444
0.02402016
0.02447197
0.02626041
0.02693907
0.02916786
0.02705818
0.02870401
0.02770317
0.02859852
0.03128554
0.03032647
0.02749400
0.02987028
0.02722470
0.02980983
0.02875960
0.02674666
0.02614465
0.02621824
0.02942783
0.02846195
0.02933032
0.03163182
0.02726398
0.02790967
0.02541536
0.02508135
0.02834297
0.02963339
0.02834973
0.02883750
0.02789887
0.02720855
0.02750722
0.02935438
0.02453673
0.02923695
0.03355298
0.02864766
0.03029217
0.02830840
0.02921523
0.02964573
0.02528894
0.02698899
0.02925317
0.02751956
0.02789603
0.03005157
0.03062219
0.02710610
0.02512411
0.03078036
0.02887310
0.02876962
0.02759810
0.02643412
0.02549479
0.02715599
0.02678969
0.02878760
0.03088795
0.02699473
0.02551454
0.02878151
0.02509717
0.02938089
0.02752248
0.02523732
0.02857350
0.02839621
0.02671023
0.02225240
0.02979556
0.02565370
0.02706368
0.02720604
0.03320734
0.03067040
0.02744796
0.02890649
0.03097727
0.02615323
0.02866962
0.02973353
0.02676303
0.02863006
0.02937815
0.02696950
0.03136780
0.03229313
0.02703480
0.02610511
0.02552109
0.02590412
0.02918950
0.02429771
0.02889191
0.02736060
0.03370564
0.02815176
0.03093809
0.02714619
0.02667129
0.02641664
0.03041341
0.03070384
0.02785248
0.03647690
0.02716967
0.02734845
0.02723733
0.02856279
0.02698235
0.02719307
0.02378738
0.02788152
0.02565334
0.02889975
0.02485004
0.03040736
0.02548394
0.02808791
0.02775122
0.02876777
0.02559833
0.03013867
0.02794163
0.02567207
0.03146404
0.02379504
0.02452010
0.02684995
0.02792572
0.02642753
0.02789041
0.02773873
0.02783148
0.03042969
0.02566804
0.02621405
0.02348773
0.02738475
0.02967744
0.02550306
0.02612110
0.03214827
0.02539974
0.02657272
0.03197484
0.02499009
0.02771609
0.02566156
0.02777248
0.02585696
0.02528399
0.02583455
0.02371296
0.02535011
0.02940794
0.03076660
0.02879826
0.02694227
0.03011862
0.02641268
0.02587247
0.02824489
0.02793054
0.02979388
0.02760153
0.02724931
0.02482338
0.02432647
0.02599980
0.02506834
0.02791400
0.02701915
0.02605035
0.02567221
0.03022932
0.02728195
0.02479983
0.02904855
0.02712889
0.02989310
0.02929057
0.02670282
0.02671323
0.03145173
0.02888293
0.02467971
0.02724594
0.02880888
0.02883932
0.02642105
0.02719110
0.02630423
0.02880256
0.02890288
0.02408188
0.03087692
0.02559972
0.02655938
0.02709421
0.02433705
0.03017183
0.02545038
0.02569279
0.02726235
0.03020262
0.03029468
0.02822386
0.02672050
0.02894572
0.02891517
0.02620551
0.02644416
0.02278648
0.02736668
0.02767585
0.02577471
0.02702090
0.02494620
0.03122739
0.02427972
0.02803591
0.03333242
0.03173126
0.02741683
0.02583171
0.02927045
0.02886789
0.02874420
0.02703087
0.02238539
0.02548502
0.02800809
0.03006739
0.03016194
0.02769664
0.02586812
0.02903934
0.02675907
0.02593302
0.03018424
0.02615416
0.02824038
0.03592585
0.02701198
0.02646922
0.02696237
0.02660528
0.02709471
0.02370243
0.02734212
0.02471925
0.02504705
0.02590742
0.02543537
0.02633070
0.02623183
0.02756970
0.02776336
0.02662916
0.02604314
0.03122480
0.02975274
0.03222558
0.02934373
0.02816673
0.02720503
0.02536507
0.02609693
0.02507710
0.02563523
0.02657434
0.02990684
0.02650921