0.03041914
0.02973658
0.02789811
0.03022818
0.02935975
0.02925450
0.03145919
0.02590149
0.03656900
0.03413825
0.02852132
0.02706242
0.03423185
0.03040300
0.02822591
0.03339147
0.02799233
0.03330246
0.03054190
0.02958297
0.03023500
0.02999880
0.02910672
0.02716163
0.02863271
0.02840003
0.03239991
0.02807579
0.02992067
0.02784406
0.02986359
0.03130370
0.03171888
0.03457349
0.02918432
0.03128235
0.02847211
0.03033512
0.03150869
0.02837352
0.02841966
0.03205078
0.02764022
0.03021457
0.02803344
0.03358239
0.03006536
0.02792440
0.02821256
0.02949824
0.03077662
0.03164647
0.02901913
0.03008785
0.03231005
0.02834236
0.03000965
0.03164198
0.02897105
0.02959511
0.02959615
0.03178467
0.02720064
0.03803916
0.02750240
0.02807827
0.03480995
0.02758353
0.03191382
0.03322619
0.02844934
0.02906218
0.02872029
0.02880367
0.02779825
0.03468427
0.02776841
0.03345561
0.02932788
0.03103412
0.03191110
0.03433862
0.03006975
0.04713179
0.03229405
0.03156928
0.03577823
0.02974670
0.02793911
0.02806377
0.03810578
0.03168124
0.03142003
0.02925442
0.02845294
0.02863654
0.02763635
0.02960528
0.02647917
0.03365636
0.02905978
0.02753324
0.02705594
0.03060933
0.02611762
0.02853633
0.03323239
0.03258882
0.03132798
0.02881352
0.03161499
0.02781158
0.03143055
0.02788771
0.02918806
0.02650941
0.02876141
0.02928094
0.02905913
0.02848474
0.03022463
0.03126846
0.03221212
0.02950137
0.03113570
0.04424611
0.03095464
0.02898297
0.03292522
0.02630987
0.03489383
0.02951892
0.02963575
0.03163790
0.03049159
0.03461866
0.02844967
0.03111055
0.03796180
0.02899257
0.03112367
0.03363168
0.03252675
0.03243348
0.02783874
0.02974161
0.02979679
0.02966244
0.02779446
0.02721883
0.03518328
0.02811098
0.02749684
0.02825295
0.02945909
0.02968208
0.03631195
0.03128007
0.02903706
0.02753994
0.02782836
0.03257990
0.02830365
0.03039245
0.02978712
0.02883290
0.03040586
0.03422153
0.03262783
0.02963341
0.03451308
0.04295901
0.02837449
0.03132349
0.03106284
0.03462249
0.03331685
0.02936359
0.02801577
0.02610027
0.02681394
0.02831362
0.02831349
0.02807963
0.02938400
0.03196672
0.02837447
0.02915657
0.03314582
0.03134517
0.02859935
0.03193149
0.03095608
0.03022778
0.02761887
0.03372295
0.03251152
0.02750325
0.03352923
0.02707526
0.02882122
0.02869136
0.02879454
0.03291292
0.03180905
0.02710462
0.03055060
0.03445293
0.02817182
0.02902556
0.02791747
0.03021706
0.03098683
0.03458147
0.03038451
0.03264818
0.02806301
0.03578138
0.03033173
0.03083823
0.02966890
0.03764092
0.02776227
0.02733084
0.02849554
0.03219472
0.02988800
0.02785805
0.03061957
0.02900178
0.02604947
0.03176844
0.02716390
0.03179926
0.02631756
0.03252513
0.03545372
0.03196957
0.02732558
0.03136434
0.02671285
0.02955952
0.02971578
0.02757523
0.02956485
0.03010969
0.02981412
0.02985831
0.02844043
0.03134647
0.03142418
0.03055527
0.02864134
0.02916411
0.02931059
0.03444196
0.03088000
0.02920893
0.03032661
0.02695311
0.03468805
0.02587881
0.03200904
0.02723434
0.02885286
0.03435909
0.02720748
0.03176863
0.02986019
0.02825456
0.03157182
0.03342221
0.03000849
0.02758323
0.03041954
0.02614456
0.03045146
0.03713382
0.02912470
0.03574020
0.02901467
0.03049563
0.02842718
0.02986177
0.03131916
0.02742750
0.02658132
0.04142064
0.03122471
0.02732396
0.02876613
0.02808575
0.03096679
0.02792670
0.02850722
0.03112201
0.02818520
0.03144290
0.02973858
0.03332188
0.03680637
0.03452220
0.03001292
0.02742943
0.03749733
0.03048950
0.03226649
0.03018114
0.02660143
0.03526769
0.03307773
0.04200475
0.03177238
0.02926336
0.02769322
0.03025797
0.03065047
0.02997531
0.03025633
0.03526532
0.03394625
0.02812656
0.02786480
0.02973738
0.02905784
0.03231474
0.02574346
0.02818087
0.02924930
0.03043827
0.02967193
0.03316652
0.03027518
0.03337845
0.03095366
0.02608556
0.02954944
0.03319013
0.03024012
0.03370863
0.02863351
0.03091313
0.03212797
0.03175494
0.03266051
0.02889182
0.03253381
0.02758998
0.02990932
0.02666504
0.02968789
0.03137878
0.03365094
0.03299671
0.02645690
0.02968733
0.02948474
0.03064569
0.03500289
0.03005860
0.03099363
0.02969225
0.03133458
0.02968887
0.03824115
0.02842650
0.03952831
0.02730542
0.03045905
0.03385145
0.04161963
0.03370104
0.02805953
0.02805863
0.03033490
0.02804162
0.03160321
0.03234286
0.03047504
0.02648832
0.02901833
0.02870591
0.02665659
0.03399152
0.03268541
0.03233917
0.02884352
0.02996688
0.02906238
0.02809746
0.03020764
0.03023688
0.03296544
0.02840264
0.02788303
0.03115436
0.03011075
0.02688787
0.02673899
0.02760122
0.03562507
0.02853541
0.02912052
0.03376267
0.03292241
0.02728042
0.03347716
0.02708126
0.02936005
0.02881138
0.02959408
0.03358074
0.03046654
0.02652131
0.02890723
0.03127765
0.02775210
0.02934454
0.03522607
0.02779727
0.02731289
0.02982981
0.02900839
0.03265727
0.03243879
0.03383879
0.03229434
0.02809716
0.02703787
0.02967310
0.03126766
0.03258095
0.02609516
0.03130682
0.03171616
0.02936956
0.02868471
0.02871232
0.03062990
0.02752285
0.03134072
0.03250086
0.03220602
0.02931828
0.03000556
0.03098270
0.03045444
0.03218131
0.03242614
0.03606864
0.03396746
0.02772199
0.02867905
0.03330006
0.03389119
0.02746506
0.03005467
0.03052268
0.03136083
0.03112875
0.03683614
0.02980054
0.03059572
0.02741894
0.03102686
0.03203863
0.03215858
0.03176686
0.03118234
0.03543247
0.02717892
0.02798916
0.02832271
0.02910408
0.02987087
0.03236087
0.03158170
0.03064893
0.02768343
0.03200188
0.02915659
0.03531627
0.03262137
0.02757288
0.04226576
0.03199188
0.02849922
0.03175263
0.02876976
0.02793048
0.03461094
0.03180575
0.02852135
0.02688587
0.03349857
0.02979582
0.03384156
0.02806488
0.03154067
0.02769931