0.03066770
0.02831053
0.03671339
0.03051353
0.02822202
0.02969729
0.02967131
0.03072095
0.03415195
0.02864841
0.02784428
0.03081825
0.03538796
0.03039524
0.02925074
0.03086753
0.02780400
0.03026294
0.02776561
0.03433052
0.02819334
0.02928570
0.03279157
0.03526817
0.02962687
0.02878812
0.03179183
0.03287724
0.03188795
0.02853397
0.02875439
0.03185833
0.03118103
0.02807535
0.02909993
0.03077429
0.03350075
0.03024535
0.03710969
0.02934680
0.02859351
0.02870117
0.03351658
0.03315795
0.03301288
0.03057654
0.02898070
0.02937974
0.03022409
0.02929520
0.02872124
0.03059913
0.03029596
0.03076544
0.03119204
0.03142326
0.03471621
0.03141819
0.02996387
0.03145452
0.03221892
0.03276101
0.02945503
0.03196782
0.02984539
0.03492501
0.02946747
0.02889885
0.02918538
0.03524564
0.04177061
0.03019441
0.03121824
0.03034620
0.02900383
0.03184608
0.03520165
0.02800519
0.02926903
0.02822176
0.03630895
0.03406378
0.03041261
0.02862170
0.02862029
0.03061200
0.03529390
0.03044362
0.03290242
0.02982073
0.02993390
0.03098414
0.03120303
0.02861018
0.02996187
0.03414332
0.03019401
0.02933469
0.03153734
0.02833245
0.02793820
0.02980002
0.03284081
0.03068424
0.02845415
0.03302171
0.03831091
0.02969648
0.03068342
0.03305330
0.02881535
0.02951025
0.02958523
0.03213705
0.02759570
0.02916516
0.03565776
0.03387631
0.03024679
0.02784863
0.03511392
0.03372928
0.02850252
0.03001707
0.03261849
0.02680479
0.03138231
0.03163348
0.03161875
0.03917803
0.03161433
0.03401085
0.03358601
0.03055874
0.03163655
0.03221372
0.02747399
0.03267107
0.03326096
0.03173144
0.03228432
0.03479683
0.03316104
0.03030665
0.02902172
0.03458796
0.03184576
0.02889859
0.02773929
0.03016559
0.03091048
0.02831840
0.03661291
0.03034304
0.03051977
0.03130529
0.03152492
0.03083554
0.02881609
0.03126172
0.02734236
0.02748641
0.03228238
0.03291990
0.03213764
0.02910023
0.02828772
0.02835016
0.02912167
0.03207108
0.03058271
0.03110532
0.02991761
0.03035653
0.03077304
0.03314010
0.03639609
0.02842428
0.03099865
0.02604850
0.02779482
0.02967319
0.02929345
0.03027032
0.03290971
0.03565109
0.02990036
0.03536078
0.02651148
0.02902413
0.02952479
0.03530726
0.02755741
0.02575449
0.03390493
0.02948007
0.03102123
0.03013332
0.03995644
0.02993305
0.02743309
0.02831463
0.03421222
0.03097392
0.03085196
0.02706317
0.03643687
0.02784432
0.02821996
0.03027369
0.03486052
0.02811224
0.03664220
0.02971391
0.03115719
0.03093465
0.03271612
0.02988170
0.03245641
0.03134670
0.03711157
0.03518687
0.03257819
0.03049669
0.03083587
0.03200862
0.03023838
0.03245657
0.02794037
0.03080735
0.03471345
0.03153760
0.03318080
0.03103661
0.03271015
0.03134302
0.02819576
0.02762254
0.03252415
0.03173597
0.02923557
0.03343232
0.03027736
0.02902517
0.02830151
0.03045035
0.02844328
0.03490773
0.03575209
0.02886351
0.02982722
0.03172283
0.03616075
0.03298887
0.02812364
0.03185137
0.03447373
0.02984112
0.02820613
0.03075233
0.02978647
0.03013682
0.03254927
0.03019216
0.02746971
0.03080608
0.02845881
0.02757476
0.02861829
0.03945484
0.03111806
0.04089537
0.02949460
0.04020240
0.03185561
0.02867456
0.02788035
0.02945094
0.02892436
0.02745785
0.02858099
0.03216667
0.02825430
0.03163952
0.03005572
0.02838623
0.03729411
0.02822924
0.02873348
0.03128557
0.03001886
0.02820352
0.02702254
0.03432646
0.03251218
0.03443814
0.03303195
0.03140982
0.03096719
0.03197834
0.03077882
0.03072228
0.02705644
0.02920859
0.02720193
0.03336092
0.03023262
0.03411674
0.03595166
0.03245578
0.02987323
0.03099574
0.02809382
0.02913742
0.03207823
0.03206452
0.03495381
0.03222369
0.04009379
0.02877432
0.03261423
0.03403120
0.03092138
0.03150733
0.03127678
0.02816901
0.02960740
0.02945779
0.03135939
0.02907836
0.03303552
0.02950159
0.02765639
0.02971660
0.02917893
0.03229314
0.03191841
0.03148328
0.02985647
0.02976820
0.03159308
0.03215961
0.02807358
0.03469354
0.02814437
0.02914967
0.02944617
0.03296002
0.03033619
0.03287791
0.03049027
0.03769293
0.03221724
0.02932785
0.03186788
0.03521882
0.02889541
0.02912420
0.03551947
0.02981587
0.02931059
0.03209318
0.02888262
0.03407288
0.02996169
0.03268198
0.03044304
0.03288113
0.03037402
0.02914775
0.02828182
0.03319838
0.03138944
0.03001812
0.03291803
0.02743895
0.03058798
0.03010450
0.02970322
0.03123924
0.02859612
0.02857336
0.03253775
0.03296809
0.02942035
0.03407747
0.02911965
0.02968895
0.03104771
0.03149827
0.03806527
0.02847867
0.03598683
0.03020093
0.03308883
0.03475175
0.02875903
0.02898020
0.03104586
0.03145804
0.02669184
0.02887605
0.03259036
0.02798136
0.03449100
0.03057847
0.03139843
0.02876621
0.02807988
0.03961848
0.02853437
0.03185019
0.03114669
0.02961916
0.03026867
0.03480063
0.02726009
0.03206106
0.03411839
0.03145549
0.03160949
0.03061923
0.02967406
0.02836726
0.03107318
0.03140100
0.02938763
0.02992971
0.03448069
0.04028975
0.03052137
0.03002528
0.02925923
0.02779567
0.02997521
0.03349891
0.03010258
0.03630991
0.02908553
0.03253710
0.03310053
0.03248404
0.03004863
0.03155486
0.03234355
0.02790049
0.03152436
0.03139454
0.02989760
0.02984000
0.03414941
0.03077330
0.02912572
0.03059682
0.03112488
0.02760821
0.03077963
0.03329682
0.03309103
0.03066824
0.02829284
0.02819404
0.02925474
0.03012730
0.02887869
0.03201260
0.02939527
0.02795160
0.02906024
0.03752022
0.02922560
0.03233455
0.03013176
0.02769590
0.02829917
0.03595504
0.02938276
0.02599746
0.02864387
0.03012897
0.03053705
0.03642930
0.02871111
0.03163544
0.02983638
0.03126571
0.03136333
0.02955442
0.03032476
0.02939970
0.03826531
0.03258353
0.03064129
0.03163639
0.02876087
0.03167985
0.03987802
0.03412654
0.02793369
0.03342094