0.05364893
0.05010931
0.05513923
0.05128997
0.05517690
0.04863337
0.05142616
0.04814774
0.04712118
0.05521257
0.05025089
0.04965581
0.04949215
0.06051433
0.05659173
0.05798121
0.05039268
0.07376697
0.04605441
0.04938837
0.04665879
0.05253092
0.05112111
0.05201535
0.05484551
0.05585600
0.05677340
0.06594124
0.06956837
0.05278675
0.05876975
0.04613468
0.05093206
0.06512414
0.05711920
0.05578421
0.05391994
0.04823604
0.05614748
0.05324707
0.04891344
0.05511966
0.06376754
0.05283632
0.05304306
0.04929728
0.05896843
0.05518138
0.05925040
0.05946725
0.05102861
0.04916708
0.05301988
0.05638346
0.05180706
0.06284188
0.05194796
0.04990978
0.05102390
0.05413306
0.04475811
0.05365755
0.05033835
0.04880991
0.05874394
0.04829886
0.05134138
0.05190195
0.04544686
0.04881032
0.04876970
0.05540551
0.04882177
0.05289325
0.05124106
0.04983881
0.05191743
0.05205237
0.04820769
0.04761759
0.05054901
0.05955698
0.05496996
0.05738592
0.05109181
0.05224877
0.05312561
0.05322364
0.04748931
0.05921508
0.04813939
0.05429006
0.05350240
0.04947772
0.05868165
0.05450453
0.05742975
0.04742885
0.05476653
0.04852382
0.05568260
0.04620106
0.06768730
0.04875115
0.04817255
0.05112056
0.05034823
0.05270675
0.05773467
0.04856949
0.05615066
0.04891575
0.04989159
0.06206836
0.05283425
0.05939321
0.05709379
0.04684764
0.04609407
0.05331540
0.04805690
0.06330191
0.04937855
0.05334025
0.04589750
0.05937995
0.04812402
0.04875889
0.05097666
0.05859768
0.05039350
0.04997920
0.05335300
0.05456472
0.05036829
0.05179653
0.05134363
0.05417957
0.05138515
0.04991332
0.05812917
0.04937096
0.04685235
0.05302911
0.05567085
0.04771024
0.05154262
0.06309811
0.05205958
0.05006333
0.04948949
0.04969487
0.05244333
0.04951640
0.05064428
0.05677683
0.05699233
0.05337211
0.05444223
0.04847695
0.05202774
0.05077516
0.04861997
0.04942946
0.05710532
0.06170096
0.04882972
0.05077495
0.04633352
0.06503064
0.05302142
0.06009226
0.06363600
0.05974721
0.05432332
0.04891215
0.04658608
0.05660328
0.05253961
0.05102911
0.05392447
0.05076649
0.05770422
0.05328030
0.04542233
0.05820833
0.05744998
0.04898533
0.05084224
0.04795476
0.05181822
0.04757671
0.04867886
0.04906110
0.05695417
0.06442281
0.05499383
0.05189212
0.05074107
0.05004635
0.05863404
0.04976645
0.04847732
0.05576337
0.05236056
0.05336787
0.05166656
0.05164094
0.05867771
0.04861275
0.04844776
0.06419113
0.04937427
0.05031140
0.05259171
0.07546214
0.05105431
0.04736596
0.05436190
0.05075937
0.04631886
0.06033485
0.04850548
0.05491982
0.05039043
0.04769960
0.05418464
0.04786978
0.05102285
0.05067417
0.05717385
0.05392111
0.05738506
0.04474842
0.05659072
0.04547895
0.05417361
0.04720754
0.05310451
0.04570570
0.04808482
0.04802944
0.04992287
0.05119073
0.05128562
0.04566114
0.05239615
0.06219158
0.04757543
0.04656598
0.05236763
0.04893967
0.05161761
0.05399096
0.05664963
0.05063250
0.05270678
0.04950789
0.05433579
0.04705245
0.06306688
0.05138961
0.05287122
0.04617292
0.05800529
0.05304656
0.05009284
0.04835758
0.05538130
0.05982240
0.04812053
0.04654335
0.04748497
0.05293712
0.04888852
0.05042407
0.05501779
0.05381261
0.05571148
0.04936726
0.05009549
0.05089543
0.05355809
0.05001866
0.05641565
0.06042480
0.05936695
0.05734639
0.04963595
0.05136506
0.05674062
0.05421666
0.05008420
0.05470740
0.04680270
0.04861627
0.04957210
0.08264025
0.05262094
0.05089972
0.05060088
0.05579825
0.05565345
0.05229237
0.05047584
0.06353716
0.05318055
0.05083702
0.05269116
0.05581662
0.04876479
0.05585744
0.06576534
0.06039859
0.05150023
0.05089221
0.05352257
0.06149370
0.05136181
0.05364580
0.07441097
0.05381146
0.04911964
0.05219929
0.06426029
0.05454996
0.04634075
0.05500593
0.04732675
0.05817429
0.04975464
0.04784135
0.05506059
0.06808578
0.05500364
0.05507003
0.05611330
0.04668122
0.04952606
0.05120869
0.05115307
0.05103756
0.05047917
0.05482233
0.05034272
0.04579005
0.06383588
0.05320788
0.05361733
0.05504369
0.05318007
0.05050635
0.05296681
0.05240465
0.07075881
0.06141938
0.05783282
0.06760003
0.04582822
0.05236490
0.05636130
0.05250950
0.05252379
0.04884235
0.04892911
0.05231341
0.04866293
0.05812899
0.05326883
0.05932945
0.05106409
0.05312906
0.06606107
0.05683613
0.04979364
0.05047264
0.05371534
0.05357220
0.04802781
0.08440880
0.05402661
0.04714107
0.04993964
0.06409727
0.05541254
0.05226716
0.05285094
0.04969299
0.05599129
0.05708797
0.05720359
0.05124913
0.05522044
0.04804277
0.05141072
0.05689397
0.05164263
0.04731130
0.05702263
0.06882369
0.04739407
0.05093504
0.05315597
0.05429390
0.05470616
0.05294198
0.04927642
0.07191637
0.04984543
0.04520551
0.04902807
0.05444047
0.04802603
0.05083220
0.05301339
0.05018482
0.05167191
0.06173749
0.05821008
0.05590723
0.05219609
0.05274202
0.06527002
0.05347996
0.05826563
0.05312507
0.04714834
0.06603116
0.05802368
0.04854690
0.04820596
0.06910091
0.05123017
0.04990364
0.04857070
0.04686499
0.05520467
0.05834098
0.05351874
0.05212976
0.05150441
0.04690471
0.04602760
0.04500949
0.04931380
0.05644118
0.05299583
0.04664586
0.04816816
0.06340967
0.04766189
0.05084547
0.05026569
0.04701658
0.05803240
0.04758734
0.05279947
0.05022086
0.07934250
0.05230116
0.05376179
0.04767353
0.05549069
0.04750421
0.05066536
0.04679046
0.04859808
0.05271403
0.05630373
0.04796689
0.04771806
0.05352979
0.05637813
0.05050640
0.05092166
0.04924719
0.05386936
0.05783206
0.06106459
0.05371092
0.05252316
0.05475842
0.07591487
0.05460211
0.04788021
0.05438863
0.04973580
0.05156303
0.05761771
0.05191986
0.04719484
0.04800937
0.05054622
0.05061947
0.05354951
0.04637192
0.04974586
0.05219789
0.04996713
0.05245596