0.03294899
0.03342303
0.03232397
0.03474668
0.03460956
0.03630488
0.03505879
0.03642385
0.03297479
0.04107794
0.03410354
0.03359335
0.03074992
0.03565618
0.03525616
0.03306577
0.03825916
0.03068902
0.03297733
0.03349406
0.03692844
0.03407195
0.03293739
0.03937645
0.03265185
0.04074532
0.04127852
0.03237822
0.04135242
0.03140700
0.03293072
0.03785440
0.03497808
0.03225622
0.03396543
0.03295798
0.03624602
0.03549893
0.04124443
0.04338105
0.03858836
0.03772298
0.03603812
0.03639686
0.03355368
0.03365407
0.04590205
0.03800920
0.03684249
0.03340557
0.03195993
0.03914782
0.03043418
0.03568999
0.03162305
0.03710057
0.03584761
0.03192092
0.03785403
0.02964053
0.04064065
0.03333236
0.03611806
0.03306545
0.03660660
0.04474126
0.03652150
0.03652090
0.03716494
0.03329107
0.05232182
0.04203368
0.04887046
0.03327327
0.03651505
0.03548093
0.03637961
0.04115285
0.03343074
0.04251395
0.03522446
0.03510489
0.03429852
0.03262714
0.03835049
0.03540735
0.03831377
0.03767619
0.03009728
0.03054756
0.03356138
0.03004538
0.04380452
0.03164330
0.03789005
0.03358859
0.03772584
0.03454851
0.03334045
0.03385473
0.04551878
0.03272684
0.03601600
0.03437791
0.03858066
0.03667368
0.03439631
0.04357469
0.03355471
0.04212680
0.03091767
0.03539496
0.04190315
0.03599079
0.03406049
0.03381703
0.03070966
0.03561798
0.03493197
0.03144842
0.03411738
0.03283287
0.03983062
0.03832288
0.03275517
0.03418201
0.03874018
0.04166990
0.03688586
0.03383439
0.03845120
0.03500992
0.03703020
0.03644227
0.04622381
0.04149308
0.03591711
0.03156154
0.03260702
0.03477359
0.03375353
0.03492559
0.03688591
0.03815305
0.04564664
0.03361834
0.03226698
0.03844065
0.03160425
0.03454399
0.04373071
0.05071663
0.03632138
0.04141113
0.04078176
0.03060633
0.03664948
0.03346776
0.03416683
0.03087502
0.03542804
0.04023908
0.03809005
0.03475306
0.03469123
0.04057822
0.03550966
0.04155346
0.03371313
0.03661788
0.03293455
0.04153939
0.03179732
0.03257633
0.03477582
0.03616175
0.03735773
0.03732700
0.03167278
0.03766372
0.03392593
0.03647140
0.03125138
0.04362517
0.03003534
0.03545749
0.03324774
0.03878873
0.03090177
0.03545410
0.04788211
0.03819698
0.03159143
0.03281375
0.03510655
0.03180881
0.03766967
0.04233675
0.03242737
0.03628235
0.03640273
0.03435725
0.03795231
0.04554432
0.03561577
0.03777417
0.03482312
0.03180633
0.04529343
0.04389614
0.03500276
0.03288123
0.04026793
0.04394215
0.03195810
0.03048782
0.03374238
0.03763629
0.04928689
0.03355513
0.03946911
0.03098882
0.03629800
0.03323929
0.03578739
0.03618220
0.04002176
0.03740800
0.03529807
0.03349506
0.03350714
0.03619808
0.03479457
0.03257768
0.03631605
0.03621867
0.04366027
0.03263091
0.03376239
0.03925055
0.03097603
0.03825891
0.03383320
0.03748130
0.03127758
0.03914529
0.03568863
0.03903588
0.03233846
0.03341156
0.03083678
0.04126971
0.04340872
0.03225242
0.03203083
0.03665612
0.03678993
0.03314958
0.03509223
0.04164749
0.03021514
0.03782107
0.03622496
0.03263736
0.03155495
0.03532611
0.03890218
0.03918898
0.03621562
0.03189426
0.03598348
0.03891055
0.03255149
0.03350445
0.03263220
0.03771244
0.03578780
0.03542709
0.03548597
0.03797787
0.03350532
0.03145130
0.03154441
0.03702648
0.03525306
0.03794014
0.03403302
0.03551388
0.03503080
0.03909522
0.03277273
0.04225719
0.03751998
0.03863290
0.03219188
0.03648578
0.03743743
0.03630624
0.03204126
0.03708699
0.03630182
0.03518634
0.03435732
0.04372843
0.04015394
0.03489017
0.03330201
0.03371333
0.03317924
0.04715058
0.03311386
0.03892987
0.05424079
0.03610202
0.03933713
0.04166290
0.03381826
0.03966336
0.03602569
0.03945407
0.03066899
0.04112306
0.03087703
0.03599143
0.03338184
0.03552687
0.04000379
0.03511944
0.03402887
0.03263426
0.03601074
0.04254282
0.03172202
0.03302216
0.03891950
0.03664084
0.03320646
0.03830318
0.03575450
0.03664697
0.03699492
0.03952077
0.03850801
0.03894590
0.03375925
0.03449333
0.02995702
0.04897819
0.03651555
0.03347386
0.03139046
0.03530166
0.03664462
0.03327255
0.03661698
0.03394934
0.03589697
0.03733420
0.03289754
0.03348097
0.03145274
0.03031561
0.03626209
0.03721320
0.03691343
0.03620147
0.03693191
0.03437024
0.03473872
0.03500652
0.03232911
0.03480400
0.03873574
0.03341152
0.03818394
0.03555375
0.04150777
0.03523278
0.03179067
0.03473699
0.03187056
0.03375990
0.03367791
0.03841479
0.03997342
0.03581914
0.03617333
0.03173568
0.03653418
0.04297010
0.03176347
0.03406422
0.03445985
0.03413579
0.03394431
0.03284276
0.03251753
0.03193435
0.04211073
0.04146551
0.03503710
0.03508772
0.03388684
0.03877893
0.03161111
0.04334752
0.03366080
0.03202528
0.03412423
0.03140030
0.03402273
0.03214423
0.04221080
0.03785849
0.05014852
0.03450910
0.03268925
0.04276002
0.03679723
0.03660210
0.03202543
0.04374683
0.03976423
0.03607207
0.03178638
0.03647272
0.03799774
0.03561281
0.03464214
0.03682059
0.03727462
0.03735204
0.03363730
0.03748697
0.03911409
0.03567076
0.03352560
0.03647378
0.03236038
0.03383632
0.03952992
0.03348307
0.03491491
0.03024795
0.03429088
0.03415076
0.03368223
0.03420079
0.03362311
0.03402533
0.03537851
0.03681690
0.02991145
0.03234062
0.03427175
0.03398533
0.03700711
0.03585456
0.03353136
0.04115754
0.04632119
0.03795142
0.03369459
0.03105445
0.03526312
0.03234465
0.03083178
0.03504056
0.04150687
0.04399223
0.03781804
0.03329270
0.03247740
0.03375538
0.03150271
0.03179399
0.03761481
0.03428799
0.03998293
0.03346340
0.03695796
0.03411994
0.03701134
0.03754125
0.03060889
0.03080740
0.03942586
0.04381625
0.03682319
0.03413333
0.03233284
0.03251180
0.03305930
0.03461713
0.03271797
0.03214432
0.03510076
0.03181220
0.03445813
0.04055615