0.08034062
0.08219474
0.08628237
0.08353888
0.08456624
0.08190066
0.08467894
0.08665141
0.07960243
0.08490023
0.08486985
0.07683054
0.08278707
0.09861832
0.07612522
0.07806259
0.08404258
0.08773921
0.07977427
0.07343582
0.08281405
0.08511976
0.08571069
0.07747645
0.08864458
0.09564586
0.08098198
0.08221253
0.07904039
0.08185722
0.08400501
0.09096212
0.10462951
0.08513112
0.07621769
0.07986991
0.08200465
0.07889338
0.09073697
0.08458902
0.07593759
0.08326674
0.08625007
0.08071119
0.08961308
0.12042105
0.09787885
0.08781411
0.08182096
0.07665676
0.08298083
0.07539204
0.07667797
0.07699247
0.07320237
0.08825091
0.08572406
0.08239044
0.08550687
0.08515111
0.09132291
0.09989499
0.07630680
0.08471254
0.08327207
0.08275796
0.08761103
0.09248037
0.07689014
0.08140811
0.08391778
0.07587461
0.08635474
0.07963783
0.09277820
0.07799009
0.08291946
0.08195637
0.08332881
0.07895570
0.08085891
0.08902293
0.07844845
0.08753577
0.08819420
0.08260835
0.08134636
0.07190789
0.08585092
0.08180229
0.09371547
0.08008799
0.07582588
0.08165144
0.08259257
0.08441898
0.07679014
0.07908459
0.08272712
0.07212728
0.07045161
0.07531497
0.07932911
0.08011948
0.08053977
0.08055071
0.09292236
0.08193062
0.07744277
0.08502747
0.07781225
0.08358994
0.08047066
0.07959880
0.09153757
0.07897244
0.07634903
0.08004829
0.07565563
0.08564697
0.10584194
0.07356457
0.07385603
0.07954510
0.08969880
0.07996956
0.08400814
0.08089164
0.09878532
0.07715551
0.07841361
0.08149641
0.07967111
0.09143708
0.07555038
0.08436333
0.08395157
0.10438613
0.09052535
0.07717259
0.08962188
0.08269786
0.07505854
0.08194582
0.07343795
0.07766155
0.08151490
0.10035212
0.08019748
0.07619180
0.08382307
0.07908260
0.07353162
0.08384810
0.08592366
0.08039033
0.07790133
0.10801436
0.07823387
0.08248677
0.07645376
0.08377889
0.07682078
0.07531789
0.07986923
0.08832397
0.10324436
0.07237457
0.07946625
0.08889880
0.07962867
0.08551309
0.07667265
0.07678454
0.08576912
0.06982510
0.07461025
0.08495367
0.07879295
0.08260518
0.07853307
0.08057061
0.07267486
0.07186334
0.08745955
0.07870949
0.08119307
0.07892257
0.08347449
0.08979341
0.09321486
0.07503155
0.07898020
0.07535673
0.08629299
0.08272048
0.08012008
0.07914388
0.08747816
0.07516520
0.07738281
0.11139879
0.08637123
0.08883988
0.10405014
0.07740724
0.08122195
0.07276867
0.07265876
0.07857439
0.08100752
0.08446917
0.09022863
0.09573627
0.09213284
0.07898098
0.09516955
0.07265522
0.07584051
0.09077422
0.07900320
0.08056027
0.08146280
0.08123690
0.08246286
0.07990350
0.08150048
0.08518593
0.07633976
0.07931630
0.08404797
0.08795130
0.07527598
0.09444218
0.09437843
0.08425751
0.09328306
0.09070354
0.08660231
0.08565164
0.07343921
0.07798961
0.08563055
0.08005829
0.07503011
0.08834638
0.08074975
0.07583230
0.07766294
0.08163527
0.08978469
0.08136475
0.08035540
0.08784880
0.08074774
0.12159395
0.07789111
0.08838269
0.09679495
0.07846264
0.07645234
0.07425939
0.08615888
0.07756265
0.07814553
0.08017430
0.08292627
0.08316398
0.07962762
0.07751556
0.08287664
0.09264278
0.07434194
0.07585497
0.08258748
0.08003186
0.07929405
0.09106271
0.07980710
0.07799018
0.07756563
0.08872440
0.07941738
0.08920161
0.10621586
0.07939916
0.07659311
0.07996948
0.08610275
0.08379136
0.10174683
0.08914594
0.08557403
0.09652449
0.08180906
0.07943054
0.07778471
0.09438096
0.07934993
0.08155136
0.07844992
0.07209248
0.08690228
0.08959355
0.07829189
0.07566936
0.08601349
0.08045613
0.07874302
0.08738499
0.07488791
0.08233050
0.08512070
0.07669260
0.07374147
0.08033260
0.07603288
0.07194807
0.09001933
0.08256372
0.08263044
0.09680730
0.07361655
0.08367468
0.08145605
0.07967352
0.08270249
0.09025235
0.08906984
0.08409055
0.08813806
0.08132974
0.07428453
0.10126507
0.07817483
0.08402820
0.08533200
0.09093671
0.07732171
0.08768821
0.08008442
0.09044966
0.09029874
0.08065940
0.08402561
0.08165967
0.09707630
0.08139248
0.08728219
0.08310464
0.08782387
0.08354644
0.09034111
0.08170043
0.08701993
0.13189464
0.07504167
0.08416021
0.07415221
0.08301488
0.08349973
0.07859653
0.08160507
0.08906166
0.09530675
0.08137376
0.08061620
0.07557996
0.07324013
0.07831801
0.08614082
0.08153124
0.08764311
0.08350125
0.09167586
0.07889206
0.08316549
0.08388045
0.08360480
0.07941069
0.07925794
0.09438546
0.08959453
0.07676379
0.08637053
0.07716405
0.07644166
0.07639533
0.07878296
0.08734008
0.08788362
0.07751206
0.08202493
0.08211665
0.08969955
0.07752858
0.07589541
0.07876716
0.08354680
0.08074429
0.08289701
0.07539145
0.08554947
0.08933977
0.08512140
0.08242504
0.07826408
0.08245407
0.08286786
0.09610998
0.08348893
0.07963109
0.08754565
0.10183219
0.08578063
0.08404448
0.08420826
0.07961012
0.08251771
0.09327264
0.08622021
0.07304942
0.08875576
0.07805916
0.07957574
0.07567671
0.09326163
0.08463677
0.08066650
0.07411643
0.08361303
0.08883453
0.08013949
0.08838754
0.08588880
0.07983306
0.08568571
0.07927156
0.09694057
0.08402884
0.07972838
0.07351579
0.07644624
0.08490876
0.08708453
0.08247260
0.06989736
0.09125960
0.08104812
0.07436851
0.08201290
0.07284982
0.07943472
0.08219186
0.07863811
0.07565200
0.07737814
0.07223982
0.07478201
0.07831134
0.07962470
0.07801992
0.08447215
0.07793569
0.12336498
0.07524996
0.07860099
0.08908646
0.09252738
0.07535167
0.07413386
0.08155037
0.08538789
0.07639969
0.08067136
0.08685582
0.07858459
0.08294917
0.08786115
0.07688451
0.09420206
0.08159051
0.09121780
0.08662231
0.07709193
0.09244723
0.07469574
0.08651979
0.09577223
0.08752486
0.08864636
0.07596872
0.08165767
0.07800055
0.07787494
0.07601249
0.08633659
0.07703488
0.07916242
0.08398318