0.04414919
0.04485291
0.04678139
0.03888703
0.04292073
0.03953759
0.04609844
0.04718087
0.04682389
0.05244308
0.04309254
0.04597179
0.04253514
0.03878211
0.04703197
0.04168312
0.04450722
0.04388667
0.04284833
0.04376634
0.03929968
0.03997431
0.04883290
0.05224068
0.05185874
0.05892600
0.03766152
0.05022270
0.05152987
0.04755479
0.05130060
0.04442487
0.05075867
0.04928521
0.05006606
0.04705528
0.04237130
0.04957960
0.04557692
0.05346266
0.04458668
0.04446467
0.05215085
0.04793716
0.05555303
0.04404972
0.03926863
0.05231488
0.03877221
0.04177996
0.04605428
0.05259810
0.05236711
0.04855489
0.04330610
0.04184008
0.04884096
0.04472046
0.04604167
0.05689368
0.04353733
0.03631184
0.04187440
0.04309982
0.04291504
0.04519716
0.05282189
0.04590728
0.03985897
0.03978982
0.05204128
0.03511526
0.04839246
0.04062751
0.04225791
0.04078210
0.06507481
0.05516055
0.04401729
0.04622676
0.05296376
0.05177566
0.04327971
0.04343624
0.04383119
0.03784053
0.04458505
0.04797993
0.05066715
0.04769222
0.03603300
0.03722049
0.04305064
0.05567336
0.04159943
0.05108398
0.03918384
0.04381927
0.03758504
0.04488937
0.03806880
0.04346595
0.04163009
0.05581447
0.04171448
0.05204374
0.05428424
0.04803263
0.05065444
0.04092269
0.05451013
0.04315074
0.04272625
0.04812519
0.04551668
0.03695601
0.04197675
0.04845808
0.04241112
0.04884156
0.05712358
0.05970512
0.04989072
0.05994120
0.04680618
0.03791381
0.04631910
0.04463238
0.05263545
0.04647628
0.04701515
0.03876653
0.04257064
0.04020683
0.04318706
0.03905918
0.04763076
0.04417698
0.03948445
0.04393988
0.04254037
0.04303464
0.04681311
0.04737919
0.04644782
0.04232888
0.04219657
0.03773364
0.04453661
0.04958269
0.05087870
0.03612670
0.04560801
0.05346900
0.04739726
0.04582382
0.04231441
0.04450983
0.03939999
0.05178667
0.04452847
0.05281285
0.04922307
0.04798816
0.04446523
0.04554751
0.05177160
0.04584695
0.04046500
0.04162667
0.03825977
0.04988786
0.05074328
0.04757198
0.04150181
0.04979550
0.04999716
0.04271878
0.04577494
0.03946067
0.05387245
0.04620725
0.03941007
0.04104030
0.04213877
0.04422599
0.05281924
0.05669049
0.03823275
0.04311114
0.04145012
0.03964683
0.04926961
0.05367504
0.06200350
0.04526090
0.04490283
0.04265629
0.04149971
0.04457767
0.03911521
0.04472313
0.04828051
0.03821299
0.04033667
0.04475295
0.05262746
0.03966547
0.04126279
0.04125235
0.03849436
0.04103047
0.04269702
0.05328418
0.04248941
0.03477412
0.03864422
0.04798014
0.05395329
0.04663809
0.04647322
0.04546826
0.04466872
0.04306293
0.05290787
0.04256868
0.05206732
0.04349160
0.05193515
0.05287539
0.04177905
0.04498867
0.05368820
0.04344333
0.04215014
0.04215021
0.04506623
0.04953905
0.04202661
0.04775965
0.05930093
0.03815518
0.03854998
0.04106408
0.04836446
0.05007169
0.05342482
0.04503476
0.04447811
0.04868574
0.04244230
0.04335468
0.05102382
0.04090194
0.04473766
0.04794682
0.05742743
0.04716467
0.04267249
0.03668510
0.05836660
0.03691448
0.05086028
0.04562113
0.04068933
0.04818163
0.04272543
0.04696549
0.03671567
0.04425852
0.04149963
0.04168445
0.03870883
0.04858135
0.04177325
0.03861492
0.04355995
0.04326912
0.04471942
0.04538077
0.04801496
0.04690798
0.04545357
0.04355498
0.04932625
0.04099170
0.04206936
0.04418036
0.04335335
0.04500274
0.04288790
0.04101604
0.05051055
0.04977456
0.04723817
0.05202261
0.04503849
0.03829633
0.05019729
0.04155702
0.05214691
0.04333051
0.05337236
0.04587036
0.03983314
0.04679639
0.04676843
0.04906087
0.04818093
0.03902630
0.03995169
0.04853549
0.04853088
0.04134541
0.04651156
0.04335545
0.04984277
0.04029706
0.05320390
0.04715954
0.03921635
0.04057636
0.04421001
0.04293359
0.04137237
0.04243734
0.04494382
0.04500030
0.04608464
0.05335534
0.04585870
0.04658390
0.04307154
0.05030498
0.03834259
0.04881816
0.03955333
0.05669952
0.04372549
0.04316487
0.04398285
0.05248746
0.04308633
0.05339248
0.04403163
0.05363538
0.04206983
0.04331542
0.04185902
0.04156613
0.04636972
0.04105838
0.04672585
0.05414169
0.04267364
0.04761350
0.03965348
0.04857352
0.04644959
0.03754891
0.04430955
0.04526083
0.04185213
0.04417794
0.04510038
0.04287359
0.03847555
0.04443204
0.05244521
0.05463815
0.05186542
0.04279837
0.05051514
0.04546485
0.04083715
0.04185454
0.04326411
0.05264109
0.03488128
0.04062474
0.05129583
0.03843347
0.04020617
0.04312332
0.04930257
0.05081244
0.03786681
0.06178830
0.05173977
0.04766861
0.04037008
0.04062230
0.05364672
0.05018099
0.04442877
0.03985033
0.04150862
0.04358177
0.04005738
0.04358812
0.04677374
0.04597992
0.04650830
0.04319060
0.04213678
0.04702869
0.04299375
0.03676497
0.04882237
0.04605679
0.04040075
0.04475461
0.04103611
0.03567726
0.03752395
0.04251108
0.03627967
0.04792470
0.04549700
0.04358210
0.03988699
0.04101347
0.04200540
0.04142876
0.04157434
0.04100225
0.04756026
0.03926209
0.04269157
0.04497613
0.04114325
0.04808577
0.05340926
0.04339557
0.04651098
0.04096607
0.04423132
0.04751469
0.03930005
0.04579498
0.05199452
0.03328558
0.04194764
0.04746163
0.04905602
0.04680804
0.03928393
0.04529247
0.04020711
0.04896994
0.04471860
0.04656743
0.04391611
0.03996237
0.05009678
0.03905972
0.04032025
0.04803642
0.04260559
0.04359053
0.05087697
0.04802204
0.05357572
0.04139020
0.04220682
0.04478029
0.04841211
0.04004521
0.04181990
0.03782526
0.04296981
0.05757501
0.04020167
0.04028465
0.04565335
0.04565891
0.04295534
0.04039555
0.05545570
0.04083230
0.04794535
0.03904204
0.04959885
0.04335659
0.04669510
0.04039488
0.04028001
0.05676054
0.04694239
0.04072579
0.05254652
0.04395299
0.04329153
0.05083891
0.04682071
0.04126219
0.04272432
0.03849559
0.04118805
0.04063051