0.02931518
0.03373445
0.02775659
0.02807641
0.03033791
0.02803787
0.03030930
0.03121741
0.02863654
0.03660437
0.03102607
0.03245671
0.03384478
0.02889912
0.03038682
0.03338899
0.03230856
0.03243076
0.03560616
0.02721539
0.03594561
0.03527053
0.03378676
0.03494161
0.03541716
0.03421170
0.03462588
0.03307126
0.02900273
0.03432636
0.02964276
0.03313063
0.03269947
0.02935831
0.03116583
0.03540630
0.03350728
0.03195264
0.02739578
0.03319747
0.03896857
0.03287494
0.03315817
0.03708629
0.03436530
0.03215715
0.03395301
0.03624417
0.03008756
0.02700208
0.03573343
0.02984699
0.03423415
0.03123018
0.03376409
0.02909049
0.03547079
0.02737776
0.03440757
0.03301446
0.03165390
0.02844811
0.03423831
0.03085754
0.04190819
0.03209545
0.02891829
0.03128831
0.03161772
0.03106269
0.03197090
0.03097858
0.03178880
0.03360598
0.03154555
0.02961985
0.03206705
0.02909251
0.03212123
0.03281895
0.03358787
0.02884517
0.03033339
0.03365846
0.03345200
0.03476908
0.03214380
0.03108885
0.02603610
0.03411144
0.03207311
0.03266585
0.03447124
0.02820503
0.03617278
0.02755592
0.03096126
0.03217818
0.02671857
0.02930047
0.03187009
0.03117881
0.02961826
0.03688848
0.03025967
0.03485570
0.03224435
0.03598642
0.03612747
0.03842070
0.03117931
0.03751840
0.02940322
0.03081563
0.03465179
0.03997607
0.03035568
0.03423448
0.03185855
0.02883362
0.03294068
0.03424948
0.03151912
0.02898589
0.03177667
0.03714683
0.02771479
0.02811482
0.03672628
0.03026126
0.03263988
0.03324481
0.03092808
0.02910980
0.03024893
0.03135227
0.02936975
0.03471475
0.03270872
0.02717456
0.03605117
0.03014168
0.03860223
0.03414697
0.03559661
0.02811513
0.02853012
0.03492240
0.02979482
0.02941869
0.02926121
0.03186337
0.03514086
0.02864286
0.03036441
0.03423924
0.02863706
0.03037728
0.03436744
0.02873690
0.02987182
0.02877214
0.03178835
0.03220795
0.03034169
0.02838750
0.03181768
0.02720505
0.02902149
0.03365375
0.03223930
0.03267477
0.03156016
0.03578045
0.03676602
0.03453693
0.03052401
0.03242145
0.03284679
0.03171415
0.03035754
0.02819744
0.03086123
0.03306618
0.03502554
0.02949982
0.03008604
0.03525154
0.03043365
0.02965749
0.03268689
0.03427751
0.03690811
0.03588153
0.02847904
0.03166728
0.03445080
0.03484690
0.03565126
0.03096939
0.03489436
0.03668261
0.03510701
0.03038549
0.03003329
0.03464249
0.03330858
0.02954093
0.03016650
0.03553267
0.03025058
0.03390506
0.03434838
0.02989015
0.03247126
0.03594819
0.03118464
0.03210638
0.03317474
0.03357589
0.03568761
0.03140752
0.02943001
0.03277044
0.03230220
0.02835946
0.03046842
0.03278746
0.03779531
0.02952075
0.03375086
0.02830698
0.02991690
0.02966578
0.02756840
0.03170272
0.03653707
0.03455374
0.03121984
0.03429845
0.03383904
0.02891179
0.03260440
0.03529316
0.02993591
0.03216498
0.02982963
0.02962704
0.03314884
0.03269279
0.03029031
0.02822709
0.02949857
0.03204033
0.03173105
0.03289997
0.03511325
0.03908694
0.03264155
0.03291820
0.03250858
0.02910744
0.03283786
0.03195961
0.02817951
0.03069211
0.03108662
0.03320684
0.03126934
0.03017103
0.02838430
0.03215271
0.03640232
0.02986316
0.02957589
0.03132062
0.02920133
0.02939143
0.02912927
0.03554443
0.03068794
0.02915180
0.03118242
0.03011624
0.02898854
0.03110694
0.03083966
0.03619427
0.03197251
0.03130237
0.02869342
0.03293748
0.02866216
0.03145617
0.03215475
0.02813431
0.02861960
0.03271177
0.03127975
0.03003008
0.03541937
0.03249188
0.03168060
0.03339546
0.03062994
0.03023005
0.03335617
0.03436697
0.03287143
0.03240652
0.03272546
0.03364149
0.03191105
0.03321991
0.03058478
0.02947140
0.03103691
0.03112617
0.03280776
0.03097833
0.02998992
0.02898433
0.03267913
0.03334630
0.03177559
0.03180308
0.03406219
0.03431811
0.03152157
0.03182220
0.02986206
0.03320139
0.02716815
0.03261149
0.03335883
0.02585505
0.03379705
0.03181942
0.03538280
0.03159590
0.03425205
0.02993048
0.02628901
0.03530099
0.02879331
0.03017836
0.02767754
0.03155976
0.03261965
0.03511959
0.03351404
0.02994344
0.03098502
0.02940429
0.03182818
0.02804214
0.03116994
0.02971446
0.03288766
0.03129189
0.03380449
0.02950402
0.03639954
0.03919392
0.02954911
0.03614461
0.03331671
0.03013630
0.03814349
0.03115724
0.03266194
0.03293212
0.03188983
0.03199195
0.03353349
0.03072941
0.03549719
0.03102752
0.03577110
0.03136239
0.03310670
0.03283003
0.03446853
0.02819139
0.02897652
0.02962093
0.02891496
0.03149456
0.03534445
0.03124412
0.03145464
0.03672539
0.02980425
0.02961898
0.03205763
0.02999655
0.03293294
0.02940983
0.03444023
0.03442241
0.03342776
0.03044697
0.03018045
0.03017651
0.03108000
0.03457517
0.03181678
0.02999890
0.03087503
0.03404384
0.03106361
0.03140096
0.03373387
0.03678376
0.03008242
0.03045912
0.03327880
0.03252928
0.02921850
0.03084695
0.02754052
0.03798056
0.03220415
0.03377206
0.03344904
0.03274586
0.02953002
0.02962308
0.02891505
0.03292024
0.03687738
0.03347604
0.03598631
0.03339991
0.03200891
0.03411928
0.03018125
0.03279678
0.02846066
0.03297365
0.03090804
0.03341745
0.03189694
0.03271495
0.03164123
0.02997786
0.02844940
0.02791264
0.03111673
0.03516532
0.02931801
0.03249093
0.03254737
0.03393395
0.02844996
0.03455454
0.03092238
0.03378104
0.03229211
0.03029486
0.02997881
0.02934064
0.03108254
0.03048132
0.03037102
0.03309717
0.03282902
0.02970165
0.03146715
0.03797676
0.02907197
0.03692575
0.03119685
0.03059798
0.02865861
0.03459960
0.03236375
0.03257542
0.03142609
0.03326104
0.02862490
0.03260702
0.03170418
0.03711466
0.03056375
0.02990714
0.02811151
0.03030411
0.02888209
0.03002659
0.02674713
0.03085625
0.03557192
0.03038737
0.03183147
0.02935469
0.03469069
0.03582756
0.03566919
0.03877041