0.02927851
0.02948700
0.02659383
0.02937643
0.02787867
0.03090515
0.03121615
0.02717446
0.03110331
0.03108935
0.02852469
0.02679509
0.02910813
0.02715913
0.02863351
0.02617959
0.02631780
0.03072211
0.02681789
0.03611112
0.02598359
0.02675272
0.03124285
0.02782771
0.02841686
0.02789905
0.03097891
0.03072972
0.02734971
0.02557909
0.03047482
0.02800523
0.03062250
0.02710323
0.02844818
0.03088077
0.02695530
0.02787246
0.02777022
0.02768607
0.02576923
0.02798913
0.02793853
0.02823315
0.02806246
0.02712330
0.02547698
0.02611603
0.03058125
0.02611614
0.03421791
0.02878828
0.02850332
0.02871484
0.02870902
0.02922628
0.02917020
0.02818797
0.02679135
0.02497169
0.02748805
0.03262229
0.02509526
0.03228863
0.02638691
0.02491470
0.03123370
0.03026087
0.02730431
0.02408047
0.02704708
0.03228045
0.02903105
0.03000660
0.02644996
0.02901121
0.02779417
0.03222407
0.02812127
0.02782515
0.03109310
0.02955210
0.02923652
0.02885314
0.02607361
0.02796648
0.03052566
0.02813207
0.02421396
0.02607379
0.03017192
0.03013818
0.02718067
0.02680482
0.02996534
0.02815383
0.03189806
0.03061290
0.02875653
0.02384999
0.02944764
0.02633071
0.02764698
0.02907142
0.02791714
0.02652065
0.02720761
0.02548653
0.02995172
0.02934878
0.02833921
0.03180354
0.02531152
0.02680370
0.02803009
0.02819358
0.02744428
0.02770463
0.02829113
0.02720721
0.02882020
0.02662157
0.02729555
0.02824967
0.02518329
0.02968351
0.02477752
0.02942393
0.03170314
0.02540974
0.02738081
0.02786080
0.03593879
0.02665174
0.03110263
0.02552463
0.02749065
0.02431914
0.02680526
0.02795863
0.02913212
0.03136843
0.02886507
0.02714212
0.02570072
0.02766162
0.02566276
0.02400684
0.02783931
0.02784958
0.02582568
0.02790912
0.02696516
0.02606541
0.02933361
0.02638395
0.02631642
0.02830262
0.02725734
0.02916546
0.02361360
0.02630591
0.02651973
0.03086324
0.02778928
0.03029797
0.02823209
0.03001414
0.02751212
0.03163222
0.02978772
0.03039321
0.03141625
0.02982400
0.02787522
0.02587415
0.02811976
0.02478578
0.02832926
0.02677336
0.03094464
0.02834640
0.02840956
0.03314374
0.03122831
0.02821146
0.02602879
0.02827089
0.02721861
0.02769177
0.02732838
0.02590429
0.03185369
0.03014617
0.02861535
0.02654711
0.03018072
0.02471101
0.02664393
0.03066150
0.02881601
0.02778491
0.02567118
0.02597000
0.02641728
0.02740015
0.02889034
0.02743262
0.02935808
0.02704588
0.02742698
0.02838286
0.03013128
0.02601445
0.02825274
0.03023487
0.02645750
0.02519557
0.02990495
0.02831217
0.03090290
0.02836400
0.02628006
0.02942462
0.03221620
0.02665640
0.02605534
0.02457763
0.02759159
0.02657170
0.03144819
0.02876492
0.02996952
0.02989282
0.02762298
0.02742386
0.02847112
0.03367978
0.02738551
0.02472188
0.02648774
0.02907678
0.02925007
0.02555620
0.02938167
0.02774826
0.02793117
0.03078253
0.02448373
0.02586792
0.02629559
0.02802039
0.02966554
0.02897484
0.02613134
0.02781862
0.02975835
0.02880148
0.02898721
0.02803719
0.03111027
0.02973556
0.02871685
0.02563787
0.02571856
0.02847931
0.02952671
0.02992174
0.02708708
0.02770888
0.02956699
0.03067559
0.02748823
0.02782395
0.02644069
0.02748721
0.03275244
0.02622776
0.03090163
0.02791355
0.03039500
0.02670312
0.02874121
0.02922848
0.02519246
0.03017665
0.03230770
0.02889970
0.02884444
0.03004997
0.02600501
0.02738241
0.02499850
0.02925515
0.02749316
0.02772980
0.02844913
0.03255185
0.02804576
0.02856228
0.03054263
0.02923106
0.03070489
0.02946246
0.02669651
0.02844781
0.02952271
0.02700037
0.02805333
0.02487481
0.02837321
0.02898999
0.02726228
0.03222414
0.03024732
0.02757304
0.03083406
0.02968378
0.02670071
0.02488913
0.02845109
0.03135622
0.02753702
0.02949051
0.02953209
0.02438330
0.02670938
0.02808142
0.03033493
0.03217361
0.02759178
0.02595191
0.02981116
0.03058958
0.02782213
0.02920052
0.03117954
0.03323894
0.02905524
0.03017698
0.03077510
0.02762921
0.02841469
0.02478816
0.03088161
0.02481929
0.03485601
0.02970716
0.03069744
0.03240372
0.02761836
0.02816541
0.03058874
0.02770838
0.02795501
0.03021882
0.02862494
0.02435304
0.02777462
0.02847784
0.03090812
0.02845401
0.02669033
0.02715189
0.03083510
0.03069657
0.03000747
0.03071413
0.02784154
0.03024372
0.02377869
0.02789545
0.03194534
0.02688901
0.03165651
0.03146260
0.02715237
0.03153949
0.02792762
0.02805774
0.02672208
0.02966962
0.02630050
0.02967849
0.02869335
0.02698078
0.03040757
0.02930718
0.02582742
0.02581985
0.02744295
0.02968496
0.02612695
0.03250361
0.02903002
0.02919217
0.03026699
0.03539672
0.02339319
0.02589429
0.02776291
0.02653997
0.02681783
0.03156262
0.02810390
0.02556995
0.02897485
0.02983934
0.02800928
0.02795656
0.02845404
0.02792706
0.02583071
0.02661016
0.02636432
0.02639863
0.02582319
0.03159510
0.02854407
0.02997351
0.02912430
0.03060300
0.03017609
0.02636776
0.02953471
0.02837462
0.02801403
0.02608244
0.02765700
0.02888400
0.03232939
0.03284375
0.03051668
0.02928720
0.02719319
0.03056754
0.02646079
0.02613241
0.02686715
0.02573713
0.02596510
0.03026590
0.02924936
0.02695645
0.02290240
0.02685154
0.03248270
0.02564462
0.02630085
0.02791782
0.03107184
0.03149900
0.02687745
0.02696184
0.03062959
0.02517606
0.02713788
0.03019126
0.03137164
0.02675276
0.03128460
0.03112238
0.02850600
0.02470710
0.02730423
0.02897430
0.02927428
0.02934495
0.02631265
0.02732292
0.02935335
0.02626938
0.03131241
0.02445955
0.02823264
0.03055941
0.02633562
0.02786449
0.02570483
0.02829070
0.03481084
0.02812115
0.02827935
0.02911438
0.02950933
0.02635396
0.02644983
0.02736572
0.03201719
0.02737984
0.02838723
0.02805366
0.02837129
0.02652272
0.02893307
0.02958890
0.02751955
0.02684039
0.02756380
0.03263530