0.03559523
0.03697814
0.03399171
0.03054647
0.03399895
0.03320825
0.03521178
0.03097110
0.03355592
0.04656668
0.03179361
0.03420742
0.03354802
0.03456836
0.03570295
0.03416382
0.03225323
0.03419850
0.02902529
0.03372223
0.02878255
0.03584938
0.02936690
0.03554418
0.02968526
0.02975451
0.03672482
0.03092841
0.03194191
0.03550628
0.03389138
0.03237999
0.03745666
0.03670453
0.04145946
0.03352134
0.03422830
0.03532881
0.03576691
0.02974919
0.03177246
0.03936215
0.03112946
0.04081233
0.03482204
0.03169703
0.03356403
0.03396499
0.02924896
0.03519434
0.03470545
0.04224113
0.03148034
0.04302849
0.03448246
0.03636700
0.04061736
0.03651887
0.03532118
0.03624930
0.03627321
0.03174940
0.03781789
0.03462505
0.03509653
0.03319113
0.03723198
0.03962116
0.03162200
0.03203429
0.02952278
0.03412874
0.03509712
0.03452153
0.03786871
0.02774657
0.03024756
0.03159961
0.03246581
0.03439044
0.03634373
0.03538658
0.03829169
0.03854476
0.03381926
0.03670852
0.03287416
0.03334931
0.04630315
0.03433091
0.03390099
0.04132884
0.03669389
0.03212643
0.03220133
0.02985790
0.03334536
0.02811081
0.03260425
0.03390315
0.04628360
0.03221933
0.03684848
0.03171794
0.03133007
0.03145495
0.03146746
0.03423818
0.03494081
0.03629235
0.03738610
0.03266643
0.03435386
0.03042550
0.03813050
0.03159620
0.04158081
0.03321583
0.03213393
0.03230521
0.03100026
0.03891828
0.03067720
0.03475081
0.03312340
0.03648173
0.03178902
0.03698455
0.04692278
0.03139731
0.03162762
0.02934912
0.02740106
0.03739577
0.03765489
0.03602872
0.02912276
0.03003808
0.04551558
0.03924201
0.03540376
0.03574870
0.03760923
0.03339265
0.03414357
0.03930716
0.02965583
0.02983758
0.03660632
0.02608705
0.03635264
0.03664937
0.03053048
0.03737067
0.03141192
0.03265984
0.03349531
0.02841333
0.03315988
0.03099820
0.03184469
0.02940690
0.03514931
0.03557497
0.03630125
0.03213808
0.03683185
0.03214996
0.03277096
0.03215007
0.02930400
0.02961583
0.03080148
0.03468737
0.03364950
0.03919576
0.03099396
0.03533497
0.03398911
0.03366262
0.03410862
0.03872144
0.03021519
0.02834275
0.03000791
0.03443919
0.03650821
0.03250676
0.03197515
0.03063906
0.03413743
0.02827641
0.03343896
0.03632979
0.03093581
0.03142541
0.03369526
0.03131568
0.03105094
0.03823787
0.03250350
0.03274696
0.03506470
0.03395534
0.03639769
0.03663344
0.03159096
0.03187397
0.03499296
0.03844661
0.03465501
0.04822652
0.03543647
0.03180959
0.03586951
0.03425507
0.02835534
0.03180131
0.03723235
0.03958081
0.03159675
0.03338065
0.04076720
0.03358508
0.04015556
0.03726572
0.03254790
0.03543032
0.03601623
0.03820087
0.03122796
0.03740710
0.03131636
0.04189310
0.02918717
0.03314298
0.03117273
0.03449609
0.03578057
0.03302281
0.03734650
0.02854120
0.03624005
0.03905750
0.03212452
0.03331721
0.02879928
0.03651841
0.03712610
0.03098039
0.03268260
0.03639959
0.03202146
0.03208183
0.03446348
0.03739928
0.02869471
0.03119618
0.03614919
0.03343334
0.02887310
0.03202135
0.02950775
0.03023445
0.03122542
0.03526117
0.03811563
0.04240048
0.03436455
0.03432119
0.03297767
0.03637329
0.03439843
0.03666157
0.03519511
0.03280196
0.03777957
0.03724336
0.03062269
0.03843054
0.03061478
0.04215542
0.03424951
0.03522991
0.03304929
0.03786087
0.03147852
0.03168296
0.03676811
0.03760989
0.03226909
0.03891725
0.03545611
0.03046935
0.03178740
0.03181743
0.03349729
0.03613818
0.03317323
0.03130231
0.03275297
0.03143539
0.03624496
0.03373983
0.03509329
0.03186439
0.02960289
0.03401736
0.03587899
0.03191570
0.03787138
0.03431301
0.03097580
0.03645034
0.03454869
0.03115124
0.03189916
0.04200068
0.03079675
0.03702397
0.03586013
0.03483419
0.03316860
0.03172924
0.03232941
0.03572885
0.03315435
0.03383945
0.03219068
0.03439472
0.03745000
0.03099285
0.03304931
0.03101545
0.03685229
0.03810226
0.03446164
0.03294820
0.03501851
0.03306644
0.03153810
0.03027646
0.03460983
0.03259045
0.03526436
0.04295530
0.02814757
0.03862182
0.03322669
0.02971592
0.03163095
0.03437562
0.03254049
0.03432780
0.03958268
0.03056780
0.03746672
0.03946847
0.03474438
0.03397548
0.03475120
0.03220444
0.03013962
0.03655555
0.03506877
0.03136469
0.03129349
0.03744348
0.03330545
0.03224506
0.03177641
0.03194472
0.03589369
0.03506496
0.02994654
0.03345615
0.03179738
0.04114806
0.03528692
0.03021124
0.03094135
0.03806500
0.03109542
0.03150366
0.03109195
0.03347814
0.03551554
0.03685657
0.03898015
0.03188748
0.03320548
0.03185707
0.03421463
0.04503022
0.03230506
0.04122566
0.03483996
0.03560924
0.03063847
0.03803662
0.03785340
0.03361237
0.03114369
0.02861883
0.03317247
0.03709523
0.03541624
0.03392855
0.02998317
0.03351881
0.03577401
0.03399485
0.03367185
0.03891888
0.03315608
0.03826525
0.03029954
0.03640271
0.03556567
0.03407836
0.02844580
0.03440632
0.02943061
0.03964033
0.03311617
0.03108913
0.02926665
0.03212445
0.03531604
0.03410905
0.03067912
0.03420628
0.03635479
0.03552653
0.03469538
0.03467646
0.03285433
0.03493344
0.03483538
0.03022740
0.03182711
0.03039973
0.03125080
0.03188309
0.02989479
0.03237069
0.03330594
0.03817119
0.03518350
0.03596765
0.04158730
0.03454877
0.03619499
0.03702330
0.03861195
0.03481124
0.03746227
0.03057259
0.03374626
0.03830919
0.03346595
0.03479827
0.04021565
0.03469312
0.03100199
0.03423226
0.03517050
0.03436541
0.03464794
0.03502466
0.03641675
0.03595468
0.03449679
0.02966664
0.03051039
0.03484992
0.03184565
0.03212884
0.03128790
0.03054632
0.04009606
0.03055105
0.03252622
0.03320892
0.03477331
0.03661143
0.03482904
0.03446614
0.03459286
0.03150586
0.03496527
0.03063079
0.03230540
0.04080509
0.03242578
0.03538618
0.02880035
0.03363883
0.03154231
0.03054983