0.02905867
0.04569310
0.03651841
0.03022861
0.02642505
0.03270500
0.03039046
0.03242602
0.03058466
0.03233270
0.02872001
0.02775423
0.03175242
0.02939123
0.02616171
0.03078433
0.02961496
0.02781523
0.02919593
0.02675781
0.02410619
0.03120177
0.03751435
0.03522728
0.02694958
0.03793370
0.03148210
0.03427428
0.03134412
0.02961819
0.03150573
0.03013066
0.03098323
0.02815323
0.02727539
0.03254321
0.02993703
0.02973090
0.03227415
0.03280111
0.02735397
0.03169215
0.03489112
0.03433836
0.03160252
0.02942302
0.02717478
0.03504811
0.03291413
0.02961181
0.02707088
0.03796139
0.03204045
0.02912108
0.02993003
0.03079409
0.03178298
0.03442410
0.03556799
0.03302306
0.03007688
0.03142783
0.03033724
0.02890777
0.03182769
0.02860974
0.02916850
0.02851217
0.03159533
0.03087552
0.02862313
0.03169025
0.03132513
0.03545088
0.03153169
0.03469300
0.02920091
0.03340826
0.03520385
0.02418342
0.03200101
0.02705967
0.03437023
0.03289529
0.03716400
0.03845359
0.02628015
0.02784732
0.02860666
0.03078700
0.03232372
0.02928266
0.02936645
0.03324694
0.02909705
0.03211184
0.03148114
0.03005791
0.03384483
0.03134131
0.03427924
0.03331456
0.02822964
0.03243651
0.03169860
0.02977074
0.03071520
0.02862413
0.03291612
0.03036006
0.03244613
0.03768901
0.03180893
0.03246488
0.02718621
0.03594623
0.03101623
0.02658161
0.03262157
0.03212081
0.03060377
0.02915208
0.03210073
0.02739222
0.03311048
0.03096167
0.03183548
0.02785099
0.03046351
0.02669456
0.03022486
0.03162124
0.03106470
0.02974672
0.03187362
0.03183040
0.03390411
0.02876344
0.03328219
0.03097098
0.03264389
0.03106758
0.03389663
0.03031837
0.02697406
0.03356125
0.02673571
0.03171955
0.02885705
0.02866247
0.02868643
0.02708204
0.03409698
0.02877373
0.02749549
0.03105550
0.03056435
0.02833923
0.03134705
0.03205964
0.03494169
0.02967157
0.03354425
0.02952697
0.02951803
0.02969889
0.03104187
0.03013790
0.03080473
0.02925893
0.03432407
0.03265425
0.03048874
0.03114030
0.02760701
0.02789897
0.03452393
0.02732242
0.03583294
0.02875710
0.03531534
0.03186309
0.02818859
0.02749899
0.02872053
0.03023003
0.03371953
0.03301490
0.03080886
0.03045923
0.02715402
0.02917171
0.02896384
0.03563256
0.03004773
0.03237302
0.03352827
0.03330986
0.02888261
0.03048954
0.02754692
0.03072729
0.02804008
0.02951467
0.03156531
0.03425134
0.02766621
0.03176219
0.03280667
0.03133652
0.03170396
0.03157821
0.03213143
0.02815091
0.03406935
0.03497126
0.02622996
0.02712052
0.02776866
0.03365429
0.03399807
0.02999926
0.02761620
0.03001038
0.03234430
0.03138951
0.03115866
0.03470408
0.04107084
0.02843943
0.02813809
0.02375920
0.03667328
0.03360151
0.02996159
0.03282950
0.02974405
0.02597417
0.03277181
0.02568482
0.03348162
0.02798193
0.03655424
0.02920637
0.03406280
0.02963874
0.02762423
0.03211543
0.03263040
0.03276427
0.03125586
0.03395622
0.02734558
0.02888894
0.02962033
0.03035987
0.03353674
0.03466069
0.03506002
0.03273507
0.03076023
0.02732322
0.02902719
0.03183376
0.03586070
0.02900329
0.03196702
0.02994017
0.03094290
0.02938767
0.02933167
0.03577326
0.02841301
0.03061035
0.03356734
0.04151356
0.02853270
0.02837407
0.03167214
0.02894969
0.02812454
0.03139673
0.03103038
0.02614013
0.03007831
0.03257165
0.02871128
0.03669682
0.03315081
0.03221976
0.03199969
0.03195435
0.03116004
0.03640803
0.03554169
0.03381227
0.03246394
0.03177187
0.03078486
0.03257716
0.03186151
0.02969578
0.03043659
0.03149052
0.03610452
0.02872767
0.02719999
0.02820131
0.03171190
0.03065099
0.02581701
0.03061356
0.03200421
0.03352742
0.03112590
0.02570060
0.03246962
0.03083331
0.03364134
0.02607706
0.03079973
0.02674325
0.03144142
0.03250596
0.03158874
0.03784189
0.03080333
0.03037532
0.03176729
0.02924808
0.03038164
0.02913329
0.02778729
0.03456973
0.03172554
0.02814126
0.02810429
0.03341634
0.03555034
0.03003095
0.02862314
0.03476145
0.02906568
0.03399802
0.03214929
0.03300850
0.03071076
0.03064068
0.02591823
0.02959250
0.03863615
0.02989509
0.02655221
0.03226485
0.02796734
0.03072561
0.03316625
0.03251503
0.03064092
0.03154295
0.03050047
0.03281448
0.02865576
0.03038539
0.03601458
0.03273082
0.04419346
0.03154438
0.03666936
0.03009807
0.03347171
0.02853650
0.03180590
0.03192940
0.02942712
0.02751142
0.02907509
0.03465277
0.03172811
0.02967241
0.03071721
0.03472886
0.03328584
0.02651993
0.02657836
0.03351130
0.02974021
0.02892385
0.02834735
0.03290001
0.02779620
0.03219092
0.02521053
0.03337875
0.02943409
0.03361592
0.03440872
0.02946908
0.02736954
0.02887431
0.02942221
0.03030395
0.03042017
0.03156325
0.03339028
0.03091635
0.02875077
0.03019093
0.03852198
0.02860253
0.03459496
0.03102145
0.03678556
0.03561231
0.02719495
0.02927224
0.03424144
0.03206476
0.04328591
0.02941408
0.03585161
0.03004056
0.02937225
0.02969579
0.03386575
0.02905054
0.02917877
0.03305967
0.03035403
0.02849622
0.02830653
0.03197772
0.03086326
0.03301462
0.03019846
0.03555021
0.03668430
0.03864588
0.03084745
0.03535498
0.02498373
0.02731734
0.03617151
0.03006051
0.02908785
0.03041776
0.02821618
0.02969598
0.02988028
0.03936400
0.02711622
0.02567048
0.03012145
0.02540411
0.03158126
0.03155094
0.03489658
0.03135646
0.03268161
0.03557885
0.03136427
0.03469195
0.02857285
0.03648655
0.02989538
0.03006144
0.02716972
0.03515974
0.03178189
0.03478165
0.02651147
0.02977278
0.03408761
0.02636370
0.02824805
0.03133835
0.02805782
0.02775547
0.02791200
0.03429051
0.03200443
0.03261149
0.03191931
0.02985546
0.02886151
0.03565499
0.04019751
0.02866353
0.03206661
0.02698820
0.03106198
0.02744009
0.02829565
0.02770648
0.02712679
0.03217116
0.02880211
0.03151577
0.02869056
0.02721317