0.03152450
0.02891122
0.02840354
0.02108091
0.02767314
0.02590812
0.02436719
0.02743466
0.02869946
0.02759088
0.02539567
0.02416637
0.02962005
0.03274235
0.02437760
0.03000841
0.02554208
0.03077584
0.02188475
0.02806936
0.03056861
0.02567786
0.02826603
0.02851442
0.02704745
0.02596974
0.02886234
0.02794451
0.02697301
0.02871101
0.02864761
0.02715555
0.02596870
0.03182149
0.02863613
0.02653504
0.02962365
0.02908459
0.02711226
0.02864867
0.02640391
0.02730076
0.02878338
0.02642109
0.02975576
0.02782169
0.02784510
0.02808628
0.02635960
0.02654415
0.02573342
0.02718061
0.02692226
0.02643271
0.02590934
0.03250203
0.02880579
0.02637794
0.02740249
0.03077924
0.02436378
0.02710091
0.02947074
0.02869083
0.02593528
0.02703287
0.02547616
0.02435281
0.02881949
0.02705436
0.02781418
0.02578421
0.02538202
0.02625033
0.02772184
0.02703300
0.02430236
0.02579054
0.02677550
0.02664667
0.02675996
0.03052283
0.02575639
0.03046243
0.02728041
0.02504481
0.02819120
0.02632507
0.02819958
0.02422656
0.02961047
0.02628151
0.02577732
0.02689154
0.02691741
0.02891762
0.02551175
0.02652439
0.03265604
0.02716977
0.03082739
0.02440298
0.02519005
0.02751115
0.02611045
0.02719341
0.02706382
0.02765104
0.02600946
0.02824560
0.02808229
0.02704853
0.02581624
0.02751574
0.02689251
0.02647723
0.02615608
0.02483936
0.02573814
0.02801048
0.02861814
0.02710494
0.03332898
0.02698186
0.02851137
0.02542298
0.02549919
0.02662477
0.02713385
0.02484378
0.02773366
0.02490069
0.02609304
0.02811700
0.02477264
0.02775052
0.02432375
0.02646720
0.02942011
0.03031293
0.02625154
0.02678833
0.02641143
0.02660690
0.02722691
0.03194393
0.02683929
0.02863797
0.02513881
0.03333224
0.02693445
0.02599391
0.02936317
0.02893784
0.02768967
0.02754729
0.02583139
0.02520014
0.02831626
0.02603533
0.02692127
0.02582697
0.03053137
0.03026600
0.02612607
0.02917889
0.02939201
0.02489552
0.02651478
0.02611588
0.02603097
0.02708865
0.03017734
0.02560402
0.02888356
0.02905688
0.02641977
0.03108803
0.02858660
0.02892333
0.02587291
0.02888190
0.02608234
0.03172043
0.02315101
0.02730036
0.02683067
0.02955779
0.02902182
0.02836025
0.02612687
0.02435181
0.02272446
0.02944610
0.02712072
0.02510164
0.02546492
0.02912469
0.02772609
0.02330682
0.02692504
0.02574426
0.02641973
0.02774117
0.02758645
0.02326811
0.03157110
0.02839024
0.02669625
0.02790202
0.02900690
0.02542297
0.02978318
0.02722884
0.02859162
0.02985907
0.02570381
0.02665723
0.02997198
0.02525375
0.02753665
0.02557471
0.02759602
0.02854922
0.02780567
0.02562797
0.02508715
0.03184440
0.02817528
0.02987651
0.02980804
0.02606589
0.02566025
0.02836855
0.02596430
0.02771990
0.02893243
0.02551503
0.02380105
0.02394613
0.02543267
0.02513545
0.02501686
0.02450006
0.02489116
0.02728222
0.02643604
0.02621880
0.03069341
0.02505769
0.02618064
0.02535789
0.02707132
0.02686268
0.02653652
0.02939031
0.02834175
0.02974793
0.02758812
0.02666082
0.02827425
0.02770798
0.02637519
0.02815307
0.02473089
0.02652436
0.02684585
0.02809997
0.02738858
0.03036368
0.02710364
0.02849385
0.02653248
0.02427447
0.02783128
0.02731740
0.02899939
0.02789311
0.02479679
0.02329244
0.03106336
0.02701524
0.02683198
0.02539475
0.02568564
0.03094447
0.02559661
0.02726230
0.02456658
0.02636368
0.02623723
0.02592126
0.02565144
0.03455983
0.02485991
0.02855333
0.02319070
0.02559255
0.02721661
0.03004301
0.02631228
0.02769480
0.02414990
0.02946463
0.02699611
0.02748852
0.02708985
0.02761418
0.02454790
0.02539047
0.02879284
0.03353785
0.02526475
0.02599306
0.02683153
0.02633867
0.02611489
0.02373632
0.02592366
0.02676871
0.02542993
0.02401597
0.02694341
0.02555675
0.02665066
0.02522268
0.02698425
0.02975934
0.02860842
0.02526815
0.02858649
0.02819402
0.03286035
0.02941270
0.02543741
0.02984482
0.02874379
0.02530446
0.02798646
0.02973362
0.03084941
0.02871457
0.02551652
0.02508306
0.02910469
0.02727103
0.02657407
0.02517282
0.02526793
0.02444192
0.02653418
0.02572984
0.03070160
0.03059745
0.03015266
0.03251273
0.02467323
0.02834450
0.02730512
0.02420233
0.03004772
0.02995160
0.02654593
0.02626684
0.02592672
0.02932967
0.02804066
0.02646823
0.02754106
0.02817418
0.02994554
0.02825982
0.02960112
0.02657734
0.02541355
0.02589906
0.02726493
0.03007739
0.02797536
0.02984052
0.02859221
0.02775482
0.02885674
0.02507025
0.02523694
0.02497325
0.02571513
0.02757992
0.02716931
0.02522684
0.02972612
0.02675262
0.03121082
0.02851136
0.02615758
0.02803542
0.02692810
0.03062093
0.02936626
0.03103844
0.02837501
0.02975570
0.02592000
0.02637091
0.02614093
0.02786622
0.02575523
0.02694563
0.02764252
0.02423186
0.02566341
0.02567265
0.02751813
0.03018269
0.03002486
0.02498838
0.02745776
0.02522158
0.02674083
0.02572190
0.03289819
0.03141332
0.02757333
0.02913980
0.02741430
0.02566438
0.02757553
0.02629080
0.02752977
0.02614054
0.02797611
0.02822865
0.02812400
0.02691813
0.02601351
0.03064357
0.02827293
0.02784299
0.02558689
0.02883498
0.02851828
0.02699342
0.02913612
0.03411809
0.02979041
0.02819874
0.02622956
0.02633462
0.03086496
0.02592023
0.02934752
0.03052608
0.02389921
0.03730634
0.02629879
0.02916521
0.02568155
0.02586834
0.02508300
0.02526465
0.02702586
0.02999096
0.02500040
0.02644886
0.02379712
0.02747397
0.02773054
0.02758938
0.02615863
0.03240156
0.03035134
0.02436433
0.02836501
0.02881994
0.02752437
0.02519402
0.03379814
0.02739642
0.02667255
0.02657130
0.02707985
0.02728271
0.02480179
0.03046461
0.02787114
0.02876589
0.02740873
0.02965058
0.02844029
0.03075333
0.02923680
0.03108856
0.02891857
0.02801627
0.02699786
0.02700375
0.02866724
0.02622690
0.02872643
0.02524401