0.07295452
0.07836121
0.07728297
0.07916015
0.12280205
0.07156458
0.07850460
0.07843155
0.07971449
0.07242809
0.07336880
0.08168168
0.08694645
0.07302337
0.07358680
0.08377577
0.07546012
0.08550158
0.07365772
0.07474811
0.07651324
0.07703715
0.08446816
0.08087412
0.07537882
0.07156912
0.07795886
0.08443592
0.07617964
0.07850909
0.08125620
0.07951628
0.08520881
0.07853485
0.12829887
0.08813974
0.07629664
0.07436326
0.07975068
0.07343653
0.07750794
0.08582831
0.07753839
0.06999219
0.08260605
0.08614146
0.09643815
0.07961645
0.07770959
0.07600672
0.09871126
0.12492219
0.07416591
0.08644197
0.08100687
0.08008889
0.07775236
0.07605411
0.08107226
0.08367658
0.07508985
0.07327488
0.07885114
0.08265884
0.08120723
0.08458703
0.08172842
0.07520421
0.08206566
0.07626149
0.07526481
0.07710650
0.08392723
0.07426060
0.07577355
0.07441224
0.07793941
0.07439962
0.08021205
0.07942557
0.08317755
0.08269041
0.07561192
0.08858060
0.08207274
0.08732701
0.07763672
0.07216196
0.08575234
0.08073785
0.08029792
0.07868775
0.07855113
0.08611544
0.08348849
0.07965423
0.07564148
0.07317314
0.08959008
0.08141501
0.09119911
0.08532312
0.07540046
0.07115640
0.08236390
0.07305466
0.07312405
0.07606553
0.07932749
0.09434626
0.07405946
0.08137045
0.08659290
0.07818078
0.07467059
0.07971429
0.09327501
0.07674261
0.07382660
0.07575081
0.07218678
0.08231968
0.07922862
0.08386860
0.08305119
0.08340650
0.07650703
0.07624477
0.07557349
0.07328053
0.07676975
0.08490473
0.07954920
0.07587290
0.08658464
0.09428578
0.08593218
0.07912275
0.07373012
0.08303563
0.07490627
0.08449711
0.07563676
0.08827120
0.07558993
0.07637644
0.08002004
0.07984613
0.07254720
0.07980346
0.07980292
0.09740009
0.09028000
0.08398510
0.07337659
0.07342083
0.07954200
0.07272355
0.07725628
0.08616449
0.08649221
0.08081390
0.06951883
0.08423607
0.08279143
0.06771685
0.07936256
0.07574291
0.07654993
0.08380572
0.08375100
0.07268440
0.08736595
0.08168703
0.07678857
0.07284518
0.08099077
0.08069474
0.08683696
0.08321609
0.07649841
0.08452463
0.08147219
0.07517198
0.08937676
0.07801378
0.07914753
0.07651889
0.07834986
0.09212084
0.07946343
0.07208026
0.07850633
0.08787840
0.07539605
0.07989438
0.07253618
0.07888244
0.07968085
0.08120339
0.08223861
0.09315001
0.07678572
0.08256639
0.08573291
0.08322296
0.07803072
0.08107655
0.07171352
0.08345311
0.08884634
0.08238418
0.07470689
0.08424186
0.08135489
0.09682887
0.07193166
0.07226615
0.08324912
0.07546005
0.07262706
0.08200127
0.07809300
0.07529415
0.08015320
0.08122830
0.07095654
0.07970374
0.08158592
0.09035077
0.08019859
0.09030699
0.08625762
0.07381604
0.07923230
0.08952570
0.07440850
0.08422864
0.07380123
0.07632335
0.08641797
0.08408875
0.08075591
0.07870815
0.07743511
0.07979620
0.07984463
0.07456531
0.09514776
0.08543117
0.08245425
0.07711655
0.08252673
0.07565712
0.07657113
0.07487821
0.07319543
0.08035641
0.07893228
0.08283652
0.07180464
0.07532186
0.08500515
0.07866394
0.07599574
0.08197716
0.07710892
0.08606375
0.08078377
0.07967507
0.07632566
0.07320405
0.08632463
0.07747358
0.08105797
0.08447956
0.08432523
0.08103567
0.07698784
0.08269424
0.07543943
0.08067895
0.07437142
0.07892335
0.08495409
0.08056349
0.08063667
0.07696396
0.08294258
0.08621659
0.08280378
0.08556759
0.08045985
0.08234478
0.09707789
0.08705474
0.08824646
0.07456514
0.10801058
0.07514904
0.07205558
0.07656087
0.08917712
0.07775468
0.08288461
0.08939413
0.07454886
0.08206039
0.08096550
0.08017204
0.08435023
0.08194502
0.07800364
0.08660762
0.07703982
0.08449016
0.07742491
0.07829513
0.07546832
0.07566285
0.07669183
0.08749075
0.07502723
0.08732379
0.07743857
0.07748524
0.08167341
0.07995762
0.07426477
0.09117773
0.08946577
0.08819512
0.07678425
0.07398428
0.10978019
0.09366828
0.07913898
0.07596598
0.08653464
0.07560826
0.07256444
0.08438885
0.08129492
0.07955781
0.07434838
0.07621993
0.08794177
0.08119002
0.07224804
0.07254767
0.07618236
0.07564409
0.07747657
0.07556376
0.07670761
0.07874368
0.07827211
0.08606668
0.10251647
0.07474666
0.07608696
0.08291357
0.07538681
0.07659088
0.08458277
0.08071919
0.09460903
0.07477249
0.07497685
0.07619507
0.07361098
0.08692724
0.07165211
0.07223268
0.07550137
0.07664636
0.07643728
0.09222255
0.08344731
0.07537524
0.07892260
0.07384020
0.08089341
0.07496173
0.09036781
0.07426672
0.07367318
0.06845101
0.08260864
0.07931328
0.07331866
0.09028359
0.07961673
0.07716617
0.07737927
0.07873388
0.07588695
0.07761169
0.07683534
0.08111709
0.07170794
0.07542006
0.09862205
0.07840935
0.08167897
0.08100298
0.07597653
0.07873145
0.08322035
0.07768665
0.07938096
0.07805239
0.07824392
0.07828867
0.08602238
0.08744872
0.07731966
0.09585358
0.07504962
0.08281283
0.07593084
0.07528810
0.08954321
0.07634461
0.07458706
0.07674718
0.07752318
0.07520214
0.08485195
0.08536450
0.08411089
0.07939688
0.07634626
0.07311824
0.07614586
0.07762154
0.08008119
0.07737494
0.08428911
0.08038785
0.08964533
0.08049727
0.08546802
0.07846425
0.07774525
0.08346152
0.07548216
0.07521954
0.07784477
0.09034711
0.07322883
0.08013220
0.08621379
0.07579828
0.07395215
0.07615508
0.08657679
0.07994113
0.07895104
0.07656092
0.07455152
0.07167131
0.07965095
0.07935138
0.07774040
0.08059264
0.07529867
0.07665128
0.07374965
0.07436269
0.07220088
0.07436651
0.07399605
0.07475004
0.08239202
0.07060442
0.08952313
0.07619763
0.07971375
0.09148547
0.07891207
0.07726858
0.09893668
0.08831141
0.07507303
0.07420961
0.07699864
0.07589119
0.08296167
0.07256344
0.07731476
0.08493144
0.07751785
0.07737138
0.07817376
0.08027355
0.07763435
0.07591953
0.09872299
0.08062717