0.02463631
0.02858201
0.02299812
0.02638166
0.02250867
0.02599173
0.02748546
0.02432506
0.02906662
0.02188092
0.02471521
0.02582527
0.02239861
0.03149017
0.02423007
0.02323601
0.02885741
0.02839346
0.02462913
0.02492184
0.02492379
0.02812669
0.02523336
0.02586358
0.02438254
0.02668343
0.02413575
0.02509528
0.02149582
0.03329424
0.02678170
0.02378442
0.02493191
0.02588920
0.02858763
0.02506377
0.02615534
0.02860632
0.02507407
0.02522291
0.02639537
0.02596997
0.02388487
0.02954706
0.02464860
0.02715264
0.02440770
0.03066784
0.02910149
0.02566171
0.03055908
0.02736598
0.02719516
0.02926687
0.02470544
0.02513718
0.02299054
0.02816707
0.02806241
0.02414168
0.02597277
0.02890212
0.02959637
0.02435272
0.02619783
0.02460902
0.02673718
0.02874486
0.02542764
0.02821718
0.02591062
0.02605556
0.02494857
0.02623661
0.03036867
0.02678896
0.02527036
0.02504005
0.02476374
0.02832718
0.02391417
0.02458527
0.02795767
0.02690960
0.02483309
0.02295956
0.02340726
0.02640675
0.02147262
0.02668074
0.02384040
0.02605545
0.02775180
0.02480159
0.02478131
0.02446603
0.02388448
0.02497084
0.02751872
0.02339309
0.02486899
0.02195926
0.02944719
0.02532757
0.02409946
0.02336393
0.02374798
0.02352800
0.02313860
0.03569343
0.02629142
0.02752076
0.02400502
0.02615289
0.03058908
0.02861111
0.02701621
0.02493738
0.02727415
0.02394502
0.02751801
0.03341178
0.02589393
0.02633604
0.02667831
0.02412299
0.02313235
0.02673631
0.02989302
0.02464208
0.02593263
0.02791531
0.02536753
0.02582624
0.02337613
0.02253991
0.02639711
0.02410915
0.03094838
0.02553819
0.02439717
0.02376903
0.02290894
0.03363584
0.02434172
0.02740429
0.02562972
0.02694586
0.02391982
0.02513547
0.02884118
0.02531475
0.02673239
0.02285660
0.02464311
0.02416895
0.02593445
0.02429131
0.02633207
0.02523239
0.02528960
0.02210567
0.02360851
0.02338466
0.02857837
0.02496709
0.02580032
0.02628310
0.02261712
0.02406474
0.02679663
0.03038434
0.02752346
0.02509568
0.02825378
0.02488549
0.02733652
0.02515123
0.02847185
0.02597006
0.02329996
0.02217046
0.02602937
0.02924830
0.02641349
0.02545873
0.02359243
0.02485546
0.03016869
0.02215397
0.02332075
0.02401250
0.02659126
0.02414824
0.02377087
0.02756065
0.02806029
0.02470112
0.03145641
0.02500871
0.02409938
0.02786660
0.02100027
0.02770189
0.02391225
0.02510230
0.02374508
0.02889003
0.02576617
0.02920006
0.02597823
0.02558652
0.02558633
0.02756535
0.02690421
0.03085736
0.02566232
0.02761369
0.02635566
0.02504757
0.03048183
0.02681516
0.02529537
0.02506596
0.03389189
0.02864035
0.02346115
0.02648553
0.02753113
0.02571585
0.02291751
0.02550436
0.03178933
0.02220589
0.02945598
0.02734752
0.02367392
0.02844820
0.02260218
0.02400254
0.02569617
0.02533286
0.02644135
0.02762028
0.03108222
0.02906242
0.02394621
0.02324645
0.02284813
0.02190762
0.03343487
0.02815899
0.02870593
0.02321350
0.02808931
0.02494973
0.02262089
0.02643424
0.02777085
0.02437117
0.02746423
0.02218061
0.02637530
0.02517985
0.02842897
0.02306946
0.02496476
0.02626477
0.02563244
0.02408022
0.02807398
0.02822039
0.02513310
0.02379641
0.02808795
0.02199846
0.02358868
0.02448718
0.02188704
0.02609352
0.03171499
0.03109308
0.02762951
0.02463411
0.02586434
0.02946458
0.02473776
0.02621262
0.02881359
0.02389287
0.02861683
0.02586974
0.02337227
0.02875109
0.02279038
0.02568551
0.02891059
0.02775912
0.02679385
0.02613364
0.02685647
0.02634614
0.02507532
0.02537074
0.02613080
0.02536409
0.02522420
0.02335097
0.02735690
0.02524551
0.02246037
0.02926844
0.02391291
0.02497183
0.02561750
0.02649616
0.02704975
0.02741100
0.02644341
0.02350865
0.02824659
0.02417267
0.02745917
0.02215014
0.03094616
0.02582068
0.02700130
0.03078888
0.02380471
0.02424740
0.02461301
0.03189512
0.02469127
0.02410316
0.02791572
0.02627983
0.02621619
0.02417046
0.02618695
0.02801156
0.02716164
0.02394255
0.03058496
0.02579188
0.02286779
0.02582588
0.02797571
0.02930926
0.02537625
0.02825702
0.02983142
0.02650569
0.02422607
0.02375777
0.02324576
0.02518626
0.02636620
0.02898013
0.02374997
0.02347364
0.03047344
0.03168788
0.02624528
0.02746131
0.02644565
0.02910761
0.02711370
0.02608842
0.02461523
0.02764491
0.02632709
0.02792446
0.02721562
0.02744529
0.02410968
0.02328481
0.02537389
0.02715450
0.03639384
0.02280250
0.02712264
0.02517973
0.02765649
0.02458268
0.02422888
0.02524542
0.02328096
0.02459603
0.02261600
0.02342343
0.02268291
0.03003681
0.02788340
0.02533684
0.02463783
0.02293006
0.02552888
0.02275429
0.02200707
0.02692680
0.02548504
0.02441921
0.02539515
0.02769132
0.02603859
0.02390788
0.02609212
0.02718500
0.02275849
0.02439133
0.02525191
0.02295764
0.02504756
0.02831773
0.02346517
0.02349629
0.02688803
0.02480015
0.02586310
0.02872695
0.02334090
0.02113885
0.02253015
0.02491945
0.02751863
0.02935873
0.02987553
0.02314053
0.02730493
0.02402020
0.02739114
0.02893139
0.02677799
0.02749884
0.02959173
0.03086262
0.02768745
0.02548390
0.02932975
0.02947489
0.02456976
0.02206953
0.02272145
0.02220191
0.02697514
0.02581227
0.02519652
0.02724926
0.02603767
0.02464464
0.02469134
0.02661121
0.02592718
0.02189832
0.02793085
0.02387899
0.02401012
0.02365728
0.02523469
0.02583968
0.02524185
0.02376337
0.02924908
0.02738718
0.02283462
0.02688380
0.02583275
0.02629460
0.02742475
0.02476603
0.02888041
0.03089996
0.02499165
0.02587300
0.02506483
0.02698919
0.02570902
0.02175636
0.03209387
0.02541126
0.02462014
0.02502628
0.03200329
0.02961281
0.02775757
0.02463028
0.02554037
0.02330858
0.02454979
0.02590574
0.02537300
0.02645066
0.02794167
0.02659637
0.02293342
0.02637001
0.02632374
0.02724733
0.02455799
0.02459907