0.04669928
0.03461616
0.03903523
0.03600540
0.04445051
0.03433727
0.04079824
0.03420523
0.04441888
0.03580060
0.03295641
0.04610154
0.03412652
0.04237787
0.04088816
0.04072262
0.03629989
0.04174898
0.03609973
0.03474008
0.03429584
0.03292252
0.03288117
0.05004690
0.03513429
0.04378291
0.04142635
0.04427793
0.04012101
0.03452391
0.03540628
0.03899038
0.03939851
0.04230610
0.03768154
0.04391478
0.03726637
0.04012440
0.03743346
0.03683530
0.03109764
0.03841316
0.03733154
0.03788685
0.04282299
0.03754872
0.03758392
0.04087229
0.03250343
0.04787965
0.03708327
0.04127398
0.04122116
0.03606503
0.03483674
0.03884705
0.04557825
0.03430793
0.03815597
0.03803052
0.04151343
0.03626779
0.03562787
0.03794330
0.03594535
0.03437144
0.03634976
0.03971379
0.03515523
0.03497008
0.03923056
0.03560956
0.05554538
0.04164469
0.04664844
0.04594823
0.03691174
0.04836479
0.03674062
0.04370921
0.05127676
0.04034986
0.04272719
0.03782676
0.03395065
0.03861360
0.03706770
0.06794222
0.03943994
0.03616704
0.03661758
0.04742610
0.04395814
0.03554839
0.03586740
0.03534678
0.03774786
0.03958864
0.03378224
0.04148280
0.04740652
0.03393737
0.03827941
0.04174887
0.03470331
0.03987189
0.03417292
0.03621231
0.03740588
0.03903849
0.04453077
0.04169945
0.03996363
0.03269464
0.03823355
0.03442240
0.03428645
0.04255054
0.04222233
0.03904396
0.03502385
0.03793611
0.03272167
0.03975513
0.03735446
0.03971275
0.04069934
0.03454797
0.03435939
0.03816387
0.03631343
0.03248937
0.04231348
0.04417691
0.03774750
0.03933718
0.03807127
0.03600557
0.03366699
0.03798599
0.03789049
0.03624537
0.03810645
0.04019731
0.03713142
0.03366521
0.03446799
0.04675833
0.03826579
0.04431559
0.03637585
0.03673716
0.03744303
0.03464590
0.03656967
0.03863433
0.03921429
0.04027228
0.04182335
0.04114604
0.03655640
0.03775463
0.04137508
0.03638219
0.04173416
0.03560942
0.03391846
0.03149546
0.04073011
0.03535365
0.03989920
0.04401119
0.03840783
0.03625340
0.04336905
0.03463168
0.03395349
0.04189261
0.03363840
0.03639370
0.03928759
0.03710807
0.03589338
0.03357385
0.03715051
0.03571384
0.03537481
0.03825785
0.03924378
0.03577792
0.03695388
0.03872571
0.03751299
0.05007817
0.03442391
0.03847071
0.03564469
0.04741596
0.03910615
0.04127711
0.03351276
0.03494208
0.03339002
0.03801216
0.04079660
0.03976709
0.03839433
0.03807932
0.03759073
0.03310014
0.03876726
0.03626215
0.04051062
0.03475014
0.04276213
0.04059568
0.03359611
0.03706384
0.03569900
0.04148103
0.03590923
0.03634580
0.03686864
0.03880449
0.03387934
0.03818717
0.03759591
0.03696764
0.03361002
0.03962685
0.04166654
0.03425705
0.03224467
0.03821220
0.03838797
0.04025183
0.03316268
0.03653472
0.03550775
0.03402242
0.03633905
0.03542973
0.03744138
0.03320860
0.03810453
0.03530314
0.03469921
0.03321843
0.03543287
0.03786974
0.03524943
0.03583146
0.03559501
0.04128159
0.04032103
0.03788288
0.03428991
0.03294721
0.04177258
0.03546476
0.03606401
0.03357762
0.03200729
0.04062171
0.03791537
0.03350010
0.03991810
0.03489344
0.03424578
0.05178041
0.03476480
0.04806865
0.03796268
0.04199657
0.03222997
0.03471549
0.03699598
0.04297653
0.04424998
0.04308606
0.03569050
0.03780949
0.03511820
0.04156368
0.03633500
0.04328422
0.03450552
0.03039151
0.03691719
0.04169565
0.03595987
0.03431698
0.03870826
0.03417589
0.03672913
0.03754624
0.03496428
0.04286886
0.03660174
0.03942596
0.03920941
0.03629842
0.03624685
0.03677705
0.03871545
0.03489860
0.03406447
0.03650574
0.03692291
0.04487250
0.03490586
0.04690358
0.03154708
0.04361684
0.04386065
0.03421686
0.03386486
0.04277891
0.04489297
0.03534426
0.03933468
0.03567286
0.03824153
0.04545526
0.03701755
0.03988420
0.03490361
0.03254100
0.04927748
0.03457134
0.05110112
0.03587583
0.03642617
0.03645857
0.03677299
0.04003090
0.03889608
0.03581307
0.03842974
0.04324068
0.03911265
0.04378185
0.04014197
0.03610466
0.03221577
0.03623434
0.04002336
0.03757750
0.03884968
0.03652473
0.03644241
0.04295355
0.04160570
0.04983829
0.05139187
0.04833911
0.04267780
0.03915364
0.04357763
0.05041533
0.03593568
0.03781441
0.03672241
0.04423357
0.03889443
0.03822706
0.03888801
0.03110182
0.03191817
0.03452490
0.03692135
0.04127280
0.03818254
0.04137100
0.03847126
0.03862397
0.03930701
0.03482988
0.03995186
0.03766475
0.03246462
0.04084144
0.04440443
0.03493817
0.04027248
0.04789473
0.03740875
0.04006597
0.03462539
0.03409966
0.03440696
0.03382433
0.03751779
0.03318264
0.03553468
0.05586853
0.04273427
0.03714769
0.04205044
0.03741862
0.03403310
0.03431979
0.03415814
0.04165058
0.03509056
0.03758370
0.03679968
0.03506049
0.03826346
0.03664117
0.03858389
0.03544138
0.03977450
0.03625986
0.03571433
0.03772154
0.03284882
0.03437414
0.03898639
0.04024451
0.03957537
0.03418526
0.03535903
0.03855541
0.03690627
0.04259516
0.04362655
0.03856176
0.03341102
0.04215209
0.03825622
0.03998519
0.05144554
0.03687622
0.04061802
0.03747514
0.04070548
0.04205344
0.03164084
0.03548882
0.03549631
0.04189570
0.03819579
0.03962959
0.03240976
0.03093367
0.03412705
0.03893364
0.03899767
0.04193145
0.03453209
0.03399394
0.03556700
0.04757165
0.03532126
0.03375244
0.03160837
0.05071089
0.04066125
0.03259786
0.04788790
0.03914512
0.04064968
0.04022567
0.03511765
0.03698964
0.03795905
0.03534723
0.03913133
0.03637833
0.03890904
0.03449565
0.03820825
0.03751642
0.03588443
0.03947681
0.03399299
0.03843734
0.03361371
0.03836037
0.03387487
0.03571284
0.04008088
0.03822126
0.03666900
0.03885914
0.03501017
0.05946100
0.04165961
0.03726703
0.04042762
0.04205661
0.03532829
0.03508029
0.03343127
0.03461630
0.03694247
0.03311051
0.03704841
0.03313420