0.19805583
0.20903140
0.12725392
0.19766238
0.16916719
0.14628980
0.26223807
0.19898710
0.15746683
0.17581082
0.18166266
0.15422171
0.16059503
0.14026046
0.19234638
0.18454606
0.13538181
0.20759309
0.15763768
0.15874897
0.18646601
0.24747829
0.15725067
0.14618997
0.18967024
0.14386699
0.20507083
0.15602512
0.18572376
0.16841186
0.14889327
0.14455387
0.15818161
0.18732698
0.17064123
0.16261637
0.12780977
0.14712443
0.15068059
0.19267784
0.16779160
0.14293434
0.19742111
0.15128963
0.14885408
0.16825578
0.17011315
0.11639340
0.13677426
0.12119859
0.19182867
0.16745274
0.15790093
0.14785345
0.17015758
0.17952420
0.20676497
0.24938520
0.16805472
0.24222133
0.13345346
0.14132394
0.13396453
0.14914459
0.17297347
0.12301308
0.19315248
0.14886564
0.18308249
0.15839131
0.15269426
0.14974862
0.17046885
0.14644261
0.21948434
0.24325754
0.21565171
0.15837944
0.15616727
0.20269372
0.16978678
0.21484968
0.19217924
0.12700629
0.15879723
0.20891093
0.23825401
0.19301660
0.12498606
0.32314813
0.16916601
0.16196026
0.18306430
0.15186342
0.14720264
0.16679518
0.14739270
0.13675892
0.16450740
0.17542283
0.17528275
0.14216495
0.17777488
0.14591569
0.18341143
0.17558444
0.17980708
0.20817360
0.15309525
0.16643026
0.16880467
0.15059338
0.16667087
0.14081685
0.16308908
0.15343618
0.16254012
0.21084189
0.18801777
0.23341300
0.16094163
0.29497296
0.18557648
0.24258960
0.20699177
0.15350046
0.13620571
0.13785568
0.14540624
0.13256292
0.14657852
0.18923905
0.21669055
0.16158883
0.15366012
0.18502660
0.18832283
0.16355317
0.15916274
0.12636748
0.15638373
0.26027057
0.24286064
0.20067631
0.17719693
0.18887224
0.17240137
0.13602863
0.16588415
0.16373890
0.20933673
0.20581726
0.14300540
0.15364664
0.20986967
0.18814764
0.15043475
0.14246778
0.13008453
0.15494793
0.17924897
0.20221438
0.15171024
0.15887226
0.15433465
0.21907547
0.25021268
0.17137895
0.13301123
0.15099994
0.15417534
0.16498753
0.14461573
0.16774490
0.25966850
0.13150018
0.18687000
0.16723671
0.15527001
0.17617705
0.15763039
0.12984384
0.21435358
0.16870756
0.14903344
0.22629807
0.20835478
0.13564122
0.18578410
0.14857078
0.46378473
0.14775295
0.15865263
0.22393937
0.19414325
0.13013454
0.24444248
0.13670527
0.38053553
0.20493734
0.11987610
0.18587523
0.14671083
0.12992354
0.15743503
0.16616736
0.12476940
0.20687372
0.14374501
0.18532320
0.13840119
0.19424419
0.11652746
0.16125348
0.15111764
0.15016785
0.20334834
0.15246198
0.16026368
0.15855990
0.16331881
0.24992636
0.13777208
0.16101874
0.20381093
0.16548567
0.14571355
0.18272698
0.12382589
0.13043586
0.23434373
0.15207605
0.13723680
0.14950927
0.15652254
0.15150657
0.17823748
0.12553994
0.14550025
0.15904377
0.16656137
0.17570635
0.13260523
0.22422339
0.16622778
0.15802357
0.17189227
0.13517397
0.16542224
0.15817096
0.12640853
0.17730878
0.14063253
0.15117787
0.16382852
0.17332182
0.13615620
0.14979903
0.15840175
0.12445150
0.16951504
0.15258641
0.15550830
0.20741524
0.15680535
0.18089809
0.14799721
0.13694835
0.14944357
0.23944335
0.17180734
0.16351185
0.19160809
0.19891212
0.18010556
0.15706834
0.24307553
0.12836329
0.19195064
0.13817190
0.15380282
0.16436573
0.12468110
0.12363274
0.22069465
0.20521414
0.15788745
0.13049557
0.17882529
0.15753266
0.14776239
0.17925347
0.17462313
0.15563376
0.19856361
0.15770112
0.14937127
0.15273818
0.18032838
0.19085829
0.20208851
0.14865041
0.13323099
0.13896005
0.17412538
0.13234834
0.14951109
0.19807188
0.15538492
0.19148319
0.19728755
0.15775789
0.18509524
0.18071548
0.21336462
0.17304128
0.12921341
0.24139989
0.17446223
0.14481356
0.17242189
0.18686285
0.13072510
0.17071732
0.16034466
0.15547906
0.15487276
0.13445836
0.16078398
0.17438733
0.13990599
0.26399881
0.44675388
0.18095814
0.14638413
0.16278861
0.15494944
0.15337606
0.17399221
0.16072227
0.25374491
0.14074177
0.12756825
0.27164911
0.21112487
0.14889279
0.15082557
0.15760619
0.12551193
0.16699674
0.13901180
0.12487966
0.14916491
0.31373760
0.15499934
0.17672798
0.15438061
0.18786710
0.12743865
0.15643224
0.15578300
0.13290960
0.15552788
0.15119309
0.19885376
0.15455149
0.32405920
0.16550141
0.15731751
0.15299973
0.18772085
0.15189489
0.15898152
0.18398437
0.15138487
0.13557377
0.21873407
0.15930282
0.16200850
0.15582896
0.16422099
0.12872473
0.15053620
0.18641234
0.14535065
0.15024193
0.16001399
0.15067315
0.14158579
0.20064960
0.21844228
0.14091302
0.19199313
0.12741283
0.19757822
0.32978394
0.14718073
0.19975946
0.15116583
0.24269566
0.22850773
0.12477138
0.16862342
0.17083427
0.12809523
0.17159449
0.13955234
0.12507986
0.17466309
0.12288301
0.13412721
0.14792950
0.18476111
0.17331422
0.14654367
0.14461700
0.17894452
0.15520961
0.22356887
0.25087061
0.17920690
0.15958863
0.19349163
0.13958129
0.17186291
0.13546398
0.18259853
0.14631957
0.21999957
0.17472304
0.12848454
0.13109425
0.14459251
0.25346247
0.16180231
0.12984093
0.14433243
0.15009313
0.15808313
0.16140488
0.18693720
0.33861664
0.27161733
0.20054502
0.14612831
0.37070589
0.18414159
0.17077284
0.16303235
0.15852914
0.20340139
0.17412221
0.16116639
0.16449963
0.16181591
0.15099497
0.15567572
0.20581696
0.18314685
0.20225156
0.21701585
0.15531199
0.13395305
0.12232251
0.15938645
0.12858953
0.19686407
0.20777885
0.21872851
0.13829756
0.17558001
0.14285052
0.17826528
0.15908630
0.13445280
0.19860277
0.25855279
0.14436124
0.13096583
0.14075902
0.17782914
0.16314306
0.14626797
0.12628462
0.14019244
0.13657751
0.17176570
0.18083521
0.17827170
0.18361478
0.14327570
0.16672717
0.14771722
0.12978903
0.13949204
0.14336470
0.12815596
0.19347607
0.15768848
0.12754149