0.04630628
0.04878141
0.05121260
0.05449404
0.04767039
0.04499339
0.04721555
0.04563288
0.06363750
0.04491026
0.05030718
0.04471805
0.04731410
0.04833789
0.04513307
0.04760612
0.04560308
0.05194652
0.04815222
0.04414932
0.04743016
0.04503450
0.04790767
0.04275134
0.04573366
0.04696741
0.05792005
0.04477878
0.04692230
0.04479552
0.05216448
0.04747490
0.04405009
0.04285694
0.04764677
0.04760330
0.05707292
0.04834362
0.04794206
0.04514960
0.04926890
0.04550032
0.05093181
0.04868158
0.05315437
0.06175065
0.04702025
0.04806170
0.05093344
0.04200134
0.05022248
0.04524760
0.04964958
0.04602723
0.06242625
0.04521454
0.04754477
0.04354647
0.05455848
0.04638090
0.04430220
0.04936699
0.04568724
0.05031960
0.04887258
0.05740892
0.04343281
0.04465147
0.05156679
0.04520434
0.05512873
0.04857758
0.07151556
0.04703801
0.04628989
0.04937824
0.04498728
0.04652126
0.04543952
0.04342159
0.04226002
0.05937053
0.04458720
0.04936756
0.04618312
0.05105734
0.04991904
0.04937035
0.05160356
0.04842463
0.05009588
0.04310035
0.04670817
0.04376602
0.05595007
0.04604765
0.04973321
0.05234209
0.04910578
0.04997612
0.04598179
0.04517942
0.04872478
0.04116165
0.04587998
0.05033294
0.04684517
0.04336651
0.04475407
0.04527826
0.05049163
0.05414656
0.04689298
0.04811436
0.05104964
0.04347538
0.04689459
0.04954538
0.04953095
0.05581882
0.05988570
0.04911925
0.04835706
0.04865214
0.05093943
0.04694873
0.05695635
0.05034061
0.04927410
0.05055119
0.04808633
0.04870222
0.04931954
0.05033626
0.04527568
0.04544369
0.04811701
0.04404301
0.04844494
0.04464294
0.04906663
0.04413655
0.04943557
0.04687041
0.05707346
0.04604079
0.04558237
0.04648330
0.05045886
0.04496063
0.04422586
0.04703874
0.05157542
0.04279135
0.04825723
0.04999222
0.04993617
0.04413989
0.04811545
0.04973542
0.04884114
0.04414041
0.05056347
0.04624045
0.04187596
0.04692399
0.04515422
0.04528329
0.04777631
0.04162578
0.04529022
0.04691422
0.05650378
0.04452989
0.05245412
0.04347500
0.05070184
0.04281792
0.04375168
0.05552872
0.05754758
0.04685989
0.05073285
0.04484779
0.04653391
0.04572434
0.04790764
0.04694731
0.04586221
0.05594993
0.04552955
0.04540910
0.05192402
0.05253908
0.04151090
0.04441657
0.04687043
0.04397850
0.04883041
0.04609167
0.04300454
0.05063472
0.04647394
0.04870813
0.04896342
0.04454061
0.04225272
0.04680590
0.05519377
0.04306275
0.04528301
0.04693676
0.04888589
0.04649833
0.04634504
0.04453400
0.04424063
0.04496874
0.04200873
0.04239343
0.05003060
0.04543770
0.04621320
0.04067772
0.04745154
0.04962976
0.04304484
0.04576838
0.04479203
0.05227739
0.05727647
0.04314802
0.05412676
0.04379427
0.04608683
0.04779227
0.04419497
0.05032289
0.05076941
0.05445102
0.04374973
0.04465386
0.05270690
0.04492948
0.04422047
0.05177847
0.05068048
0.04246191
0.04351385
0.04650632
0.04363591
0.04734276
0.04144370
0.04937279
0.04362996
0.04534151
0.04687927
0.04950232
0.04555914
0.04462016
0.04592951
0.04558894
0.04809637
0.04610333
0.04651026
0.04400447
0.04201927
0.04678475
0.04548402
0.05079324
0.04653425
0.04749048
0.05038362
0.06014432
0.05160066
0.04749654
0.04249594
0.04312551
0.04424757
0.04901182
0.04832633
0.04791791
0.04629654
0.04393369
0.04755776
0.05005252
0.04916441
0.04817544
0.04658390
0.04427763
0.04827795
0.05030771
0.04925333
0.04152085
0.05157287
0.04679618
0.04472001
0.04557360
0.04553211
0.04807606
0.04702506
0.04609955
0.04398764
0.04698297
0.04377646
0.04593865
0.04494365
0.04782945
0.04962694
0.04618698
0.05048996
0.04205989
0.04935073
0.04588480
0.04371786
0.04518702
0.04664803
0.05016789
0.04383364
0.04232478
0.04885579
0.04867117
0.04626135
0.05040716
0.05417115
0.05740171
0.04673339
0.04298679
0.04883040
0.04655485
0.05171543
0.04616050
0.04577264
0.04604524
0.04573294
0.04489791
0.04503016
0.04224816
0.05362626
0.05056098
0.05202578
0.04225003
0.05266915
0.04809066
0.04749697
0.04741813
0.05191360
0.04529170
0.04555314
0.05173542
0.04550260
0.04737755
0.05134750
0.04738972
0.04124157
0.04360762
0.04755332
0.04567699
0.05119093
0.04651288
0.04600955
0.04915274
0.05405996
0.04689236
0.04756933
0.06561524
0.04393789
0.04661229
0.05121341
0.04459308
0.05331355
0.04450091
0.04413672
0.04724195
0.04566974
0.04137304
0.04592433
0.04573840
0.04921005
0.04322014
0.04588484
0.05152671
0.04300453
0.04732974
0.04321104
0.04413633
0.04936396
0.04824355
0.04917576
0.04420935
0.04775425
0.04495417
0.05681235
0.04579253
0.04873971
0.05476068
0.04485800
0.04438322
0.04410498
0.05877790
0.04614119
0.05498701
0.04461077
0.04793170
0.04449321
0.04938540
0.04889055
0.04841736
0.05242134
0.04582346
0.04249235
0.07095881
0.04465533
0.05230094
0.05126548
0.04368086
0.04720099
0.04583637
0.04303820
0.04404131
0.05125279
0.04943751
0.04268890
0.04474353
0.05244182
0.04683096
0.04468163
0.04531213
0.04617573
0.05017744
0.05244389
0.04520750
0.05693936
0.04884843
0.04818704
0.04757986
0.04703067
0.04829758
0.04755574
0.04493370
0.04419264
0.04544373
0.04671257
0.04400083
0.04858937
0.05505594
0.05431803
0.04735093
0.04793903
0.06333251
0.04605141
0.04596712
0.04909341
0.04370696
0.04466004
0.04983502
0.04541357
0.04569228
0.04577105
0.04626468
0.04722247
0.04902280
0.04636418
0.04657547
0.04554205
0.05021612
0.05401911
0.04384350
0.04358977
0.04731908
0.04673604
0.04433609
0.04463515
0.04308113
0.04503603
0.04924339
0.04475167
0.04477671
0.04861005
0.04452845
0.04659776
0.04562063
0.04190874
0.04642674
0.04559375
0.04921373
0.04866674
0.05420332
0.04744978
0.05013537
0.04265532
0.05403651
0.05798492
0.04931346
0.04725066
0.04751742
0.04741204
0.05233217
0.04748791
0.05137240