0.02519970
0.02464700
0.02793993
0.02549104
0.02583404
0.02613491
0.02949229
0.02489497
0.03245397
0.02768876
0.02982045
0.03215920
0.02303859
0.03057412
0.02706382
0.02564040
0.02607515
0.02692525
0.02262539
0.03046374
0.02750805
0.02466591
0.02696803
0.02814471
0.02419887
0.02883685
0.02869919
0.02523051
0.02834625
0.02323006
0.02497063
0.03261035
0.02547566
0.02389488
0.02482954
0.02636404
0.02471264
0.02952319
0.02328230
0.02785333
0.02542578
0.02519553
0.02779649
0.03202236
0.02820444
0.02825088
0.02861557
0.02838490
0.02623805
0.02888750
0.02526746
0.02901310
0.02333222
0.03369830
0.02815137
0.02509465
0.02834597
0.02475387
0.02618398
0.02447661
0.02854633
0.02637579
0.02314498
0.02686663
0.02586602
0.02593962
0.03030851
0.02694140
0.02682206
0.02630272
0.02633416
0.02785947
0.02976976
0.02820405
0.03068191
0.02483681
0.02382304
0.02590214
0.03021195
0.02601401
0.02842893
0.02697856
0.02507225
0.02839497
0.03111631
0.02951724
0.02850451
0.02837089
0.03022904
0.02603128
0.02322583
0.02687286
0.02809764
0.02881993
0.02828841
0.02913220
0.02837993
0.02419418
0.02710468
0.02855716
0.02786378
0.02367666
0.02771888
0.02757278
0.02782550
0.02396059
0.02627756
0.02776803
0.02636163
0.02673687
0.02654614
0.02736629
0.02493840
0.02637598
0.02370464
0.02684711
0.02918314
0.02722745
0.02686764
0.02264059
0.02805423
0.02599022
0.02532119
0.02521895
0.02459763
0.02369441
0.02588618
0.02616857
0.02485003
0.02745401
0.02907954
0.02499902
0.02833878
0.02665443
0.02413712
0.02696503
0.02984737
0.02596405
0.02321460
0.02693655
0.02713933
0.02655981
0.02614432
0.02424558
0.02747976
0.02837359
0.02749753
0.02409085
0.02419774
0.02775523
0.02645818
0.02614167
0.02790921
0.02633899
0.02674085
0.02743714
0.02710805
0.02643187
0.02865959
0.02816964
0.02645728
0.02684340
0.02812120
0.02910443
0.02454507
0.02544651
0.02801719
0.02931752
0.03179334
0.02890881
0.02950105
0.02823339
0.02724593
0.02628123
0.02788095
0.03021741
0.02844961
0.03089298
0.02822369
0.02749570
0.02824061
0.02539242
0.02669773
0.02625040
0.02717163
0.02488022
0.02492315
0.02697311
0.02523621
0.02550322
0.02543130
0.02703563
0.02852739
0.02754319
0.02541101
0.02455019
0.02990857
0.02434632
0.02466171
0.02969477
0.02620134
0.02436755
0.02785594
0.02629754
0.02610374
0.02567996
0.02812207
0.02483101
0.02750853
0.02632819
0.02771572
0.03157872
0.02911811
0.03215157
0.02937868
0.02798797
0.02732878
0.02598957
0.02757624
0.02244643
0.02763934
0.02338354
0.02936831
0.02882133
0.02359685
0.02337195
0.02866834
0.02619453
0.03029867
0.02530719
0.02523730
0.02257682
0.02766089
0.02969175
0.02986972
0.02621773
0.02704873
0.02958209
0.02383178
0.02766682
0.02780572
0.02809452
0.02999959
0.02624144
0.02769788
0.02748543
0.02582214
0.02395508
0.02552757
0.02716830
0.02609605
0.02752593
0.03117296
0.03570515
0.02531274
0.03012911
0.02568218
0.02954348
0.02732255
0.02581777
0.02660070
0.02312915
0.02436334
0.02512747
0.02901904
0.02443454
0.02707414
0.02705445
0.03124302
0.02479524
0.02658720
0.02701273
0.02753699
0.02897839
0.02481420
0.02965779
0.02921290
0.02624364
0.02323962
0.02742521
0.02922826
0.02900281
0.02880007
0.02504203
0.02541116
0.02701467
0.02766591
0.02969551
0.02657232
0.02354620
0.02886034
0.02555595
0.02636457
0.02553377
0.02674554
0.03018964
0.03460817
0.02819087
0.03257032
0.02698586
0.02852563
0.02815225
0.02449035
0.02670702
0.02600582
0.02610709
0.02936053
0.02548317
0.02985285
0.02405050
0.02692474
0.02831415
0.02403962
0.02578999
0.02663945
0.02948683
0.02809976
0.02954190
0.02910258
0.02974130
0.02347388
0.02468609
0.02280734
0.02572495
0.02905710
0.02516832
0.02705144
0.02855268
0.02544202
0.02582234
0.02699595
0.02571324
0.03078704
0.02754520
0.02509822
0.02655971
0.02801642
0.02789990
0.02895987
0.02548720
0.02675089
0.02519899
0.02428802
0.02929559
0.02806750
0.02777688
0.02650993
0.02786361
0.02654844
0.02638926
0.02726938
0.02599803
0.02755092
0.02740342
0.02834766
0.03041683
0.02998672
0.02617007
0.02735875
0.02782330
0.02584443
0.02941968
0.03364694
0.02428270
0.02600800
0.02512367
0.02718240
0.02285587
0.02562489
0.02601032
0.02353654
0.02747013
0.03016513
0.02629761
0.02620485
0.02947613
0.02598861
0.02431349
0.03076510
0.02697920
0.02599318
0.02864983
0.02629395
0.03051004
0.02702303
0.02806757
0.02694324
0.02599319
0.02740434
0.02694481
0.02726914
0.02832426
0.02499357
0.02678001
0.02535276
0.03095443
0.02659110
0.02961054
0.02596450
0.02830291
0.02594038
0.02631132
0.02513998
0.03119490
0.02741057
0.02934452
0.02908514
0.02709860
0.02270035
0.03256207
0.02519062
0.02724642
0.02830261
0.02714039
0.02389062
0.03081245
0.02533877
0.02658942
0.03111590
0.02520563
0.02484749
0.02583488
0.02629392
0.02908872
0.02961209
0.02691991
0.02800700
0.02698386
0.02776112
0.02649458
0.02680191
0.02647538
0.02695677
0.02621627
0.02915703
0.02988050
0.02730861
0.02843997
0.02713134
0.02580339
0.02349475
0.02958896
0.02595674
0.02629539
0.02758424
0.02625973
0.02661844
0.02945652
0.02795942
0.02979440
0.02375169
0.03020021
0.02738773
0.02581832
0.03207331
0.02742263
0.02881620
0.02622628
0.02966846
0.02754903
0.02501298
0.02722180
0.02474383
0.02553642
0.02617075
0.02462886
0.02835256
0.02812628
0.03247649
0.02787705
0.02762807
0.02538936
0.02597413
0.02822574
0.02546992
0.02659562
0.02612352
0.03202415
0.02433530
0.02688185
0.02739116
0.02882273
0.02618898
0.02773985
0.02900090
0.02646884
0.02824426
0.02626584
0.02982014
0.02845497
0.02610296
0.03109038
0.02817754
0.02612586
0.02339252
0.02479127
0.02853660
0.02840020
0.02638138
0.03238974