0.05580744
0.04065906
0.04299041
0.04568496
0.04534394
0.04396849
0.05660175
0.04445201
0.04161221
0.04062312
0.04122461
0.04859183
0.03792603
0.04383148
0.04225594
0.04526427
0.04115083
0.04298662
0.05096300
0.04524197
0.04183504
0.05053653
0.04193355
0.04763764
0.04353140
0.04409510
0.04889073
0.04562081
0.04769376
0.04074231
0.04370016
0.04629174
0.04109200
0.06387907
0.04752846
0.04782368
0.04378804
0.04440140
0.04623068
0.04358264
0.04404707
0.04465398
0.04296679
0.04113334
0.04016996
0.05010141
0.04417184
0.04135563
0.04602459
0.04061006
0.04212722
0.04122511
0.04291368
0.04047616
0.04270168
0.04321638
0.04463967
0.04632406
0.04682425
0.04482597
0.04424393
0.04630221
0.04296874
0.04561448
0.04525157
0.04196785
0.04019164
0.04550621
0.04810570
0.04538413
0.04492019
0.04069766
0.04458834
0.04452251
0.03900515
0.04053633
0.03960805
0.04260451
0.04610072
0.04017329
0.04282195
0.04370605
0.04368782
0.04624772
0.05975498
0.04258031
0.04085635
0.04688202
0.04348586
0.04086926
0.04796041
0.03998595
0.04325996
0.04618510
0.04215131
0.05193204
0.04186122
0.04123115
0.04388181
0.04169368
0.04436435
0.04055919
0.03801126
0.04504165
0.04212349
0.04822270
0.04131861
0.04324582
0.04123598
0.04766978
0.04010525
0.04257802
0.04111991
0.04327892
0.04605368
0.04689077
0.04227727
0.04126852
0.04461881
0.04397842
0.04049691
0.04538304
0.04151195
0.04420703
0.04583043
0.04760667
0.04446750
0.05349681
0.04700376
0.04084528
0.04708296
0.04092528
0.04267387
0.04267134
0.04438093
0.04179631
0.03947451
0.04834273
0.04938740
0.04127959
0.04684493
0.04593224
0.04397707
0.04507799
0.04227606
0.04223562
0.04571147
0.04372040
0.04641911
0.04645740
0.04623034
0.04311832
0.04285892
0.04294127
0.04155061
0.04162694
0.04234304
0.04363840
0.04010778
0.04026607
0.04569597
0.04065203
0.04248144
0.04444180
0.04433939
0.04393339
0.04036774
0.04152069
0.04020875
0.04293021
0.04522884
0.04411132
0.03932770
0.04492197
0.04230365
0.05312833
0.04034900
0.04243790
0.04027725
0.04163237
0.04052596
0.04234604
0.05452200
0.04534685
0.04218473
0.05155067
0.04271483
0.04341840
0.04383396
0.03859148
0.04214344
0.04182655
0.04443247
0.04339939
0.04209658
0.04493900
0.03977146
0.04803537
0.04479437
0.04235818
0.04394347
0.04020098
0.04305661
0.04079826
0.04177297
0.04773590
0.04353141
0.04229331
0.04453750
0.04670697
0.06183361
0.04090614
0.04415448
0.04291635
0.04458755
0.04153373
0.04703992
0.04068146
0.04580221
0.04143949
0.04310986
0.04202547
0.03788253
0.04138382
0.04161739
0.04650124
0.05096007
0.04772694
0.04284559
0.04160159
0.04831049
0.04730996
0.03892594
0.05394114
0.03936458
0.03987421
0.04174415
0.05430749
0.04327212
0.04699578
0.04300720
0.04540849
0.04300462
0.04762131
0.04459056
0.04579723
0.04176333
0.04592472
0.04631730
0.04671753
0.04435115
0.04465817
0.03956214
0.04253892
0.04566205
0.04368077
0.04794619
0.04177761
0.03993446
0.04757777
0.04202218
0.04391372
0.04077493
0.04582202
0.04070785
0.04542553
0.04594781
0.04200732
0.04792412
0.04212220
0.04124758
0.04579149
0.04408774
0.04121593
0.04447719
0.04470526
0.04367283
0.04332291
0.04277618
0.04331244
0.04459159
0.04476595
0.04287134
0.04372024
0.04405445
0.04143765
0.04018891
0.04543780
0.04479940
0.04459856
0.04018617
0.04135842
0.03987507
0.04383882
0.04505548
0.04076455
0.04152796
0.04121887
0.04863099
0.04549867
0.04105648
0.04275333
0.04166525
0.04334427
0.04234720
0.04205949
0.05277522
0.04406771
0.04237142
0.04053486
0.04062385
0.04448314
0.03907860
0.04752152
0.04787335
0.04189418
0.04475799
0.04093009
0.04233503
0.04975277
0.04070141
0.04452398
0.04838311
0.03895268
0.04309935
0.04502714
0.04764943
0.04410760
0.05142661
0.04234917
0.04433429
0.04683844
0.04740336
0.04489261
0.05082944
0.04208770
0.04423717
0.04227419
0.04267244
0.04864801
0.04324651
0.04351565
0.04239532
0.04192537
0.04257987
0.04853969
0.04160673
0.04504073
0.04583840
0.04711933
0.04213114
0.04243922
0.04187441
0.04132754
0.04305212
0.04598020
0.04568777
0.04131693
0.04574689
0.04094986
0.04247643
0.04596769
0.04710440
0.04754681
0.04158108
0.04719713
0.04568895
0.04295956
0.04937710
0.04118284
0.04084281
0.04263841
0.04628763
0.04639783
0.04013009
0.05604273
0.04561092
0.04692763
0.04436574
0.04996457
0.04705995
0.04184882
0.04588637
0.04474041
0.04374412
0.04706783
0.04137848
0.04006238
0.04309746
0.04382357
0.04310847
0.04034628
0.04346166
0.04268570
0.04260188
0.04228105
0.04088198
0.05461770
0.04494734
0.03992887
0.04479115
0.03988676
0.04165351
0.04084005
0.04339530
0.04457146
0.04382189
0.04324671
0.04238444
0.04598711
0.03984721
0.04399775
0.04250488
0.04389512
0.04160807
0.04603993
0.04401135
0.04117326
0.04219099
0.04348040
0.04356159
0.04198996
0.04278397
0.04280159
0.04281822
0.04193448
0.04554316
0.04347894
0.04707181
0.04275247
0.04238325
0.04219614
0.04415279
0.04430287
0.04059445
0.04623537
0.05210048
0.04370122
0.06127292
0.05001746
0.05241244
0.04665553
0.04089501
0.04671182
0.04258842
0.04933505
0.04298365
0.04231244
0.04648677
0.04696510
0.04598646
0.04377588
0.04316380
0.04633897
0.04658363
0.03956262
0.04453308
0.04476773
0.04623188
0.04431024
0.04123883
0.04477999
0.04553690
0.04365220
0.04821944
0.04157467
0.04165357
0.03987363
0.04730989
0.04096813
0.04137246
0.04137007
0.04312896
0.04499482
0.04541005
0.04783254
0.04790987
0.04424606
0.04604247
0.04650051
0.03883587
0.04849921
0.04433938
0.04803201
0.04659536
0.03961313
0.04305024
0.04057736
0.04204765
0.04850826
0.03993515
0.04241924
0.04386420
0.04821424
0.04066117
0.04495379
0.04976977
0.04499187
0.04582454
0.04223630