0.09267385
0.07565628
0.06117285
0.06947530
0.06557260
0.06440940
0.05175987
0.05069855
0.06146313
0.05675333
0.05765316
0.05429190
0.05150919
0.08159408
0.05060389
0.04869877
0.07605811
0.06082192
0.07719891
0.07611231
0.05889227
0.06010393
0.05632190
0.05899250
0.08322459
0.06400811
0.05289448
0.04950266
0.05623775
0.08089722
0.07855565
0.06791539
0.05833217
0.05926011
0.06159196
0.05780354
0.06270004
0.05348397
0.05895272
0.05949118
0.05891040
0.05989764
0.06936350
0.06335869
0.04867632
0.05283440
0.06835387
0.08269511
0.05926909
0.07064254
0.06220242
0.05284910
0.07515254
0.07206767
0.05209850
0.05862778
0.05441236
0.06563376
0.05095539
0.06535745
0.05616519
0.05334511
0.05106954
0.06527187
0.05731886
0.05083923
0.04750108
0.05766829
0.05989277
0.06311864
0.05745026
0.04968322
0.08017482
0.06230652
0.05822858
0.05914373
0.07378057
0.09154872
0.06215218
0.05636321
0.07443349
0.05926310
0.06302380
0.05347371
0.07530128
0.04895772
0.06341446
0.06062823
0.04803098
0.05814823
0.06099056
0.05660324
0.07715235
0.06527919
0.05573562
0.05998951
0.06971327
0.06618154
0.05420352
0.05261967
0.05827253
0.05243198
0.06485922
0.06559398
0.06450522
0.05332633
0.05446335
0.04951523
0.06027268
0.04876072
0.07545974
0.07509752
0.06765537
0.06145169
0.06364900
0.06617568
0.06183372
0.04779172
0.07675912
0.05385709
0.06930710
0.07745624
0.04900266
0.06688938
0.05470466
0.05238426
0.07133344
0.05807220
0.07660033
0.06671244
0.05505809
0.06301401
0.06308417
0.05739217
0.06148962
0.05606359
0.05031164
0.06249980
0.06516265
0.08789862
0.05323995
0.06340686
0.06457824
0.06553371
0.06698156
0.05501447
0.06447002
0.05005517
0.08207883
0.06706106
0.07331362
0.07400037
0.05001186
0.07644050
0.05235503
0.07043202
0.06712536
0.05037320
0.05454439
0.06094948
0.06317195
0.04807219
0.07465518
0.05967946
0.05775158
0.07598700
0.05062881
0.05228935
0.04983116
0.06681736
0.06077947
0.06851066
0.05402134
0.06539062
0.05470454
0.05470521
0.06759387
0.07033382
0.05667033
0.05091375
0.06125196
0.06071037
0.05844925
0.09289691
0.06707863
0.07872631
0.08039340
0.06676178
0.07114963
0.05083615
0.06126128
0.05541436
0.08841205
0.06689909
0.06456647
0.06054954
0.05641255
0.05361344
0.06205457
0.04898101
0.06337031
0.05147219
0.05918180
0.06059670
0.05124962
0.05631680
0.04908781
0.06026390
0.05609688
0.04828032
0.05769425
0.04868655
0.05553859
0.08457513
0.07658298
0.05922792
0.06400077
0.07537185
0.07228271
0.08190688
0.06684195
0.06500721
0.05815793
0.05845132
0.05860687
0.05653466
0.06715238
0.06894117
0.04956962
0.06139748
0.05586508
0.06873200
0.07516420
0.06220778
0.06911743
0.04841135
0.05101260
0.05810786
0.06367370
0.05535085
0.08454212
0.07491648
0.05848524
0.06297222
0.06892664
0.07946018
0.05829445
0.05421213
0.05530441
0.06751485
0.07084414
0.09837262
0.06359947
0.07232401
0.07656442
0.05965599
0.06957709
0.05162334
0.04903852
0.04867144
0.07449594
0.06566166
0.05154539
0.06583201
0.07725978
0.06742901
0.08009748
0.08225292
0.06630876
0.05539027
0.06447818
0.07211333
0.06067999
0.05011953
0.06603606
0.06052813
0.05469389
0.05063137
0.07514547
0.06507070
0.06150773
0.05447713
0.06605331
0.06882138
0.05850354
0.05366925
0.06116105
0.07092236
0.06689527
0.05638530
0.05969459
0.05645499
0.05187879
0.07125433
0.06139827
0.06490473
0.07382462
0.07471535
0.06433967
0.07592964
0.06524130
0.05839947
0.05450791
0.04681742
0.06888991
0.06585662
0.06319883
0.05808958
0.05859912
0.06257161
0.06499076
0.05397321
0.05730460
0.06454497
0.05520318
0.05432562
0.06292129
0.06725870
0.08481239
0.07003452
0.05858379
0.06549270
0.06297174
0.06835382
0.05402971
0.05655979
0.05161028
0.07265764
0.05849953
0.06179598
0.05800553
0.04736524
0.05140804
0.06971909
0.05204266
0.05289779
0.07046080
0.05752283
0.05672708
0.05981947
0.07947138
0.05532424
0.06831504
0.04844274
0.08670211
0.08981238
0.05467403
0.05769232
0.05428340
0.06384384
0.05246043
0.06939240
0.06303377
0.05987680
0.06561501
0.05571531
0.08195127
0.06047907
0.06528270
0.06388244
0.05107659
0.07016118
0.04723089
0.06505889
0.06307665
0.07598182
0.07395880
0.04951395
0.06999963
0.05049470
0.05447494
0.05698128
0.06314229
0.05008036
0.04894062
0.05849695
0.05159145
0.07057838
0.05555494
0.06375590
0.06416500
0.05093099
0.05918733
0.05562618
0.06290786
0.05595997
0.05505870
0.04579438
0.05849501
0.04953057
0.05788123
0.06916856
0.05570005
0.06631164
0.06178824
0.05649502
0.05214906
0.07337632
0.06547116
0.05507427
0.06379028
0.06480369
0.06698633
0.06256383
0.05435471
0.06529265
0.05141140
0.05812838
0.05195651
0.05338688
0.06049480
0.06000001
0.11397996
0.06369981
0.06824919
0.05525452
0.06110492
0.05972619
0.06244894
0.05099681
0.05101897
0.08384777
0.06453268
0.05975650
0.04941411
0.05128130
0.06884150
0.06816598
0.05975671
0.06473565
0.05833841
0.06933654
0.05305906
0.07910874
0.05043906
0.08938225
0.09787278
0.05165427
0.07907721
0.06479337
0.05773638
0.06219903
0.06780687
0.06227927
0.08074158
0.08367127
0.05500559
0.05549718
0.07905172
0.06758144
0.07254571
0.06362916
0.05974508
0.05576688
0.05919348
0.05760255
0.04980909
0.06479381
0.04176304
0.06406047
0.06269202
0.05887634
0.06283355
0.06746724
0.07323100
0.05278692
0.07212012
0.05644935
0.07262459
0.05410522
0.06075215
0.05072229
0.05547933
0.05662387
0.05993111
0.05758221
0.06249570
0.05283389
0.05321270
0.05980457
0.06567445
0.05947450
0.06057119
0.04535202
0.06863131
0.07614964
0.06077806
0.05380141
0.04813876
0.05178376
0.06458051
0.06422686
0.06798780
0.05961827
0.06725447
0.06874674
0.06338641
0.06833043
0.05800738
0.07413228