0.03358732
0.02875313
0.03443551
0.03265793
0.03023577
0.03286486
0.02876794
0.02901471
0.02538366
0.03428431
0.02961391
0.03148036
0.02555620
0.02986082
0.03497202
0.02931919
0.03301525
0.02774023
0.02818454
0.02942009
0.03117740
0.03100894
0.03191683
0.03420368
0.02982040
0.03167580
0.02574486
0.02748184
0.02876374
0.03463047
0.03051961
0.02722026
0.03004406
0.02934530
0.02616775
0.03039713
0.03157270
0.02503272
0.03072303
0.02713213
0.03026391
0.02979729
0.03167190
0.03057659
0.03093870
0.02810304
0.03070236
0.02940316
0.02995736
0.03042599
0.03217010
0.03019386
0.03033485
0.03039000
0.03135045
0.02742936
0.02718438
0.02979865
0.02765702
0.02932300
0.02871744
0.03033352
0.03115563
0.03156899
0.02937049
0.02645299
0.02779745
0.02984124
0.03080990
0.03181653
0.02983395
0.03317258
0.03124133
0.03222862
0.02687178
0.02952187
0.03029923
0.02828917
0.02814650
0.02729385
0.03104143
0.02632767
0.03322296
0.03119056
0.02953580
0.02913562
0.02737594
0.02700298
0.03573985
0.02871846
0.02924633
0.02844281
0.02935703
0.03040142
0.03260022
0.02950785
0.03225570
0.03232785
0.03078148
0.02682398
0.02821416
0.02908720
0.02784980
0.03155307
0.03047276
0.03285089
0.02874509
0.03179664
0.02663670
0.02769268
0.02796584
0.03024151
0.02762221
0.03057803
0.03103300
0.02762182
0.02825964
0.02526415
0.02809687
0.03020035
0.02964909
0.03300368
0.02761241
0.03549128
0.02936261
0.02912751
0.02686124
0.02835131
0.02949289
0.02588422
0.03164731
0.03284778
0.03393624
0.02796510
0.03134464
0.02910717
0.03566836
0.03038801
0.03379926
0.03196618
0.02758595
0.03147392
0.03166433
0.02845740
0.03209393
0.02915221
0.02866770
0.03088973
0.02918600
0.03066341
0.03422137
0.02996029
0.02777362
0.02635413
0.02777510
0.02918849
0.03004480
0.02923531
0.03238195
0.02938729
0.03230117
0.02889523
0.02860834
0.02582780
0.02640051
0.03349094
0.03025479
0.03454982
0.02622494
0.02802572
0.02897372
0.02846178
0.02812896
0.02992155
0.02995306
0.03257820
0.02782359
0.02591270
0.02891357
0.02835548
0.03005853
0.02623020
0.02628541
0.03454950
0.03089122
0.03647289
0.03005005
0.02887330
0.02977637
0.03039840
0.03151298
0.02863403
0.03245205
0.02916068
0.02762707
0.02897578
0.02926422
0.02950370
0.03198004
0.02895736
0.02790763
0.03017114
0.03158215
0.03218213
0.02973662
0.03169202
0.02894510
0.02959791
0.02741496
0.03049954
0.03267600
0.03040121
0.02987301
0.02864022
0.03319274
0.03480347
0.03102743
0.03438811
0.03701525
0.02843329
0.02794893
0.02999580
0.02797239
0.03150547
0.03090763
0.03237421
0.02780707
0.02871131
0.02783366
0.03019624
0.02987034
0.02709892
0.03389396
0.02849153
0.02681386
0.02920436
0.03281054
0.02897566
0.03142837
0.02600332
0.02771361
0.02634115
0.03386246
0.03024829
0.03073267
0.03128472
0.03350342
0.02933945
0.02802358
0.03494628
0.02963186
0.02761528
0.02777999
0.03147156
0.02835334
0.03347145
0.03110506
0.02864376
0.02885644
0.02920867
0.02929438
0.02710267
0.03143313
0.02777611
0.02838725
0.03049846
0.02615568
0.03240795
0.03647619
0.03401084
0.02631725
0.03151444
0.02756530
0.02763526
0.03030051
0.03032327
0.03307353
0.02789842
0.02718517
0.03564583
0.02763239
0.02945954
0.03194920
0.03107540
0.03290601
0.02698132
0.03230831
0.02918871
0.02686876
0.03006674
0.03311604
0.03003420
0.03159855
0.02702680
0.02950870
0.02685393
0.02931090
0.02849600
0.02908533
0.02965044
0.02875345
0.02675610
0.03138173
0.02830456
0.03395983
0.03228306
0.02924600
0.03182308
0.02836897
0.03076174
0.02992208
0.03122379
0.03141928
0.02707718
0.02854363
0.02897544
0.03163727
0.02281983
0.03022155
0.03697782
0.03326165
0.02850495
0.02531324
0.03269285
0.02872935
0.03278070
0.03104918
0.02922826
0.02690858
0.02504107
0.02612375
0.03342185
0.03062126
0.02693860
0.03047748
0.02876655
0.03183912
0.03845677
0.03102189
0.02923059
0.02959676
0.03129995
0.02904543
0.02936252
0.03138394
0.03081395
0.02788571
0.02904702
0.02827768
0.03614769
0.02986965
0.02709587
0.03191611
0.02867932
0.03117403
0.03320011
0.03072727
0.02960022
0.03015853
0.02812983
0.02776175
0.03275375
0.03724067
0.02870911
0.02876625
0.02556447
0.03222267
0.02960870
0.03480458
0.02936635
0.03365503
0.03270370
0.03382034
0.02619600
0.03467080
0.02824291
0.02829756
0.02645839
0.02991874
0.02967992
0.02855387
0.03436664
0.02837706
0.03087848
0.02930142
0.03468268
0.02795761
0.03356939
0.02740153
0.02815502
0.02869837
0.03444409
0.03480291
0.02893157
0.02742331
0.03385656
0.03110871
0.02529102
0.02953441
0.03268821
0.02747348
0.02972583
0.03077840
0.02737094
0.02965703
0.03311112
0.03122702
0.02899098
0.02989194
0.02973242
0.02842217
0.03233844
0.03247569
0.03301370
0.03670411
0.03120018
0.02990204
0.02999875
0.03051002
0.03031054
0.03505601
0.03084745
0.03040914
0.03059141
0.02731539
0.03140781
0.03230809
0.02973598
0.03131368
0.03046492
0.02813080
0.02922215
0.03053479
0.02983305
0.03093773
0.03378792
0.03233582
0.02977313
0.02991000
0.02909833
0.03758710
0.02679333
0.03167490
0.03061025
0.02916299
0.02782651
0.02517298
0.02784543
0.02703976
0.03165904
0.03299140
0.02937988
0.03197562
0.03064901
0.03132353
0.03369059
0.02865607
0.02709768
0.02721554
0.02628706
0.02888246
0.03125098
0.02883287
0.02685626
0.03014701
0.02995890
0.03246351
0.02624323
0.03182554
0.02837477
0.03077707
0.03177805
0.03070942
0.03280959
0.03223202
0.02755633
0.02782226
0.03377630
0.03136512
0.03392613
0.02972917
0.03472879
0.02785549
0.02776651
0.02660405
0.02900255
0.03279755
0.02961644
0.02735716
0.02796644
0.03028192
0.02856680
0.02664882
0.03039521
0.02987868
0.02913594
0.03033266
0.02990417
0.03513912
0.03612256