0.00248233
0.00286080
0.00254217
0.00257072
0.00236711
0.00254238
0.00261432
0.00260139
0.00234643
0.00285480
0.00253438
0.00239535
0.00257719
0.00244895
0.00241106
0.00277355
0.00260737
0.00248891
0.00247818
0.00224419
0.00226471
0.00237457
0.00229144
0.00257124
0.00263553
0.00236862
0.00266607
0.00285517
0.00248226
0.00274967
0.00233755
0.00233383
0.00240175
0.00233242
0.00234204
0.00259949
0.00235789
0.00219113
0.00234350
0.00229563
0.00240902
0.00242592
0.00235738
0.00240882
0.00222022
0.00248680
0.00404020
0.00262145
0.00244282
0.00244509
0.00221161
0.00244878
0.00215696
0.00249568
0.00247925
0.00227763
0.00336784
0.00243370
0.00234896
0.00255462
0.00237459
0.00216603
0.00255236
0.00251515
0.00239031
0.00222183
0.00216404
0.00236694
0.00235822
0.00233214
0.00205241
0.00295346
0.00285857
0.00239104
0.00282328
0.00220971
0.00294146
0.00246914
0.00228874
0.00301050
0.00234232
0.00256485
0.00212590
0.00244341
0.00230775
0.00259869
0.00256032
0.00254146
0.00212078
0.00237811
0.00213881
0.00263038
0.00221464
0.00243023
0.00294290
0.00300325
0.00276595
0.00241983
0.00231974
0.00243247
0.00217555
0.00284723
0.00234644
0.00468668
0.00246580
0.00225430
0.00282257
0.00231655
0.00260175
0.00226988
0.00212693
0.00251505
0.00245939
0.00230157
0.00253531
0.00233614
0.00260952
0.00249256
0.00229404
0.00230104
0.00246251
0.00235917
0.00247462
0.00234767
0.00284173
0.00245100
0.00249118
0.00243911
0.00226823
0.00239373
0.00305857
0.00311564
0.00219281
0.00234639
0.00250053
0.00219689
0.00263290
0.00262015
0.00292778
0.00237121
0.00252763
0.00277080
0.00210304
0.00220694
0.00235938
0.00225141
0.00230365
0.00240861
0.00229885
0.00245871
0.00237928
0.00288999
0.00224225
0.00239815
0.00286899
0.00277908
0.00239178
0.00230915
0.00234781
0.00227605
0.00256783
0.00235634
0.00231845
0.00265815
0.00242187
0.00239193
0.00219862
0.00234028
0.00254987
0.00265967
0.00232610
0.00249948
0.00230378
0.00277687
0.00218023
0.00214323
0.00270054
0.00210269
0.00237517
0.00223160
0.00235438
0.00223399
0.00254549
0.00254322
0.00230420
0.00225252
0.00228781
0.00234089
0.00267490
0.00238218
0.00254815
0.00243228
0.00230328
0.00227421
0.00252859
0.00230989
0.00221520
0.00226204
0.00221701
0.00228137
0.00231011
0.00244964
0.00237010
0.00238240
0.00220241
0.00250076
0.00212116
0.00215737
0.00280150
0.00244874
0.00275046
0.00215361
0.00223369
0.00238613
0.00231905
0.00248184
0.00241555
0.00237914
0.00231456
0.00262798
0.00232939
0.00236659
0.00281240
0.00257651
0.00233532
0.00268657
0.00263583
0.00286799
0.00218234
0.00254695
0.00249498
0.00236513
0.00207819
0.00251106
0.00243679
0.00227449
0.00248616
0.00240150
0.00232142
0.00224892
0.00297607
0.00255958
0.00408907
0.00215758
0.00219523
0.00220071
0.00242209
0.00250914
0.00207446
0.00269367
0.00235204
0.00212310
0.00268311
0.00253641
0.00241358
0.00265371
0.00230285
0.00278528
0.00229022
0.00274672
0.00267519
0.00288787
0.00231362
0.00231479
0.00372159
0.00242123
0.00210877
0.00297386
0.00220552
0.00237848
0.00271674
0.00250616
0.00235790
0.00221605
0.00279544
0.00257341
0.00237323
0.00241727
0.00271111
0.00241861
0.00261771
0.00255004
0.00231080
0.00235650
0.00231951
0.00234905
0.00256607
0.00214502
0.00254601
0.00220664
0.00220005
0.00234555
0.00257187
0.00222704
0.00253135
0.00230893
0.00244019
0.00227828
0.00236720
0.00219396
0.00239238
0.00255587
0.00254444
0.00226059
0.00233619
0.00217942
0.00256855
0.00222017
0.00276540
0.00233210
0.00236074
0.00252956
0.00231440
0.00226777
0.00245662
0.00265187
0.00236985
0.00246007
0.00236301
0.00253810
0.00249644
0.00218430
0.00240840
0.00246069
0.00255531
0.00311484
0.00260225
0.00212177
0.00227867
0.00227998
0.00243914
0.00224786
0.00268241
0.00239876
0.00262903
0.00259381
0.00224194
0.00227597
0.00273803
0.00252451
0.00251725
0.00293870
0.00229899
0.00250691
0.00224203
0.00234597
0.00293288
0.00227853
0.00236642
0.00270245
0.00254239
0.00254686
0.00252485
0.00225228
0.00241988
0.00293734
0.00247402
0.00223271
0.00217052
0.00229362
0.00251175
0.00252223
0.00237504
0.00308659
0.00246560
0.00235709
0.00240916
0.00219311
0.00246368
0.00215957
0.00282470
0.00219012
0.00326201
0.00226601
0.00220372
0.00246817
0.00238845
0.00282060
0.00208919
0.00310801
0.00236053
0.00254927
0.00300499
0.00238914
0.00221247
0.00331750
0.00232720
0.00239418
0.00280104
0.00222315
0.00287608
0.00255963
0.00268244
0.00254703
0.00205251
0.00236999
0.00242146
0.00242901
0.00248921
0.00224464
0.00271163
0.00235178
0.00234223
0.00239611
0.00248001
0.00272510
0.00240356
0.00220247
0.00257764
0.00226643
0.00227263
0.00255332
0.00209336
0.00263028
0.00272113
0.00217241
0.00258625
0.00275753
0.00231924
0.00245291
0.00219896
0.00275520
0.00263790
0.00250176
0.00250793
0.00251598
0.00231653
0.00228898
0.00248382
0.00260331
0.00262572
0.00217661
0.00310480
0.00242616
0.00222760
0.00235259
0.00304751
0.00259155
0.00275013
0.00235371
0.00220528
0.00249274
0.00248063
0.00228282
0.00258642
0.00237358
0.00233935
0.00233213
0.00367629
0.00267807
0.00251916
0.00250525
0.00223097
0.00228447
0.00280752
0.00247185
0.00228188
0.00233130
0.00230514
0.00290723
0.00221666
0.00313886
0.00254516
0.00245630
0.00237382
0.00239494
0.00246686
0.00221286
0.00222446
0.00254519
0.00226563
0.00230307
0.00234489
0.00215845
0.00233399
0.00234966
0.00296418
0.00245987
0.00240447
0.00236658
0.00229393
0.00256024
0.00252334
0.00222856
0.00211082
0.00229227
0.00232533
0.00228919
0.00232862
0.00228253
0.00225611
0.00289230
0.00208922
0.00259784
0.00225884
0.00236077
0.00225481
0.00260490
0.00272672
0.00316473