0.00153431
0.00162612
0.00182533
0.00167181
0.00153172
0.00166100
0.00219665
0.00162382
0.00155810
0.00197011
0.00164101
0.00156747
0.00160297
0.00164119
0.00179848
0.00171920
0.00152992
0.00157030
0.00191861
0.00156414
0.00176393
0.00157567
0.00169203
0.00155913
0.00187532
0.00175852
0.00169420
0.00168745
0.00166510
0.00180729
0.00178842
0.00169496
0.00152465
0.00168185
0.00158232
0.00167008
0.00155059
0.00153491
0.00174639
0.00167485
0.00166709
0.00175537
0.00171081
0.00170602
0.00160533
0.00162987
0.00153277
0.00181944
0.00184187
0.00154769
0.00167850
0.00158815
0.00178624
0.00175761
0.00173115
0.00164941
0.00145625
0.00156124
0.00177240
0.00162743
0.00156905
0.00178818
0.00158344
0.00174303
0.00195652
0.00159380
0.00155391
0.00187007
0.00159617
0.00158439
0.00152378
0.00165347
0.00152247
0.00153842
0.00173099
0.00157528
0.00158338
0.00154161
0.00151596
0.00151837
0.00146772
0.00191410
0.00211686
0.00171835
0.00151221
0.00168187
0.00166849
0.00174506
0.00156276
0.00158810
0.00211507
0.00171808
0.00182155
0.00157077
0.00161655
0.00180053
0.00174737
0.00144935
0.00151246
0.00154065
0.00165429
0.00160347
0.00169470
0.00150413
0.00155855
0.00262770
0.00148036
0.00159999
0.00168515
0.00154923
0.00158939
0.00157074
0.00160587
0.00181695
0.00166530
0.00164427
0.00178874
0.00162365
0.00149531
0.00167032
0.00163444
0.00172070
0.00161747
0.00168343
0.00159786
0.00171483
0.00168199
0.00183308
0.00158232
0.00189859
0.00172914
0.00152130
0.00173109
0.00175930
0.00166547
0.00168370
0.00162998
0.00156014
0.00151266
0.00149965
0.00178567
0.00176826
0.00162987
0.00151385
0.00189252
0.00150916
0.00158711
0.00162226
0.00153820
0.00160101
0.00152199
0.00152018
0.00152641
0.00160023
0.00179637
0.00153598
0.00154686
0.00175531
0.00169831
0.00159661
0.00157056
0.00174157
0.00164108
0.00163728
0.00167214
0.00178658
0.00162027
0.00154483
0.00157516
0.00166838
0.00174063
0.00167472
0.00164865
0.00142846
0.00178476
0.00167252
0.00173277
0.00168104
0.00247350
0.00171477
0.00154873
0.00184041
0.00163911
0.00153887
0.00173827
0.00156170
0.00172609
0.00220886
0.00162588
0.00177457
0.00168395
0.00171781
0.00198453
0.00164563
0.00164658
0.00181551
0.00173810
0.00219203
0.00188772
0.00163373
0.00167417
0.00169466
0.00148125
0.00160321
0.00145794
0.00156348
0.00194648
0.00151768
0.00150953
0.00163906
0.00170848
0.00156858
0.00154428
0.00150174
0.00182178
0.00164364
0.00158236
0.00158806
0.00165349
0.00163154
0.00152844
0.00174448
0.00158154
0.00165727
0.00171479
0.00154873
0.00215057
0.00153786
0.00192543
0.00157162
0.00153022
0.00166760
0.00163059
0.00154631
0.00203827
0.00185546
0.00180350
0.00155732
0.00143785
0.00170904
0.00159053
0.00168575
0.00155626
0.00206907
0.00176866
0.00157989
0.00154915
0.00148833
0.00172462
0.00173915
0.00172495
0.00171466
0.00180012
0.00172033
0.00169379
0.00164660
0.00179020
0.00164743
0.00165453
0.00164904
0.00170758
0.00164871
0.00169471
0.00166289
0.00158139
0.00166512
0.00153424
0.00182011
0.00171286
0.00173053
0.00189162
0.00147982
0.00183823
0.00191390
0.00157608
0.00159281
0.00154158
0.00170313
0.00156392
0.00174194
0.00162831
0.00167370
0.00158051
0.00179418
0.00165500
0.00169919
0.00155360
0.00178854
0.00183526
0.00179661
0.00186677
0.00169725
0.00180416
0.00194855
0.00163206
0.00178836
0.00153922
0.00159447
0.00157340
0.00197464
0.00164977
0.00150404
0.00165602
0.00176439
0.00155250
0.00164809
0.00150232
0.00186000
0.00155300
0.00176377
0.00163458
0.00153302
0.00189089
0.00177169
0.00155815
0.00162726
0.00183478
0.00155618
0.00165314
0.00159492
0.00169518
0.00161058
0.00175199
0.00178615
0.00168211
0.00153848
0.00146223
0.00156120
0.00154486
0.00159349
0.00163127
0.00144487
0.00178377
0.00142520
0.00163840
0.00174564
0.00150559
0.00160322
0.00170716
0.00192860
0.00174840
0.00159717
0.00150198
0.00163353
0.00162424
0.00166361
0.00148690
0.00168216
0.00157347
0.00168556
0.00142931
0.00179446
0.00165787
0.00181436
0.00164397
0.00157848
0.00153257
0.00167031
0.00150315
0.00177182
0.00164567
0.00165494
0.00157851
0.00163065
0.00153931
0.00169065
0.00146648
0.00176202
0.00161401
0.00176525
0.00152467
0.00159444
0.00149216
0.00169784
0.00155488
0.00173316
0.00200914
0.00169464
0.00153758
0.00164621
0.00178081
0.00157497
0.00212100
0.00179826
0.00213062
0.00165388
0.00162727
0.00162998
0.00159006
0.00158469
0.00149647
0.00169809
0.00146666
0.00156716
0.00161692
0.00172946
0.00172041
0.00181088
0.00167873
0.00189245
0.00156737
0.00149017
0.00167966
0.00157069
0.00153173
0.00158703
0.00172915
0.00156130
0.00176067
0.00176374
0.00149585
0.00165287
0.00156170
0.00161990
0.00154673
0.00158129
0.00161570
0.00180249
0.00164551
0.00157022
0.00178913
0.00161762
0.00159093
0.00179627
0.00175310
0.00178430
0.00150352
0.00142507
0.00158846
0.00155374
0.00161998
0.00161164
0.00152443
0.00191247
0.00199695
0.00151916
0.00158279
0.00154853
0.00214527
0.00170523
0.00160588
0.00167258
0.00151482
0.00170866
0.00165446
0.00156437
0.00173948
0.00163038
0.00161101
0.00147442
0.00175175
0.00169000
0.00167134
0.00150988
0.00161540
0.00166222
0.00171949
0.00177451
0.00154793
0.00154234
0.00163450
0.00159156
0.00174831
0.00210979
0.00167352
0.00177319
0.00160577
0.00154015
0.00182122
0.00179416
0.00165804
0.00174443
0.00175856
0.00166515
0.00164183
0.00155511
0.00162975
0.00161622
0.00153554
0.00163597
0.00160610
0.00169129
0.00177132
0.00197007
0.00161510
0.00174191
0.00162634
0.00162499
0.00150440
0.00163154
0.00152258
0.00165984
0.00177504
0.00161500
0.00198478
0.00169852
0.00152715
0.00161142
0.00154354
0.00170896