0.00080208
0.00076690
0.00071130
0.00071686
0.00079244
0.00072050
0.00070583
0.00072310
0.00071327
0.00072926
0.00076055
0.00070106
0.00073029
0.00072369
0.00076847
0.00075277
0.00072543
0.00074143
0.00070197
0.00073298
0.00076599
0.00072210
0.00072253
0.00071813
0.00074985
0.00074244
0.00076392
0.00074224
0.00075334
0.00078775
0.00076306
0.00072619
0.00075345
0.00072672
0.00074943
0.00074227
0.00077102
0.00075336
0.00073657
0.00070808
0.00072940
0.00081404
0.00075994
0.00075725
0.00076863
0.00073595
0.00078388
0.00074069
0.00073203
0.00075478
0.00073006
0.00075556
0.00070611
0.00076162
0.00072494
0.00075498
0.00071626
0.00074635
0.00074783
0.00074450
0.00074272
0.00070241
0.00074136
0.00076927
0.00074492
0.00074014
0.00075334
0.00072914
0.00072273
0.00073542
0.00075365
0.00075230
0.00094670
0.00073840
0.00073021
0.00093153
0.00073655
0.00073067
0.00076443
0.00076029
0.00071331
0.00071293
0.00072146
0.00077680
0.00069991
0.00072821
0.00073730
0.00072651
0.00073733
0.00071886
0.00073928
0.00073820
0.00073771
0.00074248
0.00075722
0.00077346
0.00074288
0.00076369
0.00069315
0.00077522
0.00073688
0.00073832
0.00077954
0.00072376
0.00077961
0.00076174
0.00078116
0.00073333
0.00076050
0.00073083
0.00072703
0.00073977
0.00071719
0.00074752
0.00076770
0.00074861
0.00078563
0.00079143
0.00081873
0.00071752
0.00075020
0.00076869
0.00074910
0.00073926
0.00076091
0.00072924
0.00071293
0.00074169
0.00071794
0.00072615
0.00073763
0.00074315
0.00073257
0.00070974
0.00073923
0.00073486
0.00075431
0.00077717
0.00081065
0.00075965
0.00070507
0.00073503
0.00077906
0.00071521
0.00073895
0.00073175
0.00071164
0.00083493
0.00073807
0.00071684
0.00073224
0.00072757
0.00073100
0.00077838
0.00072002
0.00074597
0.00073008
0.00074679
0.00073377
0.00071846
0.00071593
0.00077639
0.00074276
0.00074085
0.00073679
0.00074896
0.00071331
0.00070656
0.00072792
0.00072377
0.00080808
0.00075118
0.00072120
0.00072695
0.00077308
0.00075911
0.00075456
0.00071722
0.00073772
0.00074795
0.00076503
0.00074803
0.00073635
0.00072937
0.00073577
0.00075220
0.00077638
0.00075645
0.00073607
0.00069530
0.00073406
0.00075130
0.00075408
0.00072046
0.00071662
0.00070940
0.00074635
0.00071871
0.00077048
0.00077452
0.00071877
0.00071623
0.00072207
0.00077828
0.00074177
0.00073899
0.00074542
0.00074561
0.00072273
0.00075477
0.00077699
0.00072160
0.00073686
0.00071611
0.00072758
0.00072700
0.00076946
0.00073162
0.00072165
0.00075413
0.00071899
0.00073598
0.00074007
0.00070878
0.00071420
0.00075421
0.00070386
0.00073502
0.00071471
0.00073629
0.00073613
0.00076829
0.00071020
0.00071385
0.00072459
0.00071752
0.00072893
0.00071984
0.00073450
0.00075431
0.00074974
0.00076070
0.00079159
0.00069497
0.00077889
0.00077791
0.00074127
0.00071644
0.00070865
0.00073884
0.00073702
0.00073143
0.00072982
0.00073118
0.00082605
0.00074610
0.00074530
0.00080470
0.00073126
0.00073074
0.00076194
0.00074541
0.00085602
0.00074715
0.00073834
0.00073415
0.00075693
0.00071475
0.00070078
0.00072853
0.00082080
0.00072246
0.00073100
0.00076719
0.00071878
0.00072079
0.00077176
0.00073145
0.00072226
0.00074236
0.00073985
0.00082573
0.00070212
0.00072081
0.00072015
0.00072807
0.00073279
0.00071625
0.00074881
0.00075971
0.00069335
0.00074527
0.00076262
0.00074175
0.00074103
0.00072865
0.00074891
0.00072621
0.00073116
0.00074679
0.00072899
0.00077364
0.00074153
0.00071586
0.00074275
0.00073150
0.00071097
0.00073123
0.00076761
0.00074203
0.00073711
0.00075705
0.00074850
0.00071772
0.00074132
0.00078459
0.00075993
0.00078125
0.00074865
0.00073807
0.00077671
0.00078116
0.00074632
0.00071844
0.00072699
0.00077657
0.00073130
0.00079481
0.00072180
0.00075417
0.00072256
0.00072857
0.00071825
0.00076325
0.00072830
0.00076999
0.00081388
0.00072750
0.00074617
0.00072939
0.00075113
0.00069843
0.00073804
0.00077705
0.00075965
0.00071180
0.00071867
0.00075845
0.00075810
0.00073056
0.00067698
0.00073155
0.00076416
0.00077456
0.00070721
0.00076069
0.00077923
0.00075506
0.00073926
0.00076155
0.00074336
0.00076667
0.00074812
0.00074790
0.00074956
0.00080767
0.00072379
0.00074004
0.00075271
0.00073642
0.00070290
0.00076276
0.00071369
0.00071355
0.00072434
0.00072545
0.00075808
0.00078587
0.00072973
0.00077849
0.00072282
0.00072463
0.00079812
0.00072616
0.00074706
0.00074074
0.00078585
0.00075622
0.00075951
0.00072833
0.00076146
0.00072538
0.00075483
0.00076157
0.00073484
0.00077949
0.00072909
0.00072524
0.00077327
0.00073866
0.00077054
0.00076488
0.00075430
0.00074771
0.00074592
0.00076768
0.00073664
0.00077817
0.00072881
0.00072769
0.00074160
0.00077441
0.00072792
0.00074309
0.00075910
0.00075566
0.00076773
0.00073992
0.00074560
0.00074025
0.00074425
0.00078820
0.00073848
0.00076298
0.00074239
0.00076122
0.00073531
0.00074649
0.00071987
0.00070789
0.00079774
0.00075457
0.00071105
0.00075768
0.00072436
0.00076518
0.00072966
0.00071957
0.00075469
0.00077871
0.00072811
0.00076181
0.00070243
0.00076777
0.00072528
0.00078511
0.00078749
0.00080372
0.00071698
0.00074732
0.00074951
0.00073845
0.00073592
0.00069450
0.00075899
0.00072722
0.00071874
0.00071225
0.00073718
0.00074122
0.00076868
0.00075749
0.00075511
0.00079207
0.00072705
0.00075105
0.00073727
0.00077860
0.00073509
0.00072006
0.00078743
0.00072127
0.00082141
0.00076139
0.00074896
0.00076130
0.00072322
0.00070875
0.00076320
0.00081117
0.00075262
0.00074417
0.00071469
0.00077369
0.00071875
0.00075369
0.00077570
0.00073832
0.00073538
0.00076933
0.00076527
0.00076316
0.00077702
0.00076172
0.00074141
0.00073723
0.00071529
0.00074559
0.00074771
0.00072727