0.00670994
0.00822785
0.00787422
0.00924539
0.00952706
0.01098991
0.00821940
0.00751790
0.00858468
0.00856602
0.00985784
0.01138839
0.00964872
0.00992221
0.00651105
0.00720808
0.00762513
0.00795626
0.00896296
0.00720664
0.00919138
0.00830502
0.01002798
0.00815833
0.01044014
0.00670218
0.01043781
0.00701848
0.01114593
0.01258692
0.02032803
0.00724244
0.01164917
0.00827534
0.00840773
0.00805467
0.00861428
0.01071305
0.00728902
0.00649826
0.00991078
0.00810498
0.00996734
0.00834445
0.00831460
0.01154940
0.00807416
0.01256457
0.00953159
0.00874985
0.01085445
0.00721337
0.02248292
0.00883414
0.00696659
0.00848095
0.01075404
0.00876004
0.01029658
0.00748415
0.00820700
0.01023848
0.00843589
0.01241997
0.00837913
0.00811497
0.01008459
0.01051532
0.00876751
0.00841248
0.00679902
0.00798174
0.00858637
0.00737794
0.00816201
0.00695054
0.00751270
0.00798567
0.00749551
0.00835867
0.01534642
0.00873458
0.00822617
0.01012248
0.00673105
0.00816527
0.00631743
0.00745989
0.00972429
0.01239774
0.00689712
0.00897106
0.00924858
0.00870687
0.00744869
0.00830858
0.01304138
0.00796260
0.00687636
0.00711889
0.00765909
0.00775326
0.01780721
0.00748631
0.01319784
0.00954192
0.00737445
0.00726516
0.00658745
0.00758118
0.00808002
0.00836746
0.00811715
0.00766184
0.00979597
0.00725718
0.00984261
0.00589853
0.00935410
0.00769623
0.00700289
0.01037320
0.01054702
0.00825999
0.00840471
0.00888758
0.00716550
0.01217481
0.00715967
0.01495077
0.00716602
0.00636340
0.01086526
0.00866141
0.00786724
0.00783088
0.01107742
0.01233764
0.00912481
0.00938770
0.00729238
0.01289766
0.00850177
0.00787666
0.00702363
0.00824672
0.00906178
0.00880879
0.00719858
0.00869388
0.00735727
0.00958167
0.00696488
0.01157568
0.00859016
0.01165957
0.00815433
0.00763158
0.00940372
0.00815970
0.00774437
0.00884468
0.01201910
0.00646390
0.00837984
0.00884905
0.02618635
0.01211418
0.01955456
0.01187737
0.00764794
0.00983489
0.00950387
0.00703400
0.00967089
0.00669516
0.00822283
0.00713176
0.00695300
0.01074079
0.00806073
0.00941306
0.00724579
0.00860044
0.00718913
0.00695533
0.01605945
0.00927131
0.00809265
0.00657202
0.00681210
0.01459087
0.01063690
0.01360766
0.01161891
0.00814727
0.00578707
0.00986787
0.00827844
0.00686649
0.00769742
0.00829344
0.00826104
0.01264675
0.00637818
0.00784516
0.00806774
0.00911034
0.00752437
0.01562631
0.00848370
0.00642745
0.00788150
0.01019262
0.00632668
0.00790339
0.00653798
0.00843740
0.01283669
0.00827000
0.01115626
0.00805748
0.00842614
0.00865217
0.00751077
0.00860158
0.01728065
0.01119668
0.00628389
0.00830587
0.00871381
0.00804576
0.00671562
0.00938836
0.00891905
0.00743792
0.00741012
0.00815677
0.01107192
0.00814840
0.00853012
0.00752618
0.00855981
0.01100233
0.00650533
0.00729311
0.00946347
0.00768117
0.01035716
0.01141904
0.00944500
0.00897821
0.00699780
0.00631011
0.00874336
0.00717465
0.00735405
0.00770259
0.00663836
0.00679158
0.01008647
0.00857492
0.00706252
0.01822153
0.01099187
0.00668180
0.01039328
0.00795485
0.00925029
0.01085758
0.00730291
0.01311552
0.00827917
0.00703817
0.00887504
0.01253588
0.00967900
0.00929745
0.01407579
0.00739589
0.00680644
0.00686045
0.00836717
0.00795474
0.00721427
0.00861419
0.00582169
0.00881742
0.00734631
0.00799276
0.00797530
0.00775358
0.00933634
0.02969271
0.00925531
0.00599627
0.00684284
0.01140722
0.00950539
0.00741461
0.00884979
0.00808668
0.00714122
0.01018607
0.01121380
0.00810416
0.00757081
0.02320574
0.00738143
0.00760074
0.00854324
0.01526100
0.00742558
0.00654352
0.00703913
0.00709334
0.00866737
0.00810875
0.00967964
0.00816257
0.01036759
0.01005808
0.01209149
0.00992469
0.00792634
0.00908920
0.01103685
0.00962911
0.01056215
0.00716628
0.00725283
0.00822077
0.01021131
0.01044596
0.01346484
0.01003065
0.00861542
0.00791354
0.01232810
0.00750977
0.01013802
0.01159473
0.00788409
0.00816457
0.00812145
0.00948760
0.00750172
0.00825908
0.00687853
0.00735131
0.01628623
0.00867291
0.00765057
0.00733457
0.00903233
0.00702533
0.00794397
0.00772564
0.02350283
0.01480000
0.00701312
0.00886191
0.00935806
0.01219391
0.01006422
0.00802671
0.00855129
0.00795042
0.00785591
0.00747444
0.00964223
0.00929170
0.00790616
0.00895772
0.00844551
0.00792432
0.01142569
0.00714721
0.00880510
0.00738276
0.00755297
0.01129044
0.00765213
0.00650193
0.01234263
0.00832473
0.01278280
0.00749428
0.00684524
0.00734655
0.00825362
0.00698950
0.01758308
0.00735174
0.00737011
0.01054872
0.00840056
0.01535910
0.00836052
0.01087429
0.00744195
0.00625736
0.00742178
0.00818945
0.00801783
0.00692556
0.00758389
0.01101317
0.00801344
0.00827030
0.00850763
0.00772625
0.02706053
0.00808792
0.00781666
0.00818979
0.00689214
0.00806323
0.00847975
0.00783340
0.01015184
0.00960989
0.00865996
0.00753425
0.00757114
0.00865972
0.00669625
0.00786369
0.00694503
0.00776086
0.00664512
0.00720098
0.01382183
0.01695543
0.01084341
0.00747471
0.00778639
0.00788837
0.01119028
0.01061020
0.00900563
0.00906809
0.01124109
0.00754112
0.00966555
0.00976351
0.00919142
0.00777131
0.01154376
0.00947241
0.01020366
0.00847393
0.01142545
0.00685433
0.00860315
0.00734457
0.00897956
0.00558145
0.00866166
0.00907564
0.00714606
0.00755588
0.00979553
0.00726817
0.00730349
0.00756153
0.00943657
0.00808273
0.01347102
0.00789084
0.00629581
0.00658630
0.01052682
0.00909039
0.00753953
0.00648808
0.00877386
0.01038502
0.00774349
0.00866713
0.00681233
0.00714525
0.00806277
0.00706677
0.00750565
0.00681949
0.00881200
0.00873408
0.00666677
0.01538623
0.00797938
0.00752702
0.00682579
0.00687201
0.00677906
0.00733362
0.00841315
0.00635524
0.00984112
0.00855820