0.09258776
0.05262667
0.03066000
0.02856283
0.02597680
0.02791032
0.05335019
0.02077717
0.06420254
0.02658840
0.02415923
0.03099496
0.06067758
0.02098150
0.01517402
0.01832984
0.01850041
0.01456346
0.02814623
0.03040519
0.02315872
0.04160260
0.04097613
0.02474250
0.01378986
0.02027781
0.03459659
0.01356472
0.01872628
0.02317576
0.02438691
0.04754646
0.09176756
0.03916547
0.02514459
0.01680289
0.03446653
0.01735330
0.06819155
0.01611137
0.08232269
0.03886349
0.01639784
0.01642152
0.03089312
0.03724360
0.04218729
0.02287528
0.04438921
0.04515828
0.02153125
0.04647647
0.03137323
0.02184121
0.04102213
0.02222604
0.02437686
0.01581497
0.02848582
0.02701958
0.05120721
0.03705410
0.05488753
0.06673505
0.02747431
0.06625961
0.03788358
0.15794357
0.01963269
0.04108286
0.04156694
0.05501689
0.01990263
0.07220418
0.01893554
0.02681881
0.05313201
0.02966140
0.02319642
0.02847142
0.07822984
0.02577012
0.02166118
0.05580870
0.10437421
0.01981182
0.02042572
0.06144322
0.03194448
0.06186685
0.02450210
0.01567215
0.09094001
0.02164498
0.02467116
0.02014690
0.04533897
0.06122955
0.14966361
0.05276398
0.01654837
0.02715051
0.04647633
0.02145611
0.03214688
0.02369030
0.02510210
0.04306249
0.02477107
0.04264841
0.03978512
0.01658159
0.01996322
0.05145715
0.01753975
0.01837847
0.01760017
0.10067890
0.05136862
0.02655894
0.02632543
0.01716894
0.01765541
0.01408533
0.01999438
0.04462370
0.02579579
0.02187280
0.01598061
0.02354212
0.01619445
0.01776541
0.01785226
0.04268625
0.07035233
0.03371604
0.02483582
0.02232753
0.01525711
0.01597621
0.01926764
0.02185458
0.02779548
0.06812253
0.05856030
0.03796269
0.01241527
0.04412525
0.04073971
0.07994625
0.06207269
0.06182358
0.02246496
0.06161252
0.03353252
0.04014525
0.04155005
0.03914273
0.03831070
0.04290637
0.01975267
0.01914956
0.01843549
0.02202747
0.01661119
0.03974879
0.01751328
0.02395668
0.01861010
0.01740255
0.01410549
0.03398312
0.04131764
0.02787270
0.01391659
0.01529902
0.02783794
0.01578107
0.02347838
0.01411328
0.01233037
0.02144934
0.02207186
0.10599528
0.03812008
0.05899796
0.02763420
0.01561396
0.03813011
0.05373817
0.02064542
0.04268301
0.04771710
0.01942342
0.02345469
0.02421790
0.02724593
0.02509165
0.03686678
0.03243845
0.01929117
0.02853870
0.01703861
0.02128946
0.07493808
0.09436227
0.01605574
0.02707469
0.01788395
0.02859435
0.06494907
0.07804259
0.03650646
0.07026995
0.03231054
0.02308574
0.03700349
0.01252324
0.06390099
0.01959771
0.03221152
0.02742173
0.02017630
0.04496837
0.03069951
0.02102991
0.02484408
0.02054014
0.01515729
0.02389772
0.03453650
0.04338517
0.06252613
0.02523598
0.02585937
0.02342439
0.01121408
0.02243593
0.04969221
0.05997628
0.02643480
0.01443025
0.03024866
0.03504353
0.01608777
0.02401215
0.09962893
0.01661849
0.01269172
0.03756557
0.05668419
0.01892770
0.02222113
0.02647798
0.03272553
0.01623812
0.04058375
0.05304800
0.02179658
0.04737640
0.06008701
0.03733055
0.02335818
0.02009696
0.05881132
0.05780897
0.02180093
0.02267039
0.01859959
0.04125586
0.02825549
0.04039120
0.03326980
0.01665948
0.03333733
0.04291028
0.03267178
0.05367634
0.01982675
0.06924591
0.03259022
0.01488210
0.03643252
0.05513099
0.02975638
0.03150657
0.01972712
0.02760280
0.04413101
0.02896511
0.03242245
0.03693446
0.03068480
0.02072257
0.02556993
0.02697697
0.03247548
0.02435255
0.01686117
0.02388084
0.02882926
0.04717495
0.03914610
0.01958610
0.01737244
0.02734847
0.02972838
0.02111992
0.04913411
0.06786397
0.02232709
0.02994260
0.02059897
0.07734125
0.04402229
0.03566373
0.02046140
0.02266828
0.01896402
0.06613404
0.10062301
0.06635355
0.02976025
0.04531973
0.03926469
0.02633162
0.04146125
0.02009606
0.03763355
0.02510278
0.01767173
0.02382754
0.01503992
0.02789549
0.07182388
0.01590925
0.01374237
0.04400786
0.02228168
0.03454292
0.03226781
0.02076927
0.04332874
0.03264769
0.02198836
0.01840219
0.02616446
0.02432882
0.04085207
0.02053889
0.02397968
0.01714826
0.01789347
0.02515650
0.05418929
0.05804120
0.03214905
0.02662960
0.01823207
0.03014405
0.02068193
0.03912283
0.04815502
0.02852075
0.02360606
0.01891057
0.01280827
0.03862534
0.04442983
0.02042750
0.02453159
0.05380655
0.03950582
0.01529789
0.02415214
0.02161660
0.02893247
0.02100454
0.03435920
0.02165584
0.01787628
0.02136015
0.02417084
0.03325302
0.02712754
0.03396209
0.02015839
0.02581691
0.01737739
0.02163090
0.03205604
0.01900177
0.02078508
0.02058539
0.03279861
0.01819002
0.02475930
0.02255274
0.04043505
0.07961837
0.03343638
0.05386611
0.04860510
0.03419140
0.01377250
0.02749807
0.03074876
0.04023710
0.02787375
0.02497313
0.01477293
0.01607619
0.05317271
0.01401970
0.09819679
0.01940148
0.03048470
0.02774091
0.04845255
0.04565831
0.01696063
0.01484900
0.02703913
0.02689384
0.02366414
0.04671003
0.06707621
0.02566287
0.01820694
0.02453730
0.02994582
0.08856782
0.12489831
0.02409213
0.05681562
0.01978797
0.02402639
0.03287469
0.01863122
0.04860737
0.03705770
0.02018863
0.15714174
0.03337457
0.01833821
0.02488621
0.05760330
0.02661847
0.04517794
0.02727004
0.03171238
0.02463319
0.03788198
0.01942336
0.01380158
0.04540225
0.03566014
0.04483887
0.01814840
0.01380514
0.09276239
0.02182371
0.02707454
0.01818155
0.04232745
0.01519730
0.02580503
0.03584933
0.01684504
0.02910902
0.02319277
0.03049482
0.02335424
0.01191533
0.03125151
0.01841127
0.01941170
0.02516396
0.02507095
0.05115618
0.03368040
0.01380210
0.11018947
0.03222777
0.04231247
0.04009642
0.03099227
0.03818435
0.01339644
0.03453228
0.02733371
0.02866756
0.03361315
0.05807648
0.02086553
0.05681989
0.03898952
0.07734749
0.03722766
0.02491361