0.00550384
0.00254458
0.00244711
0.00285693
0.00470976
0.00321696
0.00238473
0.00482504
0.00313964
0.00319773
0.00338825
0.00493931
0.00345925
0.00356357
0.00350238
0.00301875
0.00226488
0.00289765
0.00270354
0.00272875
0.00393982
0.00342012
0.00233563
0.00256877
0.00445551
0.00448396
0.00327411
0.00304991
0.00241114
0.00239824
0.00262481
0.00310994
0.00282085
0.00232569
0.00262960
0.00289519
0.00422652
0.00244000
0.00435458
0.00231507
0.00311361
0.00249969
0.00322953
0.00239309
0.00244352
0.00302508
0.00365628
0.00385495
0.00406499
0.00346852
0.00272604
0.00272936
0.00296001
0.00294529
0.00302705
0.00288987
0.00451462
0.00308766
0.00617291
0.00330719
0.00248609
0.00192665
0.00210443
0.00307070
0.00258402
0.00372354
0.00285625
0.00413562
0.00310100
0.00478371
0.00342336
0.00296521
0.00389167
0.00439780
0.00319248
0.00370255
0.00519828
0.00268310
0.00294977
0.00418384
0.00434940
0.00328919
0.00349046
0.00460775
0.00296448
0.00269935
0.00277472
0.00276304
0.00412050
0.00234841
0.00266705
0.00251413
0.00387555
0.00285360
0.00386655
0.00285283
0.00636989
0.00230452
0.00321272
0.00340944
0.00271752
0.00383062
0.00302296
0.00254165
0.00305708
0.00240573
0.00331056
0.00373569
0.00275700
0.00504785
0.00225335
0.00392139
0.00321660
0.00257588
0.00253149
0.00262222
0.00319339
0.00429063
0.00261796
0.00313819
0.00340705
0.00250132
0.00341562
0.00255099
0.00456630
0.00257810
0.00375253
0.00293617
0.00280037
0.00235056
0.00321190
0.00284636
0.00319577
0.00386348
0.00282176
0.00274536
0.00258687
0.00217025
0.00308630
0.00302833
0.00265493
0.00402086
0.00261591
0.00343675
0.00341424
0.00319090
0.00292273
0.00286804
0.00374256
0.00335946
0.00304567
0.00359475
0.00217392
0.00323315
0.00249195
0.00286353
0.00285719
0.00389298
0.00256935
0.00275083
0.00255699
0.00321812
0.00318957
0.00318164
0.00211200
0.00345696
0.00367298
0.00376854
0.00264308
0.00251033
0.00347612
0.00251045
0.00319149
0.00411273
0.00240070
0.00341064
0.00290481
0.00278334
0.00232476
0.00332799
0.00224293
0.00289748
0.00313449
0.00317075
0.00464868
0.00337525
0.00374857
0.00351989
0.00235366
0.00274229
0.00248023
0.00326950
0.00256156
0.00267903
0.00234694
0.00208051
0.00411723
0.00252765
0.00407518
0.00246906
0.00195760
0.00247281
0.00238210
0.00255119
0.00273372
0.00242090
0.00328304
0.00314461
0.00270470
0.00404602
0.00311320
0.00256400
0.00257121
0.00285964
0.00533913
0.00304043
0.00362782
0.00273235
0.00307765
0.00262699
0.00358693
0.00348597
0.00543187
0.00310008
0.00322112
0.00214876
0.00367204
0.00277210
0.00334118
0.00214817
0.00441279
0.00287388
0.00237415
0.00339012
0.00337079
0.00316563
0.00310194
0.00238153
0.00246827
0.00358658
0.00245098
0.00263843
0.00246741
0.00295465
0.00274316
0.00289324
0.00373600
0.00249530
0.00345326
0.00253401
0.00303755
0.00356429
0.00645268
0.00377680
0.00279004
0.00230931
0.00399636
0.00293316
0.00344627
0.00270220
0.00337400
0.00319478
0.00223222
0.00318303
0.00292145
0.00303993
0.00252940
0.00269601
0.00297364
0.00239837
0.00382284
0.00271550
0.00473151
0.00314228
0.00240525
0.00239185
0.00333865
0.00255070
0.00308113
0.00314124
0.00401862
0.00439857
0.00229639
0.00272281
0.00268049
0.00416327
0.00258678
0.00318545
0.00240332
0.00305346
0.00253038
0.00250116
0.00265623
0.00299280
0.00245585
0.00242517
0.00273285
0.00266555
0.00258056
0.00285191
0.00238878
0.00446497
0.00371626
0.00319632
0.00286385
0.00288377
0.00260212
0.00297571
0.00232420
0.00418393
0.00368888
0.00460196
0.00287171
0.00198012
0.00503117
0.00292217
0.00259729
0.00404577
0.00247492
0.00392702
0.00276733
0.00263995
0.00351429
0.00270676
0.00403859
0.00275852
0.00267571
0.00296141
0.00220225
0.00241812
0.00289394
0.00237069
0.00275156
0.00260031
0.00367653
0.00270524
0.00344424
0.00426799
0.00240219
0.00292014
0.00362208
0.00287929
0.00380280
0.00246650
0.00412565
0.00347544
0.00503311
0.00345568
0.00243911
0.00523568
0.00224004
0.00603347
0.00353176
0.00285757
0.00234806
0.00304632
0.00428761
0.00345387
0.00285840
0.00349211
0.00269659
0.00256689
0.00296657
0.00300998
0.00222137
0.00270362
0.00408991
0.00280170
0.00213057
0.00375540
0.00282697
0.00254132
0.00315088
0.00254055
0.00322408
0.00355131
0.00300582
0.00248242
0.00279604
0.00323083
0.00372661
0.00275539
0.00451963
0.00264027
0.00222822
0.00370109
0.00349191
0.00332256
0.00254320
0.00241085
0.00253652
0.00324119
0.00322765
0.00358152
0.00254131
0.00256356
0.00412374
0.00288848
0.00311005
0.00404928
0.00254067
0.00286878
0.00403504
0.00247571
0.00295998
0.00276387
0.00229787
0.00244541
0.00363886
0.00280048
0.00308563
0.00385106
0.00216599
0.00382686
0.00236317
0.00242873
0.00447476
0.00273202
0.00342944
0.00241118
0.00270288
0.00306450
0.00335679
0.00589853
0.00265721
0.00285029
0.00327042
0.00253489
0.00231496
0.00225561
0.00287540
0.00409302
0.00240710
0.00280802
0.00266338
0.00268620
0.00293323
0.00299804
0.00281840
0.00278195
0.00288677
0.00417459
0.00270177
0.00280903
0.00256599
0.00270133
0.00299671
0.00234776
0.00286747
0.00385399
0.00308880
0.00278772
0.00313221
0.00313348
0.00249629
0.00281009
0.00320806
0.00305868
0.00383872
0.00319903
0.00293583
0.00246365
0.00269467
0.00293419
0.00291220
0.00246239
0.00433688
0.00271921
0.00269060
0.00323261
0.00314319
0.00356579
0.00292190
0.00359708
0.00323888
0.00268225
0.00280917
0.00323730
0.00298542
0.00209211
0.00265611
0.00498008
0.00253996
0.00366194
0.00238502
0.00229087
0.00535887
0.00310811
0.00275684
0.00563466
0.00353912
0.00268721
0.00332586
0.00245518
0.00289695
0.00388992
0.00208632
0.00410728
0.00286737
0.00317126