0.00209976
0.00188161
0.00197678
0.00209729
0.00197204
0.00210705
0.00198764
0.00195543
0.00224851
0.00197308
0.00209817
0.00204046
0.00199749
0.00211288
0.00204804
0.00193487
0.00213123
0.00183183
0.00193541
0.00199648
0.00203253
0.00185330
0.00196614
0.00198508
0.00215182
0.00214809
0.00201231
0.00215954
0.00218458
0.00204219
0.00209814
0.00203459
0.00202980
0.00210029
0.00208421
0.00215897
0.00207005
0.00202726
0.00191723
0.00195014
0.00207377
0.00201750
0.00199572
0.00207117
0.00254213
0.00210727
0.00199546
0.00201779
0.00202929
0.00193586
0.00221544
0.00189938
0.00207338
0.00193204
0.00196420
0.00204526
0.00216571
0.00196680
0.00196992
0.00196543
0.00214251
0.00199824
0.00182997
0.00204465
0.00213254
0.00232396
0.00196840
0.00197727
0.00215903
0.00214914
0.00203626
0.00199911
0.00210267
0.00201140
0.00198842
0.00195239
0.00202748
0.00209040
0.00198599
0.00195932
0.00201774
0.00201909
0.00202883
0.00207388
0.00223749
0.00199901
0.00200516
0.00200953
0.00223683
0.00230487
0.00197852
0.00206582
0.00194445
0.00218968
0.00206470
0.00183404
0.00199351
0.00203711
0.00200734
0.00192285
0.00200580
0.00196961
0.00237483
0.00193381
0.00223069
0.00191106
0.00205129
0.00236166
0.00187772
0.00200148
0.00204304
0.00194828
0.00198523
0.00203287
0.00213946
0.00196705
0.00210182
0.00194564
0.00207496
0.00200728
0.00201348
0.00206506
0.00193788
0.00204458
0.00210257
0.00214782
0.00183700
0.00206608
0.00230128
0.00234242
0.00203531
0.00209233
0.00204792
0.00215415
0.00219710
0.00213826
0.00195451
0.00192941
0.00203687
0.00214261
0.00211524
0.00209615
0.00217521
0.00206954
0.00188423
0.00196101
0.00191251
0.00210598
0.00204741
0.00191323
0.00199944
0.00209877
0.00203335
0.00187619
0.00212223
0.00199092
0.00206591
0.00202192
0.00193448
0.00199327
0.00197537
0.00202708
0.00206155
0.00192972
0.00205680
0.00297825
0.00205076
0.00223135
0.00187155
0.00200661
0.00210102
0.00198429
0.00226455
0.00203149
0.00198146
0.00182870
0.00204440
0.00183358
0.00200657
0.00206576
0.00206492
0.00258103
0.00203430
0.00202902
0.00213117
0.00191824
0.00212022
0.00202447
0.00186190
0.00202099
0.00228618
0.00200908
0.00198554
0.00210203
0.00197783
0.00212441
0.00196545
0.00215887
0.00199312
0.00200177
0.00220293
0.00209272
0.00228510
0.00191301
0.00215792
0.00190654
0.00191772
0.00201198
0.00195932
0.00197542
0.00201752
0.00202683
0.00208749
0.00226561
0.00189137
0.00216591
0.00192442
0.00190770
0.00194723
0.00202508
0.00221722
0.00207670
0.00210509
0.00235954
0.00207608
0.00210662
0.00202596
0.00193190
0.00197640
0.00218656
0.00237788
0.00200427
0.00204915
0.00201283
0.00205570
0.00207611
0.00197680
0.00207870
0.00193877
0.00194220
0.00197105
0.00190986
0.00217082
0.00192863
0.00198356
0.00213504
0.00192337
0.00201205
0.00211180
0.00218973
0.00208598
0.00193651
0.00198818
0.00204089
0.00205421
0.00211392
0.00203231
0.00200861
0.00226246
0.00205589
0.00192850
0.00178926
0.00192001
0.00175769
0.00211839
0.00200626
0.00201777
0.00263264
0.00218011
0.00198401
0.00217329
0.00231250
0.00204228
0.00189854
0.00205956
0.00190404
0.00203289
0.00223491
0.00249249
0.00213642
0.00206602
0.00203011
0.00208468
0.00203084
0.00228868
0.00195160
0.00194516
0.00202382
0.00204308
0.00189526
0.00200426
0.00221675
0.00195953
0.00221751
0.00196161
0.00214421
0.00204097
0.00207433
0.00201396
0.00227277
0.00211703
0.00206471
0.00199581
0.00195436
0.00212120
0.00216907
0.00199738
0.00206799
0.00197571
0.00207587
0.00194414
0.00208175
0.00188700
0.00212046
0.00222499
0.00204222
0.00195593
0.00201480
0.00200971
0.00233805
0.00221114
0.00240276
0.00194765
0.00203075
0.00211247
0.00191799
0.00209274
0.00207377
0.00209082
0.00190120
0.00192025
0.00216311
0.00200792
0.00227316
0.00187217
0.00240372
0.00198334
0.00203477
0.00196691
0.00202090
0.00219645
0.00182506
0.00214890
0.00214864
0.00189904
0.00191387
0.00214000
0.00218667
0.00222846
0.00198942
0.00199079
0.00201989
0.00196816
0.00202022
0.00188168
0.00204188
0.00187813
0.00203825
0.00229311
0.00222228
0.00194483
0.00230460
0.00198521
0.00201800
0.00207996
0.00234107
0.00222515
0.00181272
0.00193276
0.00221402
0.00202689
0.00209920
0.00205205
0.00234653
0.00205884
0.00191816
0.00210079
0.00210987
0.00191934
0.00199671
0.00188397
0.00191523
0.00210704
0.00205624
0.00190956
0.00196285
0.00188785
0.00190448
0.00203489
0.00224325
0.00223164
0.00194259
0.00219509
0.00204691
0.00188008
0.00213787
0.00194986
0.00212351
0.00203676
0.00201291
0.00201874
0.00195062
0.00199606
0.00193685
0.00225192
0.00203243
0.00197433
0.00189678
0.00204912
0.00209010
0.00194995
0.00211915
0.00208365
0.00199341
0.00196590
0.00208906
0.00217472
0.00191041
0.00191671
0.00203728
0.00194258
0.00214292
0.00209836
0.00195946
0.00193800
0.00187241
0.00215437
0.00200704
0.00202160
0.00200235
0.00199695
0.00206045
0.00216743
0.00193525
0.00200682
0.00206293
0.00197836
0.00200020
0.00221416
0.00194494
0.00206973
0.00200392
0.00202593
0.00195062
0.00201559
0.00215105
0.00201561
0.00203584
0.00215869
0.00190679
0.00210162
0.00200468
0.00189325
0.00201067
0.00189195
0.00193141
0.00195100
0.00203449
0.00198294
0.00204175
0.00220874
0.00188336
0.00184401
0.00188881
0.00199779
0.00204518
0.00193610
0.00203332
0.00198037
0.00209598
0.00187226
0.00193944
0.00205400
0.00189832
0.00202789
0.00256134
0.00236139
0.00203108
0.00225223
0.00196689
0.00215138
0.00202444
0.00202948
0.00192141
0.00208853
0.00208089
0.00198290
0.00191818
0.00190965
0.00216229
0.00204096
0.00184618
0.00198767
0.00184617
0.00195984
0.00198566
0.00207913
0.00208583
0.00221964
0.00202757