0.01127539
0.01214353
0.00925758
0.00858410
0.00912808
0.00906698
0.01020231
0.01153754
0.00981215
0.01330192
0.01043507
0.01360978
0.01003054
0.01055449
0.00887998
0.00937458
0.00874412
0.00915871
0.00951477
0.00935672
0.00994552
0.00975363
0.01415674
0.00904654
0.01051174
0.00933246
0.01059704
0.00943288
0.01262471
0.01343373
0.01219071
0.01197374
0.00891075
0.00968317
0.00984911
0.01128032
0.01044950
0.00944225
0.00949362
0.00987869
0.00937944
0.00964313
0.01073927
0.01179328
0.01202391
0.00917669
0.00947777
0.01035542
0.00946168
0.01034675
0.01204824
0.01022994
0.01407108
0.00961850
0.01056041
0.01053999
0.01009851
0.00892154
0.00901789
0.00967604
0.00869013
0.01165335
0.00849265
0.01226911
0.00982049
0.01036626
0.01023790
0.00962911
0.00869505
0.01893579
0.01014441
0.00888475
0.01017890
0.01115871
0.01041221
0.01004049
0.00990637
0.01231114
0.01025151
0.00983894
0.02765281
0.01005686
0.00908716
0.00887585
0.00950143
0.01020146
0.01222687
0.00915497
0.01092523
0.01136177
0.00960574
0.00900401
0.01019200
0.01075958
0.01061821
0.01080791
0.00943949
0.00967152
0.01342933
0.01151753
0.01122320
0.00955145
0.01194612
0.00946398
0.00915297
0.00944356
0.01335395
0.01327818
0.00939720
0.00937024
0.01113181
0.00933893
0.01123238
0.00974750
0.00938073
0.00972202
0.01009803
0.00951854
0.00928836
0.01219387
0.01164604
0.00961553
0.01111030
0.00983112
0.00943292
0.00945586
0.01177052
0.00923311
0.01481052
0.02266951
0.01113586
0.01000560
0.01010292
0.01121412
0.00947675
0.00924031
0.00975361
0.00967236
0.00925192
0.01301850
0.00969365
0.01041686
0.01072090
0.01167718
0.00859304
0.01018543
0.01152233
0.01072222
0.01249668
0.01004830
0.00954804
0.00998323
0.01094823
0.01194047
0.01102365
0.00917428
0.00904301
0.00971027
0.00916204
0.01080569
0.00995858
0.00953105
0.01047214
0.01293300
0.01289786
0.01062853
0.01077510
0.00944288
0.01033684
0.01148815
0.01080455
0.00960280
0.00975423
0.00961919
0.00929263
0.01029591
0.00879278
0.00954487
0.00911093
0.00978775
0.00838662
0.00977083
0.00988411
0.01177800
0.01274491
0.00908952
0.00998031
0.01007613
0.01089431
0.00910761
0.00936205
0.00988268
0.01061025
0.00955565
0.00931860
0.00963167
0.00997268
0.00941004
0.00941429
0.01335108
0.00935737
0.00933632
0.00917709
0.01186141
0.00918957
0.01219307
0.00956431
0.00991008
0.00959291
0.01245235
0.01117370
0.00976680
0.01084610
0.00889224
0.01132100
0.01038022
0.00823625
0.01105682
0.00984488
0.01044850
0.01187711
0.00975543
0.00942670
0.01010031
0.00955660
0.01082599
0.00993591
0.01013082
0.01100328
0.01016297
0.01180802
0.00948751
0.01160568
0.01008176
0.01055902
0.00946257
0.01131886
0.01169421
0.01763152
0.01049466
0.01032433
0.01142270
0.01120041
0.01228920
0.01046096
0.00971722
0.00878777
0.02028133
0.00946621
0.00982165
0.01013960
0.01017433
0.01004399
0.01059347
0.00907614
0.01206874
0.01279546
0.01089636
0.01116558
0.01052794
0.00947803
0.01741043
0.00853367
0.00964027
0.01065013
0.01028351
0.01105135
0.00969415
0.01190456
0.01085567
0.00857347
0.01069738
0.01151871
0.01126021
0.01069051
0.01001982
0.00949968
0.01021215
0.01044361
0.01434981
0.01160876
0.00964288
0.00945906
0.01057432
0.00978008
0.01100752
0.01094401
0.00951544
0.01089854
0.00975429
0.00988914
0.00885120
0.01033125
0.00914949
0.01044780
0.01017103
0.00979493
0.01080499
0.00947916
0.01010827
0.00987178
0.01102013
0.00913695
0.01130519
0.00958425
0.01310564
0.01044204
0.01009647
0.00955605
0.01068226
0.01021056
0.01053141
0.00912001
0.00908663
0.00929339
0.00930302
0.00989771
0.00842510
0.00974542
0.01300288
0.00985635
0.00994712
0.01099716
0.00944957
0.00917220
0.01265225
0.00985493
0.01000616
0.01015221
0.01036609
0.01096291
0.01063841
0.01092190
0.00945723
0.01100047
0.00927528
0.00925825
0.01158885
0.01346157
0.00936477
0.00999033
0.01174975
0.00927598
0.00993917
0.01120727
0.01003016
0.01075501
0.01021817
0.01109425
0.01098214
0.01426092
0.01036706
0.00872319
0.00971682
0.00936303
0.01107491
0.00905807
0.01104524
0.00977782
0.00965771
0.01172018
0.01080817
0.00853555
0.01084884
0.01029752
0.01014006
0.00913153
0.00999280
0.00945937
0.01158334
0.00888765
0.01095629
0.01131407
0.01029768
0.00936229
0.01137889
0.01157180
0.01273054
0.01065610
0.00976493
0.00949625
0.00925004
0.00898800
0.00946894
0.00966621
0.00981434
0.01046316
0.00930452
0.01068661
0.01139481
0.01142816
0.01056129
0.01054160
0.00900937
0.00927333
0.00998383
0.00923892
0.01049288
0.00903520
0.00894653
0.00919299
0.00950524
0.01801930
0.00969717
0.01263400
0.01114053
0.01082828
0.00966525
0.01138683
0.01056847
0.01269148
0.01006464
0.01074283
0.00988557
0.01156755
0.01295590
0.00967475
0.00919184
0.01026679
0.01019860
0.00918092
0.01050008
0.00970511
0.00919033
0.01486592
0.00990625
0.01046720
0.00952938
0.01065283
0.00962781
0.00948388
0.01183951
0.01022132
0.01093598
0.01017071
0.00948884
0.00945644
0.00920289
0.00848219
0.01330476
0.01110340
0.00968780
0.01114891
0.00985319
0.00945352
0.00903466
0.01162796
0.01190192
0.01112057
0.00965303
0.01073771
0.01026833
0.00982608
0.00971004
0.00943592
0.01125647
0.00987056
0.00900147
0.01081383
0.00955398
0.01294527
0.00918096
0.00938820
0.00956323
0.01102159
0.01267651
0.01282919
0.01074178
0.01013013
0.00962523
0.01441775
0.01005501
0.01170282
0.01009036
0.01980230
0.00946971
0.00877467
0.00994592
0.01124124
0.00938642
0.00879011
0.00966416
0.01378876
0.00916502
0.01018728
0.01969852
0.00958602
0.00946746
0.00926986
0.00919620
0.00902373
0.00994293
0.01147723
0.01323443
0.01150568
0.01037540
0.00977852
0.01067421
0.01119965
0.00954383