0.01742028
0.03005496
0.01912188
0.00954144
0.01200859
0.01525605
0.01799056
0.01368725
0.03167838
0.02500824
0.02058796
0.01579305
0.02482281
0.02107278
0.01580923
0.01522220
0.03612041
0.02375198
0.01593462
0.00835704
0.01671558
0.02369224
0.01016429
0.01584993
0.01826093
0.03021308
0.03224213
0.01749618
0.01133492
0.01638838
0.01241286
0.01720717
0.01179135
0.01734780
0.02044784
0.00980681
0.01962460
0.01817902
0.01049394
0.01966322
0.01881425
0.02508078
0.01335151
0.01046187
0.02440971
0.01038633
0.01099153
0.01867376
0.03474789
0.02374497
0.01515751
0.03350560
0.01172966
0.02482577
0.01302913
0.01390475
0.01152908
0.02060342
0.01258265
0.00755879
0.01139390
0.01916373
0.00969420
0.01294855
0.01698772
0.02057624
0.01142457
0.01844813
0.01466467
0.01289646
0.01359405
0.02508262
0.01503184
0.00933345
0.01219313
0.01765826
0.01637394
0.01606774
0.01026600
0.01040842
0.02689757
0.02226016
0.01402383
0.02214061
0.01221379
0.02262545
0.02123422
0.01496235
0.01150580
0.00974853
0.02038072
0.01055510
0.02107780
0.01598470
0.01129791
0.03320265
0.01361501
0.01291503
0.01838953
0.01514380
0.01751151
0.01757524
0.02712897
0.01574634
0.01220469
0.01643610
0.01050022
0.03338610
0.01028256
0.01111063
0.01850861
0.01296443
0.01962041
0.01835536
0.01030892
0.02442544
0.02147572
0.03066557
0.02179081
0.02495716
0.02048562
0.01413368
0.01873718
0.01748515
0.01804085
0.01778340
0.01042169
0.01760412
0.01460426
0.02569620
0.01292340
0.01953165
0.00755993
0.02011905
0.02409193
0.00966356
0.01832788
0.01416679
0.03114133
0.01296092
0.01643887
0.03262396
0.01067426
0.01512385
0.01346483
0.02066442
0.01543163
0.01460183
0.01564548
0.01925081
0.02914010
0.01597421
0.01145277
0.03831843
0.01351084
0.01450172
0.01415897
0.02009847
0.01757771
0.01898779
0.02102735
0.01525591
0.01780019
0.02063292
0.01136528
0.01049132
0.00908985
0.01021351
0.03394361
0.03173233
0.02017499
0.02066229
0.02399441
0.01390424
0.03705537
0.01122174
0.01331723
0.02281510
0.01032326
0.01860457
0.03645377
0.01907124
0.01151186
0.01748739
0.02197225
0.01772960
0.02005272
0.01216382
0.02561066
0.03043962
0.01250198
0.01454908
0.00973588
0.00991000
0.01422133
0.03179339
0.01065755
0.01275801
0.02138028
0.00895164
0.01278381
0.01366986
0.01291110
0.01001260
0.01339531
0.01157325
0.01788588
0.01959181
0.00879556
0.01682245
0.01678261
0.01810774
0.01070403
0.01222593
0.01485453
0.00714977
0.01446855
0.01082185
0.01611145
0.01885589
0.01593736
0.01988215
0.01270211
0.00987655
0.01237141
0.01499279
0.00824071
0.00915252
0.01393614
0.01291249
0.01722386
0.01262050
0.01454739
0.01528946
0.04307807
0.03130279
0.01652106
0.01167997
0.02888626
0.02026658
0.01229674
0.02279677
0.01157330
0.01517645
0.01143266
0.01142165
0.01221918
0.06625423
0.02493355
0.02348385
0.01512090
0.02091488
0.03639941
0.01118815
0.06390109
0.01544977
0.01404900
0.01956910
0.01387980
0.00994306
0.01143307
0.01288848
0.01130712
0.01604323
0.00879991
0.03407932
0.01267037
0.02466224
0.03744797
0.02142435
0.02562029
0.02481792
0.02161189
0.02618327
0.01241381
0.00786972
0.01935917
0.01235054
0.00861622
0.01242686
0.01305206
0.01828110
0.02345829
0.01139208
0.00906823
0.03877367
0.02315102
0.01897388
0.01428268
0.02852298
0.01844546
0.01787875
0.01059855
0.01295114
0.02499843
0.01201248
0.01436703
0.02771979
0.02098081
0.00944282
0.01041748
0.01158703
0.01227144
0.01992612
0.02596040
0.02558735
0.01804860
0.01960133
0.01317919
0.01227082
0.00818604
0.01479983
0.00797341
0.01173154
0.02345676
0.01398006
0.01109287
0.02061669
0.01312374
0.01259849
0.01814338
0.01668731
0.02174410
0.01929064
0.01126413
0.01886031
0.01012688
0.01907410
0.00848951
0.01501958
0.00900535
0.00940750
0.00919682
0.01779845
0.01820569
0.00814223
0.03376006
0.01662217
0.02011148
0.01422591
0.01351616
0.02199956
0.02171426
0.01127361
0.01062924
0.03447644
0.01163089
0.02738834
0.03375868
0.01793469
0.01692246
0.02110511
0.00975098
0.01738339
0.06037202
0.03069881
0.03426418
0.01751672
0.02975325
0.01304037
0.01505927
0.01913229
0.01456469
0.01804987
0.02170684
0.05513606
0.01807755
0.02526097
0.00941197
0.02296160
0.01151757
0.02622842
0.01299883
0.01182011
0.00908649
0.01638052
0.01107939
0.01404677
0.01122911
0.01272091
0.01315774
0.01072439
0.00907362
0.01911629
0.01478235
0.03356822
0.01429320
0.00923685
0.02304706
0.02307640
0.01295731
0.01738980
0.02888335
0.02026557
0.02317665
0.03619985
0.01064114
0.01900199
0.01889042
0.01643551
0.01743056
0.02334906
0.01881208
0.00703860
0.00933185
0.02077099
0.01566244
0.01873420
0.01284854
0.03166339
0.02002301
0.03079293
0.01615770
0.01335686
0.01806044
0.00840869
0.02387802
0.01645223
0.01731789
0.01554898
0.01823758
0.00886800
0.03831817
0.01553189
0.00998503
0.01027138
0.01204825
0.01665688
0.01500112
0.01607633
0.02499954
0.01774682
0.02293250
0.02693182
0.01066198
0.01717070
0.02708577
0.01254305
0.02953187
0.01244496
0.01199790
0.01190945
0.01916873
0.01694522
0.04510339
0.02768543
0.01878049
0.01933268
0.02652961
0.01117849
0.01406370
0.01330111
0.04744485
0.01460692
0.02138145
0.02341723
0.01803065
0.01617767
0.02531477
0.02608682
0.02294255
0.00853379
0.03625407
0.01176114
0.01610037
0.01544098
0.01990385
0.03130786
0.02813116
0.01849628
0.02624228
0.02457514
0.04073483
0.01408722
0.00927333
0.01775535
0.00869902
0.02012674
0.00953535
0.03776944
0.02260119
0.00995725
0.01039366
0.03099920
0.01696270
0.01211354
0.01328915
0.01529997
0.01472036
0.01867368
0.03143207
0.01810734
0.01121520
0.01169360
0.00987417
0.01882789
0.01072439
0.01281274
0.01476026
0.01628390