0.00511063
0.00401856
0.00472802
0.00623144
0.00505232
0.00444105
0.00459570
0.00447759
0.00308433
0.00398819
0.00352159
0.00269224
0.00404317
0.00545837
0.00380295
0.00413295
0.00604010
0.00641092
0.00437541
0.00600432
0.00329565
0.00340174
0.00464319
0.00401964
0.00407417
0.00488000
0.00555765
0.00316545
0.00798200
0.00453131
0.00341944
0.00340075
0.00292304
0.00389993
0.00430646
0.00674040
0.00464016
0.00583074
0.00791362
0.00318238
0.00399278
0.00352935
0.00404318
0.00296491
0.00288653
0.00461023
0.00323289
0.00493572
0.00487179
0.00512220
0.00335878
0.00663169
0.00409010
0.00370839
0.00306687
0.00510915
0.00423640
0.00499872
0.00407188
0.00428566
0.00585950
0.00553862
0.00437015
0.00456478
0.00745358
0.00447647
0.00671320
0.00469288
0.00445251
0.00327939
0.00328807
0.00335380
0.00440432
0.00449275
0.00463059
0.00455924
0.00520621
0.00338704
0.00350600
0.00489978
0.00320463
0.00629529
0.00544959
0.00424294
0.00575788
0.00399705
0.00294500
0.00433212
0.00445921
0.00326937
0.00490464
0.00407662
0.00642257
0.00445634
0.00314760
0.00416339
0.00291204
0.00541905
0.00446693
0.00517807
0.00502099
0.00371859
0.00393717
0.00343384
0.00437076
0.00297388
0.00439002
0.00410030
0.00588322
0.00698170
0.00423103
0.00452292
0.00713366
0.00503233
0.00726068
0.00494113
0.00344891
0.00356904
0.00404368
0.00512447
0.00488588
0.00829701
0.00441592
0.00444967
0.00326700
0.00408352
0.00436944
0.00752917
0.00419961
0.00281190
0.00530064
0.00363888
0.00456293
0.00661446
0.00325710
0.00372100
0.00442553
0.00424662
0.00386135
0.00590597
0.00353740
0.00647250
0.00313529
0.00557884
0.00311260
0.00568779
0.00418387
0.00399529
0.00915261
0.00340644
0.00564667
0.00378522
0.00424003
0.00459977
0.00443739
0.00434032
0.00305005
0.00461941
0.00326614
0.00354250
0.00380305
0.00285977
0.00464347
0.00308740
0.00562691
0.00570107
0.00647099
0.00380268
0.00368096
0.00567368
0.00489719
0.00409911
0.00506514
0.00553308
0.00426832
0.00734427
0.00430693
0.00357736
0.00274870
0.00626991
0.00442355
0.00501084
0.00422686
0.00323759
0.00358194
0.00329722
0.00361147
0.00471901
0.00364404
0.00544843
0.00652263
0.00377822
0.00576720
0.00351040
0.00635987
0.00461580
0.00352911
0.00529235
0.00453368
0.00366397
0.00558888
0.00514778
0.00310961
0.00462853
0.00487788
0.00424563
0.00461176
0.00344713
0.00253787
0.00438983
0.00386501
0.00319519
0.00719827
0.00399842
0.00415343
0.00392088
0.00466404
0.00624433
0.00369247
0.00359128
0.00405090
0.00382994
0.00577491
0.00560201
0.00378824
0.00473846
0.00542782
0.00321950
0.00410698
0.00375423
0.00575120
0.00464205
0.00498396
0.00510776
0.00368113
0.00665650
0.00318046
0.00516735
0.00516896
0.00436456
0.00284909
0.00553187
0.00493441
0.00560592
0.00273389
0.00400600
0.00467888
0.00601296
0.00609898
0.00327719
0.00609876
0.00570936
0.00333279
0.00599022
0.00435004
0.00740236
0.00339995
0.00514587
0.00484522
0.00461265
0.00487171
0.00369157
0.00541595
0.00443798
0.00461999
0.00498454
0.00556325
0.00308193
0.00493916
0.00437253
0.00610461
0.00518706
0.00475514
0.00291943
0.00379495
0.00442370
0.00308877
0.00287725
0.00772544
0.00387348
0.00591371
0.00499238
0.00524133
0.00455805
0.00486908
0.00334243
0.00330971
0.00475185
0.00602673
0.00677100
0.00534462
0.00384913
0.00583570
0.00477996
0.00349258
0.00458728
0.00417490
0.00384867
0.00314095
0.00518477
0.00446518
0.00344892
0.00674622
0.00317943
0.00600479
0.00323362
0.00589862
0.00317783
0.00486294
0.00383401
0.00276190
0.00395425
0.00451856
0.00483781
0.00750282
0.00588817
0.00510173
0.00350788
0.00457173
0.00496660
0.00768601
0.00381846
0.00549698
0.00551970
0.00377346
0.00425503
0.00349512
0.00404221
0.00371057
0.00450842
0.00327646
0.00561309
0.00492139
0.00418523
0.00473102
0.00446769
0.00310459
0.00523356
0.00398739
0.00505704
0.00328987
0.00579765
0.00617542
0.00289314
0.00544668
0.00296248
0.00732155
0.00409382
0.00491478
0.00424065
0.00366563
0.00512252
0.00277305
0.00573948
0.00416805
0.00428833
0.00602886
0.00453083
0.00645433
0.00461059
0.00533422
0.00484272
0.00464573
0.00402873
0.00421459
0.00474790
0.00286111
0.00444320
0.00652625
0.00465358
0.00415005
0.00403206
0.00473670
0.00288481
0.00333416
0.00478469
0.00447258
0.00335456
0.00534297
0.00450730
0.00420111
0.00287286
0.00388885
0.00387465
0.00302086
0.00458923
0.00410384
0.00316664
0.00556291
0.00442833
0.00480660
0.00369531
0.00455042
0.00536676
0.00590389
0.00412557
0.00393052
0.00444828
0.00433311
0.00728141
0.00500811
0.00355799
0.00357509
0.00451660
0.00419607
0.00586532
0.00634118
0.00571270
0.00380268
0.00452047
0.00438875
0.00311190
0.00468885
0.00368888
0.00411456
0.00305737
0.00334178
0.00441803
0.00447361
0.00419764
0.00476527
0.00294537
0.00596390
0.00433879
0.00582932
0.00396369
0.00465769
0.00489073
0.00539457
0.00320591
0.00347369
0.00495530
0.00397911
0.00484408
0.00448461
0.00340437
0.00347195
0.00492049
0.00357661
0.00525417
0.00349606
0.00530858
0.00521661
0.00297255
0.00485239
0.00442615
0.00393902
0.00273411
0.00451916
0.00342865
0.00529447
0.00357538
0.00422034
0.00361572
0.00378424
0.00468026
0.00396567
0.00387631
0.00431768
0.00572791
0.00411683
0.00284244
0.00484005
0.00464281
0.00542583
0.00628259
0.00406152
0.00437370
0.00308288
0.00391268
0.00673117
0.00432826
0.00602009
0.00532412
0.00308624
0.00600638
0.00451566
0.00505539
0.00446661
0.00308322
0.00391371
0.00594859
0.00521520
0.00349213
0.00391609
0.00511731
0.00508070
0.00418607
0.00319034
0.00319078
0.00555697
0.00394657
0.00304803
0.00577604
0.00476946
0.00307556
0.00749903
0.00350613
0.00310002
0.00430783