0.02652523
0.01438705
0.00834989
0.01984526
0.01200480
0.01279933
0.01081355
0.00746839
0.01432348
0.01102621
0.01407843
0.01333249
0.00759025
0.01560247
0.01443154
0.00954170
0.01438704
0.00863369
0.00782155
0.01468647
0.00877312
0.00872946
0.00954602
0.01047929
0.01097674
0.01374422
0.02692720
0.01419912
0.01314638
0.01572164
0.01454727
0.00733243
0.01213920
0.02791222
0.01711003
0.01053497
0.01233284
0.02227710
0.00840694
0.00820745
0.00965392
0.02309572
0.01791825
0.00763532
0.00982902
0.01188300
0.01384665
0.01489618
0.00901535
0.01301984
0.01162053
0.01147874
0.00758938
0.01683757
0.00769491
0.00839520
0.02191922
0.01047333
0.02130039
0.01187779
0.01332637
0.01632861
0.01640617
0.02524741
0.01399081
0.01416769
0.00995775
0.00824352
0.00789911
0.02216890
0.03200111
0.01518202
0.00994462
0.03823600
0.01387192
0.01084751
0.01661183
0.01420967
0.00974957
0.01121858
0.01105121
0.01054288
0.00784090
0.01293853
0.00984851
0.02010694
0.01970089
0.01653516
0.01274410
0.01361152
0.00854175
0.01939003
0.01106284
0.01200649
0.01247608
0.01279782
0.00875643
0.01458496
0.00977358
0.02820515
0.04845671
0.01071757
0.02075734
0.01390565
0.01550139
0.01442976
0.01854079
0.01522987
0.00901154
0.00775209
0.01649837
0.00749293
0.01052380
0.00917659
0.01295531
0.03616219
0.01625144
0.02058986
0.00941075
0.01665329
0.00841703
0.00894287
0.01530271
0.00629953
0.00770667
0.00910611
0.02723519
0.02109708
0.02224281
0.02916833
0.00817159
0.00804635
0.01414335
0.02233489
0.00893895
0.01039645
0.01219666
0.00964954
0.01983229
0.01044794
0.01269430
0.01506960
0.00918056
0.01004438
0.01311525
0.00788534
0.00975731
0.01212310
0.00990259
0.01033053
0.02920927
0.01740554
0.01158310
0.00801987
0.00922965
0.01151633
0.01350088
0.01179687
0.01560514
0.01237674
0.01546557
0.01082041
0.01141080
0.00769670
0.01181022
0.01475975
0.00841043
0.01189258
0.01083220
0.01787413
0.01302539
0.01637709
0.01462855
0.01385269
0.00862458
0.00738766
0.01567079
0.00935666
0.01338709
0.00931422
0.00849527
0.01233236
0.01101851
0.01725565
0.01134268
0.01421709
0.01383552
0.01106047
0.01149752
0.01246973
0.01799147
0.00821688
0.01289067
0.01870815
0.00924027
0.00829621
0.01385222
0.01319958
0.01128440
0.01820706
0.00949001
0.00778709
0.02432055
0.00705386
0.01423682
0.00679272
0.02087143
0.01312126
0.01113220
0.02363360
0.01254994
0.00925647
0.00689385
0.02073796
0.01764208
0.00948115
0.02628811
0.00921828
0.01163449
0.00584524
0.01404877
0.02112380
0.02473758
0.01523244
0.01381783
0.01099995
0.02340072
0.00683149
0.01093136
0.01015994
0.01452513
0.01115272
0.01855367
0.01347959
0.01675184
0.00769270
0.02746212
0.01584816
0.02686016
0.01096963
0.00813633
0.01098256
0.01967396
0.01152612
0.01821865
0.00779305
0.00984331
0.00940078
0.02825306
0.01717899
0.00894706
0.01109234
0.01081596
0.01542899
0.01064925
0.00695604
0.01204443
0.00664656
0.01016037
0.01228629
0.01209604
0.00989661
0.01723244
0.00789138
0.01927843
0.01963952
0.01090768
0.01360469
0.01219543
0.01592813
0.01190464
0.02009647
0.01063667
0.02043673
0.01562768
0.01695907
0.01904282
0.00933266
0.01496311
0.01988618
0.00938692
0.03560801
0.00969233
0.02298896
0.01043748
0.00935702
0.00796263
0.03072930
0.01189842
0.01082503
0.02313996
0.00918612
0.02456852
0.01364329
0.01199404
0.00883316
0.02215293
0.01400746
0.00699426
0.01268736
0.02586880
0.01026960
0.00869054
0.01736745
0.02493687
0.00977397
0.01053585
0.01445296
0.02147566
0.01407322
0.01678016
0.01876836
0.01441626
0.01218801
0.01507110
0.01388058
0.00817925
0.01948478
0.01059438
0.01369404
0.01161452
0.02248831
0.01594574
0.01403570
0.00915545
0.03320314
0.01540621
0.00946151
0.00875504
0.01491444
0.01401400
0.01189409
0.01511060
0.01378875
0.01836615
0.01265829
0.01673918
0.01405767
0.01010064
0.00816650
0.02795236
0.00866865
0.01960649
0.01571226
0.01156644
0.01902979
0.00847343
0.01054231
0.01219819
0.00906495
0.01351923
0.00839450
0.00944104
0.01786699
0.01208976
0.01239326
0.01400578
0.00780947
0.01269542
0.00839777
0.01770648
0.02058880
0.01602348
0.01650994
0.00818122
0.01366589
0.01032635
0.00883335
0.01068193
0.00854783
0.00859644
0.01425424
0.01532733
0.01396017
0.01019773
0.00852667
0.00967110
0.00870349
0.00769256
0.01053809
0.01975447
0.00779621
0.01429129
0.00995706
0.01132395
0.02249480
0.01047232
0.01374173
0.01240742
0.02187470
0.02582397
0.01208165
0.01276658
0.00989104
0.01471179
0.01248299
0.01457964
0.01169438
0.01172097
0.00648099
0.00679714
0.01673987
0.01188023
0.01175422
0.01701849
0.01671097
0.00927091
0.01689316
0.00763232
0.01475000
0.01091348
0.01093338
0.00821640
0.01553520
0.00916579
0.01487792
0.00814629
0.01585393
0.00847288
0.02181298
0.02466008
0.00876442
0.01324455
0.00908024
0.01781217
0.01000634
0.01630067
0.01690677
0.01048870
0.02560325
0.01477086
0.00881219
0.01069805
0.01085613
0.01297801
0.01805772
0.01244363
0.01028764
0.01806684
0.00866083
0.01658200
0.01287889
0.01190434
0.01007044
0.01579119
0.01062997
0.00884189
0.01394465
0.02949053
0.00860893
0.01155206
0.01380360
0.01031487
0.00947507
0.02065261
0.00840040
0.00826766
0.01607907
0.01005765
0.01158635
0.01454050
0.00859582
0.01158360
0.01606232
0.01034542
0.01442304
0.01166628
0.03116643
0.01556747
0.01269503
0.00829666
0.01587064
0.01023849
0.01602001
0.02062618
0.01545602
0.01273053
0.01052966
0.02590944
0.01060768
0.02669965
0.01370816
0.01318286
0.01003227
0.00793655
0.01674829
0.00897112
0.01323084
0.00761531
0.01538139
0.01165930
0.01256640
0.01765990
0.01382925
0.00912434
0.01421031
0.02100486
0.01874130
0.02057160
0.00901012