0.00491916
0.00719783
0.00754823
0.00570177
0.00549998
0.00733870
0.00485052
0.00697205
0.00583374
0.00647119
0.00465832
0.00569588
0.00754781
0.00460474
0.00759299
0.00503341
0.00526224
0.00601703
0.00435515
0.00404678
0.00659864
0.00582143
0.01170580
0.00447334
0.00450706
0.00679530
0.00417198
0.00477659
0.02232122
0.01575104
0.00434032
0.00605637
0.00522917
0.00720158
0.00543854
0.00482739
0.00514662
0.00381987
0.00573009
0.02584880
0.00661297
0.00680423
0.00334253
0.00556368
0.00670967
0.00422680
0.00735120
0.00685060
0.00851695
0.00972212
0.00514294
0.00572064
0.00916550
0.00714563
0.00802409
0.00449840
0.00444964
0.00472463
0.00475993
0.00400876
0.00559027
0.00469989
0.00522110
0.00399119
0.00425279
0.00405942
0.00668427
0.00588397
0.00868579
0.00594174
0.00957686
0.00848354
0.00511730
0.00528798
0.00495466
0.00407934
0.00721924
0.00967494
0.01129106
0.00500919
0.00439925
0.00525905
0.00446204
0.00575168
0.00466188
0.01047702
0.00434703
0.00985548
0.00454222
0.00517490
0.00652742
0.00573416
0.00606745
0.00969982
0.00523697
0.00766376
0.00603440
0.00568493
0.00344109
0.00521477
0.00491452
0.00643676
0.00555122
0.01464548
0.00444788
0.00655780
0.00440644
0.00822520
0.00740736
0.00497583
0.00601588
0.00517901
0.00516214
0.00691373
0.00435880
0.00789358
0.00452605
0.00809263
0.00538193
0.01045252
0.00495591
0.00568465
0.00619751
0.01217357
0.00648806
0.00380218
0.00703990
0.00620636
0.00570758
0.00485100
0.00669996
0.00595523
0.00471670
0.00669672
0.00973503
0.00510358
0.00496798
0.00528129
0.00444709
0.00640729
0.00510868
0.00881030
0.00833999
0.00490311
0.00455910
0.00606862
0.00462761
0.00523327
0.00465201
0.00491411
0.00444795
0.00858142
0.01493521
0.00479427
0.00478462
0.00969230
0.00871409
0.00442921
0.00966684
0.01039623
0.00851414
0.00892958
0.00549180
0.00525165
0.00603298
0.01253181
0.00929665
0.00611993
0.00571888
0.00561599
0.00423656
0.00913493
0.00615958
0.00511825
0.00688310
0.00509377
0.00562308
0.00821756
0.00491260
0.00522850
0.00806791
0.00455053
0.00599782
0.00500481
0.00496555
0.00757608
0.00596641
0.00630680
0.00552514
0.00360454
0.00410704
0.00763795
0.00940564
0.00521652
0.00644202
0.00423680
0.01018527
0.00626428
0.00484817
0.00749795
0.00924152
0.00468391
0.00754493
0.00540651
0.00529050
0.00861643
0.00564996
0.00619376
0.00780755
0.00890360
0.00469228
0.00443426
0.00652527
0.00485336
0.00608842
0.00650343
0.01014370
0.00498673
0.00389940
0.00509897
0.01210360
0.00540340
0.00676820
0.00509272
0.00474378
0.00963670
0.00549247
0.00851259
0.00588653
0.00555377
0.00462877
0.00771590
0.00452536
0.00522234
0.00596836
0.00426699
0.00621482
0.00477520
0.00604792
0.01470820
0.00367342
0.00416935
0.00417481
0.00651651
0.00461249
0.00718851
0.00941561
0.00450521
0.00959190
0.00461063
0.00946883
0.00664641
0.00561943
0.00591267
0.00499852
0.00514710
0.00436005
0.00823331
0.00623945
0.00528792
0.00585617
0.00582031
0.00536847
0.00622039
0.00911086
0.00501393
0.00522382
0.00960426
0.00820850
0.00571053
0.00466733
0.00756433
0.00440146
0.00559452
0.00554187
0.00896782
0.00577606
0.00946922
0.00598228
0.00895138
0.00385644
0.00629349
0.00541583
0.00512570
0.00465103
0.00824319
0.00495285
0.00754913
0.00409138
0.00745474
0.00504117
0.00900958
0.00611456
0.00470986
0.00464236
0.00548840
0.00566987
0.00463389
0.00778767
0.00458405
0.00671194
0.00521280
0.00419833
0.00634058
0.00577766
0.00517139
0.00619860
0.00449940
0.00404198
0.00884975
0.00929016
0.00465169
0.00656170
0.00698112
0.00616731
0.01515188
0.00435692
0.00727870
0.00860338
0.00718954
0.00398878
0.00656286
0.00496024
0.00532093
0.00460617
0.00693217
0.00634670
0.00516302
0.01222680
0.00935278
0.00489017
0.00687227
0.00541914
0.00561257
0.00431167
0.00491195
0.00491736
0.00434635
0.00668816
0.00492579
0.00503281
0.00921513
0.00677720
0.00920961
0.00429196
0.00534053
0.00522144
0.00467080
0.00438694
0.00641324
0.00546889
0.01167833
0.00598947
0.00510434
0.00582916
0.00930070
0.00482508
0.00507886
0.00712905
0.00651282
0.00382202
0.00472310
0.00599061
0.00796620
0.00520098
0.00538662
0.00463453
0.00578166
0.00986812
0.00885708
0.00569228
0.00588619
0.00470439
0.00608587
0.00521315
0.00712348
0.00836271
0.00476710
0.00487629
0.00487577
0.00542472
0.00802282
0.00618497
0.00552104
0.00470657
0.00638735
0.00504231
0.00643964
0.00783363
0.00663815
0.00657468
0.00430272
0.00651669
0.00709086
0.00459291
0.00913884
0.00594297
0.00382034
0.00358571
0.01306590
0.00824027
0.00465986
0.00529763
0.00480492
0.00501991
0.00516109
0.00398348
0.00564781
0.00534785
0.00464241
0.00515946
0.00642105
0.01816512
0.00671771
0.00433767
0.00570691
0.00526498
0.00507144
0.00613870
0.00766607
0.00768256
0.00614085
0.00873353
0.00473752
0.00383468
0.01441219
0.00447711
0.01273578
0.00647260
0.00479069
0.00623923
0.00528566
0.00575382
0.00481166
0.00440554
0.00474809
0.00428046
0.00548878
0.00563465
0.00446240
0.00847108
0.00517414
0.00583142
0.01523385
0.00390275
0.00859837
0.01112353
0.00433283
0.01204691
0.00936091
0.00401165
0.00573526
0.00444752
0.00504109
0.00458013
0.00470845
0.00484548
0.00838972
0.00415273
0.00721370
0.00422649
0.00709445
0.00591230
0.00674300
0.00562511
0.00603443
0.00464751
0.00798227
0.00487115
0.00720200
0.00547753
0.00750012
0.00524622
0.00686515
0.00453688
0.00913502
0.00452463
0.00734515
0.00571741
0.00835241
0.01074998
0.00615517
0.00725197
0.00429705
0.00567370
0.00482166
0.00975174
0.00441572
0.00535895
0.00550812
0.00701634
0.00413905
0.00729777
0.00497158
0.00771306
0.00477695
0.00603843
0.00414494
0.00537737
0.00444200