0.00119492
0.00116901
0.00115985
0.00120638
0.00121530
0.00121255
0.00138374
0.00132398
0.00119115
0.00144853
0.00128149
0.00128855
0.00123763
0.00118786
0.00127910
0.00148452
0.00132777
0.00122350
0.00135626
0.00122707
0.00115979
0.00129311
0.00128002
0.00126423
0.00115826
0.00116984
0.00116707
0.00136783
0.00128120
0.00134115
0.00124530
0.00139034
0.00116375
0.00116249
0.00126920
0.00121119
0.00123368
0.00125685
0.00130820
0.00118423
0.00126386
0.00122039
0.00117824
0.00136671
0.00115005
0.00129560
0.00143422
0.00133142
0.00123055
0.00142979
0.00132596
0.00128251
0.00150984
0.00120125
0.00135806
0.00119370
0.00122439
0.00148182
0.00125656
0.00133121
0.00119765
0.00126420
0.00132461
0.00122808
0.00130414
0.00124871
0.00129708
0.00113334
0.00130217
0.00118854
0.00127962
0.00134612
0.00143858
0.00123815
0.00122034
0.00153440
0.00124356
0.00131432
0.00120201
0.00145903
0.00125319
0.00122012
0.00125579
0.00123501
0.00125209
0.00126640
0.00132776
0.00115895
0.00137091
0.00123551
0.00130928
0.00128945
0.00132949
0.00133758
0.00131284
0.00123453
0.00125298
0.00121327
0.00127800
0.00116070
0.00124504
0.00120720
0.00121444
0.00126161
0.00121291
0.00128144
0.00119906
0.00142776
0.00143564
0.00134673
0.00121483
0.00120000
0.00129240
0.00122182
0.00125280
0.00141314
0.00132924
0.00132872
0.00122331
0.00119704
0.00117942
0.00121422
0.00127078
0.00134087
0.00122113
0.00124008
0.00128803
0.00133636
0.00134116
0.00132543
0.00123511
0.00125882
0.00130890
0.00127777
0.00135057
0.00124179
0.00124020
0.00118804
0.00117730
0.00117544
0.00123537
0.00120324
0.00130234
0.00128508
0.00117445
0.00140545
0.00138166
0.00124716
0.00135030
0.00121843
0.00116378
0.00133059
0.00126180
0.00134804
0.00120504
0.00114035
0.00141883
0.00131145
0.00119302
0.00131558
0.00123781
0.00133123
0.00125649
0.00129154
0.00125163
0.00127691
0.00133361
0.00155384
0.00137438
0.00112008
0.00120886
0.00128202
0.00142333
0.00125498
0.00120953
0.00127058
0.00120274
0.00128215
0.00110644
0.00124498
0.00114598
0.00138061
0.00125281
0.00118587
0.00123270
0.00117397
0.00127662
0.00137095
0.00125264
0.00135604
0.00132259
0.00133729
0.00128572
0.00124647
0.00127360
0.00147606
0.00121649
0.00129027
0.00117539
0.00152486
0.00126163
0.00117435
0.00144623
0.00133861
0.00127679
0.00128840
0.00120320
0.00129162
0.00144902
0.00122410
0.00116745
0.00113768
0.00125787
0.00118305
0.00126717
0.00122816
0.00124145
0.00126979
0.00119425
0.00130449
0.00119161
0.00121661
0.00114867
0.00124643
0.00178187
0.00128855
0.00131374
0.00129978
0.00128474
0.00145137
0.00116268
0.00135673
0.00125276
0.00122657
0.00133330
0.00126127
0.00130104
0.00121840
0.00137737
0.00131397
0.00140774
0.00118430
0.00139623
0.00143341
0.00120208
0.00117862
0.00117482
0.00137005
0.00131676
0.00122008
0.00122938
0.00126088
0.00121942
0.00126380
0.00116528
0.00119052
0.00120470
0.00145619
0.00119341
0.00123441
0.00153016
0.00124671
0.00125511
0.00109451
0.00119045
0.00115645
0.00135758
0.00132574
0.00120792
0.00120450
0.00146229
0.00123678
0.00114752
0.00121802
0.00123094
0.00121337
0.00127774
0.00136884
0.00120856
0.00141094
0.00132274
0.00136284
0.00122477
0.00148542
0.00116669
0.00145450
0.00132986
0.00123302
0.00190225
0.00128280
0.00153568
0.00132385
0.00117089
0.00140305
0.00122240
0.00133144
0.00111297
0.00119634
0.00125228
0.00139514
0.00112032
0.00113865
0.00125468
0.00130689
0.00122857
0.00135287
0.00117758
0.00121432
0.00121712
0.00124348
0.00119056
0.00117471
0.00142186
0.00130401
0.00125338
0.00119101
0.00120612
0.00131201
0.00128784
0.00123662
0.00123031
0.00133413
0.00131908
0.00127009
0.00121229
0.00125317
0.00118428
0.00130368
0.00121364
0.00126783
0.00125178
0.00135400
0.00124772
0.00137805
0.00118388
0.00154121
0.00121707
0.00128035
0.00117663
0.00130473
0.00119346
0.00126483
0.00122553
0.00120491
0.00119594
0.00121054
0.00127280
0.00128709
0.00125678
0.00126204
0.00116927
0.00121486
0.00122323
0.00115018
0.00113393
0.00125279
0.00116204
0.00141918
0.00122912
0.00118129
0.00127007
0.00135034
0.00134763
0.00130892
0.00118020
0.00121253
0.00120943
0.00127067
0.00121106
0.00126693
0.00137814
0.00117698
0.00112617
0.00130226
0.00117914
0.00126451
0.00127378
0.00125540
0.00118333
0.00111853
0.00128111
0.00118939
0.00127999
0.00123443
0.00131944
0.00120704
0.00116668
0.00123988
0.00123113
0.00129820
0.00131065
0.00126387
0.00132193
0.00127258
0.00134455
0.00120097
0.00139166
0.00136290
0.00128720
0.00116830
0.00146448
0.00135916
0.00121689
0.00117768
0.00117225
0.00153828
0.00115277
0.00137629
0.00124482
0.00127397
0.00136684
0.00145790
0.00121962
0.00127387
0.00119657
0.00125224
0.00123027
0.00132461
0.00133818
0.00116235
0.00129587
0.00126235
0.00121866
0.00118717
0.00120660
0.00130540
0.00124983
0.00135502
0.00128573
0.00115779
0.00119608
0.00132738
0.00124787
0.00135816
0.00123918
0.00129614
0.00116417
0.00121409
0.00118808
0.00116803
0.00139770
0.00121215
0.00130196
0.00121893
0.00128519
0.00127429
0.00139347
0.00126063
0.00127817
0.00127415
0.00124704
0.00117433
0.00119367
0.00126841
0.00118471
0.00131385
0.00129405
0.00130028
0.00119647
0.00119951
0.00123061
0.00120664
0.00132073
0.00135589
0.00124065
0.00122784
0.00127641
0.00123550
0.00140324
0.00126791
0.00116669
0.00146458
0.00130999
0.00135304
0.00123862
0.00125615
0.00130421
0.00135327
0.00115498
0.00122325
0.00119994
0.00137836
0.00120945
0.00130146
0.00167280
0.00147038
0.00121447
0.00126107
0.00125505
0.00121528
0.00121093
0.00131035
0.00130234
0.00128525
0.00129336
0.00115343
0.00131415
0.00143127
0.00127283
0.00139938