0.01474698
0.01241359
0.01119654
0.02162777
0.01231187
0.01049012
0.01348525
0.01171934
0.01322978
0.01251188
0.00997138
0.01273896
0.01265299
0.01600091
0.01300988
0.01014267
0.01037820
0.01108670
0.01668382
0.01317195
0.01414552
0.01295051
0.00944584
0.01158782
0.01433134
0.01552086
0.01648235
0.01269508
0.01159475
0.01066143
0.01261316
0.01182501
0.00972549
0.01917018
0.00952597
0.01240206
0.01040358
0.01237080
0.01240721
0.01498740
0.01036762
0.01303242
0.01070835
0.01162446
0.01202580
0.01078682
0.01530328
0.01022432
0.01058930
0.01253759
0.02109770
0.00999968
0.01028235
0.01113175
0.01048106
0.01981147
0.01210259
0.01265278
0.01144183
0.01083754
0.01376640
0.01263534
0.01012911
0.01084655
0.01225352
0.00994814
0.02259058
0.01362419
0.00963583
0.01037228
0.01042624
0.01347586
0.01576115
0.01341579
0.01523520
0.01000596
0.01569596
0.01094028
0.01260655
0.01346968
0.01041252
0.01122515
0.01011702
0.01366443
0.01373389
0.01208368
0.01132646
0.01510921
0.01115338
0.01354219
0.01365923
0.01780145
0.01385419
0.01145044
0.01243762
0.01551206
0.01009264
0.01131117
0.01456200
0.01130914
0.01185031
0.01179239
0.01120013
0.01260818
0.01165006
0.00963237
0.00959806
0.01801311
0.01291530
0.00993570
0.01448225
0.01279160
0.01410660
0.01346678
0.01026006
0.01192680
0.01835415
0.01337258
0.00996034
0.01125840
0.01133140
0.01157869
0.01279225
0.03565873
0.01262008
0.01343076
0.01085474
0.00994307
0.01248213
0.00931032
0.01040263
0.01292714
0.02234088
0.01323642
0.01167963
0.01032693
0.01227870
0.01048835
0.01316919
0.01192479
0.01162622
0.01002411
0.01451449
0.00990518
0.01246759
0.01176182
0.01143734
0.01468139
0.01000731
0.01545056
0.01126212
0.01444888
0.01212935
0.01332691
0.01157143
0.01199433
0.01230379
0.01010791
0.01375664
0.01251370
0.01520733
0.01400488
0.01299685
0.01142607
0.01471172
0.01090143
0.01234644
0.01178124
0.01134946
0.01134793
0.01323159
0.01084957
0.01148561
0.01692855
0.01011480
0.01337499
0.01406402
0.00989479
0.01071917
0.01063117
0.01136585
0.00945594
0.01145894
0.01338816
0.01200299
0.01182770
0.01401863
0.01783871
0.01102714
0.01041145
0.01026190
0.01354300
0.01532157
0.01119480
0.01178459
0.01923101
0.01115690
0.01255791
0.01143209
0.01164870
0.01387965
0.01419229
0.01000280
0.01272509
0.01277298
0.01150586
0.01340868
0.01727307
0.01192997
0.01042665
0.01081445
0.01138985
0.01177967
0.01544578
0.01239014
0.01047094
0.02113197
0.01396541
0.01465314
0.01263733
0.01342490
0.01060961
0.00994401
0.01182552
0.01401910
0.01188058
0.01188686
0.01412815
0.01270793
0.01145907
0.01177802
0.01344450
0.01184984
0.02077152
0.00979879
0.01488043
0.01205674
0.00977880
0.01412448
0.01285934
0.01932007
0.01114052
0.01231128
0.01911467
0.01350549
0.00989696
0.01204827
0.01092075
0.01218374
0.01232511
0.01046343
0.01420020
0.01046894
0.01539722
0.01032184
0.01061533
0.01057022
0.01274389
0.01303152
0.01161554
0.01246374
0.01025876
0.01154376
0.00937622
0.01407689
0.01376098
0.01317738
0.01010529
0.01159829
0.01109437
0.01203460
0.02207775
0.01623099
0.01135915
0.01338302
0.00995791
0.00996844
0.01377563
0.01631184
0.01057510
0.01180001
0.01120702
0.01149453
0.01415697
0.01255281
0.01190992
0.01064555
0.00965534
0.01127069
0.01133064
0.01669292
0.01488494
0.01242910
0.00994351
0.01273854
0.01521726
0.01163151
0.01168108
0.01544174
0.01043895
0.01102359
0.01061475
0.01446787
0.01087929
0.01286034
0.01933857
0.01230121
0.01208391
0.01244263
0.01461740
0.01017870
0.01028062
0.01071588
0.01210606
0.01774044
0.02174501
0.01413909
0.01269171
0.01156799
0.01196676
0.01002051
0.01381291
0.01588157
0.01419679
0.01152291
0.01502677
0.01212213
0.01106464
0.01121480
0.01257729
0.01065023
0.01177371
0.01732425
0.01292381
0.00953273
0.02154528
0.01286399
0.01056932
0.01052060
0.01052266
0.01214126
0.01243075
0.01105948
0.01419608
0.01236145
0.00985446
0.01104413
0.01118042
0.01298909
0.01101763
0.01230470
0.01152117
0.01714027
0.01196375
0.01182918
0.01377479
0.01208187
0.01072877
0.01417695
0.00947383
0.01470724
0.01560802
0.01115363
0.01030168
0.01876495
0.01189365
0.01144996
0.01029268
0.01455168
0.01314991
0.00976443
0.01151319
0.00977108
0.01068763
0.01273028
0.01178994
0.01424611
0.01221835
0.01350793
0.01551906
0.01361682
0.00984875
0.01352640
0.00905761
0.01448178
0.01520602
0.01292737
0.01236559
0.01886037
0.01175369
0.01956296
0.01229581
0.01021134
0.01285011
0.01281883
0.01547540
0.01323518
0.01243658
0.01947307
0.01253868
0.01077222
0.01022895
0.01024053
0.01107566
0.01066893
0.01102189
0.01819377
0.01261513
0.01023417
0.01418839
0.01304734
0.01015300
0.01499570
0.01284356
0.01173132
0.01071581
0.01289824
0.01228308
0.01163786
0.01396669
0.01216600
0.01136816
0.01230635
0.01306717
0.01350980
0.01334708
0.01236346
0.01117401
0.01253728
0.01329934
0.01094772
0.01160115
0.01229847
0.01073880
0.01225477
0.01813126
0.01266419
0.01216004
0.01136472
0.01528354
0.01182302
0.01347219
0.01245941
0.01037789
0.01074888
0.01171682
0.01056353
0.01072092
0.01039349
0.01388937
0.01457317
0.02045862
0.01145786
0.01184078
0.01336515
0.01367948
0.01372427
0.01323496
0.01093535
0.02635681
0.01142524
0.01305415
0.01213613
0.01182609
0.01115741
0.01088690
0.01057148
0.01625491
0.01217591
0.01294131
0.01079044
0.01225570
0.01222423
0.01302498
0.02031669
0.01341125
0.01473009
0.01379754
0.01069945
0.01040205
0.01169516
0.01082134
0.01495281
0.01014454
0.01243767
0.01020412
0.01140787
0.01888960
0.01061429
0.01604993
0.01494144
0.00977819
0.00980511
0.01022495
0.01211791
0.01762528
0.01106939
0.01306865
0.01135354
0.01104207