0.02123134
0.01472645
0.02980827
0.01889402
0.01984636
0.01082375
0.02162369
0.02497407
0.01230204
0.01461343
0.01648117
0.01605903
0.01348893
0.01089565
0.01606109
0.01475428
0.03185799
0.01954221
0.01838908
0.02167416
0.01449392
0.01492843
0.01340346
0.01249492
0.01376922
0.01629570
0.02030552
0.01718901
0.02025435
0.01631188
0.01529164
0.02609611
0.01345702
0.01246134
0.01536795
0.02761627
0.02062295
0.01457898
0.01279912
0.01616329
0.01287637
0.01406278
0.01534302
0.01844014
0.01463857
0.01740508
0.01649122
0.01409771
0.06785128
0.01448954
0.01486106
0.02032441
0.01124023
0.01489647
0.01340890
0.01741478
0.01664156
0.01439304
0.01454969
0.01695419
0.02406955
0.01337131
0.02340567
0.01624260
0.01576897
0.01684678
0.02911297
0.01559877
0.01774608
0.01265767
0.01619123
0.01325628
0.01486262
0.01748144
0.01316852
0.01637387
0.01622586
0.02680230
0.02447566
0.02029177
0.01924633
0.02553230
0.02931852
0.01683052
0.01491218
0.01368178
0.01407783
0.01390193
0.01554327
0.01119006
0.02164998
0.01508916
0.01288631
0.01485248
0.01212898
0.01491607
0.01535990
0.01969447
0.01533262
0.01620137
0.01586657
0.01421168
0.01464208
0.01351943
0.01352829
0.01421999
0.01283607
0.01274835
0.04144041
0.01424142
0.03135725
0.03497488
0.01445593
0.01406967
0.05232713
0.01458698
0.01867788
0.01250687
0.06237012
0.02477678
0.01395975
0.01234147
0.01962360
0.01901653
0.07201606
0.01596719
0.02189782
0.01339829
0.01169027
0.05667673
0.01670728
0.02261821
0.01376630
0.01806958
0.01546814
0.01642835
0.01492030
0.01845816
0.01559480
0.01853709
0.01340732
0.01450806
0.01547707
0.02215093
0.01128001
0.02222453
0.03297322
0.01995326
0.02308660
0.01427927
0.01282982
0.01553163
0.01348134
0.01345998
0.01615043
0.01453994
0.02669723
0.01732735
0.01425993
0.01872900
0.01473928
0.02254353
0.01637593
0.01495172
0.02889888
0.01400595
0.02038111
0.03232933
0.01536451
0.01821056
0.01197971
0.01358088
0.01393488
0.01940602
0.01426784
0.01559051
0.01452169
0.01482446
0.01217012
0.01610637
0.01546926
0.01188897
0.02249037
0.01438384
0.02199615
0.04263186
0.01795893
0.01887073
0.02184007
0.01819104
0.02164699
0.01327549
0.01822443
0.01179290
0.01666454
0.01583074
0.01297211
0.01453568
0.02997173
0.01781222
0.01554633
0.01592575
0.01867808
0.01682872
0.01855436
0.01329174
0.02970104
0.01764691
0.01722820
0.01474865
0.01435884
0.03071630
0.01315019
0.01514783
0.01316191
0.01454622
0.03138951
0.02329093
0.01635272
0.01419654
0.02256090
0.02695276
0.01384767
0.02075257
0.02009792
0.01886838
0.01068479
0.02069537
0.01441800
0.02023077
0.01326117
0.01818122
0.01659839
0.01622089
0.01412679
0.01542421
0.01687338
0.01338981
0.01121408
0.01591000
0.01340818
0.01416095
0.01444727
0.01589815
0.01525080
0.01370044
0.01463798
0.01145016
0.01331386
0.02396091
0.01928831
0.02121920
0.01292190
0.01327326
0.01493092
0.02269600
0.01755676
0.01568639
0.02343369
0.01820385
0.01294211
0.01923135
0.01602095
0.01436618
0.01546417
0.02224936
0.01705310
0.01918734
0.03352419
0.02819656
0.01526419
0.01586215
0.01309060
0.03024344
0.02444256
0.01633890
0.01917665
0.02046696
0.01222896
0.01269250
0.01851886
0.01586896
0.01694422
0.01085786
0.01489315
0.01525823
0.01441073
0.01532069
0.01511781
0.01403635
0.01851676
0.02490347
0.01344958
0.01276613
0.01561623
0.01909684
0.01721422
0.01167602
0.01532215
0.01477998
0.02050066
0.01697227
0.01621998
0.01295344
0.01065597
0.02234716
0.03622806
0.01326362
0.01584042
0.01987627
0.05910507
0.04510193
0.02259830
0.01423356
0.01458521
0.01308407
0.01720473
0.01746212
0.01324842
0.01423126
0.01763903
0.01446068
0.02911773
0.01630480
0.01814161
0.01488372
0.01749060
0.01702612
0.02510830
0.01905992
0.01320262
0.02116816
0.01695138
0.01291848
0.01160056
0.02084247
0.01592802
0.01639528
0.02366280
0.01866265
0.02272033
0.01111895
0.01561806
0.01740544
0.01360692
0.01301801
0.01440462
0.01307780
0.01343104
0.01553011
0.02091211
0.01378954
0.01919852
0.01354084
0.01570068
0.01895923
0.01376873
0.01323781
0.01647648
0.02188133
0.01313408
0.02013000
0.01412616
0.01726302
0.01210741
0.01547641
0.01781201
0.02935891
0.01745929
0.01339151
0.01952400
0.01239067
0.01549529
0.01239595
0.01401460
0.01375827
0.01606914
0.01587130
0.01463689
0.01591948
0.01162974
0.01253542
0.03513342
0.01773593
0.05280526
0.01355785
0.01565545
0.03254220
0.01705752
0.02120702
0.01323929
0.06672752
0.01713384
0.01460310
0.02412011
0.02177189
0.01535921
0.01155401
0.01646643
0.01497156
0.01722443
0.01840140
0.01491788
0.01218066
0.01408457
0.02680808
0.01556440
0.02767752
0.01280219
0.01684283
0.02374968
0.02091416
0.02803281
0.01583349
0.01556247
0.02589194
0.01240308
0.01453586
0.01709462
0.02549904
0.01246476
0.01233090
0.02118740
0.02226699
0.01463093
0.01821278
0.03004963
0.01482785
0.01810133
0.01412203
0.01385533
0.02802944
0.01640815
0.01181767
0.01766336
0.01258146
0.02285128
0.01373575
0.01752769
0.01464550
0.01113337
0.01508057
0.02567403
0.01571133
0.01784812
0.02020556
0.01647853
0.01515938
0.03403757
0.01405636
0.01810360
0.01421444
0.01324395
0.01373155
0.01401445
0.01411234
0.01986440
0.01116216
0.01605597
0.01226238
0.01097499
0.01253252
0.01181248
0.01307844
0.01251603
0.02370396
0.01452119
0.02002166
0.02427622
0.01384158
0.07001928
0.01748721
0.01532389
0.01936122
0.01680492
0.03189113
0.01386382
0.02223142
0.01633149
0.03691441
0.01690553
0.01391682
0.01251070
0.02146273
0.01699320
0.01692296
0.01739632
0.01298939
0.01948051
0.01826373
0.01291216
0.01183628
0.01121793
0.01457694
0.01552706
0.02171055
0.01260313
0.01295624
0.01832508
0.03350348