0.00785954
0.00665265
0.00571649
0.00560597
0.00557929
0.00576533
0.00562046
0.00644078
0.00675555
0.00552519
0.00737178
0.00820192
0.00623936
0.00544544
0.00582110
0.00591595
0.00609866
0.00780343
0.00646278
0.00622612
0.00606940
0.00611970
0.00726466
0.00808553
0.00843956
0.00560214
0.00572835
0.00647615
0.00625973
0.00541645
0.00510335
0.00648561
0.00804583
0.00703650
0.00625395
0.00613196
0.00615704
0.00601300
0.00613329
0.00594350
0.00585507
0.00654046
0.00884314
0.00579810
0.00577904
0.00649465
0.00554625
0.00541202
0.00519506
0.00680130
0.00607108
0.00666611
0.00626929
0.00565535
0.00618448
0.00622621
0.00575240
0.00570209
0.00575576
0.00777608
0.00705388
0.00553486
0.00556303
0.00663632
0.00538340
0.00564273
0.00646203
0.00586333
0.00581612
0.01117370
0.00592694
0.00601502
0.00561155
0.00687775
0.00646319
0.00621696
0.00620031
0.00544262
0.00643587
0.01147449
0.00523717
0.00566608
0.00601311
0.00775196
0.00781613
0.00679932
0.00930824
0.00596114
0.00653750
0.00699448
0.00954827
0.00724346
0.00915002
0.00768799
0.00767442
0.00575652
0.00566037
0.00637102
0.00657032
0.00581295
0.00607148
0.00897418
0.00626443
0.00611756
0.01324084
0.00577011
0.00553876
0.00787575
0.00663066
0.00587790
0.00639883
0.00614887
0.00608408
0.00563200
0.00703244
0.00580436
0.00586206
0.00701372
0.00588728
0.00615456
0.00558911
0.00598051
0.00628096
0.00670270
0.00503321
0.00580681
0.00624240
0.00543278
0.00644885
0.00520174
0.00567594
0.00629726
0.00583626
0.00673211
0.00591012
0.00667045
0.00526053
0.00655886
0.00601955
0.00554530
0.00825739
0.00604529
0.00713366
0.00560199
0.00611405
0.00566007
0.00599563
0.00842823
0.00628463
0.00699128
0.00563188
0.00584345
0.00705184
0.00611585
0.00598264
0.00606068
0.00551502
0.00751593
0.00658596
0.00548703
0.00539776
0.00629314
0.00604756
0.00598351
0.00642579
0.00585621
0.00525785
0.00532817
0.00537042
0.00686987
0.00601689
0.00671415
0.00643798
0.00590213
0.00540706
0.00789962
0.00559592
0.00598353
0.00675127
0.00571443
0.00570503
0.00545576
0.00858124
0.00803572
0.00879901
0.00622575
0.00606032
0.00600565
0.00910259
0.00601046
0.00560088
0.00783324
0.00645143
0.00734471
0.00731409
0.00545999
0.00692952
0.00648372
0.00551565
0.00683810
0.00627811
0.00554802
0.00718918
0.00735897
0.00600734
0.00601015
0.00487945
0.00669677
0.00580642
0.00524529
0.00760599
0.00686576
0.00575544
0.00769351
0.00635133
0.00571786
0.00555315
0.00643908
0.00529112
0.01363771
0.00543626
0.00616207
0.00646770
0.00601728
0.00855663
0.00690174
0.00581415
0.00593873
0.00572365
0.00536445
0.00589792
0.00569556
0.00608103
0.00716130
0.01205917
0.00592837
0.00611732
0.00651092
0.00633901
0.00583804
0.00634159
0.00564224
0.00522592
0.00688432
0.00514266
0.00547330
0.00689731
0.00577154
0.00685550
0.00546935
0.00872037
0.00680993
0.00527813
0.00509020
0.00600554
0.00575923
0.00499214
0.00681248
0.00801293
0.00602987
0.00613007
0.00728268
0.00743703
0.00505852
0.00552506
0.00659858
0.00623180
0.00527658
0.00752375
0.00536246
0.00557153
0.00595031
0.00617638
0.00736413
0.00741782
0.00590420
0.00604741
0.00893028
0.00526014
0.00503505
0.00611391
0.00662166
0.00624702
0.00597002
0.00671651
0.00579437
0.00539164
0.00682931
0.00528507
0.00523760
0.00594757
0.00726493
0.00592264
0.00610339
0.00608446
0.00599962
0.00566007
0.00584141
0.00564411
0.00642674
0.00585725
0.00725488
0.00518811
0.00632428
0.00865984
0.00498198
0.00605631
0.00634862
0.00642809
0.00773270
0.00568092
0.00733564
0.00721638
0.00567126
0.00642459
0.00611001
0.00788370
0.00540664
0.00648401
0.00761694
0.00665643
0.00617810
0.00620034
0.00614544
0.01163833
0.00718243
0.01071262
0.00587874
0.00615520
0.00788964
0.00561772
0.00570180
0.00875875
0.00627950
0.00657650
0.00575574
0.00608198
0.00497690
0.00585615
0.00561735
0.00584171
0.00711154
0.00532246
0.00644983
0.00803818
0.00517843
0.00681432
0.00584635
0.00571058
0.00761567
0.00606528
0.00674517
0.00585403
0.00713703
0.00570366
0.00661028
0.00618748
0.00619172
0.00684697
0.00615950
0.00671475
0.00580538
0.00593613
0.00513344
0.00692501
0.00580418
0.00563590
0.00647281
0.00641821
0.00498275
0.00711766
0.00588192
0.00555696
0.00744853
0.00582834
0.00585911
0.00805192
0.00621393
0.00625895
0.00596130
0.00581763
0.00669624
0.00605634
0.00657620
0.00531821
0.00557317
0.00697565
0.00651818
0.00530196
0.00861086
0.01257152
0.00630169
0.00652550
0.00804375
0.00583271
0.00647952
0.00600598
0.00620993
0.00633434
0.00629134
0.00611456
0.00721168
0.00570466
0.00563826
0.00528896
0.00696758
0.00704434
0.00534051
0.00610570
0.00608108
0.00667701
0.00559779
0.00698464
0.00514859
0.00666461
0.00675295
0.00732705
0.00769082
0.00663913
0.00750849
0.00593923
0.00743715
0.00662090
0.00585891
0.00599641
0.00810392
0.00623677
0.00665884
0.00921968
0.00805715
0.00626168
0.00514294
0.00635442
0.00614006
0.00640383
0.00985382
0.00536730
0.00625738
0.00607756
0.00610052
0.00574853
0.00822877
0.00584122
0.00586804
0.00550750
0.00608698
0.00631509
0.00525623
0.00866886
0.00589466
0.00630903
0.00583279
0.00637132
0.00656544
0.00536333
0.00597068
0.00587113
0.00571497
0.00553701
0.00693033
0.00639473
0.00572322
0.00603186
0.00583885
0.00569957
0.00640437
0.00676731
0.00640527
0.00535356
0.00705833
0.00607034
0.00665231
0.00537874
0.00813891
0.00576695
0.00648657
0.00604816
0.00718884
0.00531562
0.00547276
0.00584099
0.00750603
0.00516968
0.00655346
0.00740424
0.00551714
0.00563739
0.00836748
0.00712397
0.00590614
0.00731673
0.00550893
0.00538128
0.00655498
0.00823381
0.00582436
0.00639618
0.00741220
0.00662559
0.00638707