0.00258268
0.00194256
0.00213748
0.00208552
0.00259230
0.00231400
0.00217503
0.00207515
0.00264240
0.00381647
0.00244396
0.00312370
0.00194913
0.00253732
0.00290314
0.00235420
0.00209642
0.00229824
0.00289508
0.00290551
0.00243562
0.00202276
0.00274857
0.00224406
0.00178836
0.00237382
0.00224106
0.00187775
0.00273779
0.00202618
0.00210187
0.00318502
0.00264252
0.00191009
0.00325355
0.00218258
0.00244202
0.00217766
0.00200081
0.00204952
0.00198656
0.00268473
0.00250374
0.00227945
0.00201197
0.00212420
0.00313295
0.00205428
0.00213303
0.00280372
0.00257162
0.00207904
0.00256391
0.00218876
0.00267385
0.00216820
0.00351759
0.00223400
0.00208021
0.00242895
0.00226736
0.00225903
0.00202864
0.00225922
0.00220677
0.00202060
0.00221507
0.00255275
0.00227317
0.00214395
0.00215857
0.00218577
0.00268262
0.00229459
0.00237213
0.00236068
0.00195180
0.00209976
0.00234914
0.00219339
0.00220273
0.00240757
0.00271021
0.00201798
0.00233351
0.00286826
0.00200791
0.00324293
0.00210138
0.00200296
0.00236958
0.00229807
0.00225808
0.00220587
0.00203898
0.00230857
0.00245131
0.00201093
0.00187840
0.00240097
0.00226801
0.00195863
0.00191668
0.00192185
0.00257827
0.00268387
0.00279503
0.00259968
0.00195016
0.00246737
0.00217949
0.00276495
0.00186179
0.00333228
0.00249309
0.00253977
0.00211829
0.00196737
0.00246252
0.00204881
0.00231160
0.00339301
0.00236981
0.00206871
0.00222653
0.00216343
0.00216211
0.00218203
0.00309071
0.00218468
0.00335802
0.00221936
0.00227272
0.00230576
0.00205303
0.00207988
0.00196766
0.00221413
0.00300654
0.00242801
0.00213252
0.00248101
0.00231370
0.00241955
0.00211203
0.00264512
0.00219210
0.00291921
0.00205160
0.00274759
0.00232070
0.00312610
0.00230166
0.00212930
0.00224111
0.00203368
0.00228126
0.00211764
0.00222457
0.00377546
0.00251885
0.00247875
0.00224240
0.00232066
0.00219485
0.00241519
0.00362145
0.00236795
0.00182588
0.00202157
0.00226525
0.00273220
0.00246846
0.00239212
0.00209582
0.00264839
0.00223028
0.00230128
0.00206036
0.00211177
0.00353459
0.00240863
0.00196901
0.00282868
0.00213179
0.00204859
0.00236486
0.00254494
0.00226129
0.00303766
0.00328276
0.00202333
0.00314694
0.00193489
0.00275558
0.00215482
0.00211683
0.00204900
0.00284038
0.00279531
0.00207039
0.00246587
0.00233327
0.00213556
0.00300642
0.00215788
0.00242125
0.00213925
0.00238041
0.00189757
0.00229578
0.00201858
0.00202004
0.00347542
0.00243326
0.00256680
0.00279929
0.00200984
0.00221560
0.00208254
0.00270130
0.00203714
0.00216915
0.00226729
0.00272090
0.00177821
0.00240377
0.00231188
0.00192607
0.00229923
0.00213642
0.00220717
0.00210880
0.00342775
0.00239141
0.00235310
0.00261595
0.00196012
0.00207462
0.00265351
0.00247868
0.00225467
0.00227092
0.00220459
0.00209721
0.00240982
0.00232692
0.00354684
0.00236531
0.00241598
0.00222521
0.00226893
0.00230834
0.00231788
0.00332630
0.00228078
0.00221648
0.00199529
0.00236579
0.00212619
0.00206449
0.00191401
0.00243953
0.00201688
0.00283530
0.00276608
0.00211809
0.00293791
0.00220103
0.00248852
0.00255322
0.00242606
0.00234524
0.00300760
0.00230134
0.00238915
0.00197619
0.00228886
0.00346795
0.00434732
0.00234465
0.00197763
0.00225060
0.00281277
0.00192732
0.00260006
0.00211313
0.00275508
0.00439375
0.00244715
0.00187999
0.00225922
0.00205729
0.00254862
0.00241400
0.00242749
0.00216668
0.00209110
0.00221323
0.00280341
0.00248346
0.00190471
0.00204629
0.00227726
0.00293073
0.00199078
0.00207661
0.00221331
0.00226433
0.00250922
0.00216111
0.00206601
0.00199042
0.00230132
0.00257136
0.00242642
0.00222303
0.00232398
0.00221606
0.00216009
0.00210296
0.00213679
0.00226922
0.00197598
0.00248755
0.00231841
0.00252603
0.00210357
0.00242313
0.00202926
0.00203504
0.00213919
0.00210586
0.00217586
0.00223690
0.00228889
0.00259321
0.00252154
0.00199207
0.00258737
0.00238637
0.00207698
0.00228141
0.00239011
0.00245395
0.00239139
0.00285730
0.00223985
0.00230930
0.00272733
0.00200841
0.00191524
0.00241089
0.00232466
0.00261616
0.00254500
0.00235697
0.00239095
0.00205692
0.00202515
0.00258182
0.00207800
0.00230763
0.00234682
0.00224216
0.00206715
0.00251886
0.00212154
0.00208855
0.00233826
0.00221807
0.00219683
0.00301464
0.00212755
0.00288195
0.00202695
0.00234697
0.00261424
0.00221347
0.00284378
0.00251535
0.00421117
0.00253206
0.00238774
0.00228950
0.00211580
0.00233360
0.00185855
0.00222791
0.00260561
0.00229914
0.00247233
0.00201482
0.00224998
0.00222129
0.00234389
0.00197308
0.00225907
0.00181246
0.00216208
0.00197277
0.00226449
0.00225264
0.00195324
0.00229552
0.00197987
0.00208646
0.00205086
0.00202388
0.00208810
0.00212411
0.00260992
0.00223748
0.00244599
0.00190736
0.00370007
0.00239922
0.00278082
0.00394714
0.00212289
0.00269552
0.00203807
0.00249302
0.00243241
0.00211590
0.00199364
0.00245911
0.00195981
0.00197973
0.00223024
0.00268050
0.00227616
0.00234764
0.00310813
0.00236531
0.00201040
0.00281319
0.00233864
0.00255900
0.00228611
0.00217973
0.00219291
0.00196117
0.00200283
0.00330576
0.00208507
0.00227844
0.00244024
0.00197641
0.00206435
0.00280240
0.00202364
0.00240804
0.00212053
0.00245581
0.00207345
0.00219367
0.00239598
0.00221784
0.00205417
0.00233522
0.00267069
0.00195124
0.00203015
0.00268172
0.00216058
0.00242937
0.00202409
0.00294863
0.00240792
0.00219119
0.00205855
0.00220829
0.00194246
0.00193051
0.00194091
0.00218891
0.00192073
0.00197087
0.00229446
0.00260655
0.00273330
0.00207476
0.00199551
0.00249490
0.00278057
0.00272803
0.00250402
0.00239494
0.00207061
0.00231064
0.00253203
0.00205668
0.00206725
0.00266819
0.00227547
0.00236545
0.00230264
0.00240232
0.00212696