0.00473696
0.00792278
0.00553535
0.01110903
0.00613380
0.00643301
0.00597540
0.00608954
0.00577577
0.00801501
0.00628469
0.00987057
0.00431910
0.00389196
0.00492567
0.00585856
0.00664941
0.00464823
0.00808958
0.00583785
0.00398828
0.00966289
0.00723144
0.00689025
0.00630711
0.00542806
0.00573383
0.00649159
0.00718346
0.00764256
0.00511303
0.00803078
0.00856066
0.00664318
0.00744252
0.00424396
0.01257703
0.00856758
0.00634658
0.00517434
0.00468804
0.00551244
0.00848457
0.00428942
0.00409325
0.01009872
0.00908133
0.00901674
0.00973900
0.00958565
0.00412699
0.00946862
0.00674710
0.00969302
0.00877444
0.01404088
0.00683653
0.00687415
0.00649030
0.01012682
0.00725831
0.00648043
0.00947016
0.00864777
0.00498968
0.00871964
0.00529994
0.00781385
0.00707646
0.00432770
0.00669154
0.00626136
0.00861311
0.00836644
0.00616814
0.00481529
0.00488342
0.01181276
0.00617212
0.00799652
0.00556620
0.00482810
0.00907071
0.00708395
0.00649666
0.00726535
0.00659552
0.00620380
0.01174820
0.00826022
0.00773596
0.00727151
0.00953484
0.00609960
0.00673569
0.00862277
0.00679422
0.00712374
0.00715048
0.00769266
0.00546416
0.00505858
0.00606032
0.00431583
0.00384983
0.00762669
0.00696425
0.00487845
0.00651341
0.00627570
0.00632567
0.00526286
0.00597744
0.00575916
0.00529058
0.00602937
0.00472935
0.00780614
0.00799114
0.01042085
0.00643783
0.00604102
0.00624809
0.00582350
0.00760294
0.00642240
0.00832426
0.00869947
0.00455600
0.00557399
0.00649475
0.00529918
0.00693270
0.00936345
0.00671040
0.01002425
0.00471577
0.00503611
0.00421561
0.00480946
0.00553733
0.00922347
0.00675814
0.00519820
0.00808529
0.01094246
0.00599221
0.00769127
0.00558362
0.00743206
0.00653738
0.00381454
0.00609445
0.00492158
0.00560816
0.00730527
0.00852174
0.00531931
0.00661031
0.00484816
0.00610273
0.01214401
0.00575474
0.00691815
0.01003977
0.00507814
0.00719994
0.00610908
0.00935781
0.00574033
0.00450107
0.00796535
0.00775469
0.00800245
0.00667480
0.00915834
0.01060796
0.00732022
0.00452631
0.00719743
0.00589114
0.00700586
0.00629444
0.00529319
0.00482010
0.00814051
0.00613034
0.00627276
0.00433729
0.00756668
0.00652460
0.00587004
0.00490061
0.00915967
0.00726635
0.00522831
0.00604335
0.00842199
0.00952936
0.00694469
0.01313145
0.00756778
0.00671966
0.00902149
0.00896335
0.00595315
0.00828130
0.00723194
0.00963221
0.01006131
0.00471146
0.00596739
0.01270076
0.00571363
0.00835462
0.00821758
0.00828911
0.00665110
0.00918193
0.00763930
0.00680275
0.00751171
0.00619417
0.00763799
0.00790243
0.00679948
0.00717387
0.00475735
0.00611858
0.00601686
0.00664906
0.00608377
0.00637032
0.00938028
0.00659994
0.00868269
0.00498690
0.01021255
0.00728785
0.00484998
0.00549672
0.00674891
0.00555672
0.00582726
0.00823473
0.00623703
0.00792378
0.01652884
0.00488445
0.00650897
0.00420395
0.00801196
0.00670984
0.00980740
0.00539723
0.00667754
0.00593777
0.00438608
0.00985214
0.00960819
0.00556585
0.00607562
0.00892370
0.00901681
0.00683300
0.00519635
0.00458221
0.00569233
0.00454491
0.00701917
0.00848427
0.00989086
0.00543964
0.00713172
0.00388432
0.00528711
0.00594506
0.00432731
0.00501407
0.00606407
0.00776536
0.00760915
0.00961302
0.00603565
0.00590066
0.00617129
0.00637475
0.00439374
0.01090382
0.00655868
0.00900906
0.00503709
0.00517148
0.00669753
0.00748712
0.00658194
0.00535703
0.01052899
0.00750086
0.00604216
0.00817826
0.00796276
0.00533468
0.00371997
0.00483699
0.00615184
0.00815518
0.00710874
0.00579340
0.00746334
0.00684828
0.00388524
0.00537669
0.00569682
0.00611220
0.00622850
0.01314421
0.00974961
0.01049409
0.00509075
0.00594815
0.00711084
0.00667913
0.00464924
0.00546375
0.00457458
0.00656929
0.00790214
0.00923402
0.00741598
0.00729227
0.00714128
0.00845722
0.00713980
0.00865222
0.00843518
0.00413118
0.00470308
0.00483176
0.00595136
0.00451402
0.00757308
0.00448613
0.00633555
0.00762951
0.00457354
0.00843345
0.00601446
0.00986098
0.00481110
0.00932683
0.00495320
0.00565004
0.01105040
0.00574206
0.00476392
0.00780723
0.00566338
0.00693926
0.00461164
0.00489237
0.00422732
0.00388798
0.00759493
0.01387075
0.00640954
0.00337165
0.00369091
0.00472046
0.01228532
0.00671966
0.00565532
0.00511903
0.00662539
0.00799383
0.00541395
0.00423074
0.01630781
0.00702865
0.00583632
0.00672485
0.00529896
0.00468954
0.00606410
0.01238251
0.00682541
0.00603665
0.00573358
0.01308732
0.00595056
0.00506817
0.00610763
0.00526357
0.01077622
0.00448573
0.00485809
0.01117269
0.00539772
0.00687070
0.00462537
0.00524250
0.00564889
0.00503491
0.00427848
0.00566726
0.00677462
0.00904108
0.00693280
0.00976169
0.00609653
0.00961153
0.00412518
0.00529033
0.00530881
0.00550353
0.00557293
0.00441223
0.00467626
0.00529609
0.00540457
0.00561205
0.00457814
0.00486383
0.00386674
0.00784749
0.00470638
0.00660883
0.00653820
0.00760646
0.01029242
0.00584115
0.00599604
0.00494282
0.00484737
0.00609919
0.00439409
0.00459082
0.00551037
0.00647255
0.00585170
0.00765813
0.00785379
0.00411913
0.00772543
0.00670149
0.00469094
0.00755282
0.00958477
0.00669380
0.00635218
0.00568464
0.00660861
0.00530334
0.00466278
0.00548408
0.00705027
0.00989542
0.00646209
0.00570536
0.00569343
0.00448736
0.00842755
0.00717458
0.00504918
0.00400711
0.00711847
0.00357885
0.00647046
0.00756108
0.00643646
0.00503726
0.01052672
0.00540454
0.00458702
0.01006469
0.00830304
0.00594899
0.00555944
0.00522376
0.00915860
0.00517935
0.00570198
0.00676805
0.00542858
0.00730181
0.00600591
0.00741401
0.00444130
0.00598571
0.00539869
0.00483808
0.00600799
0.00574876
0.00372465
0.00361891
0.00629941
0.00681132
0.00896108
0.00548486
0.00428339