0.01494960
0.00704600
0.00803578
0.00515643
0.00987480
0.00678309
0.00634231
0.00756359
0.00652383
0.01058688
0.00693084
0.01153619
0.01170577
0.00631081
0.00846819
0.00544245
0.00561470
0.01916025
0.00857695
0.00587795
0.00607684
0.00814666
0.00601711
0.00696640
0.00843784
0.00919114
0.00543476
0.00564367
0.00742193
0.00594834
0.00607374
0.00714054
0.01005043
0.00491995
0.00974964
0.00903965
0.00737814
0.00604097
0.00636503
0.00799654
0.00853260
0.00735770
0.00727502
0.00851413
0.00932466
0.00591593
0.01167994
0.01101650
0.00758828
0.00797496
0.00615742
0.00714852
0.00704687
0.00506238
0.00701290
0.00826358
0.00700402
0.00639310
0.00722206
0.01317070
0.01204796
0.00895024
0.00826859
0.00815722
0.01238035
0.00857053
0.00932903
0.00799061
0.00689861
0.00886474
0.00706439
0.00630187
0.01065760
0.02272288
0.00588677
0.00767119
0.01681213
0.01102205
0.00627990
0.00589971
0.00614411
0.01767411
0.00519030
0.00796158
0.00504191
0.00824957
0.00686420
0.01052905
0.00792892
0.01507762
0.00822511
0.00745445
0.00808293
0.00572667
0.00909606
0.00922961
0.00811328
0.00610382
0.00637635
0.00696563
0.01134712
0.00666161
0.00586060
0.00937357
0.00657526
0.00725385
0.00901885
0.00771921
0.01262497
0.00690216
0.00577414
0.00895887
0.01624654
0.00851667
0.01015314
0.00636824
0.00909851
0.00432457
0.00726663
0.00790940
0.00957406
0.00713615
0.00492897
0.00720873
0.00994152
0.00553253
0.01321511
0.00835925
0.00662498
0.00624884
0.01054798
0.00469932
0.00934906
0.01509489
0.00654589
0.01186307
0.00728698
0.01031093
0.01527939
0.00730078
0.00691627
0.01210554
0.00698881
0.01135461
0.00585878
0.00984259
0.00569751
0.00562226
0.00572104
0.00706850
0.00525155
0.00720012
0.00812097
0.00632236
0.01316024
0.00724595
0.00636532
0.00579362
0.00864300
0.00645610
0.00604401
0.00680320
0.00694201
0.01220607
0.01007505
0.00556389
0.00811983
0.00713932
0.00605046
0.00613906
0.00871253
0.00672295
0.00725806
0.00492218
0.00695673
0.00710652
0.00710152
0.01330875
0.00637110
0.00922745
0.00620482
0.00866809
0.00901298
0.01036978
0.00626743
0.00684057
0.00492249
0.00769101
0.00573220
0.00645775
0.01430923
0.00751007
0.00608038
0.00667933
0.01102784
0.00524907
0.00487680
0.00893018
0.01244676
0.00546117
0.01347621
0.00638828
0.00793899
0.00683894
0.00663870
0.00819176
0.00968155
0.01392287
0.00765190
0.00651096
0.00888503
0.00682982
0.01164324
0.00922403
0.00660327
0.00567886
0.00705387
0.01302542
0.00612419
0.01055817
0.00786619
0.00863252
0.00638994
0.00526216
0.01086697
0.01005078
0.00546093
0.00677182
0.00516239
0.01260307
0.00490282
0.01316889
0.00600427
0.01008090
0.00529001
0.00786619
0.00965825
0.00633403
0.00762902
0.01014510
0.01095446
0.00947300
0.01390472
0.00662657
0.00710587
0.00592664
0.00812425
0.00692735
0.00734081
0.00540413
0.00685182
0.00508452
0.00719624
0.00817204
0.00602655
0.00677878
0.00925727
0.00630182
0.01953964
0.01310650
0.01099523
0.00779949
0.00816138
0.00749608
0.00629931
0.00641511
0.00881412
0.00684520
0.00909824
0.01578715
0.00641298
0.00673305
0.00688546
0.01014520
0.00577275
0.00672893
0.00460242
0.00874886
0.00814392
0.01396455
0.00745720
0.00541792
0.00560926
0.00660926
0.00626146
0.00727986
0.00580197
0.01115822
0.00516026
0.00782354
0.01199608
0.00622196
0.00718170
0.00794557
0.00724037
0.00616270
0.00712865
0.00656300
0.01141078
0.01584286
0.00736897
0.00589544
0.00845280
0.00727694
0.00914918
0.00752024
0.00663346
0.01302636
0.00650456
0.01014616
0.00650422
0.00837596
0.00580779
0.00739373
0.00749050
0.01506625
0.00568562
0.00840672
0.00941596
0.00664607
0.00917242
0.00821440
0.00837703
0.00600838
0.00669616
0.01579465
0.00660118
0.00703624
0.00539410
0.00633494
0.00652327
0.00587155
0.00910108
0.00636102
0.01269884
0.00844910
0.00577864
0.00828928
0.00603661
0.00636607
0.00951401
0.00550614
0.00780232
0.00570534
0.00587081
0.00895946
0.01102372
0.00788145
0.00735333
0.01048758
0.00829363
0.00680912
0.00697148
0.01173308
0.00746297
0.00753433
0.00556050
0.00628317
0.01581637
0.00691132
0.00600985
0.00723834
0.00680600
0.00690816
0.00681034
0.00964952
0.01554092
0.00624580
0.00911757
0.00730486
0.00851559
0.00648590
0.00830620
0.01527347
0.01612932
0.00956072
0.00687073
0.00714309
0.00668821
0.01156269
0.00827329
0.00521823
0.01287286
0.00810383
0.00659983
0.00608126
0.00744108
0.00556860
0.00587571
0.00811820
0.00696666
0.00872303
0.01208708
0.00714241
0.00770634
0.01020681
0.00718153
0.00882610
0.01231068
0.00611594
0.00775490
0.00639130
0.01678706
0.00858086
0.00671876
0.00654005
0.00615984
0.01792088
0.00641294
0.00659715
0.00611239
0.00765121
0.00553912
0.00896099
0.00555726
0.00744385
0.02340678
0.00618071
0.00724539
0.00605625
0.00573445
0.01122173
0.00625092
0.00550060
0.01075607
0.00557031
0.00654956
0.01052968
0.00845199
0.00777406
0.00634148
0.00997817
0.00661851
0.01045963
0.00922385
0.01084826
0.01007088
0.00706224
0.00765326
0.01651042
0.00571364
0.00836328
0.00731153
0.00816649
0.00707287
0.00723443
0.00767286
0.00606961
0.01067992
0.00672617
0.00693752
0.00778525
0.00594070
0.01972439
0.00710169
0.00624941
0.00943812
0.00766707
0.00557224
0.00566516
0.01023932
0.00586655
0.00532245
0.00959691
0.01998705
0.00471371
0.00742198
0.00676864
0.00928897
0.00639153
0.00486163
0.00879367
0.00940988
0.00521862
0.00801051
0.00569940
0.00689089
0.00581580
0.00699396
0.00706737
0.00678392
0.00611120
0.01170983
0.00492601
0.01068765
0.00637002
0.00645828
0.00718143
0.00638506
0.00724014
0.00628551
0.00750054
0.00855096
0.00669653
0.02548286
0.01180753
0.01178730
0.00701809
0.00919086
0.00542774