0.00104385
0.00101091
0.00104989
0.00103634
0.00103274
0.00107372
0.00107790
0.00102758
0.00103723
0.00100199
0.00102598
0.00115985
0.00111035
0.00102963
0.00104571
0.00104407
0.00104622
0.00104923
0.00104558
0.00105141
0.00108159
0.00100088
0.00102168
0.00103972
0.00112375
0.00103838
0.00107776
0.00108084
0.00101134
0.00110461
0.00100823
0.00113973
0.00101944
0.00104333
0.00105894
0.00098151
0.00104290
0.00105169
0.00105992
0.00107685
0.00110005
0.00106849
0.00104906
0.00107864
0.00103032
0.00103495
0.00118562
0.00102536
0.00104178
0.00105687
0.00107689
0.00103878
0.00106338
0.00102928
0.00103029
0.00118511
0.00103498
0.00102780
0.00119217
0.00114183
0.00120393
0.00109704
0.00104305
0.00112542
0.00101585
0.00108459
0.00108975
0.00105895
0.00100382
0.00105315
0.00105921
0.00141099
0.00105754
0.00099931
0.00105260
0.00113485
0.00101183
0.00099972
0.00111573
0.00109871
0.00105609
0.00109195
0.00105626
0.00102247
0.00101110
0.00107112
0.00100622
0.00112188
0.00100839
0.00098547
0.00101277
0.00105294
0.00102841
0.00106487
0.00103384
0.00106343
0.00115108
0.00105458
0.00107964
0.00101714
0.00099874
0.00102361
0.00109486
0.00101088
0.00104310
0.00103861
0.00102943
0.00104897
0.00106212
0.00102605
0.00111390
0.00103380
0.00108197
0.00110300
0.00099862
0.00108476
0.00106669
0.00107956
0.00108427
0.00109494
0.00105738
0.00108647
0.00106408
0.00118236
0.00114816
0.00106277
0.00102459
0.00108909
0.00102119
0.00104050
0.00105810
0.00096601
0.00106670
0.00102089
0.00105231
0.00105073
0.00106096
0.00105944
0.00102095
0.00098766
0.00104708
0.00108550
0.00110997
0.00104301
0.00103595
0.00101993
0.00104059
0.00111203
0.00102556
0.00119690
0.00101290
0.00109562
0.00109685
0.00102114
0.00100039
0.00105271
0.00105081
0.00103073
0.00104087
0.00106611
0.00099423
0.00100572
0.00109877
0.00109366
0.00111674
0.00105348
0.00104488
0.00101836
0.00107914
0.00105391
0.00103175
0.00108632
0.00109599
0.00105699
0.00106403
0.00111727
0.00104552
0.00106786
0.00103120
0.00103050
0.00108085
0.00116512
0.00105548
0.00100443
0.00108515
0.00101758
0.00111256
0.00109756
0.00103707
0.00109224
0.00107092
0.00107488
0.00108323
0.00103610
0.00107284
0.00107437
0.00111011
0.00103212
0.00117094
0.00111565
0.00103864
0.00106281
0.00104953
0.00109776
0.00108830
0.00104724
0.00104803
0.00112060
0.00103061
0.00111895
0.00103676
0.00106338
0.00102944
0.00105543
0.00110947
0.00099584
0.00104095
0.00102898
0.00105354
0.00105635
0.00111891
0.00107066
0.00103992
0.00101932
0.00105569
0.00113224
0.00108457
0.00103555
0.00105123
0.00106961
0.00106583
0.00105550
0.00106506
0.00102948
0.00107254
0.00105193
0.00106673
0.00109523
0.00100726
0.00105611
0.00110353
0.00111357
0.00103425
0.00105859
0.00107992
0.00106350
0.00107241
0.00105693
0.00104982
0.00110627
0.00103171
0.00109298
0.00107392
0.00106102
0.00104918
0.00107025
0.00112738
0.00105077
0.00102514
0.00100678
0.00109952
0.00105397
0.00104197
0.00102235
0.00098019
0.00102709
0.00103533
0.00109128
0.00113262
0.00113718
0.00102856
0.00103157
0.00102866
0.00111174
0.00104040
0.00113149
0.00105656
0.00102263
0.00108477
0.00108573
0.00108311
0.00103279
0.00106627
0.00106891
0.00105964
0.00106087
0.00111109
0.00110733
0.00110842
0.00102962
0.00102927
0.00103020
0.00104477
0.00101294
0.00102466
0.00107090
0.00109740
0.00101451
0.00098720
0.00103548
0.00105232
0.00104641
0.00103093
0.00116562
0.00106288
0.00106374
0.00109538
0.00101827
0.00111003
0.00109252
0.00107646
0.00103265
0.00102395
0.00105773
0.00106948
0.00105631
0.00112840
0.00108693
0.00109282
0.00106866
0.00109725
0.00109449
0.00109806
0.00105065
0.00103244
0.00102648
0.00104371
0.00104539
0.00102523
0.00111476
0.00103239
0.00103966
0.00105204
0.00106173
0.00106752
0.00104524
0.00113057
0.00110945
0.00107655
0.00100824
0.00110585
0.00106214
0.00107334
0.00104057
0.00117348
0.00105996
0.00111065
0.00111653
0.00110393
0.00123182
0.00108509
0.00105686
0.00104523
0.00101662
0.00105787
0.00118987
0.00118329
0.00103425
0.00112616
0.00104947
0.00118706
0.00105262
0.00108815
0.00096809
0.00103285
0.00102254
0.00102274
0.00106076
0.00105228
0.00108465
0.00108693
0.00105705
0.00104286
0.00106844
0.00113032
0.00104651
0.00105931
0.00106659
0.00106331
0.00098548
0.00110807
0.00118817
0.00108668
0.00102360
0.00104011
0.00103461
0.00105312
0.00102958
0.00114332
0.00103188
0.00099409
0.00110034
0.00097327
0.00106968
0.00104960
0.00104342
0.00104115
0.00098805
0.00104009
0.00111025
0.00113018
0.00105317
0.00105474
0.00104991
0.00114890
0.00113315
0.00113148
0.00111553
0.00102376
0.00107629
0.00102698
0.00123846
0.00104021
0.00110450
0.00103102
0.00102783
0.00103001
0.00103704
0.00105964
0.00105920
0.00109653
0.00107599
0.00107252
0.00106349
0.00104609
0.00109878
0.00114369
0.00109230
0.00103215
0.00101452
0.00103365
0.00105458
0.00103583
0.00117304
0.00105849
0.00103817
0.00104380
0.00103916
0.00105946
0.00104570
0.00106691
0.00104393
0.00107288
0.00123024
0.00103831
0.00101815
0.00113111
0.00106810
0.00103554
0.00106489
0.00106819
0.00115707
0.00112861
0.00101261
0.00104413
0.00105690
0.00111999
0.00111546
0.00098953
0.00110236
0.00103732
0.00112823
0.00114599
0.00103637
0.00110509
0.00109662
0.00106672
0.00102169
0.00108154
0.00104931
0.00101652
0.00103535
0.00103971
0.00103022
0.00109457
0.00107594
0.00114050
0.00103788
0.00104311
0.00101355
0.00107665
0.00115153
0.00103590
0.00101709
0.00103926
0.00109591
0.00105066
0.00100680
0.00107303
0.00108846
0.00108506
0.00105922
0.00104215
0.00104116
0.00111180
0.00106332
0.00110051
0.00114054
0.00105791
0.00104124