0.02952551
0.03187306
0.04102585
0.03124882
0.02568096
0.01882850
0.01845160
0.04723428
0.01920410
0.03540898
0.03948363
0.02012157
0.02000333
0.04440168
0.03183142
0.04112175
0.02518503
0.08073109
0.01907194
0.02319159
0.02127408
0.01761472
0.01966601
0.02114480
0.02675542
0.04887470
0.01999595
0.06049369
0.01785696
0.02984080
0.03664701
0.04793596
0.04717606
0.02708653
0.02646533
0.02414233
0.02466387
0.04704428
0.01676500
0.02448318
0.02449077
0.02741043
0.02253848
0.02335808
0.02199155
0.02072992
0.02782802
0.02258378
0.02847888
0.05106609
0.01984136
0.01715158
0.03222753
0.02968673
0.03150399
0.01998142
0.02500157
0.02652025
0.10883680
0.02444942
0.02409225
0.01856076
0.02830130
0.02390934
0.02248828
0.01432353
0.02560597
0.01768606
0.02563015
0.04378693
0.02433267
0.02213001
0.01831022
0.04052438
0.01775299
0.01974061
0.02382358
0.02906872
0.01977095
0.03267308
0.02345328
0.03767333
0.02336875
0.01924525
0.04527415
0.02075610
0.02626094
0.02831794
0.01940381
0.02086844
0.02321627
0.01960129
0.02922488
0.03886953
0.01641620
0.02414427
0.02274291
0.02693223
0.02268195
0.03850620
0.02248638
0.02726154
0.02200232
0.02042792
0.01703808
0.02427848
0.04412895
0.01849554
0.02956853
0.02143549
0.01332574
0.02288174
0.01925424
0.05321211
0.01732158
0.02649442
0.02514851
0.01977206
0.03548143
0.02506335
0.06837723
0.04860273
0.02329894
0.02121350
0.06116767
0.02032905
0.02299534
0.02524948
0.03385577
0.04354320
0.03524202
0.01809869
0.02263862
0.02870721
0.04063829
0.04248802
0.04104034
0.01828937
0.06762720
0.03452638
0.02717321
0.05566999
0.02352895
0.01763001
0.03021178
0.01913141
0.01971644
0.02564118
0.01538858
0.02173503
0.01760029
0.03184214
0.02003640
0.02430296
0.01911554
0.02768402
0.03059737
0.02318238
0.02312221
0.01573149
0.02155483
0.02364360
0.01548985
0.01874709
0.01807548
0.01980322
0.09593190
0.02437780
0.03229692
0.02481276
0.02780776
0.03232301
0.02582130
0.03675435
0.02376017
0.04333119
0.02310481
0.01617012
0.02125067
0.03226031
0.02496957
0.02664492
0.03556242
0.01957987
0.02039272
0.02087080
0.02617216
0.02361239
0.02452789
0.03345509
0.03670932
0.02694273
0.02391594
0.01329001
0.02379437
0.02222382
0.02571130
0.02599484
0.02438264
0.02325978
0.01706754
0.02980850
0.02057819
0.03851778
0.02486555
0.02911612
0.06672031
0.02219194
0.01865131
0.02491687
0.01307321
0.02630531
0.02563190
0.02139122
0.02748427
0.02163341
0.02573669
0.07571987
0.02149316
0.04257168
0.01688993
0.01418922
0.02185970
0.02368137
0.01823465
0.03637315
0.02197022
0.03838995
0.04085725
0.02334711
0.03075115
0.03669558
0.03295413
0.02153261
0.01969318
0.02419854
0.03064725
0.02071011
0.02437778
0.01905777
0.03976953
0.04014121
0.16395735
0.01809181
0.04622336
0.02170595
0.02176965
0.02343866
0.02120943
0.03395640
0.07744556
0.04633726
0.02028114
0.04482987
0.02567607
0.02157508
0.01849970
0.02300888
0.02729175
0.01733994
0.01676701
0.02143601
0.02707833
0.02048273
0.01553516
0.03212579
0.02843943
0.02526551
0.01692184
0.02133080
0.02405736
0.03333877
0.03156199
0.02252144
0.03125679
0.03709849
0.02729129
0.03343967
0.04755890
0.01819935
0.02354818
0.10404645
0.02031516
0.09981361
0.04024813
0.02270452
0.05587390
0.01788247
0.02742903
0.02162242
0.01767719
0.02187992
0.02929204
0.08211576
0.04502629
0.02398685
0.04361343
0.02996085
0.02269652
0.11150310
0.02525300
0.02968434
0.03446558
0.02165946
0.01847912
0.01833651
0.02146378
0.02001147
0.02780120
0.01977477
0.01838400
0.02144984
0.02144414
0.01959295
0.02516737
0.03645767
0.03180388
0.04276044
0.02588273
0.02182686
0.01626468
0.01897466
0.02916038
0.02513493
0.02706993
0.03307896
0.04164678
0.02058058
0.02037456
0.03067095
0.12484090
0.02231321
0.03940311
0.04295065
0.02236154
0.03701000
0.02096870
0.08042288
0.01713735
0.01330582
0.02021236
0.05393327
0.03656670
0.03078482
0.01772759
0.01846786
0.01869209
0.04738767
0.01531581
0.01992035
0.01491690
0.03608738
0.02446692
0.08530100
0.02796371
0.02274796
0.01823338
0.01924049
0.02465089
0.02825763
0.07484284
0.01599151
0.02128001
0.01389670
0.03048670
0.01657315
0.03534860
0.01911159
0.07798537
0.04268867
0.05248734
0.01979805
0.02236444
0.01698312
0.01790401
0.02252577
0.01565017
0.02113379
0.03052622
0.02043676
0.03588594
0.01987676
0.02878141
0.02219517
0.03120052
0.01767495
0.09034568
0.02167123
0.02379595
0.02848746
0.02224848
0.03488368
0.03620473
0.01548590
0.02638620
0.01495375
0.01738777
0.02005226
0.01837909
0.02898478
0.03085308
0.02509328
0.01926307
0.01636042
0.01728804
0.03970530
0.08831085
0.02496585
0.02794251
0.13235347
0.02673042
0.02060071
0.09526249
0.01761272
0.03924519
0.02990146
0.02145780
0.01908215
0.02157173
0.02296994
0.02433965
0.01697915
0.03394779
0.01507421
0.02034760
0.01922582
0.02922374
0.02075872
0.01874221
0.02321089
0.02445974
0.01772789
0.01803787
0.02326405
0.02125977
0.08976846
0.01940628
0.01991945
0.03664190
0.02432645
0.02838054
0.02029102
0.03233563
0.02934860
0.02080018
0.01917091
0.04700136
0.02004130
0.04014028
0.02234790
0.02557677
0.02071402
0.04123649
0.02562625
0.02619610
0.04611532
0.02147378
0.02588431
0.02429669
0.02691166
0.02376390
0.01778420
0.02183019
0.01747999
0.02060353
0.02230571
0.03136894
0.02220096
0.03674288
0.02855555
0.02484934
0.02564638
0.02097651
0.06431272
0.02135642
0.01946189
0.03449284
0.02731479
0.02433393
0.02018592
0.02431162
0.03642171
0.07274634
0.01773954
0.03463754
0.05936492
0.03594581
0.02572796
0.02370342
0.01739829
0.01538164
0.01805298
0.03530782
0.02022051
0.02574629
0.01879505
0.02355019
0.01761442
0.02360001
0.02251927