0.00089648
0.00082083
0.00086247
0.00086424
0.00098810
0.00085316
0.00088084
0.00094204
0.00084914
0.00083807
0.00087016
0.00078655
0.00086756
0.00089113
0.00098050
0.00084312
0.00086771
0.00079941
0.00081060
0.00086202
0.00088784
0.00104274
0.00092737
0.00083481
0.00087738
0.00089772
0.00084486
0.00091509
0.00090745
0.00082913
0.00085569
0.00086917
0.00096231
0.00087672
0.00093389
0.00090191
0.00093965
0.00101678
0.00086392
0.00092800
0.00079658
0.00086920
0.00088574
0.00089815
0.00082624
0.00083515
0.00090949
0.00082475
0.00085070
0.00098081
0.00089421
0.00095822
0.00085776
0.00080721
0.00094401
0.00092950
0.00086654
0.00103112
0.00088342
0.00097966
0.00091193
0.00085501
0.00088409
0.00097333
0.00086621
0.00090097
0.00084343
0.00084922
0.00087365
0.00081947
0.00091137
0.00086255
0.00083761
0.00083211
0.00084502
0.00085832
0.00079492
0.00084832
0.00082173
0.00087089
0.00081372
0.00093319
0.00086954
0.00084497
0.00084546
0.00092111
0.00083161
0.00089892
0.00082148
0.00097621
0.00097287
0.00095354
0.00079896
0.00086108
0.00085058
0.00090220
0.00082405
0.00082645
0.00081666
0.00082534
0.00084194
0.00084751
0.00089667
0.00087669
0.00101465
0.00092062
0.00090233
0.00088475
0.00084670
0.00083484
0.00080513
0.00091219
0.00085224
0.00097665
0.00090506
0.00091247
0.00086266
0.00110786
0.00092800
0.00086687
0.00093659
0.00084739
0.00082953
0.00095041
0.00086334
0.00084148
0.00086233
0.00092979
0.00089466
0.00086010
0.00084999
0.00088088
0.00085961
0.00091782
0.00085295
0.00099309
0.00085541
0.00088272
0.00087181
0.00082809
0.00081619
0.00082154
0.00091476
0.00082083
0.00078735
0.00083636
0.00083699
0.00082489
0.00080473
0.00079607
0.00085702
0.00083014
0.00100562
0.00086657
0.00085406
0.00085383
0.00094401
0.00083727
0.00084643
0.00081534
0.00092423
0.00094030
0.00083550
0.00088191
0.00095246
0.00090938
0.00081940
0.00083807
0.00085373
0.00079556
0.00087063
0.00080216
0.00084731
0.00087435
0.00088234
0.00085374
0.00082340
0.00103681
0.00082809
0.00085330
0.00100980
0.00086658
0.00088763
0.00087437
0.00092101
0.00092856
0.00084355
0.00084033
0.00081567
0.00087208
0.00084649
0.00085307
0.00088595
0.00081621
0.00090103
0.00087487
0.00093610
0.00087243
0.00085891
0.00088787
0.00080312
0.00082728
0.00088255
0.00083561
0.00089826
0.00083600
0.00085408
0.00090164
0.00081832
0.00087630
0.00082471
0.00115977
0.00085105
0.00088923
0.00089226
0.00088779
0.00095054
0.00082273
0.00093454
0.00088910
0.00083114
0.00094041
0.00088169
0.00087798
0.00082173
0.00083653
0.00083917
0.00089989
0.00080844
0.00095803
0.00091896
0.00095546
0.00089198
0.00104837
0.00088784
0.00092176
0.00093896
0.00084185
0.00083780
0.00086300
0.00083436
0.00088840
0.00081565
0.00089445
0.00088152
0.00085742
0.00088013
0.00093229
0.00090138
0.00081389
0.00093275
0.00085561
0.00087549
0.00088328
0.00082512
0.00084167
0.00086496
0.00094422
0.00088325
0.00087964
0.00088260
0.00081002
0.00083510
0.00085304
0.00084090
0.00103098
0.00094475
0.00093934
0.00083611
0.00085600
0.00090336
0.00086951
0.00086493
0.00086750
0.00081542
0.00119253
0.00087382
0.00081516
0.00085485
0.00089428
0.00085234
0.00082030
0.00088061
0.00088527
0.00084935
0.00087339
0.00085047
0.00081281
0.00086857
0.00091413
0.00089128
0.00078670
0.00085124
0.00092490
0.00088394
0.00082184
0.00087470
0.00090908
0.00086765
0.00080752
0.00097757
0.00083519
0.00085564
0.00084717
0.00089041
0.00084543
0.00083526
0.00096831
0.00096899
0.00083271
0.00084988
0.00091996
0.00093126
0.00085823
0.00098085
0.00083778
0.00078422
0.00081384
0.00084589
0.00090427
0.00095835
0.00086872
0.00087129
0.00089174
0.00088088
0.00085281
0.00081898
0.00082119
0.00089315
0.00083991
0.00088841
0.00088441
0.00092479
0.00086484
0.00091970
0.00081159
0.00093904
0.00083493
0.00086726
0.00086333
0.00084825
0.00085443
0.00084216
0.00082990
0.00082503
0.00090440
0.00085970
0.00098567
0.00088149
0.00089753
0.00081049
0.00087566
0.00087711
0.00086870
0.00082634
0.00080352
0.00085948
0.00087546
0.00081622
0.00082110
0.00097759
0.00087430
0.00087481
0.00090534
0.00090627
0.00083568
0.00089140
0.00083203
0.00087198
0.00083873
0.00087756
0.00083474
0.00081981
0.00094637
0.00099537
0.00082577
0.00086840
0.00086546
0.00085387
0.00086076
0.00087300
0.00087103
0.00089196
0.00086810
0.00082157
0.00118710
0.00086970
0.00090588
0.00090033
0.00087126
0.00085057
0.00095782
0.00082249
0.00091491
0.00089636
0.00091041
0.00090409
0.00096062
0.00091618
0.00088676
0.00085256
0.00084751
0.00091369
0.00088097
0.00099487
0.00087188
0.00098022
0.00083115
0.00093087
0.00089801
0.00095436
0.00105749
0.00086169
0.00087963
0.00083736
0.00088149
0.00088096
0.00091348
0.00087942
0.00088863
0.00084816
0.00087162
0.00093639
0.00106444
0.00088386
0.00085970
0.00086731
0.00084879
0.00091265
0.00084338
0.00081512
0.00083323
0.00089982
0.00087299
0.00086825
0.00093687
0.00088822
0.00084901
0.00092629
0.00085050
0.00084241
0.00084540
0.00084793
0.00097482
0.00091122
0.00082922
0.00088517
0.00082010
0.00079954
0.00088983
0.00086509
0.00090500
0.00080198
0.00087971
0.00081384
0.00088251
0.00086040
0.00095595
0.00086307
0.00087199
0.00087768
0.00082516
0.00090386
0.00081429
0.00081460
0.00087073
0.00084046
0.00082098
0.00080098
0.00090345
0.00083128
0.00087365
0.00094619
0.00084255
0.00090086
0.00085274
0.00079814
0.00082029
0.00084834
0.00090259
0.00090329
0.00089896
0.00083417
0.00086408
0.00095027
0.00083378
0.00093274
0.00097960
0.00088110
0.00082522
0.00089257
0.00114013
0.00085399
0.00088112
0.00082865
0.00090353
0.00083709
0.00092787
0.00090166
0.00083551