0.00111599
0.00110860
0.00129848
0.00111337
0.00116191
0.00110697
0.00106750
0.00124376
0.00117952
0.00124319
0.00110760
0.00151971
0.00107554
0.00107645
0.00150146
0.00117516
0.00115225
0.00113799
0.00103745
0.00122678
0.00105382
0.00106928
0.00128735
0.00115527
0.00101393
0.00108502
0.00109216
0.00130529
0.00116360
0.00160736
0.00115479
0.00132947
0.00129022
0.00110261
0.00107836
0.00112926
0.00134994
0.00110577
0.00120376
0.00142824
0.00121538
0.00116046
0.00119771
0.00127012
0.00110599
0.00132762
0.00112917
0.00124256
0.00118931
0.00131518
0.00102399
0.00109808
0.00113537
0.00122787
0.00120088
0.00114095
0.00123319
0.00113697
0.00101224
0.00128207
0.00116555
0.00104703
0.00106029
0.00116077
0.00132705
0.00109374
0.00117361
0.00116123
0.00123624
0.00109409
0.00113137
0.00129892
0.00148625
0.00124983
0.00122840
0.00107183
0.00120537
0.00126704
0.00109003
0.00098623
0.00105622
0.00110889
0.00119734
0.00157251
0.00128489
0.00117982
0.00161519
0.00106320
0.00115094
0.00116555
0.00111917
0.00137915
0.00114822
0.00116549
0.00112451
0.00146446
0.00112555
0.00130938
0.00113237
0.00138180
0.00127515
0.00187319
0.00105866
0.00132289
0.00116156
0.00110329
0.00106663
0.00115880
0.00114737
0.00130116
0.00170484
0.00107739
0.00127410
0.00112027
0.00120855
0.00113520
0.00135665
0.00117283
0.00113970
0.00124176
0.00106898
0.00130729
0.00140327
0.00130934
0.00176583
0.00107104
0.00128126
0.00104997
0.00106602
0.00117566
0.00109782
0.00123684
0.00109363
0.00117380
0.00113980
0.00123977
0.00109057
0.00153779
0.00112460
0.00115807
0.00113201
0.00152809
0.00148022
0.00109344
0.00129057
0.00113396
0.00126457
0.00116421
0.00111739
0.00101465
0.00132066
0.00108790
0.00115318
0.00122098
0.00119875
0.00119951
0.00120748
0.00111641
0.00108731
0.00113887
0.00124528
0.00132311
0.00134965
0.00111165
0.00156006
0.00106216
0.00124398
0.00138644
0.00107368
0.00113985
0.00130972
0.00121510
0.00120270
0.00114501
0.00119851
0.00110375
0.00109605
0.00128190
0.00118479
0.00131293
0.00122151
0.00107449
0.00118805
0.00120534
0.00165940
0.00132931
0.00114787
0.00113706
0.00111320
0.00103880
0.00116064
0.00153404
0.00114898
0.00100714
0.00133019
0.00127503
0.00116455
0.00111580
0.00111832
0.00107048
0.00119316
0.00113960
0.00105582
0.00122393
0.00117151
0.00157307
0.00109835
0.00124439
0.00118712
0.00109130
0.00131681
0.00121871
0.00114259
0.00103594
0.00104127
0.00133688
0.00121990
0.00106653
0.00132273
0.00103694
0.00108216
0.00123839
0.00128761
0.00100787
0.00108591
0.00106937
0.00108344
0.00177704
0.00120851
0.00120228
0.00126599
0.00142686
0.00111681
0.00175799
0.00119389
0.00115205
0.00130027
0.00196196
0.00115910
0.00110154
0.00123013
0.00109354
0.00121048
0.00136863
0.00109745
0.00119868
0.00107202
0.00119734
0.00142782
0.00119156
0.00116786
0.00114365
0.00109735
0.00120569
0.00112987
0.00110165
0.00114802
0.00112834
0.00098723
0.00118792
0.00154397
0.00120952
0.00125074
0.00140348
0.00110297
0.00125462
0.00113050
0.00118164
0.00102905
0.00106606
0.00112377
0.00121490
0.00151798
0.00140670
0.00115319
0.00109810
0.00129976
0.00165837
0.00115474
0.00135984
0.00118435
0.00101293
0.00109936
0.00110555
0.00145754
0.00130700
0.00114842
0.00125718
0.00111619
0.00111743
0.00110554
0.00111996
0.00101882
0.00104101
0.00135502
0.00132668
0.00113054
0.00120233
0.00109798
0.00115558
0.00105410
0.00111505
0.00127414
0.00109356
0.00111290
0.00110654
0.00112194
0.00116603
0.00117320
0.00117927
0.00135745
0.00132747
0.00120656
0.00114493
0.00116659
0.00108749
0.00097755
0.00134144
0.00113258
0.00182081
0.00114448
0.00106938
0.00139036
0.00096587
0.00121192
0.00110731
0.00144176
0.00111973
0.00134183
0.00111356
0.00115813
0.00114177
0.00113613
0.00129040
0.00109312
0.00112716
0.00106448
0.00107560
0.00104636
0.00110954
0.00109737
0.00161151
0.00112736
0.00110058
0.00107489
0.00104765
0.00126311
0.00125863
0.00118474
0.00111344
0.00115385
0.00113625
0.00127094
0.00132616
0.00121053
0.00143144
0.00109081
0.00110573
0.00119519
0.00117886
0.00116244
0.00120629
0.00117237
0.00121776
0.00102859
0.00125663
0.00121521
0.00106129
0.00110960
0.00101921
0.00112338
0.00126788
0.00109464
0.00111282
0.00137784
0.00120192
0.00127668
0.00114418
0.00137683
0.00129055
0.00104395
0.00128733
0.00110473
0.00117667
0.00144960
0.00113391
0.00114647
0.00120637
0.00128317
0.00105189
0.00118537
0.00114893
0.00108606
0.00139628
0.00112525
0.00173964
0.00124238
0.00108065
0.00117669
0.00114479
0.00163789
0.00116933
0.00119817
0.00119700
0.00101600
0.00113872
0.00116505
0.00121088
0.00114833
0.00119596
0.00115897
0.00128689
0.00116438
0.00118084
0.00120911
0.00118035
0.00133616
0.00147954
0.00113166
0.00119498
0.00108486
0.00119533
0.00114477
0.00115147
0.00105367
0.00113100
0.00126431
0.00109692
0.00106370
0.00118883
0.00110621
0.00103964
0.00115467
0.00114040
0.00102545
0.00120532
0.00121973
0.00121528
0.00116833
0.00124223
0.00108439
0.00106615
0.00105134
0.00125187
0.00119813
0.00130163
0.00123009
0.00115395
0.00119553
0.00138700
0.00126463
0.00108869
0.00116604
0.00113706
0.00129690
0.00117039
0.00106663
0.00116869
0.00109487
0.00107449
0.00109839
0.00110179
0.00121533
0.00126655
0.00115699
0.00116760
0.00127469
0.00109249
0.00126978
0.00103785
0.00124901
0.00118137
0.00110005
0.00115375
0.00118574
0.00119215
0.00116369
0.00110749
0.00110426
0.00112832
0.00146762
0.00120035
0.00114603
0.00140534
0.00116259
0.00112822
0.00117113
0.00127569
0.00103541
0.00129786
0.00127705
0.00112526
0.00120145
0.00113971
0.00128791
0.00108724
0.00108143
0.00098326
0.00137495
0.00136807