0.00284737
0.00262773
0.00261546
0.00295674
0.00271297
0.00297484
0.00337801
0.00253007
0.00293368
0.00249943
0.00304197
0.00273882
0.00272545
0.00269832
0.00251031
0.00261371
0.00275074
0.00259745
0.00270490
0.00279368
0.00269387
0.00252429
0.00257959
0.00260075
0.00254057
0.00267236
0.00254416
0.00272449
0.00267004
0.00297237
0.00268030
0.00252437
0.00330884
0.00241343
0.00277792
0.00301400
0.00256632
0.00256643
0.00245686
0.00310512
0.00284968
0.00254882
0.00267987
0.00270364
0.00286912
0.00265432
0.00243729
0.00260693
0.00264060
0.00265169
0.00267937
0.00241546
0.00330150
0.00268278
0.00263377
0.00263278
0.00283666
0.00268265
0.00274957
0.00248754
0.00260320
0.00265515
0.00262647
0.00353070
0.00276127
0.00274056
0.00273917
0.00253840
0.00309738
0.00264284
0.00255071
0.00244435
0.00273464
0.00246501
0.00252905
0.00239207
0.00249374
0.00249105
0.00267559
0.00286899
0.00297908
0.00262559
0.00292181
0.00276574
0.00296039
0.00275973
0.00278905
0.00239064
0.00285263
0.00259135
0.00284216
0.00268276
0.00266389
0.00256680
0.00259685
0.00342883
0.00269080
0.00235786
0.00273474
0.00244900
0.00246258
0.00269530
0.00316302
0.00309434
0.00315444
0.00246354
0.00256229
0.00271255
0.00236555
0.00283470
0.00253681
0.00279875
0.00247869
0.00257831
0.00243394
0.00271991
0.00287110
0.00266763
0.00262539
0.00258569
0.00248906
0.00260311
0.00269488
0.00269169
0.00294815
0.00254322
0.00284176
0.00258644
0.00267509
0.00251025
0.00264443
0.00247530
0.00251448
0.00260309
0.00263516
0.00268135
0.00266146
0.00293606
0.00271184
0.00285244
0.00269250
0.00262555
0.00246907
0.00280952
0.00299164
0.00275833
0.00273160
0.00262608
0.00275902
0.00247372
0.00269621
0.00242551
0.00271271
0.00278119
0.00278306
0.00255710
0.00265082
0.00250559
0.00254990
0.00296349
0.00316344
0.00251476
0.00247792
0.00251675
0.00276624
0.00264584
0.00271507
0.00290046
0.00242309
0.00260592
0.00285104
0.00271351
0.00270112
0.00305739
0.00300624
0.00276871
0.00273721
0.00264012
0.00237432
0.00307307
0.00255723
0.00264104
0.00272983
0.00264205
0.00293331
0.00277321
0.00302260
0.00293205
0.00261512
0.00251767
0.00263694
0.00268582
0.00281977
0.00264101
0.00260540
0.00240190
0.00240711
0.00273281
0.00247787
0.00271703
0.00271290
0.00279129
0.00250334
0.00278010
0.00302887
0.00257529
0.00252964
0.00263370
0.00293117
0.00274352
0.00241417
0.00264821
0.00267026
0.00257457
0.00260939
0.00281758
0.00250266
0.00269871
0.00244169
0.00256493
0.00268131
0.00239828
0.00241043
0.00255710
0.00287300
0.00279570
0.00255845
0.00284930
0.00250208
0.00279692
0.00257360
0.00291774
0.00280459
0.00292043
0.00258274
0.00266450
0.00269918
0.00282021
0.00278950
0.00288393
0.00283315
0.00277636
0.00273933
0.00256422
0.00266211
0.00268118
0.00285414
0.00265856
0.00312455
0.00269543
0.00286516
0.00274865
0.00267142
0.00297937
0.00279803
0.00312979
0.00262090
0.00261654
0.00255958
0.00279450
0.00246429
0.00275754
0.00263092
0.00271509
0.00265465
0.00277907
0.00253148
0.00257964
0.00284869
0.00256081
0.00260382
0.00275413
0.00270989
0.00248862
0.00251233
0.00298661
0.00269843
0.00276897
0.00287795
0.00260903
0.00256461
0.00262244
0.00260047
0.00249974
0.00275293
0.00324118
0.00284714
0.00270281
0.00271026
0.00254245
0.00270015
0.00260520
0.00468432
0.00258212
0.00273350
0.00264459
0.00296449
0.00267776
0.00262176
0.00263308
0.00274228
0.00287426
0.00245547
0.00261277
0.00264100
0.00284332
0.00272869
0.00260937
0.00259025
0.00260136
0.00255503
0.00291404
0.00262879
0.00269441
0.00275856
0.00281603
0.00257877
0.00319597
0.00299211
0.00260806
0.00265107
0.00271572
0.00276695
0.00268844
0.00289561
0.00265357
0.00288493
0.00246087
0.00249928
0.00277484
0.00258483
0.00272324
0.00271987
0.00264580
0.00269685
0.00270266
0.00249561
0.00273702
0.00279111
0.00290692
0.00238156
0.00332995
0.00264606
0.00255837
0.00294791
0.00278049
0.00290831
0.00252344
0.00247117
0.00264092
0.00246876
0.00277234
0.00283003
0.00249388
0.00266385
0.00305793
0.00287402
0.00287989
0.00261612
0.00267296
0.00276445
0.00301015
0.00243578
0.00263071
0.00249999
0.00287784
0.00270939
0.00261189
0.00252963
0.00288233
0.00262104
0.00250504
0.00242577
0.00264318
0.00249268
0.00260892
0.00285217
0.00253953
0.00276669
0.00252007
0.00253090
0.00257635
0.00257894
0.00262089
0.00247873
0.00278560
0.00288958
0.00256703
0.00261558
0.00265655
0.00274050
0.00265902
0.00290718
0.00268075
0.00282330
0.00259137
0.00244111
0.00303802
0.00272526
0.00272699
0.00247386
0.00283453
0.00298530
0.00263909
0.00274412
0.00258134
0.00256493
0.00287375
0.00299035
0.00253366
0.00287326
0.00255709
0.00257039
0.00252168
0.00285140
0.00263674
0.00279451
0.00304346
0.00267419
0.00270115
0.00282881
0.00310539
0.00277182
0.00262638
0.00282066
0.00263642
0.00273004
0.00256561
0.00281776
0.00243556
0.00263597
0.00256898
0.00271841
0.00261963
0.00263839
0.00286202
0.00261067
0.00266994
0.00259318
0.00281277
0.00271801
0.00254134
0.00319619
0.00254773
0.00237314
0.00254389
0.00253911
0.00248573
0.00296925
0.00243528
0.00259035
0.00295452
0.00290034
0.00256293
0.00285495
0.00271222
0.00263810
0.00274734
0.00280246
0.00268812
0.00264405
0.00241829
0.00270525
0.00276753
0.00252488
0.00283176
0.00265966
0.00284388
0.00263168
0.00289085
0.00258268
0.00284739
0.00257435
0.00268156
0.00254139
0.00286932
0.00261954
0.00265271
0.00268820
0.00334076
0.00255024
0.00243712
0.00257956
0.00240710
0.00266143
0.00257935
0.00239241
0.00295908
0.00254178
0.00261482
0.00279085
0.00254345
0.00294871
0.00284483
0.00247825
0.00282310
0.00263151
0.00257919
0.00259381
0.00315265