0.00144295
0.00167104
0.00158427
0.00275663
0.00183932
0.00201826
0.00155724
0.00325464
0.00247024
0.00165072
0.00230951
0.00182681
0.00316892
0.00152681
0.00183723
0.00178669
0.00201274
0.00199990
0.00197423
0.00170070
0.00257555
0.00159209
0.00236135
0.00193749
0.00224993
0.00242650
0.00175422
0.00169684
0.00201689
0.00242534
0.00205806
0.00196929
0.00215489
0.00181073
0.00217560
0.00172417
0.00165242
0.00227411
0.00291805
0.00202905
0.00189523
0.00183376
0.00518953
0.00215697
0.00256139
0.00305273
0.00159514
0.00170531
0.00187982
0.00171891
0.00291861
0.00153894
0.00172483
0.00214494
0.00159032
0.00171667
0.00214567
0.00236375
0.00170163
0.00246078
0.00211388
0.00247160
0.00243182
0.00217300
0.00263488
0.00216601
0.00150237
0.00164977
0.00348199
0.00276462
0.00256215
0.00267298
0.00226792
0.00149160
0.00211789
0.00342162
0.00162812
0.00186355
0.00159727
0.00200253
0.00285802
0.00251768
0.00218067
0.00222740
0.00213359
0.00201921
0.00187765
0.00188457
0.00184287
0.00210758
0.00173944
0.00201976
0.00184184
0.00166122
0.00241930
0.00234103
0.00181999
0.00207950
0.00244776
0.00177032
0.00240779
0.00220542
0.00179809
0.00191899
0.00196077
0.00281160
0.00272211
0.00203977
0.00239354
0.00323740
0.00191981
0.00214632
0.00178867
0.00203594
0.00160418
0.00274568
0.00168482
0.00289934
0.00158710
0.00197926
0.00232589
0.00166772
0.00230854
0.00187901
0.00168745
0.00162651
0.00183374
0.00167444
0.00156407
0.00201502
0.00190017
0.00168322
0.00234814
0.00202212
0.00189963
0.00182002
0.00221088
0.00247066
0.00201266
0.00194859
0.00175592
0.00210734
0.00169140
0.00175600
0.00202417
0.00227802
0.00225538
0.00217304
0.00181490
0.00234936
0.00212858
0.00192581
0.00213101
0.00219891
0.00196439
0.00234945
0.00197607
0.00279064
0.00189668
0.00222308
0.00199262
0.00238499
0.00155130
0.00219185
0.00169260
0.00166919
0.00171646
0.00178440
0.00235524
0.00203070
0.00322564
0.00207892
0.00244288
0.00221459
0.00160597
0.00240504
0.00244914
0.00189784
0.00212883
0.00219782
0.00222878
0.00232716
0.00209095
0.00191700
0.00189518
0.00266260
0.00298493
0.00197469
0.00213633
0.00237419
0.00144847
0.00160042
0.00167355
0.00183789
0.00161951
0.00202963
0.00174964
0.00173566
0.00182662
0.00170011
0.00176023
0.00212413
0.00197277
0.00168398
0.00181148
0.00233710
0.00215701
0.00178475
0.00240549
0.00212202
0.00239786
0.00215724
0.00169188
0.00205363
0.00250075
0.00176082
0.00200858
0.00195177
0.00263139
0.00205419
0.00174282
0.00233800
0.00196049
0.00245349
0.00190297
0.00156279
0.00210041
0.00168867
0.00192101
0.00215143
0.00166417
0.00240213
0.00276031
0.00216912
0.00246916
0.00172308
0.00209053
0.00323457
0.00162157
0.00235439
0.00200265
0.00243881
0.00247428
0.00216647
0.00224122
0.00185948
0.00180238
0.00171822
0.00166705
0.00186454
0.00190737
0.00190102
0.00180587
0.00201264
0.00178694
0.00201954
0.00198521
0.00237591
0.00207983
0.00334510
0.00194668
0.00250761
0.00218979
0.00191233
0.00191725
0.00311331
0.00175922
0.00162680
0.00163204
0.00160608
0.00162068
0.00302830
0.00166990
0.00242502
0.00245870
0.00176018
0.00164298
0.00220340
0.00200972
0.00254959
0.00260407
0.00273720
0.00200941
0.00180837
0.00162894
0.00250522
0.00217986
0.00207444
0.00246852
0.00190433
0.00154854
0.00161445
0.00199603
0.00226199
0.00180185
0.00219732
0.00161037
0.00191069
0.00258986
0.00167400
0.00195577
0.00179556
0.00164956
0.00235499
0.00167572
0.00168346
0.00246040
0.00301116
0.00201445
0.00149780
0.00208199
0.00192850
0.00166802
0.00158396
0.00160762
0.00181653
0.00156412
0.00247012
0.00229496
0.00167877
0.00293154
0.00216471
0.00166175
0.00234620
0.00188460
0.00192222
0.00186461
0.00171984
0.00167911
0.00176034
0.00165059
0.00172729
0.00182898
0.00277080
0.00195380
0.00233308
0.00199474
0.00163969
0.00163144
0.00206157
0.00234335
0.00257730
0.00162659
0.00212256
0.00205007
0.00218015
0.00261337
0.00164670
0.00246389
0.00234094
0.00188378
0.00201180
0.00223505
0.00153395
0.00211941
0.00146864
0.00158540
0.00206642
0.00292285
0.00187842
0.00347868
0.00216662
0.00235447
0.00267594
0.00227463
0.00193226
0.00270888
0.00218546
0.00218344
0.00236402
0.00208949
0.00175716
0.00155948
0.00310700
0.00167695
0.00234704
0.00194040
0.00194015
0.00242346
0.00220260
0.00227535
0.00193386
0.00206029
0.00157770
0.00140806
0.00245137
0.00164679
0.00175268
0.00178409
0.00193952
0.00142100
0.00243585
0.00191504
0.00191874
0.00185153
0.00236247
0.00179765
0.00153781
0.00192923
0.00206403
0.00187178
0.00189897
0.00171452
0.00198188
0.00204853
0.00334347
0.00222523
0.00207320
0.00154789
0.00248443
0.00174893
0.00190051
0.00195257
0.00182597
0.00293343
0.00152142
0.00180230
0.00194396
0.00202452
0.00217963
0.00199247
0.00245610
0.00165871
0.00171628
0.00206979
0.00219140
0.00186891
0.00203997
0.00149605
0.00199112
0.00186838
0.00220988
0.00199691
0.00174220
0.00237586
0.00165531
0.00221274
0.00179707
0.00284388
0.00198020
0.00188266
0.00221330
0.00243013
0.00235566
0.00177345
0.00158167
0.00209768
0.00191009
0.00185947
0.00272552
0.00237928
0.00186332
0.00226558
0.00181545
0.00214362
0.00188225
0.00208357
0.00212297
0.00272057
0.00173590
0.00282336
0.00186557
0.00189506
0.00188590
0.00190947
0.00198014
0.00193129
0.00196601
0.00238437
0.00288632
0.00180927
0.00179730
0.00184366
0.00306960
0.00151660
0.00151877
0.00348175
0.00189830
0.00251375
0.00203180
0.00250099
0.00240935
0.00187175
0.00202633
0.00248430
0.00212061
0.00240593
0.00400846
0.00236359
0.00164974
0.00160058
0.00202117
0.00184570
0.00212304
0.00185384
0.00162366
0.00195867
0.00158171
0.00271723
0.00181611