0.00282232
0.00318093
0.00312260
0.00372467
0.00292360
0.00348207
0.00304652
0.00327680
0.00499648
0.00337152
0.00337865
0.00284408
0.00272005
0.00320074
0.00325713
0.00344434
0.00307828
0.00346324
0.00295060
0.00286808
0.00311715
0.00315344
0.00290572
0.00308273
0.00300122
0.00304365
0.00356283
0.00356981
0.00299754
0.00330566
0.00331645
0.00297330
0.00319255
0.00394803
0.00271681
0.00324988
0.00328361
0.00378191
0.00461004
0.00294713
0.00339137
0.00325403
0.00330900
0.00418712
0.00386001
0.00308546
0.00303233
0.00294659
0.00268267
0.00413897
0.00320941
0.00272204
0.00316197
0.00291109
0.00340254
0.00316112
0.00297536
0.00391542
0.00310647
0.00314993
0.00303446
0.00315035
0.00286342
0.00327255
0.00373993
0.00310027
0.00280002
0.00314049
0.00281862
0.00288567
0.00349824
0.00323608
0.00283245
0.00357590
0.00343921
0.00330245
0.00339372
0.00390863
0.00306531
0.00309733
0.00327153
0.00309678
0.00317605
0.00275493
0.00341829
0.00305246
0.00327937
0.00336038
0.00313567
0.00320882
0.00355724
0.00305982
0.00314022
0.00293505
0.00367557
0.00319331
0.00342666
0.00362737
0.00330486
0.00325666
0.00336511
0.00279881
0.00410971
0.00308837
0.00316690
0.00282128
0.00289267
0.00350790
0.00298135
0.00347788
0.00295968
0.00294637
0.00313001
0.00328099
0.00412358
0.00312046
0.00368469
0.00282314
0.00308472
0.00302336
0.00367815
0.00318233
0.00353924
0.00317362
0.00434108
0.00314949
0.00327896
0.00329339
0.00343717
0.00323328
0.00328098
0.00328071
0.00314799
0.00302283
0.00419458
0.00312692
0.00299997
0.00315292
0.00320041
0.00349559
0.00333971
0.00294351
0.00284781
0.00323698
0.00349549
0.00331763
0.00350141
0.00337745
0.00355128
0.00297202
0.00302626
0.00292074
0.00300102
0.00278727
0.00336159
0.00335694
0.00305158
0.00390603
0.00340388
0.00336940
0.00361965
0.00345889
0.00309541
0.00307524
0.00369337
0.00310030
0.00279005
0.00284286
0.00330702
0.00305223
0.00347416
0.00315312
0.00361531
0.00343485
0.00295728
0.00312201
0.00312826
0.00362645
0.00292182
0.00316936
0.00361246
0.00346900
0.00328583
0.00296878
0.00396516
0.00356232
0.00283381
0.00393172
0.00331903
0.00333258
0.00350876
0.00329528
0.00347081
0.00315983
0.00280249
0.00299498
0.00305914
0.00267644
0.00370576
0.00327496
0.00361054
0.00313307
0.00333309
0.00288422
0.00288491
0.00295640
0.00340101
0.00324099
0.00360977
0.00295144
0.00314185
0.00394143
0.00359750
0.00365240
0.00307475
0.00349770
0.00285708
0.00296996
0.00305713
0.00287928
0.00276938
0.00340377
0.00320412
0.00310053
0.00291881
0.00383897
0.00511932
0.00338835
0.00345163
0.00330827
0.00332760
0.00310815
0.00442907
0.00346968
0.00341902
0.00306506
0.00318185
0.00305018
0.00298990
0.00326620
0.00333742
0.00290375
0.00299488
0.00363243
0.00292576
0.00333559
0.00289010
0.00281916
0.00284559
0.00341819
0.00314447
0.00293509
0.00317281
0.00292195
0.00285233
0.00316904
0.00287139
0.00300949
0.00312313
0.00302885
0.00334435
0.00339744
0.00327102
0.00296608
0.00315034
0.00311978
0.00308999
0.00325960
0.00284014
0.00327256
0.00352993
0.00296009
0.00324528
0.00332660
0.00323051
0.00332719
0.00299333
0.00340856
0.00335637
0.00303126
0.00306493
0.00318337
0.00404291
0.00355309
0.00274518
0.00309549
0.00393622
0.00315029
0.00317168
0.00302667
0.00287703
0.00357988
0.00342401
0.00324979
0.00307589
0.00325735
0.00333248
0.00306393
0.00351047
0.00374194
0.00307238
0.00294052
0.00389838
0.00323838
0.00314133
0.00303069
0.00307596
0.00301885
0.00430191
0.00364186
0.00350864
0.00295058
0.00304060
0.00296054
0.00296977
0.00294668
0.00336510
0.00345681
0.00378465
0.00398329
0.00294795
0.00367909
0.00421512
0.00318457
0.00299309
0.00311939
0.00365862
0.00293541
0.00285329
0.00310191
0.00310870
0.00325104
0.00330642
0.00307461
0.00379774
0.00302789
0.00340397
0.00301203
0.00308634
0.00356921
0.00315007
0.00296851
0.00330609
0.00355258
0.00390104
0.00290840
0.00419568
0.00308862
0.00305368
0.00288585
0.00322282
0.00341068
0.00318428
0.00301925
0.00292185
0.00296713
0.00359651
0.00329397
0.00334843
0.00336843
0.00319543
0.00322925
0.00304766
0.00352365
0.00316435
0.00306841
0.00303292
0.00346309
0.00347750
0.00321632
0.00306460
0.00314424
0.00322022
0.00365402
0.00305610
0.00284883
0.00332532
0.00287175
0.00293686
0.00313303
0.00322605
0.00339527
0.00336172
0.00310328
0.00282901
0.00279891
0.00310353
0.00334788
0.00275361
0.00367376
0.00321425
0.00276945
0.00300446
0.00306959
0.00317326
0.00360227
0.00290657
0.00299149
0.00308016
0.00395589
0.00300533
0.00328121
0.00316743
0.00326888
0.00322448
0.00365885
0.00350787
0.00352811
0.00349313
0.00338085
0.00331643
0.00325949
0.00319378
0.00327019
0.00345935
0.00309213
0.00370715
0.00378951
0.00320831
0.00292983
0.00287847
0.00263094
0.00288655
0.00388906
0.00284193
0.00308331
0.00283530
0.00302956
0.00319304
0.00312445
0.00316173
0.00277213
0.00331443
0.00295851
0.00326155
0.00345464
0.00295219
0.00278459
0.00304493
0.00309866
0.00304343
0.00287938
0.00302297
0.00287014
0.00348521
0.00279658
0.00376610
0.00346411
0.00340835
0.00299980
0.00364521
0.00327395
0.00325605
0.00311070
0.00332154
0.01344042
0.00293141
0.00300938
0.00450927
0.00337101
0.00308762
0.00298217
0.00314198
0.00308011
0.00357233
0.00293858
0.00308814
0.00321840
0.00326276
0.00326683
0.00327104
0.00323612
0.00299127
0.00297967
0.00292777
0.00301971
0.00321041
0.00308245
0.00354314
0.00285269
0.00377349
0.00394768
0.00333785
0.00291680
0.00342251
0.00377360
0.00304389
0.00338919
0.00309003
0.00287290
0.00304216
0.00292746
0.00305755
0.00308963
0.00291908
0.00342838
0.00308086
0.00337871
0.00411997
0.00317351