0.00041670
0.00040851
0.00043168
0.00041332
0.00041076
0.00040720
0.00040492
0.00042902
0.00041432
0.00042456
0.00045149
0.00041967
0.00043963
0.00043456
0.00040033
0.00041308
0.00042242
0.00040192
0.00043477
0.00039797
0.00043846
0.00040239
0.00041173
0.00042127
0.00040396
0.00041212
0.00040206
0.00042252
0.00041315
0.00040736
0.00041473
0.00042627
0.00040449
0.00044362
0.00042910
0.00040765
0.00042258
0.00041596
0.00041644
0.00041851
0.00041062
0.00041457
0.00041530
0.00042726
0.00041311
0.00040633
0.00041258
0.00042112
0.00042091
0.00041897
0.00042800
0.00041001
0.00041466
0.00042211
0.00043091
0.00040726
0.00042190
0.00041741
0.00041800
0.00042846
0.00041243
0.00041059
0.00042000
0.00041715
0.00040727
0.00041131
0.00040711
0.00039925
0.00040728
0.00040987
0.00042087
0.00042519
0.00040384
0.00041471
0.00040978
0.00041242
0.00041626
0.00044311
0.00041624
0.00041756
0.00042437
0.00040757
0.00041550
0.00041742
0.00040642
0.00042410
0.00041957
0.00041995
0.00040749
0.00041376
0.00042328
0.00040843
0.00040941
0.00042064
0.00041658
0.00041192
0.00041329
0.00042123
0.00042218
0.00040886
0.00041527
0.00041267
0.00041401
0.00041390
0.00042190
0.00040679
0.00041563
0.00042526
0.00040102
0.00040379
0.00040344
0.00040887
0.00041616
0.00041825
0.00040422
0.00041703
0.00041691
0.00043739
0.00040904
0.00041883
0.00041651
0.00042372
0.00039642
0.00040674
0.00040559
0.00041697
0.00040745
0.00041921
0.00042112
0.00041995
0.00042499
0.00042200
0.00040224
0.00041316
0.00042054
0.00040566
0.00041313
0.00042630
0.00041844
0.00039759
0.00041565
0.00041203
0.00041957
0.00040663
0.00042781
0.00040419
0.00042628
0.00042650
0.00041385
0.00041872
0.00041735
0.00041700
0.00040593
0.00040892
0.00040860
0.00041900
0.00041370
0.00041177
0.00043308
0.00041102
0.00042330
0.00042152
0.00042324
0.00040624
0.00041161
0.00040304
0.00043709
0.00041304
0.00041295
0.00042496
0.00042472
0.00041673
0.00041960
0.00042069
0.00041655
0.00041902
0.00043011
0.00042361
0.00041431
0.00041476
0.00040878
0.00041357
0.00040949
0.00042331
0.00042465
0.00041702
0.00041747
0.00043343
0.00041188
0.00040992
0.00041411
0.00041381
0.00041762
0.00040691
0.00042638
0.00040714
0.00041037
0.00041914
0.00041737
0.00042014
0.00041417
0.00042167
0.00042261
0.00043796
0.00039981
0.00042173
0.00041316
0.00041006
0.00040857
0.00041387
0.00041905
0.00040377
0.00041185
0.00042293
0.00041808
0.00042265
0.00042114
0.00040624
0.00040504
0.00043171
0.00041340
0.00040796
0.00040027
0.00042270
0.00042189
0.00042528
0.00041275
0.00040992
0.00040878
0.00041954
0.00041765
0.00042177
0.00042112
0.00040958
0.00041178
0.00042831
0.00042174
0.00041173
0.00042051
0.00041199
0.00039982
0.00041579
0.00041169
0.00039702
0.00041458
0.00041735
0.00040500
0.00043448
0.00040971
0.00042839
0.00041458
0.00041598
0.00041567
0.00042024
0.00040547
0.00041604
0.00040615
0.00041034
0.00040530
0.00040938
0.00042404
0.00040545
0.00042026
0.00041277
0.00041906
0.00043047
0.00041048
0.00043522
0.00041288
0.00041697
0.00042715
0.00041403
0.00042511
0.00043472
0.00040106
0.00041206
0.00041237
0.00041770
0.00041013
0.00040634
0.00041991
0.00041975
0.00040547
0.00042213
0.00040662
0.00041556
0.00041349
0.00040069
0.00041380
0.00042380
0.00041747
0.00043552
0.00040901
0.00040764
0.00040841
0.00041442
0.00042218
0.00041414
0.00040708
0.00042473
0.00042472
0.00040759
0.00042329
0.00040288
0.00041645
0.00041293
0.00042319
0.00041194
0.00043048
0.00041651
0.00042434
0.00041244
0.00041967
0.00040217
0.00040748
0.00041879
0.00041193
0.00041966
0.00041141
0.00042104
0.00040584
0.00041705
0.00042439
0.00041382
0.00041802
0.00040754
0.00040936
0.00041969
0.00041750
0.00040966
0.00041798
0.00041759
0.00041916
0.00041388
0.00041727
0.00041609
0.00040973
0.00040920
0.00041461
0.00040179
0.00040917
0.00041696
0.00042974
0.00041998
0.00040095
0.00042032
0.00042674
0.00040192
0.00042188
0.00040372
0.00041975
0.00041547
0.00040793
0.00040818
0.00041670
0.00041543
0.00042383
0.00040866
0.00040935
0.00041739
0.00041640
0.00041090
0.00040980
0.00041323
0.00040368
0.00041943
0.00040855
0.00041192
0.00040825
0.00041004
0.00042077
0.00041849
0.00041609
0.00042985
0.00042280
0.00041939
0.00039868
0.00040603
0.00040295
0.00042116
0.00042421
0.00042593
0.00041152
0.00043598
0.00041022
0.00041958
0.00041915
0.00041064
0.00044846
0.00040995
0.00041393
0.00041400
0.00041446
0.00041581
0.00040728
0.00041597
0.00041769
0.00043191
0.00041255
0.00040101
0.00042879
0.00041209
0.00041613
0.00042253
0.00046820
0.00041556
0.00041893
0.00041852
0.00042456
0.00043009
0.00042262
0.00041043
0.00042070
0.00041876
0.00041842
0.00041065
0.00042057
0.00041179
0.00041692
0.00043183
0.00043512
0.00041888
0.00042998
0.00042140
0.00041124
0.00041500
0.00041571
0.00043293
0.00041743
0.00041954
0.00041104
0.00042632
0.00042695
0.00041169
0.00042573
0.00041761
0.00041803
0.00041908
0.00042874
0.00041556
0.00042602
0.00041048
0.00041025
0.00043264
0.00041310
0.00041781
0.00042071
0.00042027
0.00042641
0.00042090
0.00041184
0.00042638
0.00040467
0.00041734
0.00041596
0.00042699
0.00041290
0.00040965
0.00041468
0.00041860
0.00040742
0.00042276
0.00041896
0.00041014
0.00042154
0.00041217
0.00041761
0.00041323
0.00042398
0.00040869
0.00041473
0.00042284
0.00041118
0.00042452
0.00042390
0.00042204
0.00042802
0.00040914
0.00041906
0.00041213
0.00041217
0.00041519
0.00041986
0.00049028
0.00044374
0.00040702
0.00042586
0.00043992
0.00041035
0.00041307
0.00041703
0.00041994
0.00041893
0.00041887
0.00040614
0.00041029
0.00041284
0.00040645
0.00043632
0.00042327