0.00394278
0.00713493
0.00422261
0.00420687
0.00396751
0.00469473
0.00431800
0.00443570
0.00403168
0.00366423
0.00348179
0.00425933
0.00474353
0.00473466
0.00466817
0.00353181
0.00461778
0.00489794
0.00420044
0.00401912
0.00434148
0.00421322
0.00935308
0.00385414
0.00448528
0.00411112
0.00624222
0.00441072
0.00433082
0.00410334
0.00379756
0.00383608
0.00505939
0.00472134
0.00426568
0.00446067
0.00372660
0.00512281
0.00483916
0.00374614
0.00377526
0.00361281
0.00399952
0.00446650
0.00392280
0.00429261
0.00442346
0.00402908
0.00420042
0.00416693
0.00621575
0.00411959
0.00428270
0.00547574
0.00502739
0.00407145
0.00427930
0.00428546
0.00512686
0.00456453
0.00395526
0.00519407
0.00401528
0.00458119
0.00437046
0.00637629
0.00458259
0.00362461
0.00491195
0.00543833
0.00486655
0.00565587
0.00391700
0.00544858
0.00443767
0.00342843
0.00401613
0.00382047
0.00683048
0.00456859
0.00491189
0.00420316
0.00357005
0.00476084
0.00504105
0.00583014
0.00390188
0.00395798
0.00402388
0.00447928
0.00491278
0.00428935
0.00360507
0.00467424
0.00400355
0.00566614
0.00554288
0.00511507
0.00413469
0.00548662
0.00398402
0.00414587
0.00345615
0.00426388
0.00377752
0.00419243
0.00381765
0.00677366
0.00438793
0.00354451
0.00438096
0.00447334
0.00436793
0.00491000
0.00410243
0.00381981
0.00345912
0.00362557
0.00441349
0.00381065
0.00412487
0.00531356
0.00361816
0.00411016
0.00553456
0.00398745
0.00416711
0.00407735
0.00524254
0.00473787
0.00542588
0.00384266
0.00852102
0.00387637
0.00470412
0.00421317
0.00472741
0.00384747
0.00389162
0.00344039
0.00355241
0.00379394
0.00411340
0.00377955
0.00726557
0.00469052
0.00448333
0.00360229
0.00408253
0.00487259
0.00473303
0.00515732
0.00593731
0.00370243
0.00470409
0.00360801
0.00409389
0.00370700
0.00357801
0.01637254
0.00499980
0.00463793
0.00398783
0.00443486
0.00434698
0.00647742
0.00435441
0.00325893
0.00451145
0.00424005
0.00508733
0.00520491
0.00464263
0.00897758
0.00413342
0.00458501
0.00377736
0.00388729
0.00507246
0.00484792
0.00444512
0.00432887
0.00899955
0.00503434
0.00539966
0.00932175
0.00386493
0.00484504
0.00405044
0.00355178
0.00407618
0.00360893
0.00666346
0.00576603
0.00463541
0.00912707
0.00538920
0.00698063
0.00432893
0.00399927
0.00383996
0.00499059
0.00411193
0.00449127
0.00464856
0.00402051
0.00553541
0.00474333
0.00433919
0.00421393
0.00407890
0.00679823
0.00420859
0.00364391
0.00492680
0.00473516
0.00427405
0.00571097
0.00441429
0.00438963
0.00448303
0.00589669
0.00440506
0.00403582
0.00518975
0.00513066
0.00472200
0.00438150
0.00385968
0.00365399
0.00346897
0.00407369
0.00397644
0.00388957
0.00435656
0.00455059
0.00410075
0.00564653
0.00484523
0.00422546
0.00442909
0.00413578
0.00668585
0.00820673
0.00624085
0.00324517
0.00537292
0.00372080
0.00377898
0.00633533
0.00461034
0.00671881
0.00344374
0.00468828
0.00456320
0.00442559
0.00380751
0.00493628
0.00495321
0.00476002
0.00637309
0.00351621
0.00363678
0.00476134
0.00341939
0.00378846
0.00518736
0.00438115
0.00366660
0.00440868
0.00380436
0.00486104
0.00400669
0.00382590
0.00792867
0.00453593
0.00805305
0.00454888
0.00496261
0.00528309
0.00498587
0.00392026
0.00451333
0.00428461
0.00577385
0.00460193
0.00418727
0.00366260
0.00516219
0.00552772
0.00448387
0.00423666
0.00430340
0.00392446
0.00356227
0.00424413
0.00380980
0.00442236
0.00353784
0.00452798
0.00543938
0.00384241
0.00492444
0.00427491
0.00508229
0.00491323
0.00459779
0.00544213
0.00578267
0.00705872
0.00434484
0.00377318
0.00530629
0.00510340
0.00417592
0.00496023
0.00520897
0.00424001
0.00731057
0.00464754
0.00406134
0.01009374
0.00337190
0.01067903
0.00467603
0.00451603
0.00679058
0.00479511
0.00496376
0.00377947
0.00361231
0.00367318
0.00381636
0.00436793
0.00349447
0.00442083
0.00359412
0.00410184
0.00387665
0.00435356
0.00473598
0.00421958
0.00487045
0.00530432
0.00379270
0.00455351
0.00352940
0.00462192
0.00334224
0.00436106
0.00456201
0.00481862
0.00383691
0.00566459
0.00410249
0.00468338
0.00420370
0.00424034
0.00391994
0.00543285
0.00467667
0.00430242
0.00568327
0.00475354
0.00425618
0.00432270
0.00441717
0.00409967
0.00458444
0.00482059
0.00558457
0.00456773
0.00429022
0.00335909
0.00435508
0.00362158
0.00433765
0.00422213
0.00385153
0.00589187
0.00356075
0.00424633
0.00509572
0.00486554
0.00372736
0.00550008
0.00416433
0.00384695
0.00373230
0.00463885
0.00545779
0.00391573
0.00369628
0.00563840
0.00418977
0.00490126
0.00488778
0.00611975
0.00439689
0.00395799
0.00744622
0.00375450
0.00390379
0.00580423
0.00584924
0.00536093
0.00486808
0.00483412
0.00601607
0.00462343
0.00447840
0.00391822
0.00372907
0.00455427
0.00489038
0.00362890
0.00494086
0.00401057
0.00410891
0.00456674
0.00352737
0.00529726
0.00532431
0.00527601
0.00354773
0.00608504
0.00562110
0.00464142
0.00541265
0.00413993
0.00341325
0.00459896
0.00323194
0.00391332
0.00385422
0.00490695
0.00454161
0.00542297
0.00386231
0.00451332
0.00373448
0.00520771
0.00554446
0.00432580
0.00398764
0.00524798
0.00477912
0.00452996
0.00402186
0.00416792
0.00410127
0.00615752
0.00508258
0.00391523
0.00472984
0.00461207
0.00320231
0.00524302
0.00432607
0.00408940
0.00497309
0.00519260
0.00511563
0.00403891
0.00432794
0.00436737
0.00406009
0.00365334
0.00436884
0.00444343
0.00414336
0.00389765
0.00851927
0.00451252
0.00450608
0.00375406
0.00856150
0.00717484
0.00397472
0.00438133
0.00423985
0.00380319
0.00395930
0.00395309
0.00522211
0.00334345
0.00470480
0.00400417
0.00452533
0.00428568
0.00398852
0.00454589
0.00373265
0.00389216
0.00490595
0.00402756
0.00395634
0.00565161
0.00498659
0.00697695