0.00258233
0.00236086
0.00233185
0.00265092
0.00240438
0.00201027
0.00163742
0.00234365
0.00224774
0.00244795
0.00152845
0.00206762
0.00252847
0.00161401
0.00208314
0.00186639
0.00257754
0.00177068
0.00261708
0.00174079
0.00239780
0.00208191
0.00211389
0.00157569
0.00171336
0.00188196
0.00228460
0.00152166
0.00173461
0.00211161
0.00200186
0.00204696
0.00212362
0.00247323
0.00264462
0.00182466
0.00246839
0.00166187
0.00246500
0.00214231
0.00257733
0.00259555
0.00226119
0.00213342
0.00229834
0.00202466
0.00223460
0.00325716
0.00232519
0.00180770
0.00194877
0.00173767
0.00166701
0.00218937
0.00254291
0.00173289
0.00226793
0.00213346
0.00189346
0.00223801
0.00252370
0.00182128
0.00221890
0.00174688
0.00173872
0.00218247
0.00158037
0.00203140
0.00219030
0.00175330
0.00195694
0.00229088
0.00193607
0.00198045
0.00267910
0.00379833
0.00321591
0.00182008
0.00195808
0.00216450
0.00161761
0.00212662
0.00261552
0.00180299
0.00317276
0.00189378
0.00141618
0.00236807
0.00192840
0.00180168
0.00206978
0.00191596
0.00205393
0.00205481
0.00190975
0.00188767
0.00225826
0.00203120
0.00214137
0.00174981
0.00172593
0.00285313
0.00240910
0.00235658
0.00189548
0.00165007
0.00208960
0.00163860
0.00199277
0.00290532
0.00268710
0.00156536
0.00222969
0.00205173
0.00186755
0.00241111
0.00240499
0.00198168
0.00190177
0.00199733
0.00330636
0.00199286
0.00234690
0.00307000
0.00212055
0.00158954
0.00210405
0.00255311
0.00195972
0.00199217
0.00182671
0.00209911
0.00231739
0.00194748
0.00270662
0.00276507
0.00207734
0.00290065
0.00285243
0.00380162
0.00219496
0.00199221
0.00266498
0.00216895
0.00181374
0.00187654
0.00252738
0.00194545
0.00161246
0.00148115
0.00184157
0.00148466
0.00213728
0.00226970
0.00274829
0.00235174
0.00228649
0.00155135
0.00273866
0.00209274
0.00211709
0.00199126
0.00187713
0.00180449
0.00246884
0.00224449
0.00222067
0.00179750
0.00194507
0.00195438
0.00244947
0.00200104
0.00207811
0.00212935
0.00180365
0.00169525
0.00269261
0.00227510
0.00256167
0.00170782
0.00190215
0.00262053
0.00238446
0.00207164
0.00167733
0.00198604
0.00189726
0.00184377
0.00233328
0.00216411
0.00218382
0.00211506
0.00235709
0.00232069
0.00193584
0.00176582
0.00214089
0.00257981
0.00233549
0.00227960
0.00251364
0.00210186
0.00282671
0.00245505
0.00228571
0.00269559
0.00259775
0.00140326
0.00210354
0.00186813
0.00235102
0.00215208
0.00229014
0.00185811
0.00204890
0.00168927
0.00284256
0.00257381
0.00177044
0.00220911
0.00187742
0.00336914
0.00244300
0.00297097
0.00207446
0.00230341
0.00204972
0.00172596
0.00168661
0.00286332
0.00195966
0.00278931
0.00177674
0.00199013
0.00210449
0.00186209
0.00190361
0.00183666
0.00212196
0.00184896
0.00289342
0.00188162
0.00203336
0.00256231
0.00198709
0.00303523
0.00160836
0.00249596
0.00248368
0.00373871
0.00278040
0.00170916
0.00167633
0.00344495
0.00211038
0.00227131
0.00143358
0.00227632
0.00189871
0.00211879
0.00188542
0.00242042
0.00257749
0.00218489
0.00171240
0.00210299
0.00217668
0.00196664
0.00192368
0.00233394
0.00187531
0.00237809
0.00271032
0.00227378
0.00227887
0.00166787
0.00151345
0.00164558
0.00262871
0.00218382
0.00231870
0.00181149
0.00176440
0.00251837
0.00184864
0.00175113
0.00256193
0.00154593
0.00179675
0.00143283
0.00242021
0.00203583
0.00226845
0.00282334
0.00157154
0.00220986
0.00199883
0.00264434
0.00222689
0.00262258
0.00172162
0.00171019
0.00224844
0.00166550
0.00196847
0.00183282
0.00183880
0.00292805
0.00200161
0.00287885
0.00256862
0.00228928
0.00194315
0.00198777
0.00234331
0.00149336
0.00164416
0.00224359
0.00221671
0.00282017
0.00210637
0.00224324
0.00222502
0.00193081
0.00260811
0.00339420
0.00196295
0.00194606
0.00216478
0.00181321
0.00194864
0.00181105
0.00220512
0.00206106
0.00197805
0.00222540
0.00183105
0.00235276
0.00172512
0.00234844
0.00159209
0.00202457
0.00225211
0.00260890
0.00199709
0.00170069
0.00148025
0.00215048
0.00187568
0.00207833
0.00208476
0.00293288
0.00185003
0.00249876
0.00203516
0.00216538
0.00200103
0.00274411
0.00248694
0.00225273
0.00233798
0.00243483
0.00188974
0.00234498
0.00242667
0.00159066
0.00223924
0.00243369
0.00196991
0.00188239
0.00216533
0.00167055
0.00182622
0.00266340
0.00184460
0.00170916
0.00228800
0.00174649
0.00162350
0.00206120
0.00195450
0.00229610
0.00179486
0.00215259
0.00143063
0.00169648
0.00195602
0.00191740
0.00179780
0.00279992
0.00227688
0.00217118
0.00214356
0.00186759
0.00245184
0.00173216
0.00215802
0.00225686
0.00200538
0.00226528
0.00272863
0.00298085
0.00238163
0.00173437
0.00188865
0.00251050
0.00223723
0.00253144
0.00239191
0.00193499
0.00289910
0.00201124
0.00187863
0.00216200
0.00301188
0.00220457
0.00250928
0.00194196
0.00221057
0.00234916
0.00330738
0.00184505
0.00171594
0.00202669
0.00218538
0.00211777
0.00216685
0.00200277
0.00177863
0.00181285
0.00178709
0.00177519
0.00227513
0.00210203
0.00179158
0.00183708
0.00220413
0.00232991
0.00212587
0.00181717
0.00213105
0.00152347
0.00223153
0.00186777
0.00245532
0.00226216
0.00181854
0.00214908
0.00193276
0.00235310
0.00206719
0.00220183
0.00208729
0.00161161
0.00194005
0.00197650
0.00230963
0.00226964
0.00202244
0.00210287
0.00224591
0.00259644
0.00161697
0.00146689
0.00182596
0.00324614
0.00216373
0.00255114
0.00155483
0.00199071
0.00155385
0.00193700
0.00211138
0.00185247
0.00207364
0.00171344
0.00204454
0.00166817
0.00237970
0.00241741
0.00218168
0.00220895
0.00250760
0.00228688
0.00217320
0.00168470
0.00185549
0.00235951
0.00287198
0.00186550
0.00198068
0.00215168
0.00199259
0.00214686
0.00255789
0.00172479
0.00256507
0.00183131
0.00242026
0.00194833