0.00519098
0.01494339
0.00528868
0.00698278
0.01026512
0.00534018
0.00622243
0.00901976
0.00504651
0.01352638
0.00814268
0.00702665
0.00951171
0.01379131
0.00652326
0.00849491
0.01416730
0.01025287
0.00703087
0.01230164
0.01035213
0.01228577
0.01171105
0.00730134
0.01273994
0.00918479
0.00812759
0.00742824
0.01065036
0.01234146
0.00884252
0.00474816
0.00766485
0.00812968
0.00865454
0.00914054
0.01163233
0.01253603
0.00912359
0.00844827
0.00702954
0.00648613
0.00866243
0.00578014
0.00626430
0.00873593
0.00737711
0.00568089
0.00732374
0.01004160
0.00822520
0.00691809
0.00845601
0.00622233
0.00635860
0.00744218
0.01159725
0.00735130
0.00774824
0.00668269
0.01392412
0.00709849
0.00654266
0.01679652
0.00850981
0.00911815
0.00580865
0.00686168
0.00830177
0.00788148
0.01409329
0.01140183
0.00747950
0.00796944
0.00554525
0.00933172
0.01185608
0.00614886
0.01116750
0.00585836
0.01168993
0.01591958
0.00885948
0.00578323
0.00750831
0.01652529
0.01223485
0.00629185
0.00937475
0.00946392
0.00865604
0.00924316
0.00622934
0.00640834
0.00895377
0.00691735
0.00600329
0.01314803
0.00897054
0.00989473
0.00534840
0.00509409
0.00597839
0.00718907
0.00917239
0.00688352
0.01089959
0.01446945
0.00840324
0.00511636
0.00824518
0.00898859
0.00934228
0.00945440
0.01039875
0.00749430
0.01088111
0.00938675
0.00824931
0.01121478
0.00649381
0.00795540
0.00713468
0.00775111
0.00799570
0.00734685
0.00523699
0.00445906
0.00833450
0.01052478
0.00688624
0.00781389
0.00725261
0.00802001
0.00694470
0.01054948
0.00788902
0.00595696
0.00525047
0.00536575
0.00770705
0.00620838
0.00962575
0.01398489
0.01060494
0.00877967
0.01947417
0.00731195
0.00901815
0.00805402
0.00616566
0.00548268
0.00645949
0.00572382
0.00648126
0.01679251
0.01824295
0.00765599
0.01408340
0.01024443
0.00686539
0.01179954
0.01256184
0.00590042
0.01615278
0.00884436
0.01137121
0.00529365
0.00602126
0.00639055
0.00642286
0.00852359
0.00505352
0.00717989
0.00939092
0.01135122
0.00822798
0.00624374
0.00870215
0.01170563
0.00817861
0.00758522
0.00726327
0.00621377
0.01066405
0.00561448
0.00976339
0.00674970
0.01028840
0.00932175
0.00817767
0.01155028
0.01057110
0.00752762
0.00726905
0.00680362
0.01036324
0.00607058
0.00849198
0.01358433
0.00950174
0.00767247
0.00715344
0.00777631
0.01171107
0.00570525
0.00813348
0.00760571
0.00707044
0.00575552
0.00799710
0.01161831
0.00800300
0.01013742
0.01002212
0.00549784
0.01044822
0.01481366
0.01171081
0.00613234
0.00675505
0.00950214
0.00864453
0.00874045
0.01097274
0.00822386
0.00748775
0.00911765
0.00536709
0.01587038
0.00840470
0.00801070
0.00905142
0.00603933
0.00485702
0.00964455
0.00848279
0.01175998
0.00753030
0.01148710
0.01146248
0.01079929
0.00776258
0.00908516
0.00476733
0.00544089
0.00583561
0.00692349
0.00588012
0.00858483
0.00747761
0.01244776
0.00791856
0.01131642
0.00931211
0.01749903
0.00736560
0.01090654
0.01383337
0.01233758
0.00829606
0.00849557
0.00466289
0.01106435
0.00963371
0.00669833
0.00710936
0.00815131
0.00667300
0.01050504
0.00752763
0.00929789
0.00922252
0.00849431
0.01086164
0.00740878
0.00763253
0.00859401
0.01032933
0.00740784
0.01490802
0.00881399
0.00568208
0.01046836
0.00768061
0.01036912
0.00942917
0.01238394
0.00708014
0.00529142
0.00691577
0.00933346
0.00642438
0.00790399
0.01088797
0.01507796
0.00655077
0.00612373
0.00387157
0.01465532
0.01505173
0.00852811
0.00819959
0.00927173
0.00734616
0.00678562
0.00660360
0.00484269
0.00623487
0.00937016
0.00583565
0.00852011
0.00686952
0.00504419
0.00850631
0.00603595
0.00918863
0.00865451
0.00930499
0.01185702
0.01017710
0.00606855
0.01251182
0.00747817
0.00780501
0.00555533
0.01021213
0.01132720
0.00767819
0.01040857
0.00675335
0.00581481
0.00721943
0.00918759
0.00654308
0.00974157
0.01189372
0.00807094
0.00741576
0.00832239
0.01118190
0.00843162
0.00932223
0.00710250
0.01481659
0.00690261
0.01109812
0.01149075
0.00755656
0.00631573
0.01160889
0.00983610
0.00759972
0.01780344
0.00692693
0.00663844
0.01449832
0.00674996
0.00800935
0.00536915
0.00653398
0.00485517
0.00763053
0.00604410
0.00609916
0.00958914
0.00910318
0.00572942
0.01610592
0.00721208
0.00714902
0.00614082
0.00711793
0.00577430
0.00618381
0.00876498
0.00873156
0.00817202
0.00868589
0.01331790
0.01202258
0.01264115
0.01166878
0.00583295
0.00551108
0.01307658
0.00595594
0.00804957
0.00943576
0.00729514
0.01116783
0.00601645
0.00749553
0.01220028
0.01010247
0.00820246
0.00861734
0.00937761
0.00691523
0.01176353
0.01315168
0.00898610
0.00854648
0.00999870
0.00711711
0.00813243
0.01143259
0.01434153
0.00738608
0.01290050
0.01248811
0.01126852
0.01109253
0.00489912
0.01371972
0.00791946
0.00771372
0.00705460
0.00939862
0.00608161
0.00891960
0.00711250
0.00875803
0.00596157
0.00716629
0.01110652
0.01267519
0.01630545
0.00610140
0.00833060
0.01096135
0.00869842
0.01321188
0.01526075
0.00616444
0.00628461
0.00807171
0.01509786
0.00701095
0.00911808
0.00877953
0.01282467
0.00790921
0.00831822
0.01178865
0.01352872
0.00522248
0.00839392
0.00727904
0.00874477
0.00652346
0.00805909
0.00634141
0.00858232
0.00806968
0.00549131
0.01165639
0.00833685
0.00654939
0.00798189
0.00570906
0.00540652
0.01510885
0.00641385
0.00810354
0.01463944
0.00984403
0.00831190
0.01091003
0.00680431
0.00754842
0.01385032
0.00696084
0.00901780
0.01159238
0.01095497
0.00801142
0.00672791
0.00674010
0.00631158
0.00787642
0.00908352
0.00995020
0.01003061
0.00908770
0.01292948
0.00623702
0.00853036
0.01123739
0.00974284
0.00650243
0.01173417
0.01092626
0.00696122
0.01416716
0.01247514
0.00947015
0.01262516
0.00781008
0.00868180