0.00180867
0.00179899
0.00144690
0.00158714
0.00316744
0.00175402
0.00161898
0.00152300
0.00170668
0.00153966
0.00158251
0.00150650
0.00158031
0.00226134
0.00161426
0.00169135
0.00155669
0.00138923
0.00165555
0.00177940
0.00214945
0.00182006
0.00207813
0.00228693
0.00177401
0.00158850
0.00161810
0.00159544
0.00200563
0.00172752
0.00156101
0.00154176
0.00195434
0.00162880
0.00196889
0.00198334
0.00161765
0.00169882
0.00174301
0.00168522
0.00191952
0.00170055
0.00161724
0.00162080
0.00179709
0.00166838
0.00182381
0.00185262
0.00149460
0.00181140
0.00169818
0.00171050
0.00207970
0.00167325
0.00165676
0.00204758
0.00153145
0.00146245
0.00193900
0.00176098
0.00164818
0.00171741
0.00197912
0.00172578
0.00188159
0.00273032
0.00198933
0.00157166
0.00137844
0.00158244
0.00166443
0.00147833
0.00188558
0.00166758
0.00176724
0.00152346
0.00200159
0.00170832
0.00181223
0.00163507
0.00189094
0.00161770
0.00160120
0.00178002
0.00163563
0.00171711
0.00245147
0.00161143
0.00171062
0.00149652
0.00173243
0.00171494
0.00155013
0.00181947
0.00189858
0.00182026
0.00158815
0.00222789
0.00154939
0.00176148
0.00161938
0.00157931
0.00191979
0.00202843
0.00189746
0.00249469
0.00180268
0.00177756
0.00145690
0.00165685
0.00168728
0.00195651
0.00160896
0.00191245
0.00179657
0.00162779
0.00158846
0.00170124
0.00146015
0.00205321
0.00192754
0.00160962
0.00165404
0.00156907
0.00181461
0.00173442
0.00146023
0.00148104
0.00144219
0.00150584
0.00148688
0.00155193
0.00166432
0.00214491
0.00177106
0.00205766
0.00177564
0.00332399
0.00173647
0.00159494
0.00165243
0.00161297
0.00155896
0.00165357
0.00177704
0.00202966
0.00177233
0.00172059
0.00147656
0.00146222
0.00173095
0.00153293
0.00181661
0.00147322
0.00182268
0.00193026
0.00226841
0.00161831
0.00178993
0.00150890
0.00154645
0.00176166
0.00162128
0.00193746
0.00192163
0.00156911
0.00151872
0.00177507
0.00185712
0.00207368
0.00165925
0.00161191
0.00151000
0.00166306
0.00171505
0.00162022
0.00165931
0.00181300
0.00207967
0.00166983
0.00180248
0.00175410
0.00205559
0.00174643
0.00204677
0.00152964
0.00195906
0.00169926
0.00185313
0.00223446
0.00233659
0.00163124
0.00158563
0.00201597
0.00160671
0.00192046
0.00194318
0.00150424
0.00180519
0.00161964
0.00146039
0.00211354
0.00164194
0.00174718
0.00170969
0.00174238
0.00136633
0.00153861
0.00207664
0.00160480
0.00178191
0.00254921
0.00158822
0.00201365
0.00181828
0.00217607
0.00175110
0.00154731
0.00174221
0.00229712
0.00170946
0.00161070
0.00211497
0.00164377
0.00169570
0.00150013
0.00178068
0.00173248
0.00178080
0.00168668
0.00149940
0.00146802
0.00167945
0.00158713
0.00166207
0.00159558
0.00171860
0.00176822
0.00241591
0.00233319
0.00186473
0.00169239
0.00166747
0.00157026
0.00177443
0.00153371
0.00174841
0.00175353
0.00244010
0.00172028
0.00183353
0.00198725
0.00169435
0.00257194
0.00154459
0.00160084
0.00167347
0.00159495
0.00160804
0.00242483
0.00178511
0.00160211
0.00189765
0.00167200
0.00150706
0.00167083
0.00165694
0.00152470
0.00183078
0.00196262
0.00183009
0.00171405
0.00160918
0.00176784
0.00185483
0.00165726
0.00169454
0.00150189
0.00256478
0.00162518
0.00197143
0.00193451
0.00193735
0.00181069
0.00155760
0.00171013
0.00208876
0.00162146
0.00158130
0.00189629
0.00156453
0.00152776
0.00147607
0.00193673
0.00155145
0.00169352
0.00223880
0.00181140
0.00162172
0.00153198
0.00165504
0.00190101
0.00182367
0.00190680
0.00155142
0.00182222
0.00178388
0.00163941
0.00146389
0.00161490
0.00182066
0.00173062
0.00167313
0.00168489
0.00151001
0.00154367
0.00148633
0.00180491
0.00178093
0.00204480
0.00176835
0.00163712
0.00165920
0.00224128
0.00150551
0.00189416
0.00205393
0.00174521
0.00157081
0.00165178
0.00157047
0.00169021
0.00150632
0.00163440
0.00170957
0.00167277
0.00175160
0.00152033
0.00374688
0.00190195
0.00157281
0.00191042
0.00145777
0.00161276
0.00175674
0.00158298
0.00183325
0.00151350
0.00177658
0.00154314
0.00177684
0.00163140
0.00197526
0.00171956
0.00201263
0.00232022
0.00178576
0.00172021
0.00188054
0.00156860
0.00169054
0.00153894
0.00144521
0.00155504
0.00281815
0.00204072
0.00167135
0.00190711
0.00152023
0.00263524
0.00221968
0.00181429
0.00231659
0.00145097
0.00168962
0.00231032
0.00166418
0.00155110
0.00178973
0.00182617
0.00158457
0.00168113
0.00163963
0.00221224
0.00152090
0.00259838
0.00226734
0.00198188
0.00218861
0.00167803
0.00167919
0.00230365
0.00165663
0.00169965
0.00159889
0.00171127
0.00184581
0.00177949
0.00161667
0.00228753
0.00163645
0.00164228
0.00151454
0.00167438
0.00154373
0.00156816
0.00162011
0.00168418
0.00159342
0.00165674
0.00172165
0.00209835
0.00171767
0.00158531
0.00181124
0.00148470
0.00188784
0.00147548
0.00175640
0.00157133
0.00152977
0.00167679
0.00207862
0.00162162
0.00164833
0.00188626
0.00147975
0.00159573
0.00160388
0.00197341
0.00157647
0.00151791
0.00165089
0.00149074
0.00211526
0.00180166
0.00152971
0.00179181
0.00140057
0.00178764
0.00282233
0.00207003
0.00154015
0.00192273
0.00157079
0.00176959
0.00148263
0.00162245
0.00158656
0.00171846
0.00154489
0.00164391
0.00181373
0.00187632
0.00186396
0.00243277
0.00180931
0.00172578
0.00195680
0.00148580
0.00177300
0.00176991
0.00186674
0.00196184
0.00168287
0.00196962
0.00179343
0.00189084
0.00170486
0.00154493
0.00157038
0.00157264
0.00180498
0.00191318
0.00175091
0.00141370
0.00167398
0.00164818
0.00214978
0.00162428
0.00170224
0.00213204
0.00147708
0.00207584
0.00161221
0.00234994
0.00190322
0.00171067
0.00179281
0.00167505
0.00135863
0.00172107
0.00162997
0.00173063
0.00179360
0.00167345
0.00160321
0.00180247
0.00151873
0.00192083