0.00299711
0.00349808
0.00404193
0.00557251
0.00393647
0.00404310
0.00396882
0.00368537
0.00491141
0.00361585
0.00308411
0.00313118
0.00672922
0.00345348
0.00300123
0.00495447
0.00368259
0.00346904
0.00527843
0.00352703
0.00359395
0.00648198
0.00366843
0.00539279
0.00387549
0.00342166
0.00427977
0.00353152
0.00303364
0.00319800
0.00471714
0.00397928
0.00260391
0.00298072
0.00293203
0.00656912
0.00340411
0.00448111
0.00325685
0.00532226
0.00460897
0.00501264
0.00341413
0.00370909
0.00339135
0.00462097
0.00360137
0.00302272
0.00402927
0.00451772
0.00404206
0.00434777
0.00336720
0.00371329
0.00335716
0.00482911
0.00513964
0.00424780
0.00389521
0.00407271
0.00486492
0.00327686
0.00290834
0.00414957
0.00326152
0.00373196
0.00469411
0.00468952
0.00397199
0.00638360
0.00320442
0.00435494
0.00394691
0.00824981
0.00337163
0.00539932
0.00335966
0.00321663
0.00405079
0.00492926
0.00475931
0.00382588
0.00519104
0.00500822
0.00448899
0.00518904
0.00447633
0.00332934
0.00368844
0.00341356
0.00428820
0.00366835
0.00527094
0.00560948
0.00354485
0.00340515
0.00311701
0.00362745
0.00372502
0.00553738
0.00382603
0.00345360
0.00387028
0.00477234
0.00444701
0.00282403
0.00512413
0.00316462
0.00493685
0.01153747
0.00351164
0.00323700
0.00437224
0.00610666
0.00367294
0.00507754
0.00341536
0.00438128
0.00507425
0.00316614
0.00314789
0.00431676
0.00399937
0.00476015
0.00406623
0.00419120
0.00419737
0.00363164
0.00335666
0.00376926
0.00348758
0.00688674
0.00310074
0.00414400
0.00404387
0.00464783
0.00370991
0.00409303
0.00306299
0.00335307
0.00589492
0.00351760
0.00383303
0.00701540
0.00367543
0.00562911
0.00318546
0.00322781
0.00399237
0.00284874
0.00389948
0.00400069
0.00343139
0.00790650
0.00389296
0.00397132
0.00309473
0.00323701
0.00440519
0.00337929
0.00332524
0.00397368
0.00386316
0.00361642
0.00569203
0.00416913
0.00327388
0.00472181
0.00475832
0.00353532
0.00505364
0.00627550
0.00448308
0.00309461
0.00745692
0.00406714
0.00333949
0.00386763
0.00296986
0.00497960
0.00291810
0.00417769
0.00388887
0.00365918
0.00746907
0.00998744
0.00397214
0.00655002
0.00343545
0.00511259
0.00385111
0.00342204
0.00483994
0.00418203
0.00480471
0.00349561
0.00700213
0.00528378
0.00288171
0.00490193
0.00436438
0.00376494
0.00634741
0.00394486
0.00892000
0.00347856
0.00463317
0.00404215
0.00333739
0.00347903
0.00535670
0.00423560
0.00628029
0.00370192
0.00438695
0.00311742
0.00326865
0.00262722
0.00451978
0.00316870
0.00452257
0.00246877
0.00287177
0.00387906
0.00645540
0.00304319
0.00297960
0.00443448
0.00488411
0.00491375
0.00432196
0.00325392
0.00358986
0.00372925
0.00302170
0.00431700
0.00569789
0.00471774
0.00404542
0.00341767
0.00536619
0.00412633
0.00333512
0.00469086
0.00411369
0.00415383
0.00321021
0.00702486
0.00311521
0.00375192
0.00269152
0.00367722
0.00363601
0.00339647
0.00433184
0.00345857
0.00598936
0.00296324
0.00407460
0.00326102
0.00407751
0.00272146
0.00345797
0.00433884
0.00285444
0.00403622
0.00311669
0.00451158
0.00327136
0.00373231
0.00589802
0.00424600
0.00577344
0.00668508
0.00384338
0.00322952
0.00312672
0.00371179
0.00345524
0.00359342
0.00535043
0.00281732
0.00378675
0.00302942
0.00364209
0.00451276
0.00423065
0.00368333
0.00376605
0.00257126
0.00378503
0.00302365
0.00723409
0.00331993
0.00304076
0.00289843
0.00527638
0.00736489
0.00366176
0.00288763
0.00299582
0.00737301
0.00341726
0.00337475
0.00409066
0.00516082
0.00363451
0.00483881
0.00560361
0.00299792
0.00388237
0.00400038
0.00336818
0.00476577
0.00302334
0.00523814
0.00326389
0.00267700
0.00587561
0.00309673
0.00454843
0.00317339
0.00336343
0.00405944
0.00407538
0.00502191
0.00436253
0.00299983
0.00630739
0.00441661
0.00480237
0.00320873
0.00332508
0.00286467
0.00555516
0.00372860
0.00601063
0.00498229
0.00604714
0.00313317
0.00366392
0.00606958
0.00366112
0.00368196
0.00309427
0.00331659
0.00376259
0.00337329
0.00667351
0.00812605
0.00397713
0.00347965
0.00391413
0.00408607
0.00322249
0.00398781
0.00426185
0.00344216
0.00361623
0.00553318
0.00496605
0.00386188
0.00401812
0.00737312
0.00369954
0.00327254
0.00497719
0.00332826
0.00455066
0.00536901
0.00579699
0.00304035
0.00416263
0.00286189
0.00550311
0.00331835
0.00351614
0.00337541
0.00315088
0.00311860
0.00360485
0.00335880
0.00284002
0.00427317
0.00392438
0.00433873
0.00391531
0.00409973
0.00311135
0.00491791
0.00628795
0.00365011
0.00476884
0.00357032
0.00385303
0.00670975
0.00764892
0.00677806
0.00606595
0.00365634
0.00358051
0.00401578
0.00326019
0.00442126
0.00497168
0.00626751
0.00468114
0.00580598
0.00367866
0.00439399
0.00330715
0.00313811
0.00569016
0.00276003
0.00372445
0.00343974
0.00453055
0.00412045
0.00334009
0.00396126
0.00325096
0.00548629
0.00433661
0.00353529
0.00530699
0.00478824
0.00409535
0.00336588
0.00386244
0.00282217
0.00417492
0.00447312
0.00386422
0.00310009
0.00316930
0.00313169
0.00391065
0.00386443
0.00415979
0.00499774
0.00268848
0.00373985
0.00254173
0.00652238
0.00322382
0.00736911
0.00486956
0.00358379
0.00329950
0.00789656
0.00565877
0.00561499
0.00426183
0.00491354
0.00291439
0.00317214
0.00343996
0.00342182
0.00432864
0.00314334
0.00493866
0.00516979
0.00368229
0.00488290
0.00400496
0.00355047
0.00457242
0.00335984
0.00617019
0.00369588
0.00412400
0.00531841
0.00340475
0.00444324
0.00405702
0.00336797
0.00289380
0.00252689
0.00323292
0.00400642
0.00425598
0.00399411
0.00434986
0.00299509
0.00315137
0.00278256
0.00492847
0.00309176
0.00656898
0.00470512
0.00350236
0.00440791
0.00326317
0.00454566
0.00487520
0.00345754
0.00477715
0.00315821
0.00531433
0.00356753