0.01758460
0.03049837
0.01814225
0.01432059
0.02257106
0.01323824
0.01217142
0.01840638
0.00927251
0.02158326
0.01236246
0.01774316
0.01579956
0.00873521
0.01108512
0.01158726
0.01709097
0.01982477
0.01241518
0.02483462
0.01173710
0.05485342
0.01711210
0.01711026
0.03733837
0.01056618
0.01358373
0.01276961
0.01198762
0.01463751
0.01924348
0.02021343
0.01561553
0.00882448
0.02602701
0.01106548
0.01547543
0.01820088
0.01831949
0.01430518
0.01140232
0.01390075
0.01470012
0.00857527
0.01091941
0.01139029
0.01550005
0.01145787
0.00957995
0.02042196
0.01223498
0.01737709
0.01901260
0.01575201
0.01648424
0.01403973
0.02152766
0.01361634
0.01044581
0.05237857
0.01177198
0.01095390
0.01452518
0.01728577
0.01641340
0.01534394
0.05063408
0.01147595
0.03459976
0.01133657
0.00932207
0.01944363
0.01018975
0.01365152
0.01657788
0.01708979
0.00959125
0.00939865
0.00911714
0.01207337
0.01654881
0.02896063
0.01185894
0.00993822
0.01924362
0.03181935
0.01147816
0.01502957
0.01036744
0.01351596
0.02496174
0.01150012
0.01034744
0.03949098
0.01510419
0.02005794
0.01155019
0.02066017
0.01574801
0.01217764
0.01450432
0.01303308
0.01189130
0.01521828
0.01110339
0.01944440
0.01018501
0.01081008
0.01578659
0.01159085
0.01408826
0.01919741
0.00866055
0.01479170
0.01156427
0.01070187
0.02809953
0.02426894
0.01136853
0.01062600
0.01379893
0.01360998
0.01477083
0.01189501
0.01204769
0.01095409
0.01465740
0.01196999
0.01465550
0.01372611
0.01342291
0.01547181
0.01035010
0.01104607
0.01288383
0.01470308
0.01302479
0.01185237
0.01502238
0.02429600
0.00894249
0.01079957
0.01326482
0.01843738
0.01511312
0.01602917
0.01367308
0.03581099
0.01299634
0.01128806
0.02394536
0.01158111
0.03025589
0.01346730
0.01595980
0.01541497
0.01530575
0.01357552
0.01156594
0.01223069
0.01855892
0.01252446
0.01461454
0.03769120
0.01489984
0.01137764
0.01862345
0.00923522
0.01348782
0.03169003
0.01892598
0.01764570
0.01003355
0.01231833
0.01159462
0.01202904
0.01740638
0.01359714
0.02740423
0.01099877
0.01515458
0.02115631
0.01729822
0.01022437
0.01171498
0.02144649
0.01713426
0.01630362
0.01159756
0.00991164
0.01007842
0.03411972
0.01527014
0.01213332
0.01538312
0.01142301
0.00820535
0.01090680
0.01382626
0.02668314
0.01153593
0.01312522
0.04380624
0.01117085
0.01239347
0.01084866
0.01445828
0.01000300
0.00928825
0.01934002
0.01154730
0.03383576
0.01240833
0.01701217
0.00995248
0.01465993
0.01232675
0.01055050
0.01588003
0.01741947
0.02198596
0.01358111
0.00989269
0.01118530
0.01988775
0.01245003
0.01255723
0.02000582
0.01879642
0.04306054
0.01076486
0.01543027
0.01114554
0.00982923
0.01515559
0.00957909
0.01654538
0.01409163
0.01525090
0.01959910
0.01361380
0.01525917
0.01279171
0.01493028
0.02272691
0.01358281
0.01228433
0.02309080
0.01798056
0.01725435
0.01070220
0.01373693
0.01266999
0.01108224
0.01590381
0.01126571
0.00941178
0.01753487
0.01405584
0.01543298
0.01163058
0.01702746
0.01400226
0.01245176
0.03148751
0.05339592
0.01509556
0.01033494
0.01669849
0.02452773
0.01063505
0.01473368
0.01101762
0.02407302
0.06162975
0.01421463
0.02528288
0.01163653
0.00973965
0.01481064
0.01455708
0.01818600
0.01432315
0.01158125
0.01104554
0.01118598
0.02351222
0.01273588
0.01427728
0.00851870
0.00930750
0.01433463
0.00923477
0.01680549
0.01057133
0.03088160
0.02181587
0.01846201
0.01328364
0.01005393
0.01024695
0.01162531
0.01445867
0.01118459
0.01089528
0.01239737
0.00994523
0.01068669
0.01021474
0.01291744
0.01800478
0.04882619
0.01072503
0.00891254
0.03027767
0.01002238
0.01633875
0.01091248
0.00993416
0.02099240
0.01302771
0.01104042
0.00989853
0.01732644
0.01154490
0.01285650
0.02907449
0.02720145
0.02090684
0.02932083
0.02687157
0.01123871
0.01775880
0.01136962
0.01231481
0.03573480
0.01406582
0.01299656
0.01367172
0.01047661
0.01570816
0.01070205
0.01439778
0.03115627
0.01059225
0.01793095
0.01373208
0.01127205
0.01122425
0.01373714
0.02283253
0.01545870
0.01953859
0.00857300
0.00977000
0.01070138
0.01080799
0.00809276
0.01136415
0.01166474
0.00852692
0.02081074
0.02628778
0.01123713
0.01639287
0.01595630
0.01353113
0.01410747
0.01034614
0.01451623
0.00999490
0.04332908
0.01310110
0.01003729
0.01363854
0.00984432
0.01406459
0.01026593
0.01155384
0.01871761
0.01233376
0.01340991
0.01271334
0.01522146
0.01063560
0.01128851
0.01219605
0.04328201
0.00940667
0.02569807
0.03855891
0.01531012
0.03740972
0.01231594
0.00980843
0.01304295
0.01185705
0.01560552
0.01895285
0.01463666
0.00872712
0.00875626
0.01018350
0.02568372
0.00939640
0.01193757
0.01149394
0.01110383
0.01160551
0.01903828
0.05270866
0.01635151
0.01144720
0.01851588
0.02234329
0.02277802
0.01161157
0.01125526
0.01256052
0.01554602
0.01918319
0.01304765
0.01326361
0.01436601
0.01494205
0.04362248
0.01118609
0.01556875
0.00851284
0.02703474
0.00941303
0.01034506
0.01422644
0.01050806
0.01337864
0.01254717
0.01656048
0.00804279
0.04073455
0.01324714
0.01395917
0.02267319
0.01365842
0.01502399
0.01934036
0.01330203
0.00927277
0.01372271
0.08493524
0.00969219
0.03209014
0.04652383
0.01183329
0.01131106
0.01047476
0.00965340
0.02126877
0.00752505
0.01086913
0.01245561
0.01396418
0.01260038
0.02969521
0.00836210
0.01365170
0.01122464
0.01155762
0.01091469
0.01246024
0.01486634
0.01466320
0.01300248
0.01271563
0.01218668
0.02300498
0.02084214
0.01262940
0.01727220
0.03007922
0.01834345
0.02614002
0.01749460
0.02112342
0.01366545
0.01005932
0.01378296
0.01262823
0.01544596
0.01469525
0.01638755
0.01282951
0.01015782
0.01414441
0.02244959
0.01290176
0.02483429
0.01677316
0.01514255
0.02350403
0.03422427