0.00355298
0.00299385
0.00307041
0.00324426
0.00359164
0.00320896
0.00610407
0.00365769
0.00381550
0.00392893
0.00344251
0.00276689
0.00320689
0.00373181
0.00337125
0.00340186
0.00318189
0.00384606
0.00325977
0.00279804
0.00636477
0.00473000
0.00350275
0.00419731
0.00637392
0.00294191
0.00314045
0.00312168
0.00279565
0.00383096
0.00323843
0.00342224
0.00261742
0.00342804
0.00358501
0.00394838
0.00435821
0.00290423
0.00342754
0.00327353
0.00309190
0.00329139
0.00539947
0.00286225
0.00253293
0.00313270
0.00302320
0.00334756
0.00279232
0.00439732
0.00322612
0.00395813
0.00380704
0.00325819
0.00300457
0.00378628
0.00276797
0.00340119
0.00380135
0.00291623
0.00325523
0.00282585
0.00363587
0.00357461
0.00347097
0.00292753
0.00445719
0.00359231
0.00341839
0.00318751
0.00323990
0.00682134
0.00311969
0.00567624
0.00325450
0.00326912
0.00375612
0.00310534
0.00361526
0.00345451
0.00364718
0.00309865
0.00321308
0.00319841
0.00280817
0.00401947
0.00348042
0.00374437
0.00318149
0.00576044
0.00323161
0.00316547
0.00396247
0.00363844
0.00343361
0.00361434
0.00328054
0.00395465
0.00337306
0.00332936
0.00321450
0.00351094
0.00345234
0.00358312
0.00364122
0.00317406
0.00311917
0.00310316
0.00305482
0.00290942
0.00413730
0.00317655
0.00292916
0.00336184
0.00294617
0.00302512
0.00372202
0.00360933
0.00301216
0.00308679
0.00317360
0.00326272
0.00324429
0.00357314
0.00273247
0.00358739
0.00268861
0.00340097
0.00269592
0.00299742
0.00275942
0.00513517
0.00375570
0.00355193
0.00548986
0.00300132
0.00363731
0.00462121
0.00278158
0.00366097
0.00332920
0.00445647
0.00352333
0.00299533
0.00428306
0.00397867
0.00316114
0.00292216
0.00314763
0.00273071
0.00359084
0.00308074
0.00280679
0.00261323
0.00384840
0.00382418
0.00409515
0.00404888
0.00290953
0.00389648
0.00350703
0.00341694
0.00347233
0.00395796
0.00322518
0.00367550
0.00263788
0.00345941
0.00298734
0.00321623
0.00442969
0.00303500
0.00289346
0.00349193
0.00278197
0.00307224
0.00326471
0.00315919
0.00345496
0.00311212
0.00378281
0.00343593
0.00479032
0.00325798
0.00383426
0.00280709
0.00306336
0.00302634
0.00373897
0.00326841
0.00340769
0.00318653
0.00311381
0.00371089
0.00308735
0.00299825
0.00361949
0.00363653
0.00493337
0.00292752
0.00400270
0.00345637
0.00385981
0.00294698
0.00268584
0.00317328
0.00293998
0.00288217
0.00365884
0.00299922
0.00348662
0.00303087
0.00277750
0.00340611
0.00381735
0.00449469
0.00305327
0.00419117
0.00281001
0.00296642
0.00357411
0.00513828
0.00397041
0.00301408
0.00294578
0.00445871
0.00284682
0.00278319
0.00347609
0.00299712
0.00423470
0.00296338
0.00342124
0.00398157
0.00342736
0.00336176
0.00357000
0.00338204
0.00330971
0.00350698
0.00323439
0.00458733
0.00352251
0.00393992
0.00327015
0.00302231
0.00301168
0.00604451
0.00293979
0.00293816
0.00523752
0.00298548
0.00300196
0.00317625
0.00300742
0.00338671
0.00268398
0.00300163
0.00427914
0.00286539
0.00363148
0.00586663
0.00381869
0.00351668
0.00319013
0.00319283
0.00337913
0.00303725
0.00368723
0.00359894
0.00347609
0.00373705
0.00420299
0.00331430
0.00307817
0.00361282
0.00289748
0.00296867
0.00408288
0.00285598
0.00307431
0.00449288
0.00339051
0.00388292
0.00415009
0.00344658
0.00328736
0.00324319
0.00344709
0.00342375
0.00329848
0.00327698
0.00357558
0.00327990
0.00365201
0.00305625
0.00413632
0.00372749
0.00354612
0.00579731
0.00308639
0.00303825
0.00313271
0.00345006
0.00489730
0.00310754
0.00307127
0.00387560
0.00312626
0.00364925
0.00355925
0.00332850
0.00360765
0.00308720
0.00311446
0.00347295
0.00637858
0.00439662
0.00333641
0.00356146
0.00454546
0.00358357
0.00278178
0.00514251
0.00373150
0.00323695
0.00308909
0.00339858
0.00366389
0.00363926
0.00362025
0.00326786
0.00292325
0.00339139
0.00347627
0.00298548
0.00307864
0.00321017
0.00433213
0.00376552
0.00351242
0.00296893
0.00340781
0.00319297
0.00297056
0.00376359
0.00479592
0.00405109
0.00346127
0.00313607
0.00282692
0.00298361
0.00268844
0.00324889
0.00310531
0.00724862
0.00311139
0.00308953
0.00359460
0.00297169
0.00306383
0.00367551
0.00289779
0.00306416
0.00311707
0.00460498
0.00367887
0.00410312
0.00253469
0.00349462
0.00374624
0.00353139
0.00303717
0.00356588
0.00364128
0.00339539
0.00262133
0.00250077
0.00285826
0.00412482
0.00365376
0.00285306
0.00331119
0.00568695
0.00317272
0.00412597
0.00334093
0.00364251
0.00319729
0.00321538
0.00341518
0.00326008
0.00321125
0.00361315
0.00361832
0.00332413
0.00354073
0.00361837
0.00517986
0.00333318
0.00288022
0.00286934
0.00349104
0.00350756
0.00350636
0.00337156
0.00321421
0.00295067
0.00321483
0.00338380
0.00433822
0.00419472
0.00293075
0.00346875
0.00462703
0.00311713
0.00309589
0.00325664
0.00320694
0.00344366
0.00380889
0.00420191
0.00359546
0.00359572
0.00353312
0.00362444
0.00296093
0.00312312
0.00380803
0.00446617
0.00318867
0.00308356
0.00363532
0.00318522
0.00283130
0.00327921
0.00313329
0.00335883
0.00346371
0.00390959
0.00296282
0.00390658
0.00292018
0.00493241
0.00382866
0.00272215
0.00322616
0.00412788
0.00402533
0.00272782
0.00352445
0.00335176
0.00369709
0.00265965
0.00306508
0.00296580
0.00346862
0.00344837
0.00324472
0.00347267
0.00319995
0.00296107
0.00301639
0.00335181
0.00278391
0.00450356
0.00317518
0.00383256
0.00324245
0.00371123
0.00286458
0.00346364
0.00332403
0.00285559
0.00370572
0.00450286
0.00338049
0.00332019
0.00355240
0.00350278
0.00322356
0.00313012
0.00357379
0.00303428
0.00308655
0.00379318
0.00326871
0.00365938
0.00300501
0.00319631
0.00332077
0.00287088
0.00282687
0.00358128
0.00366418
0.00289101
0.00570119
0.00404375
0.00275178
0.00348964