0.00046529
0.00045282
0.00045315
0.00046947
0.00046905
0.00048932
0.00045338
0.00045685
0.00046964
0.00045872
0.00046674
0.00048087
0.00047391
0.00048857
0.00047555
0.00048630
0.00047697
0.00048450
0.00047900
0.00049603
0.00049726
0.00048527
0.00048122
0.00047600
0.00047158
0.00048633
0.00048810
0.00049057
0.00046030
0.00047223
0.00046458
0.00046581
0.00046687
0.00052097
0.00048808
0.00049347
0.00048638
0.00048265
0.00045313
0.00048987
0.00046954
0.00047951
0.00049778
0.00047405
0.00048948
0.00047664
0.00049357
0.00047901
0.00047518
0.00046940
0.00050820
0.00046042
0.00048521
0.00047642
0.00048715
0.00047923
0.00045755
0.00048249
0.00048047
0.00046639
0.00048227
0.00046639
0.00047881
0.00049998
0.00049740
0.00047560
0.00048887
0.00052827
0.00046478
0.00045747
0.00045904
0.00048552
0.00047130
0.00050527
0.00050018
0.00047873
0.00047830
0.00047216
0.00048965
0.00047246
0.00046105
0.00049568
0.00047344
0.00049086
0.00047013
0.00047160
0.00045991
0.00049578
0.00047473
0.00045040
0.00048573
0.00047402
0.00046953
0.00046960
0.00047508
0.00047485
0.00050261
0.00049079
0.00047339
0.00048209
0.00047683
0.00048260
0.00047572
0.00047987
0.00046945
0.00047411
0.00046503
0.00049942
0.00045881
0.00047432
0.00046567
0.00046387
0.00047135
0.00049222
0.00052049
0.00047637
0.00047404
0.00049552
0.00048680
0.00049980
0.00047145
0.00047182
0.00047434
0.00045560
0.00044434
0.00051011
0.00052254
0.00048050
0.00050312
0.00045416
0.00046546
0.00050137
0.00047417
0.00048873
0.00045898
0.00048965
0.00049202
0.00047180
0.00048972
0.00046434
0.00052058
0.00046075
0.00045885
0.00046861
0.00049327
0.00050070
0.00047010
0.00045984
0.00044896
0.00048146
0.00047731
0.00048336
0.00047083
0.00049681
0.00046697
0.00047995
0.00047568
0.00049794
0.00049148
0.00046038
0.00049577
0.00047528
0.00048740
0.00045660
0.00049098
0.00046744
0.00045071
0.00048569
0.00050458
0.00048370
0.00048616
0.00044843
0.00047981
0.00047567
0.00049866
0.00049783
0.00048271
0.00049304
0.00047924
0.00048391
0.00048782
0.00046882
0.00052037
0.00046108
0.00047689
0.00047602
0.00045245
0.00048607
0.00049662
0.00046941
0.00048272
0.00047081
0.00046755
0.00046535
0.00046943
0.00045567
0.00048160
0.00044464
0.00048981
0.00047479
0.00046939
0.00048805
0.00047277
0.00047554
0.00046473
0.00046788
0.00046950
0.00046629
0.00047911
0.00046590
0.00049289
0.00044983
0.00048963
0.00046095
0.00047002
0.00047823
0.00049899
0.00049110
0.00047267
0.00050284
0.00049349
0.00048584
0.00047404
0.00045566
0.00045214
0.00048636
0.00045818
0.00046372
0.00047770
0.00046782
0.00048040
0.00052050
0.00048115
0.00048409
0.00047289
0.00046594
0.00047576
0.00046428
0.00047805
0.00047985
0.00047333
0.00048251
0.00047596
0.00046753
0.00047813
0.00045951
0.00046975
0.00047604
0.00046106
0.00048323
0.00049127
0.00046863
0.00047246
0.00047780
0.00051650
0.00047231
0.00047985
0.00046560
0.00050867
0.00049183
0.00046714
0.00047526
0.00050707
0.00046457
0.00050425
0.00046565
0.00046380
0.00047090
0.00050284
0.00048621
0.00048649
0.00049025
0.00048031
0.00049431
0.00046878
0.00047589
0.00047064
0.00046792
0.00046877
0.00048429
0.00046074
0.00048167
0.00046333
0.00047468
0.00047128
0.00047840
0.00047970
0.00052502
0.00045676
0.00046190
0.00046749
0.00046074
0.00048205
0.00047410
0.00044905
0.00051254
0.00047600
0.00049269
0.00047118
0.00049120
0.00046824
0.00048140
0.00047047
0.00046453
0.00047972
0.00046325
0.00046730
0.00049768
0.00045236
0.00046581
0.00046290
0.00045604
0.00048037
0.00048460
0.00048307
0.00049334
0.00048254
0.00048880
0.00047641
0.00047260
0.00047199
0.00048232
0.00046862
0.00048402
0.00050078
0.00046763
0.00050330
0.00046577
0.00048801
0.00049270
0.00047692
0.00049928
0.00047426
0.00050794
0.00047269
0.00047332
0.00048971
0.00047851
0.00046049
0.00044952
0.00048802
0.00045809
0.00048888
0.00049355
0.00048633
0.00047599
0.00047152
0.00046387
0.00052016
0.00048664
0.00048407
0.00048257
0.00047660
0.00051245
0.00048574
0.00049282
0.00046553
0.00048780
0.00048129
0.00047199
0.00047098
0.00050607
0.00046911
0.00047837
0.00049071
0.00047308
0.00046482
0.00047790
0.00046598
0.00047734
0.00047038
0.00047535
0.00052583
0.00045711
0.00047476
0.00046741
0.00049742
0.00050058
0.00046751
0.00047237
0.00045959
0.00046867
0.00048557
0.00045477
0.00044882
0.00049284
0.00048933
0.00046358
0.00047029
0.00046988
0.00046798
0.00046709
0.00047250
0.00047180
0.00044920
0.00045449
0.00048708
0.00050025
0.00044239
0.00045397
0.00044589
0.00046546
0.00048159
0.00046476
0.00046737
0.00046913
0.00048527
0.00047590
0.00045887
0.00047697
0.00051695
0.00047658
0.00046911
0.00048115
0.00047678
0.00047621
0.00046771
0.00049705
0.00045933
0.00048458
0.00047383
0.00047123
0.00048658
0.00047846
0.00046495
0.00051531
0.00046091
0.00047688
0.00048000
0.00049035
0.00047920
0.00049849
0.00049984
0.00054042
0.00047089
0.00046473
0.00048343
0.00045756
0.00047485
0.00046652
0.00048766
0.00047415
0.00045704
0.00046753
0.00046653
0.00045067
0.00049546
0.00044297
0.00048832
0.00049324
0.00048154
0.00048465
0.00049908
0.00045802
0.00049365
0.00047629
0.00047133
0.00050715
0.00047054
0.00046802
0.00047909
0.00048583
0.00047838
0.00048660
0.00047833
0.00046351
0.00048329
0.00047767
0.00050266
0.00047542
0.00048245
0.00050172
0.00044572
0.00045245
0.00048748
0.00050843
0.00048365
0.00049645
0.00046319
0.00052458
0.00047666
0.00046183
0.00047151
0.00047709
0.00046334
0.00046778
0.00048212
0.00049371
0.00046891
0.00048397
0.00049747
0.00049362
0.00048964
0.00046808
0.00047086
0.00046150
0.00048880
0.00045946
0.00048280
0.00047673