8.730071212550418736e-01
8.878827803792576079e-01
8.921272764835695979e-01
9.007678724473491272e-01
8.913921563886038069e-01
9.120043549030026897e-01
9.009902730346718291e-01
9.018225707047256012e-01
8.825816807429440747e-01
9.024641068917845788e-01
9.047196501526955092e-01
8.854623592214658778e-01
9.084422198139897597e-01
9.060560171099567572e-01
9.103316378568622191e-01
9.023768997447514373e-01
9.035041255982051434e-01
9.036007852371572557e-01
9.110651406882133152e-01
8.936554610781216601e-01
9.077054342826237354e-01
8.916368964502748851e-01
9.009369242502998087e-01
8.997855112695171131e-01
9.064508280704919319e-01
9.023392802758918307e-01
8.962222936401567086e-01
9.100782938203146877e-01
9.010470182142946705e-01
8.990403961234642027e-01
8.973711211977761781e-01
9.020989436635230563e-01
9.117548641882952110e-01
9.114276126617371077e-01
9.048737919383741390e-01
9.274253368423068800e-01
9.129193776783914860e-01
9.006167229047278289e-01
9.061213330916030317e-01
9.225500179202250628e-01
9.246282009633038923e-01
8.975503218580804798e-01
9.097041697192500553e-01
8.985134677386258373e-01
9.194815990084268531e-01
9.089939374488773538e-01
8.962374505655361645e-01
9.196397394334203668e-01
9.156294265669964183e-01
9.061375772647088933e-01
9.147255259087873069e-01
9.062251820129907376e-01
9.202701250010598688e-01
9.071421524982925533e-01
8.926690848824955227e-01
9.094958264248422797e-01
9.095491311073630181e-01
9.098427386044436460e-01
9.130883621110404968e-01
9.181654123050527749e-01
9.184506203684132952e-01
9.044886348657529274e-01
9.075947699503832400e-01
9.058096553597151379e-01
9.142422973602971625e-01
9.113895490487411433e-01
9.201290104564493477e-01
9.188237646446273388e-01
9.252886062986519500e-01
9.085140227600753127e-01
9.140451086365214417e-01
9.081382321230351273e-01
9.061399118181161505e-01
9.184506982255347118e-01
9.199490921656141573e-01
9.164496000076978177e-01
9.132753133024341663e-01
9.174480370316692168e-01
9.146076588915734717e-01
9.160854513647997965e-01
9.146269209860649063e-01
9.317206963404225384e-01
9.211551246667304405e-01
9.168166656793136360e-01
9.222590573273862224e-01
9.052927097226838304e-01
9.226088703750253694e-01
9.219204350599581321e-01
9.255449744629821174e-01
9.276322792190967448e-01
9.162895103079695680e-01
9.296088124812829090e-01
9.110070799131956276e-01
9.284358445194911269e-01
9.236217647333088143e-01
9.237014521351195606e-01
9.167286666283939178e-01
9.262446046309398273e-01
9.309328961536924574e-01
9.214274604187896456e-01
9.096434620126555570e-01
9.181712248678813859e-01
9.098243061169337675e-01
9.196499619935026848e-01
9.273461765642961874e-01
9.253191467577274176e-01
9.128857132038438182e-01
9.205426262300048235e-01
9.296365761719775911e-01
9.339622180674017615e-01
9.249129408971805688e-01
9.200686549562743233e-01
9.317750314276813661e-01
9.365033088626694147e-01
9.357552277343175184e-01
9.277779502081293650e-01
9.242334227441695305e-01
9.174599449401967810e-01
9.336665888630938381e-01
9.177935834502432000e-01
9.224065023105229022e-01
9.122576585401851457e-01
9.334160076816742091e-01
9.257547987891147079e-01
9.264063536714526315e-01
9.296400593074111152e-01
9.213211588639224070e-01
9.291084390226015399e-01
9.278291016708571926e-01
9.349013866567760234e-01
9.285954436880479168e-01
9.286783217874575724e-01
9.345248483898945802e-01
9.340728211288180649e-01
9.321245084912763712e-01
9.292606703149278724e-01
9.406000050244064381e-01
9.346156541667102191e-01
9.362172060910229909e-01
9.373751378013959190e-01
9.286434717638456515e-01
9.376365965956680038e-01
9.316972389881408301e-01
9.382619124152252743e-01
9.356265016766323050e-01
9.242993063666898879e-01
9.317732894781519670e-01
9.340157695876384336e-01
9.271043302413198850e-01
9.290046495390272829e-01
9.249089644365162677e-01
9.371331991805399442e-01
9.342016945744194834e-01
9.336934899213465977e-01
9.332480243794128993e-01
9.431135249459063896e-01
9.304212711350871023e-01
9.336258774162551344e-01
9.304665221679477849e-01
9.308928713488338058e-01
9.396367874143528587e-01
9.269494891455906105e-01
9.324172808047016536e-01
9.277088564096068746e-01
9.283902096894435241e-01
9.349472950840244101e-01
9.408016301212114296e-01
9.446109755075710046e-01
9.529038112016274820e-01
9.267498605844410875e-01
9.362150799605089002e-01
9.333957973787722073e-01
9.316561499842039851e-01
9.255763257067703975e-01
9.180500953861199243e-01
9.281504137706488855e-01
9.367341007571085010e-01
9.329039922845463462e-01
9.306824886083380211e-01
9.362517319971330743e-01
9.373108361945544642e-01
9.398952702646025115e-01
9.314194816784443498e-01
9.332636072864411991e-01
9.363992052490828222e-01
9.330818354886907251e-01
9.374973270798854230e-01
9.312351987679191589e-01
9.365122494204517478e-01
9.242503962702618425e-01
9.240931851109118744e-01
9.246558944867194763e-01
9.410981618127993720e-01
9.314213346317559150e-01
9.319424657098359654e-01
9.392841554584137054e-01
9.215334462803349558e-01
9.358601377073386685e-01
9.288263275089283511e-01
9.349869178609931941e-01
9.348189109167027722e-01
9.379935524045235340e-01
9.310096840313265565e-01
9.321062058727298538e-01
9.328887591127927870e-01
9.293679058373346402e-01
9.318139881827068871e-01
9.398863252983028493e-01
9.354700418849403176e-01
9.362433514943339086e-01
9.297656344411616702e-01
9.286816222896707718e-01
9.401731246040252454e-01
9.324725286036898986e-01
9.398060881126083510e-01
9.338499112208589192e-01
9.284303789384295014e-01
9.432404143792025852e-01
9.381929731953476681e-01
9.446926634387096122e-01
9.372304496347230174e-01
9.419809584618095144e-01
9.359389206951660434e-01
9.356813337626155302e-01
9.443538055929648900e-01
9.406074094679222064e-01
9.420918355748076900e-01
9.425259926034721403e-01
9.418905179693790597e-01
9.395513896503538964e-01
9.466666755172762349e-01
9.424295860357109200e-01
9.417133786008835550e-01
9.452450682036536156e-01
9.430915489436140220e-01
9.444598139741703369e-01
9.349186900597069583e-01
9.411680109462562394e-01
9.492322310872448599e-01
9.397774844447873699e-01
9.493618064479306673e-01
9.495857533096166980e-01
9.384887982052489974e-01
9.522889684288109446e-01
9.462182245168743178e-01
9.485364068342805322e-01
9.458243459477142512e-01
9.475387392536106512e-01
9.396467883100114715e-01
9.448065858956575802e-01
9.463989418143864407e-01
9.601902256152395898e-01
9.459398950413637763e-01
9.466023006830707187e-01
9.517252501314200641e-01
9.475415111996943196e-01
9.418937331815325775e-01
9.496693524645152262e-01
9.417326333285881423e-01
9.497505857019317155e-01
9.483995962371212229e-01
9.465587785722182623e-01
9.540859579012723746e-01
9.580606270991826046e-01
9.551890589624129069e-01
9.470040144207846344e-01
9.524925961714675315e-01
9.476342450748623802e-01
9.562629508542528356e-01
9.522440006139851754e-01
9.521295746218056966e-01
9.544439965442016449e-01
9.530552314574970429e-01
9.452754209628422277e-01
9.588562062292994570e-01
9.466726828314492304e-01
9.352883976963972668e-01
9.468932464888834000e-01
9.498474502653856399e-01
9.571509381721818865e-01
9.472681632780630689e-01
9.474208784269869676e-01
9.505949599494966096e-01
9.582135043222730353e-01
9.534733892576041647e-01
9.574619653234041072e-01
9.555621295931144843e-01
9.546674967205952544e-01
9.485661817053301359e-01
9.409966623493905002e-01
9.481786097154430992e-01
9.490401523645410897e-01
9.359644841412965155e-01
9.445229111171558056e-01
9.526690821328872572e-01
9.529822631576316816e-01
9.483289405373167558e-01
9.494520698802750847e-01
9.434763140039494900e-01
9.391669965383212526e-01
9.594808221731132569e-01
9.472138835325972783e-01
9.446723106750802845e-01
9.396061760403594532e-01
9.396626631819015030e-01
9.484257028609657247e-01
9.580714516662937053e-01
9.627503047626367882e-01
9.512495796069438958e-01
9.599182169111043494e-01
9.542452812239879956e-01
9.515970426201060262e-01
9.512909770008454169e-01
9.550686782604106417e-01
9.553591569080788215e-01
9.445541683529107280e-01
9.408889777778298713e-01
9.397497796872937847e-01
9.510405015203834411e-01
9.540547629898535886e-01
9.536413451445447942e-01
9.459850705355334899e-01
9.505769444926615019e-01
9.409058563683001530e-01
9.513344435969619539e-01
9.371493987937836723e-01
9.463707608032108087e-01
9.441092051036206190e-01
9.449797854077971460e-01
9.543503163273109324e-01
9.489671346851588085e-01
9.479859136151107535e-01
9.449563508622325081e-01
9.487846812008335906e-01
9.479957727250324373e-01
9.426583528020128222e-01
9.492146233591209903e-01
9.459207130024946952e-01
9.456651727606123492e-01
9.361898787212089568e-01
9.510509420047921214e-01
9.586637920937099988e-01
9.511314141558624424e-01
9.446239899868852374e-01
9.505426391966134148e-01
9.605978595067340420e-01
9.491282973723723648e-01
9.520668126208614579e-01
9.446954510497355129e-01
9.459102181582897950e-01
9.538887696814737360e-01
9.437641051638356871e-01
9.651520248688849613e-01
9.448887382765042142e-01
9.450226393480467557e-01
9.452793843057324397e-01
9.491045488123842633e-01
9.479609412576095462e-01
9.441857874765454683e-01
9.490639748538601816e-01
9.535232909629951514e-01
9.522716862956341899e-01
9.511536289915899500e-01
9.491243084113848427e-01
9.502613362054322943e-01
9.474411603066359433e-01
9.473035656982919939e-01
9.576505169028668440e-01
9.557673399345000265e-01
9.514477527162570336e-01
9.531508795261035560e-01
9.480970210095727158e-01
9.506381177596083809e-01
9.498210876611282716e-01
9.406948347618456774e-01
9.497322139312847078e-01
9.493124689262739668e-01
9.478824637649881923e-01
9.497121628648659275e-01
9.521630406758414544e-01
9.476547986408597746e-01
9.541514210690784648e-01
9.510585325151277303e-01
9.436672947954396484e-01
9.490476078461107523e-01
9.538306703937974307e-01
9.505762324903958005e-01
9.526701518817108916e-01
9.528757870429879206e-01
9.476115548332783023e-01
9.536302311063160619e-01
9.430743552662192997e-01
9.433341283069859307e-01
9.464007613872962299e-01
9.529651182983918112e-01
9.464537631236222825e-01
9.470462106152375270e-01
9.476834295111943307e-01
9.502367358851661061e-01
9.529877074583487095e-01
9.602704451853718570e-01
9.512225505423534955e-01
9.503842093306140715e-01
9.513458691623470909e-01
9.500954430826743513e-01
9.507434040248443630e-01
9.570098696330533450e-01
9.480812837151302297e-01
9.487244040568240111e-01
9.519414586908599984e-01
9.559979880462158297e-01
9.512375604243902272e-01
9.523765718252791279e-01
9.437234368144250540e-01
9.478597405629013428e-01
9.535460550207353059e-01
9.548196938237920595e-01
9.425437213129913561e-01
9.502709718353592461e-01
9.445888539354240221e-01
9.467170186517706032e-01
9.518352470631196161e-01
9.570170897114977926e-01
9.524464389089711824e-01
9.612504026639896448e-01
9.485932107934348378e-01
9.494877925666755925e-01
9.603958271401780156e-01
9.539208930663402031e-01
9.514703318415602684e-01
9.584880857571325130e-01
9.461123481792971246e-01
9.365804086867451916e-01
9.419429083762540511e-01
9.574255949136468713e-01
9.440797004649523760e-01
9.561276223173337252e-01
9.562619943373418252e-01
9.492317855799998760e-01
9.590284592078566206e-01
9.483313023985782131e-01
9.443722233293021517e-01
9.466682471338979665e-01
9.457753768880690082e-01
9.539054948724796645e-01
9.574329602212859891e-01
9.539647631245727899e-01
9.542231953011537371e-01
9.615755433564129318e-01
9.486417186223888853e-01
9.541614835753314816e-01
9.512514805784738625e-01
9.549133944495942217e-01
9.535360310550763385e-01
9.475899993231940988e-01
9.462194039690247083e-01
9.549057044179377618e-01
9.529049178355377681e-01
9.497556878038758699e-01
9.478295810593015958e-01
9.557115045117705598e-01
9.426421071616044589e-01
9.416998605902010544e-01
9.498040156198546136e-01
9.545657376434296681e-01
9.623551317997089960e-01
9.434260824621254482e-01
9.512805352507105461e-01
9.492185069939595987e-01
9.493496182493197377e-01
9.530083113025006325e-01
9.577192850365906507e-01
9.455077406868805934e-01
9.510136469447181273e-01
9.531763293082674560e-01
9.530730982544032281e-01
9.527416369293359999e-01
9.550508583596163392e-01
9.488778796871351062e-01
9.502218054566252681e-01
9.460808573873820126e-01
9.489492405877366643e-01
9.609720891234765361e-01
9.533610485393242406e-01
9.462408465379268385e-01
9.474669185892529155e-01
9.404523169982830222e-01
9.518133993920924185e-01
9.527168923786361043e-01
9.567253787763689843e-01
9.516270711969260221e-01
9.517898585835190550e-01
9.421947754704230737e-01
9.578268778372087677e-01
9.512311392543729704e-01
9.528862588444064752e-01
9.563448384155340820e-01
9.491601033176563229e-01
9.527739343491716806e-01
9.565061263693541704e-01
9.559872233528173835e-01
9.500209452436203517e-01
9.464086844098318352e-01
9.480516834260831471e-01
9.567440552744694848e-01
9.582382498548923655e-01
9.420696823689802546e-01
9.551493596612905534e-01
9.507908954622601438e-01
9.542236451098355943e-01
9.499355253177867997e-01
9.593836197426051093e-01
9.547272933006876183e-01
9.591077727045896895e-01
9.464281934932801121e-01
9.529203918401601969e-01
9.574026604761940451e-01
9.568573827615781680e-01
9.528476246838110120e-01
9.599364448795008053e-01
9.544729842570289780e-01
9.557809681497049237e-01
9.568056800936168838e-01
9.470831832487668356e-01
9.437041961718977134e-01
9.536214408081464811e-01
9.517805850567269133e-01
9.470901575828771790e-01
9.546301487807863362e-01
9.535559017080923461e-01
9.549847475550555798e-01
9.552896560658787894e-01
9.450941002355986997e-01
9.438787832622418383e-01
9.536413520867579319e-01
9.543513056011684315e-01
9.599715961738987113e-01
9.520254547344301210e-01
9.580077898937535696e-01
9.518919362209813384e-01
9.573893673565037066e-01
9.521953358862011996e-01
9.514606577715504221e-01
9.476942299890519505e-01
9.506073330147828404e-01
9.431684578314001310e-01
9.461017060678048596e-01
9.514539115105339340e-01
9.516362847768985445e-01
9.468272136445105014e-01
9.554356885182384573e-01
9.485382692884722911e-01
9.575725741333337426e-01
9.506488255563043666e-01
9.523788562910181499e-01
9.503275411214292534e-01
9.456861210811779994e-01
9.564864887981510133e-01
9.473793890854237398e-01
9.498142960144160263e-01
9.606365749396802434e-01
9.566320246554417261e-01
9.527313412049497332e-01
9.590404939306980125e-01
9.397613762822311090e-01
9.558307197061891580e-01
9.518100803872093785e-01
9.534511498979471034e-01
9.612302952682183488e-01
9.555803982649118122e-01
9.488602127057896851e-01
9.554835026323849068e-01
9.460556715421607477e-01
9.365651271648044451e-01
9.453460222049736572e-01
9.403994537576392254e-01
9.521939771860630231e-01
9.468873030662338097e-01
9.437587838392496042e-01
9.538205895884663832e-01
9.511370604394997486e-01
9.520588263096159132e-01
9.535800994950227594e-01
9.615463150441047047e-01
9.452107213923096607e-01
9.708422873994874136e-01
9.567056050699538350e-01
9.479324870810306169e-01
9.498879512986618812e-01
9.522020308305810810e-01
9.490123032773053469e-01
9.591539418181034282e-01
9.550312196019923316e-01
9.453746991985869652e-01
9.516824824237316571e-01
9.498808147850631434e-01
9.563534097015977675e-01
9.621280734198207618e-01
9.579034356469701139e-01
9.590456764255678168e-01
9.567955178694438345e-01
9.489192675811811695e-01
9.484252998179932836e-01
9.556194067364763844e-01
9.543089079208338932e-01
9.468795608404712016e-01
9.561665533353372881e-01
9.444481320636713972e-01
9.478091351388802099e-01
9.453608317620404433e-01
9.653143867174648340e-01
9.512655987143332492e-01
9.594173569259791812e-01
9.529513883715345912e-01
9.550838486818535866e-01
9.434012078136092549e-01
9.487945463468192564e-01
9.630968474517318523e-01
9.615825376916410372e-01
9.564476696174492032e-01
9.542930239241198542e-01
9.515963926323359745e-01
9.509317753175835497e-01
9.575813079011200601e-01
9.474866103003738438e-01
9.490532820261035063e-01
9.538169678771033499e-01
9.488682020653332883e-01
9.577214093598860334e-01
9.566299866970831012e-01
9.546305365058518344e-01
9.553276735340529013e-01
9.516438697461322427e-01
9.470672862817743898e-01
9.543674219449080898e-01
9.438069708496388266e-01
9.588168521076875228e-01
9.544090009595252999e-01
9.556284353800301723e-01
9.508552706465277504e-01
9.567687015962068608e-01
9.492554992003313652e-01
9.451204389800216266e-01
9.538120947116476289e-01
9.553932306228276605e-01
9.493580910109429283e-01
9.476730378826263568e-01
9.543718417944445642e-01
9.523086728245340193e-01
9.466677243519566742e-01
9.482207509575346638e-01
9.530905031366936342e-01
9.576330329881207470e-01
9.403453033814618278e-01
9.545672575562933471e-01
9.612896673777282519e-01
9.465309836998352377e-01
9.515695358251954339e-01
9.455440081714959755e-01
9.524597409917254787e-01
9.478287690214547423e-01
9.557583850787196855e-01
9.464305920298115016e-01
9.519320273808493660e-01
9.519323563033181834e-01
9.515167537694653177e-01
9.466904867871882567e-01
9.516824622768349506e-01
9.497432183382146231e-01
9.485317152552270592e-01
9.513287854160626944e-01
9.515563020871773414e-01
9.494372004805576859e-01
9.503929446475981591e-01
9.514087415367423750e-01
9.579217298847132467e-01
9.576650563431838847e-01
9.494942159716670549e-01
9.541012673520400389e-01
9.522940097972402151e-01
9.614232673282024910e-01
9.584382042657004774e-01
9.496184065689867726e-01
9.506502835145831387e-01
9.495937343332830904e-01
9.456823690958918727e-01
9.521172817898482243e-01
9.474510506620198447e-01
9.471061179281684561e-01
9.464518552046307098e-01
9.468156663217315305e-01
9.547222220730208209e-01
9.462223722049235564e-01
9.553753955332972003e-01
9.460461030063861410e-01
9.567464025320017162e-01
9.478881694512401035e-01
9.477680749888068856e-01
9.558898792840720970e-01
9.490401550047775636e-01
9.581079321084946532e-01
9.510062333232309761e-01
9.487060756826659613e-01
9.409984389745952305e-01
9.542160641226178353e-01
9.570248498964113448e-01
9.598830873655233020e-01
9.504556414883049698e-01
9.521438885471343871e-01
9.473267994197263064e-01
9.550449339200772769e-01
9.502026607408793346e-01
9.518281646644127791e-01
9.489883443920743566e-01
9.549802605982238290e-01
9.552357410404452853e-01
9.533394456907544612e-01
9.524343698301898087e-01
9.517784337522712246e-01
9.538724665829623195e-01
9.553371475423724224e-01
9.586843928673169923e-01
9.611700291271024765e-01
9.619120608463244126e-01
9.514477491404429443e-01
9.473949086032784628e-01
9.487288929232053913e-01
9.438041183544484403e-01
9.496473156819051908e-01
9.462321515237664959e-01
9.480402657445686776e-01
9.450233511956978028e-01
9.528632277618416246e-01
9.513176849022220161e-01
9.474534511901240297e-01
9.527184642265378312e-01
9.515619083338467954e-01
9.434940997281465735e-01
9.396097171965207551e-01
9.527909307894998348e-01
9.474585885416862974e-01
9.537826958866374438e-01
9.460692618759314332e-01
9.585893688672483259e-01
9.526129100200319000e-01
9.566160547397266622e-01
9.568967405555472983e-01
9.419265502295869341e-01
9.515890417577642646e-01
9.403123459376506732e-01
9.457090684883381337e-01
9.603511897392472685e-01
9.522772685702638462e-01
9.502833919988344924e-01
9.474698838405061219e-01
9.524739156334450785e-01
9.615544994490925479e-01
9.578593071955548988e-01
9.436410679368496535e-01
9.505894027481788244e-01
9.500779462637559680e-01
9.490198586236473499e-01
9.558094667155657698e-01
9.432141988648991004e-01
9.444973124219984140e-01
9.466154421047602296e-01
9.490765052179661598e-01
9.516619230963949683e-01
9.518453736212262317e-01
9.482149935722303802e-01
9.461887448796585387e-01
9.478608857888269901e-01
9.519716271888972736e-01
9.520233395799739817e-01
9.455651513903979843e-01
9.542282030872634158e-01
9.417176868154397695e-01
9.479118494687455154e-01
9.555884505021705611e-01
9.487756095040120741e-01
9.531698688856364843e-01
9.482861205583380526e-01
9.460170376773723300e-01
9.609296406434882920e-01
9.616607680809166059e-01
9.575537418048877258e-01
9.472931832719447831e-01
9.548909544617925071e-01
9.505388501768321508e-01
9.435477677472711155e-01
9.598687226741653422e-01
9.511412384485761207e-01
9.654015231377188755e-01
9.566893339425440734e-01
9.449420946535823651e-01
9.476928000358044724e-01
9.515506846651817785e-01
9.501976264289795360e-01
9.488982611623438812e-01
9.542879911128548942e-01
9.458324047520072497e-01
9.496812064577605517e-01
9.552537730598400501e-01
9.548771734213999940e-01
9.490630605736838366e-01
9.459554674922037165e-01
9.544358268721683247e-01
9.486614409830075312e-01
9.541895401726546710e-01
9.426071488456193581e-01
9.582284583480777940e-01
9.499897943859383354e-01
9.504880079317027386e-01
9.417730287468536465e-01
9.427669815111269225e-01
9.474134129452345121e-01
9.560742665584147648e-01
9.560432750000322777e-01
9.449894650831366372e-01
9.480376508985496331e-01
9.515091475680415023e-01
9.552021196489571819e-01
9.497226546065467012e-01
9.475410282015914731e-01
9.508124346141585415e-01
9.576037189527129012e-01
9.527807419483838025e-01
9.493334516365020681e-01
9.554488505303818657e-01
9.591991825414483142e-01
9.515050236451843002e-01
9.512730646351374997e-01
9.536986100063552518e-01
9.521096689044955541e-01
9.576485279842859022e-01
9.505435681057678998e-01
9.489609122046352985e-01
9.489840434264402713e-01
9.531384839660578256e-01
9.494157577565226491e-01
9.481177613146800631e-01
9.515017127451541601e-01
9.600604935724272870e-01
9.538426569335100025e-01
9.442097410564417315e-01
9.546281852026828885e-01
9.506191009274611581e-01
9.540414658581211071e-01
9.492703617681628181e-01
9.511867870898238486e-01
9.517781218237710839e-01
9.528288293108277962e-01
9.612905716270900847e-01
9.526410867058404675e-01
9.518117090444051520e-01
9.550369060171219893e-01
9.560649791070602310e-01
9.524199668064504687e-01
9.554175516686559400e-01
9.520936233960752837e-01
9.483733673426971711e-01
9.496875995885742938e-01
9.531795914141893977e-01
9.506443171416388838e-01
9.476001922323876725e-01
9.523986478740198436e-01
9.608003721865259195e-01
9.526869216583514488e-01
9.558612522908908060e-01
9.476787677517012343e-01
9.528216877720845357e-01
9.503718441867480271e-01
9.612741120004018036e-01
9.513214880177385258e-01
9.569374647259597522e-01
9.509830259914846540e-01
9.572633485940307274e-01
9.542514676689806130e-01
9.454151193751104687e-01
9.518441810584035156e-01
9.460572552505712718e-01
9.490946799136604772e-01
9.514824331592143247e-01
9.561178831204560913e-01
9.568336668158815561e-01
9.523590850451217893e-01
9.486029171417302841e-01
9.425655785795467034e-01
9.502099754195471037e-01
9.482065815329202563e-01
9.537257219742116821e-01
9.484046605624246729e-01
9.489858905052760418e-01
9.607656575598509940e-01
9.545045698547121038e-01
9.589070496024766355e-01
9.582937514227051201e-01
9.488538936572245008e-01
9.588644958468134361e-01
9.560038295625912230e-01
9.476062186631035722e-01
9.567659203521398092e-01
9.518634311313036722e-01
9.562151603640134390e-01
9.584051658273964325e-01
9.444793869882275317e-01
9.548567526945480610e-01
9.413713806914957294e-01
9.556393674767376112e-01
9.460703740387960137e-01
9.504581146816218906e-01
9.550064540688413262e-01
9.565778105940880849e-01
9.493242532768187969e-01
9.447053965617895344e-01
9.566934617293574306e-01
9.494835127879148740e-01
9.364079331607813028e-01
9.527469730684435811e-01
9.498953592867357409e-01
9.499639776055367468e-01
9.535931724993775838e-01
9.538282842485956703e-01
9.508051337963228100e-01
9.520507136052880348e-01
9.468169335094143158e-01
9.488469473652665354e-01
9.492370240361246436e-01
9.489778248243112557e-01
9.576215397599233681e-01
9.523206354229739601e-01
9.538985605620751151e-01
9.530378152619118914e-01
9.573130818695945177e-01
9.533062937968184158e-01
9.503104769476048430e-01
9.486409559150934534e-01
9.574930565780589431e-01
9.482187803583472796e-01
9.478386690324522856e-01
9.546453275271963301e-01
9.483907924496018937e-01
9.461264237941224842e-01
9.543450103457503664e-01
9.409039510412717799e-01
9.543320433641003797e-01
9.581592673441715613e-01
9.456474357773564376e-01
9.500976452978917575e-01
9.500387226219945136e-01
9.555803512155268686e-01
9.447918112105031518e-01
9.532300000743112456e-01
9.506522492546687353e-01
9.538682391367114821e-01
9.473762821859743610e-01
9.493120613378398520e-01
9.489497800514459236e-01
9.549069243461285605e-01
9.518818642076597447e-01
9.572656811881905536e-01
9.582754615261025455e-01
9.522588244379039946e-01
9.533595470221142287e-01
9.468999260193016188e-01
9.595742792693541245e-01
9.462226776244621052e-01
9.497366003828605630e-01
9.520869079246857547e-01
9.559920204503558061e-01
9.608791415236688227e-01
9.550169652894335837e-01
9.451205337827710551e-01
9.426813885331353227e-01
9.452475957441618393e-01
9.472076851900976813e-01
9.619288801657874810e-01
9.608970898613355960e-01
9.497399278070030038e-01
9.518838246076255505e-01
9.469945033121733857e-01
9.548951050957146247e-01
9.514447642228209823e-01
9.427575163628416632e-01
9.566517526833111518e-01
9.530878165366283294e-01
9.487129061913919248e-01
9.475826496404832211e-01
9.589688786207288818e-01
9.470175578960301488e-01
9.552140808660243287e-01
9.473421165964337476e-01
9.510853447417801920e-01
9.548920411999040070e-01
9.539420385427996862e-01
9.497236793345887884e-01
9.518923181568529346e-01
9.502882217587287350e-01
9.505129567458661111e-01
9.608839296649747119e-01
