9.078691584175041518e-01
9.030999221329731874e-01
8.947950137965346995e-01
9.085746509864199849e-01
9.020911127731497947e-01
8.839186449566660553e-01
8.998421549587719559e-01
8.968710186728086065e-01
9.021223540341213321e-01
8.985124346943708096e-01
9.062750903356538990e-01
9.044280235639569065e-01
9.111221795170556526e-01
8.974040176945851099e-01
9.035065033507088117e-01
8.930859987506596376e-01
9.070425602581058122e-01
9.038974602749996201e-01
8.956983778092473258e-01
9.087384577358013082e-01
9.011442948397702102e-01
9.090712390025039724e-01
9.181523705124017276e-01
9.126677126648540250e-01
9.159406609696734147e-01
9.165949090745901806e-01
8.931929291963344175e-01
9.027221726324025086e-01
9.082737198963636294e-01
8.985875848522649756e-01
8.995629884018194744e-01
9.145184257792577931e-01
9.111587979004266424e-01
9.145366578214964015e-01
9.002141560328688064e-01
9.084403988661552409e-01
9.139700118697453579e-01
9.227780856871098392e-01
9.224368876257286187e-01
9.153587456481077078e-01
9.144533698530071808e-01
9.198854471459780857e-01
9.106010143602450979e-01
9.134413831518014559e-01
9.092757682864079927e-01
9.246824342061445989e-01
9.139535155837070768e-01
9.104345220862972710e-01
9.223343576436863200e-01
9.276695903056730863e-01
9.325501844259125317e-01
9.218973573666714438e-01
9.229123868035972178e-01
9.172407581222511430e-01
9.157069513323169430e-01
9.141159282568473987e-01
9.318266020443439768e-01
9.278986870729437619e-01
9.295357043783701867e-01
9.148549505853600383e-01
9.206430693151307354e-01
9.307007245314039556e-01
9.368503600843081092e-01
9.224731663172359708e-01
9.295454118890282835e-01
9.310816729669721958e-01
9.303330818127441004e-01
9.329966808920103771e-01
9.221623916254318987e-01
9.327563679310852951e-01
9.306482876260363524e-01
9.271621115775080524e-01
9.165461889216804936e-01
9.297254018150623578e-01
9.255551445389315068e-01
9.199023094148373048e-01
9.281016628017340064e-01
9.184696364508441180e-01
9.304218271561233156e-01
9.342499260912329184e-01
9.268948044390196150e-01
9.350730813249734652e-01
9.352832452422472631e-01
9.362440481687417382e-01
9.390001061631001456e-01
9.287034944981183981e-01
9.312109048733554495e-01
9.336997483772513373e-01
9.385575553269841498e-01
9.377889121779587889e-01
9.319455093183179883e-01
9.241596618517732287e-01
9.419395231741208852e-01
9.416978784301826000e-01
9.436111975620853354e-01
9.459518194333869090e-01
9.435879446701406215e-01
9.303137392133611350e-01
9.373299231588611002e-01
9.357677377584155964e-01
9.428380881003489700e-01
9.373679274844746168e-01
9.477687686886493434e-01
9.311118770988554560e-01
9.378039918725685764e-01
9.398868614340275540e-01
9.412714915899934587e-01
9.427177882294744959e-01
9.456869652657274861e-01
9.367025022460615524e-01
9.427209219712388011e-01
9.280181981561135274e-01
9.366982263539699316e-01
9.339564822784077736e-01
9.448395745568031190e-01
9.489294178842742067e-01
9.323321185889359430e-01
9.364742723768424426e-01
9.465559354652873791e-01
9.405252426618025963e-01
9.206295518432281444e-01
9.304124939481289713e-01
9.475906934912500246e-01
9.388587229835951842e-01
9.341316271869462007e-01
9.360132226903710162e-01
9.486284012019575718e-01
9.340630037495901705e-01
9.287724092328082381e-01
9.226548296347643063e-01
9.281671756621920899e-01
9.400045739887388230e-01
9.419234857070537537e-01
9.336227459862338485e-01
9.337059975404083945e-01
9.354012948499393909e-01
9.355606190010139489e-01
9.399071913655571153e-01
9.281260493193848049e-01
9.417621706860822561e-01
9.321926727488428766e-01
9.508332323741462977e-01
9.420688078128158782e-01
9.388885184510749049e-01
9.431926743521730216e-01
9.353293228924706160e-01
9.460110501910332648e-01
9.416647576526622210e-01
9.360190244745508759e-01
9.467916774874011177e-01
9.461942162072692897e-01
9.494484735472988879e-01
9.456910679257306551e-01
9.297614917138754542e-01
9.348531384633538277e-01
9.482932812079620799e-01
9.451859299777470858e-01
9.399196908286109320e-01
9.381713872803885135e-01
9.399297853398982383e-01
9.398398338814080155e-01
9.415719932427019101e-01
9.491601948665343569e-01
9.380795032885947959e-01
9.479724264397917377e-01
9.531940618284744371e-01
9.437854236286511433e-01
9.445469738886436151e-01
9.468438093044670989e-01
9.428472990466214565e-01
9.471133179854241968e-01
9.447414156973990007e-01
9.577352074799009296e-01
9.450404585602774077e-01
9.509634130851515321e-01
9.501782302298026339e-01
9.460499826180371885e-01
9.441291362429170553e-01
9.429039778233027080e-01
9.532172475020799229e-01
9.503839861636671493e-01
9.589834663414613658e-01
9.433289408462905978e-01
9.524353947377537377e-01
9.510335091659978257e-01
9.464876518199178967e-01
9.441274898177757224e-01
9.536568031057705008e-01
9.480388559899346479e-01
9.427371360998952898e-01
9.419938839211987602e-01
9.525371886424339740e-01
9.494525895549059680e-01
9.405340888005525590e-01
9.616208136286151786e-01
9.468914645055873658e-01
9.462846604423020835e-01
9.446493617039500856e-01
9.568868078019647783e-01
9.499739266187152698e-01
9.515448856866086658e-01
9.537134442749519714e-01
9.550517162246598968e-01
9.390921620125451952e-01
9.545817008476911170e-01
9.502954958773410787e-01
9.512676702833069431e-01
9.540348396409009668e-01
9.503411136856968477e-01
9.489738818003197185e-01
9.495514196800705076e-01
9.491817514056951621e-01
9.456693905661596178e-01
9.427115641112151501e-01
9.520737773541502191e-01
9.477057651109267455e-01
9.581036696906811700e-01
9.447638790626953220e-01
9.519483283102168070e-01
9.539187069812107289e-01
9.339187563699653527e-01
9.479839321175884681e-01
9.494102633466163788e-01
9.602093048070033943e-01
9.480928099131280540e-01
9.441539261318695475e-01
9.433897154748084324e-01
9.496012540022122916e-01
9.536834962850779807e-01
9.442881650004868455e-01
9.477816432021509696e-01
9.545876166563833642e-01
9.535064715270371583e-01
9.399376885357157985e-01
9.501435475687648458e-01
9.481334358519979411e-01
9.458101598556347689e-01
9.505369770048177624e-01
9.490843833827973253e-01
9.535324711154338218e-01
9.560703199016219456e-01
9.479248295345180653e-01
9.406927529475407335e-01
9.476814149344909843e-01
9.459886017707009875e-01
9.531099108506101425e-01
9.486276721756239372e-01
9.572241528202576344e-01
9.501403973348077070e-01
9.456096544702897733e-01
9.589252801027289275e-01
9.381954565847425709e-01
9.449829002248639753e-01
9.537577260911769272e-01
9.521300139324826439e-01
9.458023677897164916e-01
9.436961315612308887e-01
9.398232556680699012e-01
9.488662188742402748e-01
9.525463189251540674e-01
9.480193939634921074e-01
9.478092559059274613e-01
9.480418576346074655e-01
9.540174180651674885e-01
9.476719085961132771e-01
9.523140664841025504e-01
9.502569380970748991e-01
9.569530778747554756e-01
9.485179217369897886e-01
9.476105168463755390e-01
9.547165560126873451e-01
9.432409264748742306e-01
9.526152592141395870e-01
9.430614648261212984e-01
9.563722670911343204e-01
9.544675534330292477e-01
9.462449208301206838e-01
9.551759366476084701e-01
9.417253558090235011e-01
9.465885184403258767e-01
9.496550669261167865e-01
9.460754966572929581e-01
9.515578010135443687e-01
9.545997029916588605e-01
9.496347804532960790e-01
9.527323843311412688e-01
9.527964314176436966e-01
9.565315769584175065e-01
9.588094535789777328e-01
9.537100792295787333e-01
9.538564591555863670e-01
9.444161800065186130e-01
9.482543834019010465e-01
9.435269118515563491e-01
9.402814159364188962e-01
9.484598969158362092e-01
9.491394410400164627e-01
9.500999623388072246e-01
9.490116453877044389e-01
9.447745076643073725e-01
9.418694144137761404e-01
9.464360484868197254e-01
9.454795722523434698e-01
9.492675823469336471e-01
9.504473282810000923e-01
9.432764281539364193e-01
9.552289338288091347e-01
9.575234386419179122e-01
9.472757692000821628e-01
9.454559703809344295e-01
9.494979996322514548e-01
9.478703790191409517e-01
9.522394953345556523e-01
9.544292157014585554e-01
9.443554029382579262e-01
9.534428407208550560e-01
9.483463453389262554e-01
9.522028224492387061e-01
9.498122401472770537e-01
9.473179494286935176e-01
9.450202756746616251e-01
9.574308721752171625e-01
9.580757211156136766e-01
9.487375053342133047e-01
9.482097756958250967e-01
9.400941180671913422e-01
9.494356839793316460e-01
9.567378077982259255e-01
9.557783192136629635e-01
9.595466058935677722e-01
9.455134762348137434e-01
9.441947862629471722e-01
9.548522817678010144e-01
9.478987642860658980e-01
9.485127524164529422e-01
9.482182203181546143e-01
9.494553345704048741e-01
9.485541812122698646e-01
9.493045362240211116e-01
9.517891498911397186e-01
9.525658409104739155e-01
9.510996644886293705e-01
9.486514713566646106e-01
9.524915229409302020e-01
9.609803278629110990e-01
9.464062148760067350e-01
9.468481621198380216e-01
9.549906124083017422e-01
9.482965781049130793e-01
9.491059846760340202e-01
9.476960658410124028e-01
9.473316347479240340e-01
9.496271431427453225e-01
9.556818208837682960e-01
9.559804244000159601e-01
9.487463259355678469e-01
9.399955290317473233e-01
9.445298418204984836e-01
9.460675350719692789e-01
9.519921128452822900e-01
9.507531408442088106e-01
9.389212049427260176e-01
9.466494463779280277e-01
9.539939831802622949e-01
9.582277233807664496e-01
9.534290118009556281e-01
9.481389087577883901e-01
9.545707147477681120e-01
9.569763469172544168e-01
9.511829831993422468e-01
9.482297998648802073e-01
9.465737610292694892e-01
9.503378196930937216e-01
9.471773183152376596e-01
9.471633652531810110e-01
9.495549382654207005e-01
9.480167227721862933e-01
9.474728186252902029e-01
9.489763621924841575e-01
9.543042083997904657e-01
9.482712307307127331e-01
9.540198111231059652e-01
9.587052303767688022e-01
9.582738975634681466e-01
9.519132080203581703e-01
9.515986712444857165e-01
9.517797416217216311e-01
9.469580947513577263e-01
9.420792519469768367e-01
9.531733490055757096e-01
9.509676036896531626e-01
9.528465009313693557e-01
9.495248264097435609e-01
9.538165808336980245e-01
9.485588368476933763e-01
9.418829419209625575e-01
9.523755045290974719e-01
9.444836808538267237e-01
9.533887698216249040e-01
9.569168097914533266e-01
9.539268295863380098e-01
9.467424675202623652e-01
9.498892611186124935e-01
9.401946341143302410e-01
9.541874202419085016e-01
9.526931514320576833e-01
9.515022105277278763e-01
9.532330091753798973e-01
9.554781589790946050e-01
9.465279472616096035e-01
9.465061164881448663e-01
9.537436080803464167e-01
9.549843159217616950e-01
9.450782216490144494e-01
9.470876071788851824e-01
9.550663718629150978e-01
9.473616581831895145e-01
9.535812256613496185e-01
9.439053325904126490e-01
9.544438273653390592e-01
9.538688259137579895e-01
9.552266864857277273e-01
9.599014758928791080e-01
9.582731441825003138e-01
9.566893442121860991e-01
9.559826246878162515e-01
9.555358373704381236e-01
9.471567337488068228e-01
9.599649654358409778e-01
9.484766663710378909e-01
9.551231668455956170e-01
9.531089340049916370e-01
9.504160402272051611e-01
9.526123862271047571e-01
9.477288155176916140e-01
9.467402300396406956e-01
9.470549482085616200e-01
9.524575711444458470e-01
9.502275097168805251e-01
9.515147890589865654e-01
9.449174250494565275e-01
9.496049360518415972e-01
9.523539018975182291e-01
9.533191321384135719e-01
9.502426068038399842e-01
9.427373511333183576e-01
9.580351853991770916e-01
9.492162644905639546e-01
9.506134737120299771e-01
9.567958876003558322e-01
9.541870603580322463e-01
9.487575985132660206e-01
9.485419092905915672e-01
9.495345028830119993e-01
9.513566716450317928e-01
9.526675474970410784e-01
9.518447780773293676e-01
9.544043107329650555e-01
9.439385719337914926e-01
9.566640406370872096e-01
9.465706237551004820e-01
9.479593533506905922e-01
9.536826904639782443e-01
9.522844742255798245e-01
9.516588859737383777e-01
9.510136195598467568e-01
9.547184593543346365e-01
9.508149141853943220e-01
9.547739705328848192e-01
9.552578399511004736e-01
9.513212890757759554e-01
9.568408137102512034e-01
9.556889763972897800e-01
9.444031128734402536e-01
9.521255832603023883e-01
9.516116938193590613e-01
9.576082140684724076e-01
9.528404906947052222e-01
9.548046237947177550e-01
9.579101642661466132e-01
9.522361334679853018e-01
9.468766695080652607e-01
9.504835449066945108e-01
9.442291935791776725e-01
9.526390718306225747e-01
9.435196202409453781e-01
9.544721141059464564e-01
9.538119361886258085e-01
9.507298103436571113e-01
9.552460970181606559e-01
9.499246280755577754e-01
9.512939053256711519e-01
9.522669621535355677e-01
9.512480346400546960e-01
9.541530821825200404e-01
9.522451212455141922e-01
9.514785439965739444e-01
9.509851679364187405e-01
9.543360971906406087e-01
9.450792371767433586e-01
9.509676931943330525e-01
9.419873887731543549e-01
9.517686699053838906e-01
9.531179629346354654e-01
9.524035641977931510e-01
9.573251707419061507e-01
9.502369643502147634e-01
9.460583157706980995e-01
9.512983215687027538e-01
9.512454182754080945e-01
9.574155735010109192e-01
9.610641979248935041e-01
9.456251339293770819e-01
9.518552796768091628e-01
9.504613836753912359e-01
9.493095888474557542e-01
9.468258536107783119e-01
9.559793111022349965e-01
9.496187221147611712e-01
9.517287456186009909e-01
9.468378130803943860e-01
9.499254711102885773e-01
9.467876753969762804e-01
9.419684979664925129e-01
9.490722388707627521e-01
9.461582274726820785e-01
9.476194701636234674e-01
9.441203227228031070e-01
9.551626611841619319e-01
9.524162261532707063e-01
9.528636931691473189e-01
9.479933331397047969e-01
9.493368616603221621e-01
9.514319347898415602e-01
9.562393725164533009e-01
9.511170904102381751e-01
9.470385781573326112e-01
9.523004477230380127e-01
9.575216502568941745e-01
9.496530219041278142e-01
9.411066006719579491e-01
9.445359290581827327e-01
9.568191886683714564e-01
9.491647226186191721e-01
9.514974646770627542e-01
9.487761804013552513e-01
9.510848864306220563e-01
9.450317387294947524e-01
9.526041118985331124e-01
9.515108038921934464e-01
9.440430570343342209e-01
9.529673077603010301e-01
9.508931621845663207e-01
9.473507699108839608e-01
9.443147299519271121e-01
9.577097704864877548e-01
9.515506481170143971e-01
9.393166898224153405e-01
9.420802268386756495e-01
9.447773545373258086e-01
9.504548195493863760e-01
9.444605002470904953e-01
9.514131956953871816e-01
9.470818733842795156e-01
9.414860607758315236e-01
9.528970922736965665e-01
9.511303337890599785e-01
9.402861380529941027e-01
9.531770197655471399e-01
9.491891343554564875e-01
9.440630926123412259e-01
9.507113574611355533e-01
9.501190576545632815e-01
9.645733097635482700e-01
9.575653271367735586e-01
9.428483806957486113e-01
9.480741945768934587e-01
9.493714194382633087e-01
9.549613770558427195e-01
9.449285555186373031e-01
9.570555372110696180e-01
9.550327226738823949e-01
9.432563650006743350e-01
9.480484245514989583e-01
9.586832273703176366e-01
9.621262629896989438e-01
9.505910633311168700e-01
9.532592322676906038e-01
9.521547474451367288e-01
9.496833274879137310e-01
9.550466139940919641e-01
9.568609021841563145e-01
9.623321389307487594e-01
9.489602412783884056e-01
9.577110390509611104e-01
9.442181590584993733e-01
9.486980717516978467e-01
9.529628087307030482e-01
9.483796794918086803e-01
9.537386252329000946e-01
9.500251291064636394e-01
9.451125105395292714e-01
9.519655561787004894e-01
9.514276649531933083e-01
9.474497797286955958e-01
9.572206864521929370e-01
9.577261475447675920e-01
9.471571874430979587e-01
9.436284069100639993e-01
9.506933122747213138e-01
9.509305476580319771e-01
9.432757912754696772e-01
9.490081154172221867e-01
9.505996577765762900e-01
9.523814148838818383e-01
9.539211283268278496e-01
9.409363444600594706e-01
9.568388740447284491e-01
9.527719903022809911e-01
9.464999942944897215e-01
9.484059392493153773e-01
9.569439541014219675e-01
9.447271505364178701e-01
9.492433249871468082e-01
9.546971097383831761e-01
9.492508218421247257e-01
9.498341236253797781e-01
9.496109992509392805e-01
9.579534639179931865e-01
9.514692832152311652e-01
9.491539803115219831e-01
9.467698522191284605e-01
9.534429729549850352e-01
9.579732820461629439e-01
9.563319142981758780e-01
9.539828414928082090e-01
9.579565222124978296e-01
9.562085862305623740e-01
9.530393490306515725e-01
9.636985079194283488e-01
9.446465553069904875e-01
9.491698067595194521e-01
9.459604143130991849e-01
9.596439496586540718e-01
9.488678358443362049e-01
9.437049170812165100e-01
9.559305119895321612e-01
9.522946737098950676e-01
9.503510567050449387e-01
9.483416807237036172e-01
9.498980156841286826e-01
9.516370452325548790e-01
9.541843242349689058e-01
9.491231335791709967e-01
9.469611601143157475e-01
9.501324759084490701e-01
9.504656532350815867e-01
9.580138764386325612e-01
9.449577345897810510e-01
9.458768731050172240e-01
9.525293243529244780e-01
9.496758913981168115e-01
9.558063822813024357e-01
9.596911177665677917e-01
9.619239259061983516e-01
9.591759551864724731e-01
9.553369566315578210e-01
9.486531821576906776e-01
9.550150979034763843e-01
9.600217198375919914e-01
9.532034854626552089e-01
9.506990610616798953e-01
9.532257886535475677e-01
9.559252809631223480e-01
9.593132056581643585e-01
9.533035886987961671e-01
9.539023288169843351e-01
9.599980812205928249e-01
9.461078093290825608e-01
9.503674242860968846e-01
9.436783657285304772e-01
9.489094273598008833e-01
9.500246432339628511e-01
9.506510860994850098e-01
9.401055988811259922e-01
9.591852243368876874e-01
9.558485973501069655e-01
9.473754425728699857e-01
9.507667878396449668e-01
9.562288488675035891e-01
9.494271020065219169e-01
9.443885602107119359e-01
9.554082740057419088e-01
9.480239176074627405e-01
9.434675679359055822e-01
9.483239621492843829e-01
9.475572144125626872e-01
9.396551224854446938e-01
9.455392670538023125e-01
9.520116244568532782e-01
9.528257373774698946e-01
9.506043298631108307e-01
9.458031415557458521e-01
9.539683462881815013e-01
9.480863120010202261e-01
9.550258976084886609e-01
9.545445100338376676e-01
9.525126985737841778e-01
9.585671761005986058e-01
9.497478670717051097e-01
9.438371994369784135e-01
9.545964938564824864e-01
9.550614505150236688e-01
9.495981837365312650e-01
9.426048873157276686e-01
9.511030676150338259e-01
9.534375751123179699e-01
9.403513572670429976e-01
9.573931316709674011e-01
9.563799962669630172e-01
9.507789507948412044e-01
9.357000345817749754e-01
9.462236580311119694e-01
9.548344448423600195e-01
9.573589424591194552e-01
9.487351405786915715e-01
9.578724694503710779e-01
9.511853221105321943e-01
9.565105025576262632e-01
9.572912223026315282e-01
9.500693054334494736e-01
9.528301748594195653e-01
9.533183039535555459e-01
9.442025474179166489e-01
9.502612683039488584e-01
9.620606876207057345e-01
9.536283037748042313e-01
9.467566417683915825e-01
9.499420724318093923e-01
9.536999510569831306e-01
9.500469962834007243e-01
9.492216883568612706e-01
9.428619012614156691e-01
9.530869175719424158e-01
9.484075358812585899e-01
9.570202867685979609e-01
9.488981424988215396e-01
9.560784941975610796e-01
9.584331269474343218e-01
9.438470669920160372e-01
9.560078910555925846e-01
9.500307567413025511e-01
9.569169593526767326e-01
9.575406789298118726e-01
9.533778124504348472e-01
9.558630263737626365e-01
9.506475722417424556e-01
9.565681743598396514e-01
9.525007800610889586e-01
9.547307078732341079e-01
9.468666410129021882e-01
9.537310077860436941e-01
9.507137110578036676e-01
9.555746608433647316e-01
9.569813485381353235e-01
9.549186135742721016e-01
9.517657987773852080e-01
9.485035925632790965e-01
9.541632264457865498e-01
9.624163908305592985e-01
9.502576905355317738e-01
9.556741065608196362e-01
9.424553990694077843e-01
9.536315076991205286e-01
9.551704827764753158e-01
9.474000952578065515e-01
9.520276486049336073e-01
9.590387897123384686e-01
9.454408371886035001e-01
9.558497190900525631e-01
9.545104222618253642e-01
9.491760931908840293e-01
9.497138533147638784e-01
9.412945489478323768e-01
9.485661179111588570e-01
9.466852511650930557e-01
9.551398672796217459e-01
9.490677480454681181e-01
9.561128178504679775e-01
9.453772719248195733e-01
9.630828288399106984e-01
9.598910918260403768e-01
9.584542811003547991e-01
9.519905460409938680e-01
9.569669249129786337e-01
9.520372048962656431e-01
9.494126559435466239e-01
9.637496637605201810e-01
9.526451360255451251e-01
9.471107654483481575e-01
9.538111228642623951e-01
9.561161069307025917e-01
9.488626402039977981e-01
9.469517998214608268e-01
9.508993808499047740e-01
9.488667457127548666e-01
9.639640296686247112e-01
9.481461728863038729e-01
9.575911088394697401e-01
9.497844027128611311e-01
9.504328005114451861e-01
9.430486889586389143e-01
9.569244747895275793e-01
9.497318081204082496e-01
9.608511292265902171e-01
9.483755642821488641e-01
9.510973143993045609e-01
9.472413426928382174e-01
9.491738141663270678e-01
9.510870148401877611e-01
9.539867688013565772e-01
9.446778106733472180e-01
9.514851478782727634e-01
9.526143854164156322e-01
9.533001104219042121e-01
9.568088352883947767e-01
9.486080300218027173e-01
9.544080866952975306e-01
9.520577583144060885e-01
9.536050384313267125e-01
9.517022206584135890e-01
9.509174979548830065e-01
9.514196166169550661e-01
9.509072783942833507e-01
9.503725880127213976e-01
9.521261678692704011e-01
9.562743881291543291e-01
9.569817541579248577e-01
9.549957865696740988e-01
9.536430759679359603e-01
9.500742601100072848e-01
9.447112487278078730e-01
9.383611032215766201e-01
9.541759295335681124e-01
9.465874625596976122e-01
9.479774063653515492e-01
9.639116682576901463e-01
9.462287057996731088e-01
9.530480211398656420e-01
9.439294422648752958e-01
9.549340298453879994e-01
9.600148508567449834e-01
9.590152814404551140e-01
9.564722744758924478e-01
9.488257981467482782e-01
9.529275886446428867e-01
9.472972995314679068e-01
9.471777365942516402e-01
9.527042746357941017e-01
9.451329308745058944e-01
9.556119230457860159e-01
9.479009779068893193e-01
9.572874728180343906e-01
9.562733294815966012e-01
9.499796090185498310e-01
9.490205323170616269e-01
9.562721669759239873e-01
9.487568836986908227e-01
9.576445570381008077e-01
9.557681876030783563e-01
9.506343483778585401e-01
9.510059414958011992e-01
9.472426628474149846e-01
9.552374404652057560e-01
9.504994505917001568e-01
9.510019153328278518e-01
9.483679212216832299e-01
9.545409426047393175e-01
9.539338452816061853e-01
9.472165316370572130e-01
9.582604389591539151e-01
9.494044160093083606e-01
9.484474087052879865e-01
9.556525725609293920e-01
9.466387292395923581e-01
9.514946064274927284e-01
9.475059530457798918e-01
9.506453175150296753e-01
9.516658490513638657e-01
9.564601054980478301e-01
9.513616354474213610e-01
9.512835186403931775e-01
9.499472157381380066e-01
9.519800189077227692e-01
9.547663288311699636e-01
9.546705934977961494e-01
9.570721653354641312e-01
9.450968595543010053e-01
9.536805204725912199e-01
9.494865736654066746e-01
9.538993179576435999e-01
9.460954786097088842e-01
9.448800328159684403e-01
9.460303689584577125e-01
9.578453801750029806e-01
9.481925590900520673e-01
9.480808228271299098e-01
9.503036063040540826e-01
9.561242485333855123e-01
9.589277580566668568e-01
9.464272442828002285e-01
9.538522448881721072e-01
9.526897499263524693e-01
9.444271383169762224e-01
9.512300757499292381e-01
9.490157662069046429e-01
9.551120162156471194e-01
9.514954826668133858e-01
9.491121131167089553e-01
9.517394429389065547e-01
9.506473350350556073e-01
9.489634784608638185e-01
9.518088543331060247e-01
9.586123054287095657e-01
9.447797152259647113e-01
9.489088844850920301e-01
9.564034782834883730e-01
9.462459901865508671e-01
9.578581443443452414e-01
9.547401255197499603e-01
9.467840820414801239e-01
9.503699338446613964e-01
9.461943942246138217e-01
9.475315569379283431e-01
9.410696686488131402e-01
9.513605639219465671e-01
9.442015523068719718e-01
9.464438369953072083e-01
9.387589588342812874e-01
9.462638792007587174e-01
9.448012544735320262e-01
9.559370940051574728e-01
9.509067871767235003e-01
9.487010202292645022e-01
9.605051119730139142e-01
9.546582138662865757e-01
9.457795582086384600e-01
9.469425712703590792e-01
9.495524302650448778e-01
9.495271592274066030e-01
9.510769355379568024e-01
9.456751080787357822e-01
9.562835817088902735e-01
9.509332353244972502e-01
9.491868314291612707e-01
9.492682900378938138e-01
9.504109517314802691e-01
9.566353016773537776e-01
9.486479130766487522e-01
9.510457819987249151e-01
9.557134405154614765e-01
9.441542597880382415e-01
9.531479013423517221e-01
9.592365288403825740e-01
9.512782112042984517e-01
9.420474860804748385e-01
9.524127082208760919e-01
9.575088730598231290e-01
9.537762454309717253e-01
9.549292190484313103e-01
9.484190642373389046e-01
9.488427937970610460e-01
9.499507915608166320e-01
9.421486865343350336e-01
9.446763240769685543e-01
9.502537576679952469e-01
9.557468986491963747e-01
9.527648360229011848e-01
9.570011757074773362e-01
9.497589572276390335e-01
9.467284780527777110e-01
9.534035077528399960e-01
9.549272021580956782e-01
9.497162805915005945e-01
9.524027133216571572e-01
9.504766464305066664e-01
9.583305074559966830e-01
9.535719870335098713e-01
9.453246032179013492e-01
9.543171955586922106e-01
9.527447228251449962e-01
9.487228173601529591e-01
9.494541323219057860e-01
9.581040819617867577e-01
9.527941691098866794e-01
9.529352975891353106e-01
9.503569715152265784e-01
9.457358150979089384e-01
9.514437875937905575e-01
9.535876314823122923e-01
