9.022039153570216019e-01
8.773946327953717761e-01
8.839203291613044744e-01
8.904593842981506358e-01
9.065158831197454026e-01
8.868681042577298834e-01
9.123942494876066123e-01
8.932350901970409485e-01
8.901415316083408635e-01
9.071162566450408082e-01
9.041255434952301107e-01
9.148321391421635473e-01
9.164295257849203180e-01
9.172104229825818189e-01
9.120467345985975305e-01
9.039633633602758289e-01
9.130891842713445561e-01
9.019127256896700695e-01
9.221564475942559680e-01
9.020237399226648245e-01
9.067048479440887876e-01
9.023678755136269602e-01
8.907447360795184288e-01
9.168033340399140974e-01
8.887547186966028301e-01
9.144187414439222117e-01
9.166107335533787426e-01
9.179155513412156076e-01
9.139869984734115826e-01
9.089768031519801506e-01
9.204492383992548543e-01
9.170947486205477395e-01
9.243916981238331498e-01
9.155631633531606806e-01
9.208955744198640270e-01
9.183011481413960730e-01
9.312623556797897661e-01
9.225928082122355489e-01
9.247048300823798028e-01
9.234178595519688670e-01
9.322884793577395079e-01
9.328717429730862820e-01
9.161559334893206730e-01
9.279554300054709826e-01
9.183099922377552238e-01
9.276913248650555666e-01
9.165166534505274631e-01
9.328270901199569032e-01
9.340003680067870961e-01
9.259028075206849895e-01
9.335576597575125923e-01
9.384334476640848743e-01
9.243144741128206388e-01
9.213974985035219278e-01
9.206417637439859858e-01
9.242028485111423164e-01
9.133988300445682329e-01
9.134828208102431235e-01
9.148435101785870049e-01
9.270398345799764073e-01
9.269591795388681943e-01
9.326280210815383054e-01
9.346958793917385933e-01
9.267960643552006772e-01
9.200539453990208560e-01
9.355156620624974773e-01
9.246603324764683940e-01
9.160001177408710893e-01
9.192969337892360482e-01
9.334812186807720513e-01
9.318351617735689540e-01
9.358697838508892586e-01
9.323885279735862897e-01
9.314276889430647133e-01
9.337917014412253636e-01
9.235663094735994116e-01
9.261690759696413755e-01
9.266884478469584741e-01
9.352978647146825697e-01
9.225752995481600882e-01
9.249877879725655339e-01
9.274023370719940429e-01
9.247152805072558213e-01
9.231284085022931629e-01
9.417093906228797273e-01
9.293089055340386651e-01
9.288092378748981082e-01
9.348069411605941514e-01
9.287968211921997508e-01
9.319024661219396100e-01
9.287878299845867547e-01
9.189166142071141241e-01
9.093995588370965555e-01
9.412853594627219600e-01
9.451839580972604127e-01
9.262126935404890737e-01
9.210556831756031571e-01
9.213124242055213964e-01
9.301827673460018042e-01
9.403513035298994849e-01
9.308569937614175061e-01
9.290464845453690890e-01
9.330711166078938801e-01
9.350886089177066207e-01
9.413275348031174827e-01
9.327480434313341062e-01
9.311471597542977374e-01
9.397284750158537703e-01
9.347273667616901038e-01
9.353206787596374250e-01
9.275273606593138487e-01
9.296572739038019284e-01
9.394275991802264469e-01
9.224822411300450664e-01
9.369301277029786768e-01
9.355674681607045740e-01
9.293897262925218117e-01
9.275488853659180633e-01
9.369912094890899823e-01
9.349356319080537325e-01
9.423239824519495933e-01
9.315990151988517987e-01
9.280246165946459680e-01
9.339226290204600822e-01
9.322556685143260635e-01
9.306871704944227330e-01
9.363754074907063574e-01
9.387047621612721882e-01
9.394014536131812809e-01
9.389097090698382830e-01
9.407924014093245191e-01
9.348068875898178920e-01
9.546056440829395751e-01
9.416248343446221858e-01
9.295695026442435394e-01
9.414514467331156489e-01
9.424341954968272761e-01
9.397181319840192115e-01
9.423256903530855544e-01
9.346109149031220920e-01
9.387680290024799090e-01
9.309718485549673961e-01
9.236814706951540499e-01
9.439206270210237504e-01
9.469032434401625231e-01
9.400794371687324347e-01
9.439549734086538635e-01
9.355873689062198517e-01
9.450915858531087066e-01
9.423268442825306623e-01
9.379269345674944303e-01
9.432656400447008149e-01
9.356277207253350658e-01
9.382884829030888607e-01
9.379739015915440348e-01
9.287644072284980679e-01
9.364286363839593452e-01
9.390899352933916866e-01
9.361396288738100813e-01
9.399481481359870383e-01
9.434562143979897675e-01
9.356692111493384312e-01
9.286778357506666470e-01
9.339839854837763689e-01
9.293560222869082788e-01
9.409293536656490042e-01
9.352161129448657295e-01
9.429057256478960980e-01
9.402829079662350376e-01
9.380825338997783591e-01
9.359615198990289819e-01
9.350346976051905346e-01
9.309710438915449471e-01
9.387603955324782534e-01
9.384958714298790028e-01
9.364729650860919019e-01
9.360166195791401744e-01
9.380131264543790648e-01
9.378252381109052349e-01
9.403466111221853163e-01
9.415673013463369267e-01
9.381532590168872865e-01
9.389224015746520102e-01
9.415178951222320514e-01
9.341253616352135358e-01
9.460202299296243122e-01
9.387739667937822219e-01
9.332314481193025868e-01
9.402360203885706813e-01
9.355067822412661549e-01
9.444242123330228722e-01
9.343213408578782131e-01
9.431495597175998391e-01
9.369323886123214207e-01
9.321453908083580098e-01
9.434813733366407273e-01
9.413279140813075596e-01
9.450639159244582643e-01
9.380774120061363686e-01
9.335118899401616543e-01
9.366965463553335036e-01
9.430662022684803691e-01
9.330109156903639844e-01
9.310280882506866140e-01
9.418655197481597963e-01
9.429581216339605332e-01
9.389927693837257783e-01
9.314371766629911953e-01
9.418773993455086257e-01
9.445420250153547803e-01
9.372745500196322244e-01
9.393891947128293340e-01
9.402508333378386540e-01
9.447497122682396720e-01
9.324806016830468058e-01
9.409380448182298462e-01
9.362611736934589590e-01
9.402507345678132733e-01
9.346086466002361259e-01
9.376155801114229860e-01
9.424399147512346753e-01
9.426012948560901217e-01
9.333719058564498017e-01
9.355338687634655592e-01
9.294864601867189879e-01
9.398921897220262611e-01
9.352851092595486637e-01
9.467557955166928663e-01
9.358358529402738268e-01
9.387947489747107133e-01
9.358057733544126178e-01
9.419373528188973443e-01
9.350501193752037699e-01
9.366456800893107060e-01
9.386951122775368805e-01
9.468997120826014857e-01
9.385877151602525226e-01
9.366514879266075733e-01
9.437902034624572334e-01
9.427308848437951916e-01
9.358282918563449737e-01
9.517679027884844434e-01
9.385019388328537104e-01
9.423097776308557716e-01
9.305684228461176266e-01
9.387828657741410510e-01
9.387510521979449685e-01
9.391660186106315367e-01
9.319798322152165193e-01
9.557064908804036030e-01
9.397640418702788434e-01
9.424131638115043064e-01
9.403113731654519913e-01
9.361565196206989015e-01
9.453750659725780325e-01
9.443278099479042176e-01
9.406187783987490780e-01
9.350578510580521696e-01
9.385862045664369324e-01
9.386240801837568704e-01
9.416624327880591672e-01
9.403865960181632122e-01
9.342156514376023235e-01
9.343164846749720809e-01
9.419948271639771997e-01
9.372097294605370443e-01
9.471562681486215274e-01
9.383132357807678625e-01
9.494389897027453173e-01
9.427474178121418857e-01
9.337420267560299081e-01
9.333207021967798722e-01
9.410315885101661060e-01
9.366939756037783171e-01
9.379389922988892181e-01
9.421152710957245713e-01
9.403661575039252707e-01
9.444118118779055715e-01
9.417583796546030728e-01
9.624347610981494050e-01
9.542538657578448769e-01
9.432693820714617150e-01
9.459995548141134636e-01
9.602745288224749931e-01
9.369859698925315783e-01
9.486026686185575763e-01
9.494988207368060262e-01
9.383088842060623991e-01
9.410394308501682792e-01
9.456075320422331343e-01
9.420435922782336435e-01
9.288578489544776495e-01
9.551838630133824282e-01
9.424465103234963559e-01
9.498267701398295237e-01
9.444980712644840404e-01
9.520887760574328063e-01
9.529238154734526178e-01
9.533541025941383307e-01
9.527463594836297345e-01
9.473970266546163366e-01
9.473414851735096898e-01
9.423486538584638916e-01
9.471195662459933606e-01
9.419910594766500722e-01
9.455597129905770615e-01
9.471742936899364418e-01
9.470685783425727422e-01
9.461770056254594774e-01
9.516594235091234699e-01
9.431942708819149868e-01
9.413645471780136553e-01
9.458158772552739402e-01
9.581676824230491718e-01
9.545856488254134131e-01
9.438095438698279604e-01
9.408059696797799187e-01
9.501789925873247444e-01
9.453109177715827149e-01
9.440730600439876108e-01
9.456254149713305690e-01
9.435608092624521159e-01
9.402688286752605151e-01
9.510421062878721132e-01
9.409248251021796738e-01
9.404643978614971589e-01
9.422149827270038802e-01
9.477100641247864221e-01
9.469235111625076140e-01
9.405082517965693834e-01
9.427575439462805296e-01
9.412539421576995302e-01
9.551936159985698893e-01
9.479198187516456597e-01
9.453158694178298571e-01
9.435769966886995430e-01
9.458449762257269411e-01
9.507190813363396442e-01
9.458063754871947060e-01
9.504878433859054176e-01
9.460589320205414765e-01
9.520430383024457432e-01
9.482876883933532008e-01
9.433289558196656932e-01
9.515552828695216236e-01
9.451430218110563608e-01
9.427437788937241825e-01
9.432584163899798702e-01
9.382809014046512575e-01
9.397064447705548718e-01
9.444842371179769103e-01
9.478571089767576785e-01
9.387583582942951033e-01
9.502212304472450466e-01
9.393704081050835430e-01
9.560231711435120960e-01
9.541786695948087926e-01
9.494450390358464276e-01
9.483875112976061228e-01
9.366705300471480644e-01
9.401644324104766470e-01
9.446470974655757358e-01
9.460962625377793422e-01
9.411796120191602277e-01
9.506836602473879294e-01
9.487122684977662423e-01
9.385399888997058016e-01
9.397263826691939492e-01
9.392164460325639341e-01
9.458832681720543700e-01
9.486474792392164401e-01
9.458287792119770554e-01
9.462476399828776419e-01
9.419235854412203457e-01
9.483788477333210398e-01
9.474493636268122021e-01
9.441253858413837241e-01
9.430857625273664224e-01
9.474148957915540237e-01
9.424787323309748999e-01
9.490288451831865313e-01
9.440357530776403161e-01
9.459019422516382614e-01
9.432863285235613127e-01
9.440074384505401373e-01
9.435677868443755889e-01
9.469414947617669220e-01
9.482754594229725331e-01
9.432840161166119453e-01
9.494942256569555150e-01
9.404052310240571533e-01
9.464972413445613686e-01
9.451301484823103616e-01
9.405583798481877977e-01
9.540784585546657759e-01
9.415796323667280365e-01
9.415856759291068023e-01
9.507819849423623237e-01
9.428181209741990365e-01
9.409646146119411414e-01
9.433961552973344489e-01
9.439748658034012863e-01
9.510568435332623638e-01
9.539804032450520666e-01
9.458232330417379874e-01
9.465042906929156397e-01
9.442952057701953228e-01
9.422128835290390914e-01
9.415584698818656451e-01
9.396149410295590032e-01
9.490757536189233790e-01
9.438952770919680768e-01
9.460139277353253329e-01
9.449330670337086069e-01
9.383840392978494149e-01
9.423276827876453376e-01
9.472152251864879302e-01
9.404688928778707213e-01
9.421565161230472940e-01
9.398968021832035946e-01
9.472070094153353104e-01
9.421423529694463728e-01
9.514458871983662025e-01
9.480110813086283228e-01
9.512796857153208441e-01
9.502488987746443572e-01
9.519586382048779161e-01
9.435365416548076034e-01
9.441906554950783015e-01
9.448097681579463725e-01
9.465030153425374460e-01
9.498545927140199518e-01
9.475744642635537396e-01
9.375621408081041830e-01
9.467041134642630862e-01
9.467329177622302305e-01
9.467831799211460231e-01
9.486571164368531317e-01
9.428828398049369230e-01
9.497406040700177021e-01
9.451630291406071249e-01
9.397678003720085771e-01
9.508880179244013631e-01
9.440633438734754579e-01
9.545979182882097236e-01
9.508628933510309134e-01
9.541623539232587659e-01
9.428175926327376777e-01
9.440150572610260804e-01
9.569597634203806935e-01
9.399843663712933450e-01
9.502309689916811353e-01
9.474471766911003456e-01
9.423143615703070131e-01
9.420726645753941808e-01
9.458309972417765499e-01
9.486526975855540389e-01
9.453510554218698125e-01
9.392708657847569365e-01
9.433310786942027404e-01
9.518041625081268275e-01
9.567969115415765335e-01
9.516510794022289277e-01
9.454704802620497173e-01
9.432649253629815655e-01
9.486988142801784374e-01
9.579673446539124226e-01
9.487988057224561178e-01
9.370313713114321041e-01
9.433967297487712012e-01
9.531775856843640593e-01
9.420960953498684898e-01
9.333048217991495310e-01
9.448168446475351256e-01
9.480728934620998860e-01
9.408824768402967997e-01
9.443497774905931230e-01
9.481212107407137601e-01
9.460998113080097971e-01
9.486504461142516442e-01
9.424175408143783406e-01
9.409551017233471759e-01
9.464278636590602867e-01
9.369879584197987610e-01
9.557468964435926750e-01
9.500300362953375544e-01
9.429256310367312155e-01
9.542791512864241543e-01
9.435463223630625729e-01
9.464390627940656442e-01
9.526329206492372137e-01
9.481517657158577972e-01
9.441464326440903720e-01
9.530005291447006810e-01
9.510099251614092530e-01
9.434084292287433504e-01
9.429028371130330211e-01
9.494792898262593983e-01
9.526294448400203230e-01
9.455178525540257617e-01
9.463671181633592777e-01
9.450250190466725764e-01
9.550633999743378677e-01
9.434911237204037793e-01
9.409814866553944945e-01
9.431696674577332296e-01
9.405412361150145006e-01
9.481188563874782815e-01
9.544385847016143565e-01
9.498863568105562205e-01
9.473644161588791190e-01
9.502251481744358186e-01
9.461268660037027711e-01
9.481292917800435704e-01
9.355966426229384014e-01
9.470261054655599864e-01
9.501219356646692926e-01
9.547793890354671076e-01
9.430895752344001792e-01
9.446948300771284002e-01
9.515856827367773496e-01
9.413833600757096631e-01
9.493514511874063810e-01
9.463609007308128040e-01
9.423535572914638614e-01
9.501934152181097382e-01
9.498033193958764775e-01
9.487166223740655102e-01
9.418353442898960148e-01
9.489916581567292564e-01
9.563462386223255951e-01
9.548516895403544869e-01
9.424656340437879143e-01
9.427759515687660352e-01
9.446640462859992038e-01
9.359078840755087336e-01
9.490322535147676097e-01
9.477994613367296539e-01
9.458609456790373349e-01
9.523016125983978508e-01
9.411621282522095733e-01
9.468396148736774043e-01
9.455854118062529956e-01
9.440004331453297759e-01
9.504815211469879177e-01
9.508967801695549227e-01
9.514395352596035638e-01
9.490859504158986049e-01
9.487535962826880720e-01
9.379276960381119910e-01
9.424178407863156304e-01
9.493656190318247035e-01
9.518615663489281564e-01
9.394853345799643041e-01
9.463620129032347394e-01
9.454143582338041529e-01
9.509888721585051385e-01
9.414180223922508084e-01
9.491752804138122723e-01
9.534884929437842382e-01
9.452780282229038544e-01
9.441165117770162762e-01
9.485237284493994725e-01
9.455749052392968812e-01
9.500761461510589534e-01
9.487650170414323458e-01
9.561026334283169170e-01
9.458082732884527388e-01
9.513235417108572012e-01
9.523714034001458106e-01
9.411991894137915482e-01
9.414668993667666408e-01
9.480333694584021087e-01
9.427398241498154974e-01
9.435268106328714710e-01
9.457899341134761162e-01
9.456799813767372553e-01
9.479442112899506556e-01
9.456754566316746269e-01
9.529317219604565015e-01
9.493871889788585428e-01
9.537437891100993825e-01
9.440503590510544996e-01
9.562021977803021322e-01
9.386131186421864392e-01
9.419809823100493418e-01
9.480006418365231058e-01
9.444797851331538929e-01
9.416361885824332534e-01
9.457348276014119204e-01
9.452298074403111539e-01
9.506162991402571372e-01
9.438152412449718476e-01
9.521799075729370232e-01
9.451591480934224965e-01
9.511100339551590288e-01
9.459305563853223076e-01
9.535930192362213065e-01
9.428025409070790452e-01
9.472647970801340023e-01
9.549605021450514597e-01
9.512053911391205041e-01
9.433760470958431066e-01
9.437420520304141691e-01
9.466013373780188811e-01
9.354227702752201390e-01
9.388402679366710801e-01
9.439060724427161819e-01
9.452672288842317583e-01
9.536480960021793685e-01
9.550014552596265416e-01
9.421409630423751569e-01
9.457229272970582024e-01
9.427232165655474727e-01
9.402891523255902939e-01
9.421218983085921650e-01
9.475638094373454168e-01
9.371181664043842785e-01
9.455789073224240004e-01
9.573987494901838868e-01
9.426372956209408960e-01
9.457015755234724486e-01
9.523783968779899745e-01
9.406059358318118457e-01
9.457021438627032373e-01
9.494218002751229069e-01
9.522712973387799096e-01
9.397972603176070194e-01
9.490141243264633708e-01
9.529610761263133112e-01
9.451793450143450848e-01
9.561242215965283231e-01
9.544650637437375185e-01
9.541278188926978210e-01
9.555991216099976038e-01
9.542821567409240924e-01
9.504232207145206779e-01
9.562558298361342191e-01
9.462640960863556439e-01
9.547837920808945888e-01
9.414931260731499441e-01
9.351811935394546138e-01
9.471503758812791496e-01
9.492242432855428902e-01
9.441974492563446342e-01
9.461645362303738871e-01
9.512794966324331636e-01
9.532342370260016295e-01
9.471775092336163215e-01
9.491942644259195871e-01
9.510318404572656314e-01
9.462877010871743044e-01
9.558441950941743981e-01
9.516751611424405510e-01
9.411113098737305949e-01
9.483677197870942210e-01
9.446828152824723324e-01
9.522408485330393635e-01
9.458176975110802465e-01
9.504211900613874775e-01
9.532011670014849392e-01
9.496681028741649211e-01
9.542915120987162103e-01
9.532268961713831201e-01
9.483652564401494622e-01
9.480716820662823396e-01
9.467857459287095656e-01
9.541626818724977532e-01
9.509776566578099777e-01
9.538104766532827794e-01
9.440687852032375593e-01
9.465679541837590527e-01
9.519487042517290609e-01
9.509875317139317996e-01
9.516626542093787888e-01
9.570296089351599811e-01
9.529279077983308088e-01
9.444678652341498282e-01
9.579014025745373750e-01
9.495693125670332524e-01
9.478015427171162521e-01
9.520108992817685190e-01
9.481372602215206724e-01
9.472896746952234048e-01
9.485184071774511727e-01
9.464478475744845243e-01
9.459318732701166299e-01
9.502474244786963675e-01
9.576556601124763812e-01
9.484298445717388448e-01
9.508838862148348836e-01
9.565415119987712433e-01
9.469114517428587341e-01
9.420224026001892126e-01
9.462003592092598225e-01
9.442804027014219947e-01
9.547893655154631176e-01
9.467261490481075903e-01
9.425527410689643615e-01
9.478159673938613139e-01
9.439645898591036977e-01
9.431038161085022464e-01
9.530754546069539757e-01
9.422943060422470651e-01
9.348209650212844224e-01
9.487063161492578223e-01
9.591905629466025429e-01
9.437480382048041294e-01
9.476411073816968234e-01
9.496261468890394575e-01
9.545716872330430869e-01
9.528190298834374738e-01
9.532647661858775212e-01
9.527542837758865568e-01
9.457301619719575836e-01
9.444477559946540257e-01
9.477220487851191200e-01
9.528582965699373686e-01
9.562584283036899002e-01
9.564744142698322626e-01
9.551565907610143347e-01
9.451247379400120607e-01
9.405974863301141964e-01
9.483534776018716084e-01
9.476865775836084138e-01
9.486154688304121452e-01
9.471072121359251916e-01
9.569560576587253786e-01
9.427372603875538992e-01
9.479847224988495746e-01
9.480223440805286561e-01
9.487498852165744401e-01
9.485508794869320637e-01
9.539349742367407847e-01
9.549964555768434282e-01
9.494431203204233283e-01
9.411574568628963133e-01
9.483174985195763629e-01
9.505215904125340343e-01
9.513877788288773729e-01
9.542001072074114409e-01
9.401650923760001000e-01
9.404551921017677563e-01
9.468200683734419032e-01
9.517045994309906165e-01
9.511452949657688283e-01
9.511252886928329708e-01
9.497920486086972591e-01
9.538554729561375956e-01
9.400768383298001574e-01
9.399098083561024941e-01
9.491602804960268536e-01
9.482412702266387328e-01
9.479749377835272606e-01
9.568916018745096119e-01
9.442780069551388600e-01
9.465462912093873804e-01
9.485363312389530899e-01
9.599133350435409273e-01
9.368076517649289725e-01
9.532498066817288729e-01
9.462831349731349873e-01
9.547558635136941252e-01
9.463804585767525701e-01
9.475504445014947263e-01
9.494928660114159147e-01
9.496936304744452162e-01
9.486653465014043274e-01
9.434874222370126517e-01
9.506233516429135610e-01
9.413811877905190473e-01
9.483912145298348806e-01
9.482927907912477306e-01
9.491138549264915847e-01
9.488141435833093995e-01
9.467392921890237512e-01
9.470056703589926350e-01
9.518329764128798942e-01
9.509518137218464506e-01
9.562540334200438918e-01
9.458174004556447745e-01
9.498695764951626819e-01
9.585166617591193150e-01
9.497292634067869832e-01
9.532287554423004572e-01
9.552658296993661313e-01
9.535582004095678466e-01
9.491773715680278389e-01
9.521529872491071300e-01
9.445943273911012739e-01
9.583659403098429008e-01
9.504528768534308281e-01
9.529771773230977239e-01
9.505885359287487013e-01
9.531365482851884563e-01
9.490172642694308935e-01
9.472876427102231434e-01
9.502556405356115121e-01
9.520479153456414823e-01
9.525175934208881534e-01
9.524573220512908556e-01
9.493707033103417903e-01
9.435456201660719078e-01
9.463121267005977222e-01
9.485067414236462158e-01
9.480411580291224771e-01
9.530415339133797570e-01
9.496404622555075781e-01
9.482348422142059530e-01
9.461270065958811148e-01
9.435953171026991715e-01
9.526514878172792633e-01
9.517421095619578164e-01
9.559665073156955462e-01
9.560869535627305460e-01
9.525832782760664807e-01
9.626954378072994922e-01
9.489328776451837477e-01
9.536756809387337830e-01
9.504069833078032659e-01
9.583200061713210705e-01
9.579205459924786670e-01
9.488152759780872358e-01
9.551344807849051488e-01
9.525493972350409511e-01
9.576659347526303989e-01
9.479983330301439137e-01
9.500603209065997534e-01
9.542918514702884991e-01
9.543408146068559361e-01
9.563726136149363066e-01
9.542232088562216941e-01
9.508257126909651635e-01
9.476858602460486170e-01
9.550707076576158139e-01
9.569749079944148695e-01
9.499737593722262785e-01
9.479979645936777999e-01
9.503358330681337396e-01
9.638275114323264781e-01
9.537407764574551416e-01
9.482897310463814788e-01
9.517989877916720465e-01
9.461910942299782690e-01
9.558734379968392147e-01
9.529664106458168860e-01
9.572621320550491752e-01
9.511323632074524248e-01
9.528209891298625722e-01
9.531159866265618286e-01
9.535658109675027028e-01
9.516173378374065406e-01
9.577672303687821964e-01
9.550434988053900787e-01
9.549187392239647520e-01
9.518989925396703633e-01
9.558915324872261365e-01
9.487632356343983497e-01
9.592351381523953613e-01
9.502088164722297670e-01
9.549309638596805705e-01
9.535839818281782732e-01
9.578159334981585227e-01
9.485543684762619554e-01
9.545436260725810307e-01
9.562706877186883947e-01
9.550294507739326422e-01
9.550458410367883566e-01
9.538017721979131780e-01
9.541788810039598667e-01
9.546828821577707513e-01
9.506420829041134501e-01
9.525936552964907600e-01
9.575073414900134861e-01
9.485574568903212267e-01
9.513315767595348360e-01
9.591591465395598037e-01
9.529778827512974670e-01
9.569465474711614794e-01
9.538616273002221702e-01
9.524271081199590094e-01
9.591284858704557381e-01
9.588324720567481529e-01
9.511544392170511175e-01
9.537024146126928947e-01
9.527923447139252655e-01
9.558214242240359315e-01
9.500469375754724277e-01
9.564356753011362677e-01
9.466232098569627995e-01
9.530682552077111014e-01
9.483149093855880452e-01
9.590167099834921993e-01
9.601961369884761677e-01
9.508028887786512673e-01
9.561652569069351015e-01
9.576223749692336362e-01
9.503562037116460859e-01
9.579580369379351312e-01
9.532662843201125114e-01
9.552738115645666994e-01
9.484469345299693099e-01
9.532222565335668474e-01
9.568166967897561159e-01
9.577592177008006358e-01
9.555926542240708033e-01
9.430551839818943627e-01
9.557443017037769994e-01
9.449192156977958001e-01
9.587424965267574706e-01
9.512853037256933098e-01
9.558678632592347846e-01
9.561379819395162682e-01
9.437558799407403942e-01
9.532753907424534878e-01
9.586816970934866067e-01
9.520219969340278920e-01
9.518393928581011521e-01
9.535667116220954975e-01
9.537238834197683257e-01
9.538731627407841529e-01
9.494425902348163637e-01
9.492162994529307340e-01
9.509390424290128374e-01
9.488328028079109355e-01
9.505591179228879417e-01
9.461813316205232027e-01
9.554167727555519241e-01
9.547561444628387406e-01
9.511153487815542373e-01
9.498143957248639246e-01
9.618612547975038396e-01
9.485097373324298253e-01
9.526223801211615161e-01
9.557500638078524346e-01
9.568869371326016449e-01
9.622048272807366409e-01
9.553091593740160592e-01
9.509515553810018451e-01
9.491870953687228107e-01
9.535247114729071827e-01
9.577838785658912002e-01
9.469740479483373941e-01
9.492578932716690954e-01
9.505650284367621605e-01
9.506649524585816247e-01
9.534625682067044972e-01
9.586121980924424690e-01
9.560302912218605620e-01
9.550441832316464152e-01
9.520167846125344724e-01
9.503139577202448507e-01
9.515969024595850589e-01
9.525793178561455798e-01
9.568047254905289734e-01
9.549692533781146686e-01
9.602692811133137774e-01
9.539781491039955874e-01
9.549886075128959373e-01
9.540178474794729357e-01
9.536456785851699092e-01
9.503703494772156590e-01
9.419304731978844769e-01
9.523190818781948064e-01
9.616988520321397838e-01
9.487781383432650761e-01
9.548429593351727140e-01
9.566049544410765160e-01
9.637162268987243818e-01
9.550349382886522687e-01
9.528324654997193388e-01
9.477242788647279870e-01
9.526096415707010490e-01
9.602331436967156408e-01
9.548396409871606760e-01
9.484294547703100431e-01
9.510517075859019620e-01
9.506110640924586574e-01
9.518958270977013747e-01
9.475747914393012339e-01
9.598097025321081777e-01
9.596627685321190704e-01
9.529373150851069285e-01
9.544078861900523458e-01
9.501626832105872777e-01
9.500939042670402124e-01
9.461401915411069563e-01
9.502606815189642564e-01
9.471330018311709953e-01
9.505415013193241336e-01
9.590034553407658091e-01
9.511907699162591712e-01
9.576806392143462077e-01
9.521999727100923794e-01
9.495625061697617886e-01
9.507305893397574037e-01
9.547802753960111799e-01
9.493678713044311213e-01
9.555990015715221109e-01
9.519502904618424299e-01
