8.719485343651985909e-01
9.017552103520494189e-01
8.971112198090496204e-01
9.023526681282413309e-01
9.091941711654937253e-01
9.037306628177063095e-01
9.067913778751902631e-01
8.995766140213309336e-01
8.964009505891972207e-01
8.946244930716824584e-01
9.039631300367312328e-01
8.974046105963292552e-01
9.166140518572906126e-01
8.942110278956948433e-01
9.120116680654406505e-01
9.124633679332133651e-01
9.061374651998987950e-01
9.125683985664498898e-01
8.984127326758281074e-01
9.095822703835275691e-01
8.989549477890096396e-01
9.004803012347101232e-01
8.970208898839523437e-01
9.215847941472808946e-01
9.072589363148321207e-01
9.065213737726797172e-01
8.983403934237428334e-01
9.010869875027418541e-01
9.027186710326980945e-01
9.088716375665342184e-01
9.166007592067407783e-01
9.080726924475733819e-01
9.247365471027029216e-01
9.127392096944231259e-01
9.240742834005680750e-01
9.108539109430188185e-01
9.256974525035647217e-01
9.162549349482911332e-01
9.116289731736445523e-01
9.292457462926461131e-01
9.146699474806463392e-01
9.103480434819154477e-01
9.140071567461320878e-01
9.258517962926426925e-01
9.343593378248188364e-01
9.253589596272319140e-01
9.180439313114723276e-01
9.225986683667941612e-01
9.141509749556804287e-01
9.290985848216848364e-01
9.295033637654520620e-01
9.161554961867756086e-01
9.285445104622320756e-01
9.252448246222487738e-01
9.162646146175341677e-01
9.249269694739864489e-01
9.341222607353510954e-01
9.339771990926160061e-01
9.224174183606623778e-01
9.362336353730975613e-01
9.247492739139669959e-01
9.335555565036951498e-01
9.267451507844809422e-01
9.278586531075410093e-01
9.364582955867427616e-01
9.204676419238567719e-01
9.423149648213463569e-01
9.214692491192110202e-01
9.425618381739201412e-01
9.337757444390065720e-01
9.355018078244935475e-01
9.354209863723025320e-01
9.419840795733647187e-01
9.406549480056402013e-01
9.302633171024193848e-01
9.285440264981953407e-01
9.311712350968602836e-01
9.448191973991955095e-01
9.406133160970149287e-01
9.413752050333465959e-01
9.368241376047663493e-01
9.338000942234266910e-01
9.325341877791996081e-01
9.291584240514808579e-01
9.418326874064194554e-01
9.299368897304133297e-01
9.353941245354439049e-01
9.357593461047324368e-01
9.404113804272955512e-01
9.335544183603401436e-01
9.326171992942922095e-01
9.515641018652370997e-01
9.352093116322428568e-01
9.376772534219968147e-01
9.315274961035394652e-01
9.320842975310839051e-01
9.459964513911607309e-01
9.443930740848064387e-01
9.395748319760809375e-01
9.355268318212920375e-01
9.390607711293016413e-01
9.490422775355942253e-01
9.354255334276955214e-01
9.365952371637447094e-01
9.336865376464595911e-01
9.431189180522305815e-01
9.359184739411920972e-01
9.384998642483495246e-01
9.455252045291701046e-01
9.514913311146180330e-01
9.383240754414573503e-01
9.505331664229782485e-01
9.520752666927159158e-01
9.380769300931730559e-01
9.345182578319202182e-01
9.440196407377982046e-01
9.424105755980158872e-01
9.406584634741796958e-01
9.436501069236682415e-01
9.409378283893754524e-01
9.412074062204633940e-01
9.415507137210253896e-01
9.416657791310499848e-01
9.395080964590124539e-01
9.413724580721616331e-01
9.464088534648544826e-01
9.476317136414382780e-01
9.377467229035613139e-01
9.551678208393782343e-01
9.427864956124675233e-01
9.478641283641802140e-01
9.508173524845918712e-01
9.361609262281120891e-01
9.468617494500954912e-01
9.415863316504359259e-01
9.511369190258756046e-01
9.487744598083637237e-01
9.498798033105100291e-01
9.455259088872574047e-01
9.465087971249275256e-01
9.409957781039378633e-01
9.299895105630071601e-01
9.433137012969471380e-01
9.323163405157051109e-01
9.392877221907869334e-01
9.309746831654179822e-01
9.486643766155925528e-01
9.348532025760007969e-01
9.547719689973257484e-01
9.360117736293394053e-01
9.407240296479230102e-01
9.487123540798353405e-01
9.256629086585894672e-01
9.386300198313061172e-01
9.432611216408353094e-01
9.412239715146591967e-01
9.357218816117693905e-01
9.453834785905312899e-01
9.366999542949304702e-01
9.437970867368581374e-01
9.435724662625567527e-01
9.416122435800191592e-01
9.413594426313934838e-01
9.441380063257838184e-01
9.423747361672616396e-01
9.427617619602739474e-01
9.418229479322439701e-01
9.375575528024383543e-01
9.464367147334415975e-01
9.338816092019787130e-01
9.407583071963734334e-01
9.407561942732357574e-01
9.363459782728495995e-01
9.514993283156922832e-01
9.431977568499925191e-01
9.476485802508912704e-01
9.416910330274613772e-01
9.432530558928846620e-01
9.511792891353200163e-01
9.316859751396278089e-01
9.364001453896686478e-01
9.406411326489637625e-01
9.460191198983491923e-01
9.368320464497856825e-01
9.491509422621332570e-01
9.274022703563978842e-01
9.364331404379317991e-01
9.466307239003937113e-01
9.449346060463740260e-01
9.345544864683422714e-01
9.493858592281909647e-01
9.450837811407615252e-01
9.473843915373734159e-01
9.427136620908451725e-01
9.416103931324981691e-01
9.397929542418301807e-01
9.438685947889606798e-01
9.486348868292603376e-01
9.378837398411397075e-01
9.445677454048428956e-01
9.410955260997213578e-01
9.363942948143386680e-01
9.468682887074513221e-01
9.496479818015811647e-01
9.513031826208200314e-01
9.478307530257155111e-01
9.334108162510379447e-01
9.362576965426037123e-01
9.373770716427126670e-01
9.414905573989551524e-01
9.403431284242901311e-01
9.457074532368267006e-01
9.484177091552240535e-01
9.363245131763793250e-01
9.527744108690342495e-01
9.381217957135550289e-01
9.390135694397397925e-01
9.443299716773521091e-01
9.393735966022240813e-01
9.457060417667371155e-01
9.407883215868227955e-01
9.483202114579976083e-01
9.453748608736929349e-01
9.444151309711362741e-01
9.466523100540057412e-01
9.456683047185830970e-01
9.614985546772976122e-01
9.557489621542165636e-01
9.427421662739031705e-01
9.464247839853123789e-01
9.471146746196571486e-01
9.417156088581626339e-01
9.403059146825691883e-01
9.459027165787048386e-01
9.492475373237116987e-01
9.391101978368934233e-01
9.390834353578568772e-01
9.458596027566222864e-01
9.378493696279545100e-01
9.387716799910680310e-01
9.465520176671362584e-01
9.443713878350282753e-01
9.430767701934199554e-01
9.549500751740869209e-01
9.317384945673319319e-01
9.394645410153781295e-01
9.438453996785938216e-01
9.506941428988465725e-01
9.403030660253560713e-01
9.468542734668550231e-01
9.525900436457527265e-01
9.404055899218402015e-01
9.509037163483191613e-01
9.424365460027079866e-01
9.312814517609976361e-01
9.456436938664282144e-01
9.501856785953245454e-01
9.421444724353995603e-01
9.468196722322373970e-01
9.434386979467020984e-01
9.522405004325068534e-01
9.597194282369757579e-01
9.403199478597145111e-01
9.506944032165235425e-01
9.536692175720122844e-01
9.523520025939998801e-01
9.525275481163678615e-01
9.589199267316704800e-01
9.517360578848430563e-01
9.520717689190532074e-01
9.508246176749041156e-01
9.478445685578824609e-01
9.453939229152489299e-01
9.491971242510731654e-01
9.417571287375211542e-01
9.452747334246315303e-01
9.458166330183320758e-01
9.408277478282142114e-01
9.514577943659857651e-01
9.451424716546160676e-01
9.467361133980137788e-01
9.495363450725413657e-01
9.441634770539963917e-01
9.471908170685451323e-01
9.318099332234491827e-01
9.461098987457328136e-01
9.420538247574531399e-01
9.456734136145027447e-01
9.442377970888589100e-01
9.416310915387761105e-01
9.481593768300220493e-01
9.435312154176577204e-01
9.452461595504948466e-01
9.453060113010729459e-01
9.501955994163122643e-01
9.451538837434307894e-01
9.469953206916390531e-01
9.479994481206035495e-01
9.360027914844021302e-01
9.498535025640868490e-01
9.443225272435669115e-01
9.453494504445736357e-01
9.465152241591185955e-01
9.509913895777450943e-01
9.581902131136682543e-01
9.513828872613357968e-01
9.400801237920985987e-01
9.467439190513980973e-01
9.454699274327861280e-01
9.450023987156348504e-01
9.499326846417827097e-01
9.427924703347074775e-01
9.425269489955390156e-01
9.476395882974419926e-01
9.558814710697827177e-01
9.501481819283629227e-01
9.594046596114640391e-01
9.557928071854532304e-01
9.349410688599720798e-01
9.503360242513981815e-01
9.428969686560635388e-01
9.478174547401643224e-01
9.439170813665563875e-01
9.409049422212959479e-01
9.439795948482817556e-01
9.490428248828203239e-01
9.358492919353780248e-01
9.504416069251984123e-01
9.417328987442484811e-01
9.386252707500427617e-01
9.462656497414643209e-01
9.386711271084687835e-01
9.504788455379136192e-01
9.501142967640926473e-01
9.480331755817494876e-01
9.470214127502475376e-01
9.403667639764704544e-01
9.505215813493935739e-01
9.543461787018316933e-01
9.490533629570321317e-01
9.433847181732215592e-01
9.432797728088846423e-01
9.488047884083943284e-01
9.418436840932852272e-01
9.472075037595728553e-01
9.401851769347637777e-01
9.485114246574597452e-01
9.359671887934198908e-01
9.438125020149434885e-01
9.443503401221839955e-01
9.474216846603934483e-01
9.406429990043869704e-01
9.412408175101552033e-01
9.519180977701584556e-01
9.421197075263963994e-01
9.467535075903701358e-01
9.466651973279226473e-01
9.477380414987641721e-01
9.533299553396568093e-01
9.580334480703556199e-01
9.416014959289286113e-01
9.509277009626785349e-01
9.427428836291601444e-01
9.432304864003236977e-01
9.421306571357925819e-01
9.474236950402280533e-01
9.430333376864783457e-01
9.548359652386723129e-01
9.485161523300184028e-01
9.427457770907298196e-01
9.468730300939014466e-01
9.479661765251098382e-01
9.437482488230279909e-01
9.485217889272271607e-01
9.361103311913225866e-01
9.494678652944056330e-01
9.488261243178811588e-01
9.413568303157023864e-01
9.428269933471118414e-01
9.397820784805458461e-01
9.417682965295459674e-01
9.359942791309094900e-01
9.455601681119489843e-01
9.508989676161035964e-01
9.352821818633550999e-01
9.406067816070029508e-01
9.522542010910971522e-01
9.453789198147753980e-01
9.440471579968449101e-01
9.549831908636700062e-01
9.536255915481137713e-01
9.523406638140851088e-01
9.470371131838903889e-01
9.423498416150145607e-01
9.565606087222177090e-01
9.354080033734751831e-01
9.512604787819805008e-01
9.576407935317245990e-01
9.442260059516079940e-01
9.426677868126434046e-01
9.470713104665743343e-01
9.480264495367373145e-01
9.497671011416657372e-01
9.457254583549257188e-01
9.485582906544867132e-01
9.494763607134900640e-01
9.403891968799757972e-01
9.425098457212952585e-01
9.398958279996051379e-01
9.543858098932541667e-01
9.362921394655703278e-01
9.395357323624703438e-01
9.503058430362470999e-01
9.525159809742946848e-01
9.428442989137078012e-01
9.492966759561077827e-01
9.419321646300370388e-01
9.487889739418353674e-01
9.438750574736800569e-01
9.427155113425275124e-01
9.516217449612353052e-01
9.505450022403166832e-01
9.447605750380694278e-01
9.554466024524240764e-01
9.554408864558365799e-01
9.515463334040310528e-01
9.439455784238522940e-01
9.444105037851862061e-01
9.431611812922752192e-01
9.423793505646540503e-01
9.371693108755714263e-01
9.358460501801059150e-01
9.360528880659542139e-01
9.482592691474585056e-01
9.518077462572540615e-01
9.535710267469282853e-01
9.383784772784631301e-01
9.559338348358824566e-01
9.501103879975252298e-01
9.532363412881000864e-01
9.555313671211470572e-01
9.493427898275911270e-01
9.538048507403951159e-01
9.461307440671035129e-01
9.544775841455943599e-01
9.521794548385145163e-01
9.417940171429175500e-01
9.526879399942792537e-01
9.496804614070880612e-01
9.522466049904955154e-01
9.485474366176638306e-01
9.567550659145588332e-01
9.508187067252804603e-01
9.527948450971712724e-01
9.577015792817479278e-01
9.507302958483621058e-01
9.582113465619939152e-01
9.505417220068692608e-01
9.485277550590867079e-01
9.524144290874371199e-01
9.549671405790101097e-01
9.415718815324438662e-01
9.522226338549755198e-01
9.518241236922005966e-01
9.566234246569206290e-01
9.599369335786720470e-01
9.550011552922242908e-01
9.569093571914293328e-01
9.592621397477085754e-01
9.611294216478123431e-01
9.566461842620839207e-01
9.588069241150901645e-01
9.539712438469127864e-01
9.569236768668725190e-01
9.551491361433570582e-01
9.463518675009219283e-01
9.436776064905386674e-01
9.600957839584256526e-01
9.487209343959841501e-01
9.554256851964446629e-01
9.528941905928641765e-01
9.487313883219092858e-01
9.603554614664944200e-01
9.508981218375963662e-01
9.444279340205438134e-01
9.547172777427541668e-01
9.382926731833522993e-01
9.523785556944401876e-01
9.488427926770707233e-01
9.447925503410563586e-01
9.481260495972678726e-01
9.584185421661822746e-01
9.515617955986637178e-01
9.620690415962029896e-01
9.523711762528688229e-01
9.610714196440679480e-01
9.599964632831249345e-01
9.543017240589377614e-01
9.513132624211348976e-01
9.545163499407167684e-01
9.544817342846891872e-01
9.555012143555774440e-01
9.516447452677947449e-01
9.570601008335718474e-01
9.530945887899331392e-01
9.562543290279995611e-01
9.530361623755311262e-01
9.457579921351577656e-01
9.578618714035238568e-01
9.491060329379032989e-01
9.542658155089245309e-01
9.486320060131215870e-01
9.550333025608119808e-01
9.560072341722423150e-01
9.560906744275935454e-01
9.511674692388020214e-01
9.525128521382880686e-01
9.558829177163602475e-01
9.582354088093345545e-01
9.563658422223361155e-01
9.434591412000282729e-01
9.589995962845678790e-01
9.603751659565336052e-01
9.497279717560176415e-01
9.555645520288628125e-01
9.451273998632921947e-01
9.509027488493043689e-01
9.437064331198575795e-01
9.508215767037389021e-01
9.606124921027081598e-01
9.498013145104696742e-01
9.532621575343703801e-01
9.537110641621285856e-01
9.530552244563176290e-01
9.540033802437841715e-01
9.536933949555908008e-01
9.617643001799303093e-01
9.537245412782213716e-01
9.614750478807583267e-01
9.538303814472409714e-01
9.507849590471733059e-01
9.530840714335192532e-01
9.505813787491328437e-01
9.552990181237406286e-01
9.612482952800951441e-01
9.492608013102344922e-01
9.527811408015134376e-01
9.545513744082633201e-01
9.514495806923735088e-01
9.606479550826554359e-01
9.532479175220305301e-01
9.546040061881359007e-01
9.506973358557887499e-01
9.590590885885525996e-01
9.551113808964949436e-01
9.527142587481766123e-01
9.528330436080895138e-01
9.589743102305378075e-01
9.538807502338229050e-01
9.565349474688733533e-01
9.592065517362468041e-01
9.625510844463858184e-01
9.569107503905357470e-01
9.594255121422478050e-01
9.512772839128555979e-01
9.519824406016756946e-01
9.603481435789319454e-01
9.543444893648908023e-01
9.564777599993199431e-01
9.547527144964353951e-01
9.554674175906712197e-01
9.506813217913625547e-01
9.472910907637031031e-01
9.576787212403832239e-01
9.560635699654924657e-01
9.566949247949624313e-01
9.544261890123280079e-01
9.540128519908198657e-01
9.528147374053900220e-01
9.526024277897853221e-01
9.514442665163304058e-01
9.533896114016094936e-01
9.548863937315483774e-01
9.499200883616084612e-01
9.496854035550800210e-01
9.545265256002388732e-01
9.615365693442986528e-01
9.486972529867608861e-01
9.621826244537790007e-01
9.545627755627944522e-01
9.584548173825351292e-01
9.565705261803186810e-01
9.459377408733121717e-01
9.586579517957902752e-01
9.547609727037478233e-01
9.612307425855669551e-01
9.462984276305397291e-01
9.509954236882657286e-01
9.557941775834111198e-01
9.597816320318495187e-01
9.568661290656350626e-01
9.467020035016925350e-01
9.627747716399039923e-01
9.502512688557582798e-01
9.464844546781155943e-01
9.455953745097790408e-01
9.509221723003423721e-01
9.603114632164307940e-01
9.559853293884179593e-01
9.557471313769968502e-01
9.545802352409293867e-01
9.563657617072505168e-01
9.590459976381773277e-01
9.563470583549452675e-01
9.530624487814265411e-01
9.564047621839130153e-01
9.545083073464728507e-01
9.550726292023083985e-01
9.572825015053115782e-01
9.521380606288739612e-01
9.493021142671546064e-01
9.575035065294517089e-01
9.527888850119853315e-01
9.540102591299123302e-01
9.517906773046178603e-01
9.501244615789617987e-01
9.569865982436482899e-01
9.577035675810954274e-01
9.568941440042357804e-01
9.568995336578112187e-01
9.543481197384885428e-01
9.588612392901147974e-01
9.459368402323546920e-01
9.569912936147443316e-01
9.544290633853836914e-01
9.520274597841452691e-01
9.499272277222436944e-01
9.494143140721136298e-01
9.557921557043310701e-01
9.550509508972183648e-01
9.525844300497798844e-01
9.507199299482058663e-01
9.482075331727526368e-01
9.607103443909820184e-01
9.542413994417144885e-01
9.555249887645426154e-01
9.563084685896795500e-01
9.576759256551211630e-01
9.583320945491810017e-01
9.575179924756812566e-01
9.537672342051233265e-01
9.553228362165452348e-01
9.528027393337759055e-01
9.563165414414790400e-01
9.590140640423525653e-01
9.556327361337063619e-01
9.500713421788680169e-01
9.613348847989869883e-01
9.583708858268050745e-01
9.609724903284265762e-01
9.599655937953872620e-01
9.573061865467198395e-01
9.504624010911680854e-01
9.562372219123015382e-01
9.592280255024959734e-01
9.465295652477364596e-01
9.513266193944014404e-01
9.620895427023714586e-01
9.595142187017864366e-01
9.587796426067042299e-01
9.513375673179302883e-01
9.541815816804724015e-01
9.466905184600591383e-01
9.533862092996899795e-01
9.552144634076156215e-01
9.564965000401524087e-01
9.564961323087562972e-01
9.514844023330064626e-01
9.481801076051189492e-01
9.495997376513494181e-01
9.619755394277187399e-01
9.496686856231252305e-01
9.542919153002147326e-01
9.521337642026068693e-01
9.639683223862987038e-01
9.498339679835636762e-01
9.533158659717144712e-01
9.552013741311192740e-01
9.532721127421038831e-01
9.552727045745372791e-01
9.511595138213887468e-01
9.559382801071241165e-01
9.548486795000037386e-01
9.586946940349928559e-01
9.603471115106421152e-01
9.528244619373993363e-01
9.525613880077220541e-01
9.529438487867291085e-01
9.620913205709061833e-01
9.581061042858610710e-01
9.596572523679953726e-01
9.590500446565860537e-01
9.481870933682304825e-01
9.536203396946156818e-01
9.480626793841089306e-01
9.547087804246036091e-01
9.589187747974802223e-01
9.516282460231104690e-01
9.574365236292115000e-01
9.574233544814957364e-01
9.529825460664710368e-01
9.526827117038769721e-01
9.571205840678689292e-01
9.517559392063960066e-01
9.578124873345639223e-01
9.558813144276850915e-01
9.548474475692698693e-01
9.496449475162093146e-01
9.550722318439984759e-01
9.405801483960054554e-01
9.530741433052815070e-01
9.521058710036554018e-01
9.577066632080862840e-01
9.571854977657480168e-01
9.559708817529812830e-01
9.494738106601445793e-01
9.412222580375154690e-01
9.500141283355243438e-01
9.597721409014097205e-01
9.503255438826475610e-01
9.435586803029792913e-01
9.554464154508386375e-01
9.629041466782635172e-01
9.551336267712905448e-01
9.579789678553768395e-01
9.484678105054663577e-01
9.528022803519001771e-01
9.563113563430962749e-01
9.531644649692563309e-01
9.556044830094160281e-01
9.527534606227002767e-01
9.520692771549280620e-01
9.575579454042534300e-01
9.535651136915680448e-01
9.496477280049607783e-01
9.558134885570271910e-01
9.596784329529286506e-01
9.474770445979459055e-01
9.487066537393157306e-01
9.538992777034168702e-01
9.591353583281526651e-01
9.474907282148058441e-01
9.546974482473613577e-01
9.620802691757924796e-01
9.475849124126962675e-01
9.516918371546634337e-01
9.560599840471580846e-01
9.345907369609436355e-01
9.498604204527246742e-01
9.513080623685135073e-01
9.500766218389429252e-01
9.439999163539293248e-01
9.523652370171850068e-01
9.517836756896242978e-01
9.561626915794738668e-01
9.602913807399506840e-01
9.528887375298481510e-01
9.588059621067405169e-01
9.539721306127685319e-01
9.513232386318217770e-01
9.511306574942401948e-01
9.631157494257197582e-01
9.507224529901627808e-01
9.494917596135031834e-01
9.592266279189476386e-01
9.567680111495939776e-01
9.524551663961243753e-01
9.481543425785206036e-01
9.565536034531922915e-01
9.533448942662182679e-01
9.497375042045639315e-01
9.522091449179984624e-01
9.517297840885479143e-01
9.552833102860330827e-01
9.505871259306262200e-01
9.538067116490868136e-01
9.566617802088550615e-01
9.591127259875767974e-01
9.547740832498533559e-01
9.539628970163352983e-01
9.567738912558710895e-01
9.573812628741861230e-01
9.502652414120043023e-01
9.520727742564514262e-01
9.559543219334529773e-01
9.571182680869909642e-01
9.552368317202885040e-01
9.530815127108496210e-01
9.529885230920142059e-01
9.510338447147741459e-01
9.551715458263616565e-01
9.533927209103733036e-01
9.554030333756946547e-01
9.509408883285120906e-01
9.557132496378869524e-01
9.550123588420319498e-01
9.570263458446648386e-01
9.522117306715077723e-01
9.552693143544592758e-01
9.582179448001685307e-01
9.563313420149119892e-01
9.578944747843861629e-01
9.520433663072830344e-01
9.504717589292193125e-01
9.499451766563083988e-01
9.507655104812953173e-01
9.508942733874974351e-01
9.521757887134576492e-01
9.509868619003419843e-01
9.560002699497563983e-01
9.541205433459960528e-01
9.455215192690598069e-01
9.529656090574585292e-01
9.519625293404417876e-01
9.547767361583235912e-01
9.624322001301136575e-01
9.516837003664943007e-01
9.503358838136120035e-01
9.484040891635758808e-01
9.524746551551178664e-01
9.605949271205012074e-01
9.576337365314988581e-01
9.557779960097526617e-01
9.508791286192542769e-01
9.518502317889925290e-01
9.543576019842479052e-01
9.558506722675756961e-01
9.554666672821651163e-01
9.474428860146006937e-01
9.599018825021770063e-01
9.514401308308739758e-01
9.541592715335639463e-01
9.510435931447049906e-01
9.596941874598382549e-01
9.515794245216367964e-01
9.487690363057105225e-01
9.565334122318586152e-01
9.519354566023117137e-01
9.525257394255726151e-01
9.543940303818950754e-01
9.576267706193242191e-01
9.557635228990422060e-01
9.552117208671420112e-01
9.522908952138477989e-01
9.444908848048492178e-01
9.601394229546217352e-01
9.570366879816627481e-01
9.500799423602799276e-01
9.595304090266396635e-01
9.564709391091434920e-01
9.502778634101446409e-01
9.561776645077899595e-01
9.539079073751273175e-01
9.591280355994570295e-01
9.508718188377021097e-01
9.549266618487193270e-01
9.550312534315049673e-01
9.495214255989558039e-01
9.522033486306942240e-01
9.464736929707554536e-01
9.478215990480844955e-01
9.536152645339902589e-01
9.575115907007588634e-01
9.578916131552781543e-01
9.578819863107255195e-01
9.598413560128417066e-01
9.522310547975223471e-01
9.546046891686569280e-01
9.562706106275160600e-01
9.478074568611506434e-01
9.606245694445735284e-01
9.586358840105656531e-01
9.493693067279170839e-01
9.616713327816448498e-01
9.622244102659565090e-01
9.532172786103291218e-01
9.547990624484548050e-01
9.536923766833841354e-01
9.521021608316937446e-01
9.456694768804481122e-01
9.541218990676670897e-01
9.619305269554588866e-01
9.552493520212501643e-01
9.525909464328442544e-01
9.521130613756717542e-01
9.486266329148200782e-01
9.479397251757384346e-01
9.573938664671279852e-01
9.546476165375739065e-01
9.528654330273075290e-01
9.533498851221794412e-01
9.568915019511264886e-01
9.590033369553162546e-01
9.480102781929373723e-01
9.515460679502251162e-01
9.463336963893766995e-01
9.542240257172309725e-01
9.551288729252171983e-01
9.553258703330668178e-01
9.548231942739358047e-01
9.526343543110652456e-01
9.557694022501521669e-01
9.531308591112823692e-01
9.474649433785858887e-01
9.550875346359397611e-01
9.547911251986158643e-01
9.547710375737611388e-01
9.591259199301594984e-01
9.653825046483538452e-01
9.614805761367442027e-01
9.539138682406510528e-01
9.545186853190343879e-01
9.528735111440562733e-01
9.513032782805285192e-01
9.480918844071686280e-01
9.618800795535952242e-01
9.488799648450287894e-01
9.622840220746426976e-01
9.505366039220630725e-01
9.557264487689219878e-01
9.562940544281025579e-01
9.509816205138661438e-01
9.585270850938621967e-01
9.553884082003034628e-01
9.550203925576878916e-01
9.587704763796561780e-01
9.584556088543724206e-01
9.583522736797891461e-01
9.591040047306371719e-01
9.538451073412921311e-01
9.568711274659671417e-01
9.566914670903091666e-01
9.589954713558896948e-01
9.528616753389449467e-01
9.559036709991789449e-01
9.508705414854574656e-01
9.483458321379621969e-01
9.546483695595917585e-01
9.605089946313253302e-01
9.557688032697850833e-01
9.592906744300367938e-01
9.559234828296478970e-01
9.514225542230305699e-01
9.533692033967657853e-01
9.586454877664131180e-01
9.542591468621351991e-01
9.536221249849272663e-01
9.595701496933951580e-01
9.497429836913311441e-01
9.578567727526643427e-01
9.575416077125062930e-01
9.571528565953814072e-01
9.532186153956984098e-01
9.586371466250155349e-01
9.520750897442699090e-01
9.552773770688340882e-01
9.540522652853418162e-01
9.597499059085312645e-01
9.502769641770137943e-01
9.495038758165692538e-01
9.523352942077054628e-01
9.529654298350943575e-01
9.502184601905321326e-01
9.579690495477996004e-01
9.567440467602885690e-01
9.593358970185851264e-01
9.607231912137207397e-01
9.554336683583803946e-01
9.587703416451169858e-01
9.514884365649927123e-01
9.471586153946982556e-01
9.569904625361922434e-01
9.454870503668140191e-01
9.526425276644130413e-01
9.490009310779174978e-01
9.626665574227015743e-01
9.508511642178557599e-01
9.506730783749505198e-01
9.508787922773254131e-01
9.556734789258563012e-01
9.602706359580104323e-01
9.648939355744674540e-01
9.533770649697621558e-01
9.483946957313799109e-01
9.525526503302786940e-01
9.544743896154378460e-01
9.577347954753634429e-01
9.499725065870129326e-01
9.523166983271633690e-01
9.557185418144862332e-01
