8.553087501162387474e-01
9.070931730096033485e-01
8.968978521047757946e-01
9.040497931746779292e-01
8.867148985907052916e-01
9.060381221475652946e-01
9.094593277776232831e-01
9.126273386471005500e-01
9.061334318904062934e-01
9.044546827692448998e-01
9.103382248299347612e-01
9.005467679017621352e-01
9.103964694608300823e-01
8.989660376871543290e-01
9.096281748910608478e-01
9.092891663452036255e-01
8.889516036638417384e-01
9.176093019215617597e-01
9.063849831865021800e-01
9.097460878765275538e-01
9.141839496106962670e-01
9.025485660598188131e-01
9.220398444590617304e-01
9.177904279322640635e-01
9.195013107151772669e-01
9.169536907751439925e-01
9.166127257440992437e-01
9.200583883945483432e-01
9.228108046970255884e-01
9.023641541741166394e-01
9.119447211014093391e-01
9.171471319156190294e-01
9.092240238092543780e-01
9.091594566009361111e-01
9.271673760834164835e-01
9.170935355531030231e-01
9.028312084529319659e-01
9.175374127354818388e-01
9.219183391917029624e-01
9.288500673623993897e-01
9.204099660436030339e-01
9.244918235894874492e-01
9.270532531032296131e-01
9.256341869088854368e-01
9.293776038049428312e-01
9.194788817920008794e-01
9.135992814735337531e-01
9.202750785643182274e-01
9.193475944907614217e-01
9.271504547313540456e-01
9.198878630059829087e-01
9.151194198998825469e-01
9.220699088797428278e-01
9.171741812060593135e-01
9.199790301046023577e-01
9.167860170314514612e-01
9.174852879350274826e-01
9.317503160688369590e-01
9.314128945846582575e-01
9.248794588088745661e-01
9.289386752259969349e-01
9.324610294651227704e-01
9.294077823023926266e-01
9.224513353414852679e-01
9.375460781589979309e-01
9.219839570943031415e-01
9.193505887493722550e-01
9.207392775760241399e-01
9.361639620087031100e-01
9.338176016209949193e-01
9.235003086669738570e-01
9.384680109804088843e-01
9.299828407768098160e-01
9.338499010669772948e-01
9.287500713422667253e-01
9.273142514590810848e-01
9.273806232856067755e-01
9.302602187700764746e-01
9.169675787137714362e-01
9.211159000033798394e-01
9.309833546487766842e-01
9.420524240844954100e-01
9.349477950050413266e-01
9.225514138193976477e-01
9.334201588223457469e-01
9.289542682842576449e-01
9.352248568727096201e-01
9.372446270586419770e-01
9.370670746605663792e-01
9.397064624860398396e-01
9.398007279619922105e-01
9.351872584260554344e-01
9.295114470431510290e-01
9.320037138069041660e-01
9.318636336216641336e-01
9.383103504713707910e-01
9.390120827063092035e-01
9.321827565886799949e-01
9.390440956300496467e-01
9.340710695798825070e-01
9.413340847418374402e-01
9.377178458809189987e-01
9.446302604992091734e-01
9.451354190778896713e-01
9.420980177410136491e-01
9.358246829864528271e-01
9.389044310833959406e-01
9.370484836236704362e-01
9.414347594121267315e-01
9.298046217238229438e-01
9.339533976716591912e-01
9.347925432489130326e-01
9.372105425854836414e-01
9.362512836781005099e-01
9.307090172366955239e-01
9.429136910481983325e-01
9.377824697907398699e-01
9.371966146215471305e-01
9.313914940176821755e-01
9.382036780522328145e-01
9.373562287792789327e-01
9.400335453940594777e-01
9.430125317521534933e-01
9.347305810366479673e-01
9.345974110434259741e-01
9.365515428759740857e-01
9.406594794900259293e-01
9.428416297730189966e-01
9.465807048050739470e-01
9.398860613364253824e-01
9.449630993518033373e-01
9.328420517174345061e-01
9.443155071406198475e-01
9.442523210785205290e-01
9.462290989589269286e-01
9.466720390384664174e-01
9.359388565770454527e-01
9.496087137628194119e-01
9.403867946374921960e-01
9.434937125106251932e-01
9.399376868905739979e-01
9.452180118606541281e-01
9.441571127614756254e-01
9.419594972858369442e-01
9.291770695784055123e-01
9.450397249296211832e-01
9.477411353866682653e-01
9.451865086417374773e-01
9.452401480409307055e-01
9.479725022088675290e-01
9.442375272525127539e-01
9.505473946696543219e-01
9.467645165578614241e-01
9.507249878029618850e-01
9.424779577874164982e-01
9.443575635072878338e-01
9.504301490975721745e-01
9.465549977249066993e-01
9.512769835530656692e-01
9.438004765182594902e-01
9.513073237711534569e-01
9.476979103205025456e-01
9.463138042873157074e-01
9.491210923020103607e-01
9.498348187269367582e-01
9.490741090484319242e-01
9.501613263716939262e-01
9.470536002658982433e-01
9.469522809869583835e-01
9.430193379617370919e-01
9.503338805893348784e-01
9.475103109807520019e-01
9.479773580180195225e-01
9.485573318804874088e-01
9.519277040770944831e-01
9.544308518602809821e-01
9.516915845250214501e-01
9.458143732024497652e-01
9.429290675506070141e-01
9.481653212435801059e-01
9.446905186089989970e-01
9.465594877435558052e-01
9.521449001941093560e-01
9.411086282460154884e-01
9.505378356244813531e-01
9.500803983697122534e-01
9.484736048616057014e-01
9.481264878435005095e-01
9.502051450263860888e-01
9.457791411054183861e-01
9.511219542217977940e-01
9.476155887426094271e-01
9.478995961302756346e-01
9.409810315756491628e-01
9.470741753061734380e-01
9.501966207322364300e-01
9.447402945386077500e-01
9.490406587630257906e-01
9.513092628721256938e-01
9.560120070486211041e-01
9.469008248913683978e-01
9.501837227236883399e-01
9.534675211738652401e-01
9.464104434106842545e-01
9.529516421523814840e-01
9.553404908416104346e-01
9.391493662087475602e-01
9.466855963121393325e-01
9.481886689925437262e-01
9.555943102317979720e-01
9.557786625421117455e-01
9.554183001824548827e-01
9.618072567224064118e-01
9.488394018797020601e-01
9.522129541002455344e-01
9.552244504179815410e-01
9.514591161022178945e-01
9.485941461293622146e-01
9.597117770858868413e-01
9.451283598878457148e-01
9.466329896736699334e-01
9.440633282246215785e-01
9.583939857839809395e-01
9.445281675405725608e-01
9.529525682471651216e-01
9.445951048140146522e-01
9.566889265676760123e-01
9.504764075053835359e-01
9.492381609614506388e-01
9.555705087029635614e-01
9.503374874084039581e-01
9.548330878098200136e-01
9.550216852320070338e-01
9.491526299555821389e-01
9.422169197659354678e-01
9.471930415440248385e-01
9.535434090731379486e-01
9.572273477816414244e-01
9.485476036105714437e-01
9.529388270823365703e-01
9.616389664405666782e-01
9.547547058965365485e-01
9.510564636632217184e-01
9.496376008746503228e-01
9.543792496691115845e-01
9.404836752302522251e-01
9.523517615864743879e-01
9.590077960218340580e-01
9.547922588051471759e-01
9.502308233931023862e-01
9.600068242764759896e-01
9.555370289669390393e-01
9.475315772764484334e-01
9.466166354978260422e-01
9.496132060228036353e-01
9.553922266811351038e-01
9.546996539562857542e-01
9.533735365836971676e-01
9.535138428307149416e-01
9.503209864549249097e-01
9.513271628121899859e-01
9.473517916964288021e-01
9.512527050331222034e-01
9.521141335768632530e-01
9.498854350761806176e-01
9.531219432933244473e-01
9.520580558414476480e-01
9.492695133050562672e-01
9.510988711744733370e-01
9.563719486382606938e-01
9.550971389198502637e-01
9.491365006535867899e-01
9.661323430611651331e-01
9.543402904248305951e-01
9.518049778906915170e-01
9.509968223412440524e-01
9.512397163228056840e-01
9.531330516697735789e-01
9.531588910870729681e-01
9.491448134820315019e-01
9.505892785156575542e-01
9.597330819036379301e-01
9.548143867055796097e-01
9.460860183961308234e-01
9.521137472113281319e-01
9.460638402684581338e-01
9.535999017605760741e-01
9.607655980207713275e-01
9.570923205849914961e-01
9.550590803380809568e-01
9.552792935526431828e-01
9.496324168538903265e-01
9.470623981536406832e-01
9.507510867178322611e-01
9.561338475024663275e-01
9.464118103121578196e-01
9.460985336911019727e-01
9.495359412146227029e-01
9.545083294096349258e-01
9.488385459456558646e-01
9.481923953240876113e-01
9.505584756004016311e-01
9.474245492048303241e-01
9.503956250989616938e-01
9.541499092666367865e-01
9.540224777503871767e-01
9.517497626411109968e-01
9.457399477900354512e-01
9.424080289636836971e-01
9.525893230495651176e-01
9.528595673739757022e-01
9.512185802605244156e-01
9.491150836502404431e-01
9.441538767291918210e-01
9.481818523966023537e-01
9.480122916898282570e-01
9.551079752011558677e-01
9.513264253371511714e-01
9.469727634079418976e-01
9.419699348455923271e-01
9.531669117878135422e-01
9.562414311872514672e-01
9.577591791406712129e-01
9.500994211573619008e-01
9.570113334232928093e-01
9.533196716785801161e-01
9.562435818303519630e-01
9.465649460804249626e-01
9.456916193757194389e-01
9.525236943653625499e-01
9.481853025859536821e-01
9.451404295250652732e-01
9.423365486443837646e-01
9.508327567948887671e-01
9.545618927859067515e-01
9.462015182890675113e-01
9.528139823705149558e-01
9.418324845703791581e-01
9.578746678719382013e-01
9.527844260000796206e-01
9.416273154148478985e-01
9.559075150732541104e-01
9.425394870007147707e-01
9.427181819043952693e-01
9.488601982331951179e-01
9.521020114085787522e-01
9.529519909665602473e-01
9.540167640056753662e-01
9.498426134503934470e-01
9.481956184737804216e-01
9.456793833705505747e-01
9.467057551070755528e-01
9.590171036474981481e-01
9.481241228549928124e-01
9.555977898909476798e-01
9.512349977475700324e-01
9.537604527209384564e-01
9.556540818481225052e-01
9.549208903918124935e-01
9.505135761376467540e-01
9.620002700162225695e-01
9.535593136772171352e-01
9.539823019667562631e-01
9.421892237514826185e-01
9.490201803990464535e-01
9.442170049019124045e-01
9.546043959521951505e-01
9.518434327504504688e-01
9.490852400627376451e-01
9.546409678323338754e-01
9.477394034280347546e-01
9.539211570071615132e-01
9.456603410336776872e-01
9.543696099345201356e-01
9.529145842194178817e-01
9.514244708394302696e-01
9.484538548958508786e-01
9.535692571456675370e-01
9.562659638762199821e-01
9.537606813771765113e-01
9.513407301162040142e-01
9.511091019157263959e-01
9.484459407336465198e-01
9.579521396340555661e-01
9.541690645092428813e-01
9.514489537838766164e-01
9.445010242921786370e-01
9.554466921041612215e-01
9.559703099389318393e-01
9.433008410567259583e-01
9.498636386464681669e-01
9.531342426092190845e-01
9.592100476158943456e-01
9.485611196925295419e-01
9.567819099070770106e-01
9.489810171732040445e-01
9.522651011543987742e-01
9.569687221272787925e-01
9.477378241336387177e-01
9.512315801408460780e-01
9.566954293780055574e-01
9.530799984399913605e-01
9.489966589789989859e-01
9.462407039544405984e-01
9.557515690356184201e-01
9.551265453997852539e-01
9.525364629610569844e-01
9.521417365530703281e-01
9.435540943920159851e-01
9.552854948618794140e-01
9.531991675633176841e-01
9.487323019054231255e-01
9.546766392750760666e-01
9.568018161790083909e-01
9.564771580558846242e-01
9.536112457027537959e-01
9.484959318172379028e-01
9.487192550268686020e-01
9.486060950086278032e-01
9.484934072030027918e-01
9.560226445318380506e-01
9.535287106624457110e-01
9.521899396078419286e-01
9.530318462839251215e-01
9.523611594463872176e-01
9.579381998249070218e-01
9.621176145481714626e-01
9.550059578623449896e-01
9.560941366070710989e-01
9.514952169807738835e-01
9.608401714012417827e-01
9.575307316883417963e-01
9.535175837779644725e-01
9.416170063179749583e-01
9.551066675123345284e-01
9.539590465433934741e-01
9.438406973784002618e-01
9.547945929898028483e-01
9.548106166481830082e-01
9.594123119927948640e-01
9.566784519285528310e-01
9.546625458310383783e-01
9.553755093711214785e-01
9.536834673675762541e-01
9.509600929026187366e-01
9.524624263986098960e-01
9.585997435390709587e-01
9.523980242205526414e-01
9.571916876352216663e-01
9.575107823681254793e-01
9.582202096261589475e-01
9.505685069972649170e-01
9.534882156674341358e-01
9.508098165497779197e-01
9.500478273502395155e-01
9.452392276598751142e-01
9.497275637564952522e-01
9.542468261265191209e-01
9.563273065003401463e-01
9.544723755397838127e-01
9.528127922126056193e-01
9.550402563454091220e-01
9.495156534430867490e-01
9.510498193943967005e-01
9.524645177276382935e-01
9.422109032002019546e-01
9.514104066561200890e-01
9.523776857676911067e-01
9.491541696131666761e-01
9.476134774776098224e-01
9.560349478168962412e-01
9.549583167333802747e-01
9.570536692012322488e-01
9.516425769048411087e-01
9.507013932523860067e-01
9.593141364051165354e-01
9.502853805316782143e-01
9.539936512440828631e-01
9.534780652342452756e-01
9.532300100534675247e-01
9.594715884840658848e-01
9.549237923286949536e-01
9.622579998641798138e-01
9.527980982234454110e-01
9.543672503467122148e-01
9.550097209070014248e-01
9.497054384156732310e-01
9.485732727409597054e-01
9.558271070437297512e-01
9.488759731472442560e-01
9.530605951698702949e-01
9.605422089444615175e-01
9.502348244563464386e-01
9.498773928532177058e-01
9.472539403014020865e-01
9.508375467498285660e-01
9.550813741424684089e-01
9.573364655449462246e-01
9.532961194322979726e-01
9.527358493964560582e-01
9.517167781745221600e-01
9.414813811343839545e-01
9.489305626316039133e-01
9.514222491788433267e-01
9.495036187833524322e-01
9.484853661003053160e-01
9.589737151025464756e-01
9.502097007794968464e-01
9.497663501445440248e-01
9.610008813278350104e-01
9.504520535816379789e-01
9.515042000221701768e-01
9.462980049488113332e-01
9.522638920826831388e-01
9.500169256254175076e-01
9.536812693383392991e-01
9.462066629878080892e-01
9.524315027459741012e-01
9.624442793950563901e-01
9.530901138244742832e-01
9.495477361273956252e-01
9.400677262095171738e-01
9.491423946966054404e-01
9.513198138190469555e-01
9.588766321276738225e-01
9.502188295604194757e-01
9.459779823266870613e-01
9.547216623027672266e-01
9.527812552479365538e-01
9.514468173162556885e-01
9.547863860707760386e-01
9.506523020722574824e-01
9.498317937451303816e-01
9.591124946142264296e-01
9.455370031780927498e-01
9.529325809881832310e-01
9.578032920982889609e-01
9.527079367318177505e-01
9.537334371234362784e-01
9.534223173842515386e-01
9.542881773209619389e-01
9.568567871154742832e-01
9.513472201034887110e-01
9.530201260461952373e-01
9.429836847610205686e-01
9.484329272637268549e-01
9.517503581479164199e-01
9.558492224267572945e-01
9.535366991981147899e-01
9.441552423711554454e-01
9.525812627155159085e-01
9.511662781582990167e-01
9.572600907811127380e-01
9.466400696898733536e-01
9.463416195208596005e-01
9.546943472361228977e-01
9.566127091692396833e-01
9.530296874270919316e-01
9.513866577608915964e-01
9.503808711279259080e-01
9.569071201140250116e-01
9.571778714520867704e-01
9.559781335177306438e-01
9.553486946459993634e-01
9.504491937539935043e-01
9.532938181097826424e-01
9.519486569261346176e-01
9.551667900000453404e-01
9.580116037460030265e-01
9.467439733991896977e-01
9.607411409527205626e-01
9.612684056215710093e-01
9.541231308405409006e-01
9.542270097167161458e-01
9.541876280692430656e-01
9.486854555408490430e-01
9.487317420623131436e-01
9.541967499543124731e-01
9.575855649564642968e-01
9.552208079698368826e-01
9.553483558387685370e-01
9.568446554733104348e-01
9.576852522873515738e-01
9.536357711834777540e-01
9.543853661692287549e-01
9.535931598886492333e-01
9.482538055318870951e-01
9.503878106924991132e-01
9.552184586752483497e-01
9.582253471997209671e-01
9.486002211052231292e-01
9.562628421967953596e-01
9.556383216258614866e-01
9.531596894427981637e-01
9.516053329214934076e-01
9.540301631624562573e-01
9.566115366168843615e-01
9.510996532086850586e-01
9.521059984073302340e-01
9.566047835479490891e-01
9.588804060243009131e-01
9.604483376795890370e-01
9.553850563753673031e-01
9.535480147126926820e-01
9.502750702216518075e-01
9.548658027537395565e-01
9.556394455927510467e-01
9.621308509019360633e-01
9.616826407996375004e-01
9.459673570576156987e-01
9.548644530455205892e-01
9.550516713921307632e-01
9.506066147716445425e-01
9.606546482616663551e-01
9.497097865901644731e-01
9.643245769854082994e-01
9.574663511878158673e-01
9.540525902578456119e-01
9.533653628703112615e-01
9.557531947696966679e-01
9.504278788539748390e-01
9.525029858945563976e-01
9.596059230628571912e-01
9.499144164168760174e-01
9.505421070570121422e-01
9.559643133816247973e-01
9.526646775801391742e-01
9.516539262000219823e-01
9.529535158174007314e-01
9.545143436207590426e-01
9.507307742499599978e-01
9.539129433306605677e-01
9.538391400385820562e-01
9.521570691711430667e-01
9.510680371135619149e-01
9.495471952458768294e-01
9.550370833590303699e-01
9.510250993666649055e-01
9.568202314905929207e-01
9.474709012886508575e-01
9.556890409342831960e-01
9.549330697227599307e-01
9.589086877986601198e-01
9.466420588679285153e-01
9.469429082824433186e-01
9.497842723109189977e-01
9.505933063440741293e-01
9.483876220145103231e-01
9.596202436809702085e-01
9.566464586708215423e-01
9.527995032537789344e-01
9.509083224340154628e-01
9.535275451822152748e-01
9.532376970533710248e-01
9.460137342866283827e-01
9.526528268084468731e-01
9.535253742058498183e-01
9.602178462830724959e-01
9.509546232337175997e-01
9.566111844332724212e-01
9.529942122479324595e-01
9.572908195444215229e-01
9.516880643061748080e-01
9.576101014591487104e-01
9.584140895116075587e-01
9.494658345828086432e-01
9.551125457000737562e-01
9.465636087887819849e-01
9.544235463515144957e-01
9.445715770990027460e-01
9.551836751703496331e-01
9.470232921261775294e-01
9.592896582855056087e-01
9.504147385286073613e-01
9.516693188136902126e-01
9.488928693727074482e-01
9.509078105581935114e-01
9.542658390591354234e-01
9.598923491553642551e-01
9.549239142496480648e-01
9.572047255409552591e-01
9.580122712901328885e-01
9.482931546864600270e-01
9.517662134847729716e-01
9.528348627635438994e-01
9.577875486699032326e-01
9.574721640739887185e-01
9.492888774181171829e-01
9.551356291539565557e-01
9.584443962522515292e-01
9.562017492780934269e-01
9.562173798679945991e-01
9.551201043750171538e-01
9.518709925450586917e-01
9.507787417489389492e-01
9.542927832935351740e-01
9.566910174843020753e-01
9.572367235984660105e-01
9.543002893341240300e-01
9.542710086704612182e-01
9.599336940485985181e-01
9.530942326133947651e-01
9.520878474952860770e-01
9.524591216507859448e-01
9.527351862933202131e-01
9.553753103147291093e-01
9.591026792382215671e-01
9.517292453175804079e-01
9.557665491818306824e-01
9.545734604556993519e-01
9.568313780428926441e-01
9.593810878430946154e-01
9.570221666504374891e-01
9.517921113598662997e-01
9.500322331317332392e-01
9.533244876099185028e-01
9.597130950253280890e-01
9.487668946103299250e-01
9.629596580957607843e-01
9.527027395720343295e-01
9.535643054933068408e-01
9.572420406600896658e-01
9.543029057736657217e-01
9.615035511276410762e-01
9.582691788332970972e-01
9.548046254408794065e-01
9.543033482390981259e-01
9.512632946725985139e-01
9.449684102313884448e-01
9.542261204416848663e-01
9.529864882300119744e-01
9.538788604285961537e-01
9.603457578073987255e-01
9.527781901792438113e-01
9.561255411156895923e-01
9.575316018845146937e-01
9.621457299228479698e-01
9.477360687381569671e-01
9.613966675709865184e-01
9.500593731638252715e-01
9.549156976600783331e-01
9.527602329407716120e-01
9.491998419306417745e-01
9.591565759618171372e-01
9.492092434602414919e-01
9.595577127498505776e-01
9.574494980392057597e-01
9.498996300756350486e-01
9.567487034593663564e-01
9.545408716611240019e-01
9.524666055397120745e-01
9.562444580155493590e-01
9.604927869416810537e-01
9.488799091847678335e-01
9.521407876560448180e-01
9.502111646692642521e-01
9.524581315454245800e-01
9.574565970701597317e-01
9.490332103369464312e-01
9.533182727736705386e-01
9.618693260695573288e-01
9.582121563727067359e-01
9.584409577001195002e-01
9.557832566908317506e-01
9.514225390519509551e-01
9.600141254888534537e-01
9.454259479423683388e-01
9.575147572962443565e-01
9.568394476473989219e-01
9.529327751871867758e-01
9.611856039003555674e-01
9.589458612157046868e-01
9.495459737996690963e-01
9.543050047789308765e-01
9.510505233167960704e-01
9.509790311988919331e-01
9.556173274864728784e-01
9.597651015279453635e-01
9.539543786709683282e-01
9.568863000324466794e-01
9.632011226287494621e-01
9.540184080988199922e-01
9.542846834479042917e-01
9.580876176894856933e-01
9.547846622784453841e-01
9.543272873254932120e-01
9.529771002311510086e-01
9.544429575428988732e-01
9.498337353149708395e-01
9.536793756282038181e-01
9.566975039905548650e-01
9.540553078925081421e-01
9.522282567358260064e-01
9.530866962034895140e-01
9.580556011624438151e-01
9.509357364411628044e-01
9.537230836074576112e-01
9.569564577633892233e-01
9.638365569816856882e-01
9.516329772189874303e-01
9.532129448751360812e-01
9.621676098329032811e-01
9.529872293821348705e-01
9.550440359561191972e-01
9.505333285259324194e-01
9.603884578617063461e-01
9.590346273643020059e-01
9.544061450779055544e-01
9.563322369679836399e-01
9.549478335259180550e-01
9.557740993451853129e-01
9.526948110939188474e-01
9.583937205876540411e-01
9.491120036262742365e-01
9.495119257548677583e-01
9.566687888116079952e-01
9.568339068474240872e-01
9.559594593374807214e-01
9.526354837846973123e-01
9.561720619454532333e-01
9.540307425514097384e-01
9.456434744246413615e-01
9.496325253078639061e-01
9.537889955762195449e-01
9.443501772425125784e-01
9.408578594500680570e-01
9.554641790511962940e-01
9.259298684649125422e-01
9.421625157745862067e-01
9.457685183400967865e-01
9.582026317558123285e-01
9.504283925326515448e-01
9.554541330204621152e-01
9.485318799955186897e-01
9.517972428094749748e-01
9.579999670549635971e-01
9.433053812772260738e-01
9.548648924790940073e-01
9.522973868171960010e-01
9.515457976523659100e-01
9.548968861725876112e-01
9.511052817122909175e-01
9.566785665252318660e-01
9.534674220387618915e-01
9.561719137881279362e-01
9.535948041748079085e-01
9.504091818165839589e-01
9.558705712676913713e-01
9.555788419696302771e-01
9.519252019342094862e-01
9.507294759311689658e-01
9.533874295775857099e-01
9.521253090559627097e-01
9.511867711156017924e-01
9.610044245062797641e-01
9.470888738941002361e-01
9.512041702409927968e-01
9.520599769679215507e-01
9.486638764887680431e-01
9.528241351590122088e-01
9.579718438593535224e-01
9.529625777668084829e-01
9.584569306629867613e-01
9.624705066812098142e-01
9.513237908084246630e-01
9.444617363542043842e-01
9.555779709459144566e-01
9.578938699092208742e-01
9.518426753389066519e-01
9.549222299160616823e-01
9.609343953544139394e-01
9.455044816817276265e-01
9.554292751576699549e-01
9.520757632877989707e-01
9.565788763078569845e-01
9.576781473355692187e-01
9.587685530218736929e-01
9.548617013921216756e-01
9.551296684812329296e-01
9.559723909124522301e-01
9.558587343625370991e-01
9.644385555467143156e-01
9.570927589455999751e-01
9.582473400446517298e-01
9.505329671474478381e-01
9.584574417284166259e-01
9.509390784465659996e-01
9.554353510173393405e-01
9.543671664234952834e-01
9.515458388248424493e-01
9.537860080366651339e-01
9.554848207487429690e-01
9.479330213571482977e-01
9.552057354410485868e-01
9.598476651241738544e-01
9.539480530905239952e-01
9.515773808993150951e-01
9.596011444143344171e-01
9.520343170696211610e-01
9.518040747946712177e-01
9.569890859373737513e-01
9.481946032012760206e-01
9.537398093551630041e-01
9.548738441610900018e-01
9.586812379835337738e-01
9.566969524904729294e-01
9.578579329693133193e-01
9.563632536681438978e-01
9.512206195547464604e-01
9.513268547167159639e-01
9.525407494845329337e-01
9.500749649173514388e-01
9.521606604356165349e-01
9.533288228176508561e-01
9.559607918530388382e-01
9.546924692604383811e-01
9.576550747566898725e-01
9.522138358474527831e-01
9.500445991069025320e-01
9.550372314880790636e-01
9.537805226838139694e-01
9.566672657493332510e-01
9.513649363589915531e-01
9.522579644233813978e-01
9.481288768154155777e-01
9.535236185427686806e-01
9.586011612977136664e-01
9.619170354492481145e-01
9.578867846457188584e-01
9.615260134304536299e-01
9.631972481092851979e-01
9.585864946382676166e-01
9.500697320326291218e-01
9.574825253096287403e-01
9.467349486676077674e-01
9.538048061433228586e-01
9.600067745279363685e-01
9.483271610606327506e-01
9.544419288516613475e-01
9.515847219321049710e-01
9.589769524212802265e-01
9.612706052853284833e-01
9.534221621204932440e-01
9.468606077528121112e-01
9.506641514647445890e-01
9.569438893459729645e-01
9.576995021511585104e-01
9.583888024042857001e-01
9.509779724430761361e-01
9.568814867272571467e-01
9.588757188877479187e-01
9.572250122124527083e-01
9.545337848062641628e-01
9.543323816116243696e-01
9.537546264147900299e-01
9.607275203174411304e-01
9.537854289339524616e-01
9.589739848302860636e-01
9.595323302097668039e-01
9.509186384290169158e-01
9.595880441443087605e-01
9.546325727890702106e-01
9.485511052598121218e-01
9.495982339550870233e-01
9.522544375230210800e-01
9.552780521741633946e-01
9.551586224914239143e-01
9.489938457391826621e-01
9.656304282771448477e-01
9.572327072270390147e-01
9.531024430763850308e-01
9.564138719632927499e-01
9.555521785802986168e-01
9.515732850524232234e-01
9.550034632688060299e-01
9.551001072198918029e-01
9.581924095901771521e-01
9.543277590108600883e-01
9.531914670472968476e-01
9.540233970077514059e-01
9.557669287990840923e-01
9.609348794276071359e-01
9.542148691979019937e-01
9.553115137380154831e-01
9.498708576477684629e-01
9.555660978173521336e-01
9.547657430984343163e-01
9.499938907033018687e-01
9.577897184091306304e-01
9.526595617549685757e-01
9.570415475711052666e-01
9.567486101865089188e-01
9.546674421204638383e-01
9.536885295945053409e-01
9.534037992298689534e-01
9.497479463706695046e-01
9.609411670669182337e-01
9.556334294246801031e-01
9.559036651100306647e-01
9.595399146486431885e-01
