8.541360882452987413e-01
9.037393286973273154e-01
9.074239767858047756e-01
9.044360687553161249e-01
9.028292390259293754e-01
9.072262450123678157e-01
9.019141933725026705e-01
9.142168838986094448e-01
9.034081555825383969e-01
9.065227786696392620e-01
9.106266049622253611e-01
9.110839470561483688e-01
9.090742228952349846e-01
9.133435775209923779e-01
9.103932508346089802e-01
8.998117570020742750e-01
9.105180072423401105e-01
9.117908676774297838e-01
9.102041597926192606e-01
9.152374612188565184e-01
9.136584988133933383e-01
9.128917752903348282e-01
9.175500607418604071e-01
9.145111348165247955e-01
9.136709893694507922e-01
9.203792858807224864e-01
9.130236651888966604e-01
9.130163246356896023e-01
9.084322552918472349e-01
9.103423817599467505e-01
9.115380778102223358e-01
9.048160953407434759e-01
9.173406519601299269e-01
9.140414250005280961e-01
9.102830770218577339e-01
9.128936777361437160e-01
9.264832837903062002e-01
9.204918650495919064e-01
9.194287979507500541e-01
9.136954510137580421e-01
9.138704562863986247e-01
9.235965458146248031e-01
9.269513813555859683e-01
9.169496031413486570e-01
9.283023206261247218e-01
9.180882919272435050e-01
9.200957423311701966e-01
9.209421927224907822e-01
9.312887743050092260e-01
9.168496942747330625e-01
9.229876955111714354e-01
9.228672277168553650e-01
9.284714081599222402e-01
9.309416255706349785e-01
9.219532525433322689e-01
9.160639887240833446e-01
9.279632172367885401e-01
9.278200771095516108e-01
9.216433924601552530e-01
9.167714616442432796e-01
9.290029586865393707e-01
9.267237023212886449e-01
9.210692481290995159e-01
9.296843524763446220e-01
9.233433296963147185e-01
9.331730346990809721e-01
9.319848502605158069e-01
9.357761780128670548e-01
9.368200989614267060e-01
9.374655923446135741e-01
9.462184019021451231e-01
9.285860030314263547e-01
9.290095566097421598e-01
9.398508352685607248e-01
9.307786135690300222e-01
9.286442571519168965e-01
9.351762343748375450e-01
9.407771486067769695e-01
9.262938043326781612e-01
9.368793713266556633e-01
9.477022579329372753e-01
9.344942891116937433e-01
9.339377944220323968e-01
9.245045914213118055e-01
9.429782843302205730e-01
9.391749710679537788e-01
9.335410937108925555e-01
9.308851994331169832e-01
9.431302990994946400e-01
9.322067367965515272e-01
9.393303450562453527e-01
9.371178694692217093e-01
9.368907271117425939e-01
9.383572981471349772e-01
9.406337722126627554e-01
9.374884611924678701e-01
9.441184969522190551e-01
9.350409451405878869e-01
9.358935707510623869e-01
9.324106163508040224e-01
9.355423966655629364e-01
9.364360011503676251e-01
9.379674458687472516e-01
9.394666926457453382e-01
9.436471257252289080e-01
9.404991250045108275e-01
9.404968169817681245e-01
9.376574870310634413e-01
9.342894180079543975e-01
9.389325746789820570e-01
9.401948071308603438e-01
9.388036996819841828e-01
9.447153865747074386e-01
9.393981967514624110e-01
9.354039054079670290e-01
9.404153473217538028e-01
9.424642585861822131e-01
9.429882437119552208e-01
9.445363041313774577e-01
9.427290434831284704e-01
9.467663132585276697e-01
9.427714982310280156e-01
9.376158594927924694e-01
9.453673492961814917e-01
9.385529811132344857e-01
9.494309190918704955e-01
9.481464445686735854e-01
9.532864922947745789e-01
9.460403084374179317e-01
9.469803713685048807e-01
9.438585130006302837e-01
9.408881546990867095e-01
9.529932141996065864e-01
9.411278152247009032e-01
9.458946947380511006e-01
9.437885640442068569e-01
9.511696901682289429e-01
9.522236984922346492e-01
9.461853643989158735e-01
9.485402975901086053e-01
9.465822821112743757e-01
9.465225119942458631e-01
9.462398149965823846e-01
9.506280500393790023e-01
9.439674566980026382e-01
9.466260558605422704e-01
9.406766389003918816e-01
9.333123036778077086e-01
9.426086015463098766e-01
9.433741629083053359e-01
9.431563417030406349e-01
9.399838152996734530e-01
9.473627428899743519e-01
9.478148025292153500e-01
9.492002566278391340e-01
9.437020110755662827e-01
9.381318215612048927e-01
9.411746024751183048e-01
9.482232648309317780e-01
9.325573102051918362e-01
9.391948971366633758e-01
9.471153424012450639e-01
9.468519704838073148e-01
9.405683865368827945e-01
9.491374825078946476e-01
9.351770987857592754e-01
9.473673887352402900e-01
9.476053672432910302e-01
9.497500222332035946e-01
9.386266778539628097e-01
9.480647738853471562e-01
9.428223407545895940e-01
9.437858203991759121e-01
9.519325261687295869e-01
9.408343802085383789e-01
9.504283320613289288e-01
9.490898530737196248e-01
9.540230781266439974e-01
9.514723209524017511e-01
9.438723282451739749e-01
9.541677880790292443e-01
9.644950001979420984e-01
9.470799648274392801e-01
9.423797067620133250e-01
9.431064864030066497e-01
9.524446761953501150e-01
9.443823361208434353e-01
9.475685790443446610e-01
9.476638938510822951e-01
9.462971539142184252e-01
9.478197172689726280e-01
9.470549154321805663e-01
9.520815943728793140e-01
9.569753753058998225e-01
9.514258166402682626e-01
9.495867880955468632e-01
9.538848951894439709e-01
9.579779331068921655e-01
9.491179545776285975e-01
9.538298722853042477e-01
9.491084160535456782e-01
9.514498348093269886e-01
9.488186317052307306e-01
9.502678426660093880e-01
9.467673021292709601e-01
9.587673886806656887e-01
9.516687680968819452e-01
9.507691822874351217e-01
9.580356794658817510e-01
9.492549098991014400e-01
9.569935517109462442e-01
9.540281350400168225e-01
9.453246339352999739e-01
9.514107658406619761e-01
9.496347225916279555e-01
9.481772163489753380e-01
9.467166194614605734e-01
9.492959462936423343e-01
9.565465772836510006e-01
9.533202550746900927e-01
9.450338197920991057e-01
9.504952365076502208e-01
9.498124197598957208e-01
9.457415326646233522e-01
9.540200085040926314e-01
9.487791429533016796e-01
9.507189586546583859e-01
9.516321548333261937e-01
9.504788046179679650e-01
9.503508523366405170e-01
9.541373146691282114e-01
9.565006567355277545e-01
9.497108254849502273e-01
9.583283205064193622e-01
9.494661351954640782e-01
9.570413632316443486e-01
9.540182674236014071e-01
9.454017381718732294e-01
9.529504946241483809e-01
9.579207833421947704e-01
9.548036080387580782e-01
9.545080593672014002e-01
9.559961786360594571e-01
9.549928672102048210e-01
9.544832476569368174e-01
9.522260881611255279e-01
9.486948465733712199e-01
9.550446049032023099e-01
9.550607642267722186e-01
9.540492164571748868e-01
9.550094789925348548e-01
9.518767988478553654e-01
9.585311393754843978e-01
9.582126392370530210e-01
9.572174156204560358e-01
9.469174270475322341e-01
9.514991009664797161e-01
9.470230004889101938e-01
9.561196280421292437e-01
9.550277064894793222e-01
9.529323234136048981e-01
9.544616944332320330e-01
9.546257002717554174e-01
9.517320046055339766e-01
9.513451177882220611e-01
9.525942942008346348e-01
9.478773323279338081e-01
9.559554702077955879e-01
9.550639718116334942e-01
9.572045424805076808e-01
9.574361960954513862e-01
9.620387826038642176e-01
9.519351285866649581e-01
9.550791577173919356e-01
9.477085025234929239e-01
9.565994186996481519e-01
9.596825984676258248e-01
9.548019521261714715e-01
9.531889490061233872e-01
9.513623876014363212e-01
9.552129635934432095e-01
9.542601830118602191e-01
9.550805544597723573e-01
9.510818899247989178e-01
9.543506881217312943e-01
9.523641143294310218e-01
9.470551389202503945e-01
9.589896078165043303e-01
9.569553938031318818e-01
9.587386549927677803e-01
9.569692654228298956e-01
9.480413553741913191e-01
9.539698134921823502e-01
9.488667736646582140e-01
9.595111168397668644e-01
9.471122209009802395e-01
9.539658292773995907e-01
9.475475512575777248e-01
9.517752714731334551e-01
9.437600245051817049e-01
9.501436890633879750e-01
9.482295950455447153e-01
9.573674144226194116e-01
9.501356038056059106e-01
9.563997560736875458e-01
9.582297020772071461e-01
9.530170909315013317e-01
9.507748157722976101e-01
9.551902042626607692e-01
9.491599105848531615e-01
9.504545637322620033e-01
9.557287490714818645e-01
9.585069147440785642e-01
9.593589953181422825e-01
9.514602599576327258e-01
9.549437783080304554e-01
9.463203499375150152e-01
9.523265106791789503e-01
9.476197487737459957e-01
9.572338927907404482e-01
9.569147027740462219e-01
9.498255814026869137e-01
9.523431718736128371e-01
9.529955090110595606e-01
9.521615955735291958e-01
9.596289771767513299e-01
9.553102968266009576e-01
9.531579828010694477e-01
9.577857836079656240e-01
9.583304624248455417e-01
9.626276790616750123e-01
9.512373802599334294e-01
9.527674578300188157e-01
9.649186560957846437e-01
9.533795650564558244e-01
9.564302913424540531e-01
9.504654395275925483e-01
9.539569042904233465e-01
9.538672163278308913e-01
9.510136877259627308e-01
9.609917045723059825e-01
9.506334915972760591e-01
9.492968465422718660e-01
9.617707842843757904e-01
9.543609299257316270e-01
9.531603407209122691e-01
9.511847054253818046e-01
9.665283387523808667e-01
9.617880914558715189e-01
9.600658175666147987e-01
9.524020718640057170e-01
9.481873093775152750e-01
9.499627440555771241e-01
9.516685748000586198e-01
9.531271142859389922e-01
9.537215365310106607e-01
9.589465432358769137e-01
9.601291673614619215e-01
9.477537848551904620e-01
9.536438549935556397e-01
9.558994874137617392e-01
9.602356808830704304e-01
9.527580644986286540e-01
9.510934526429771774e-01
9.589275716169222141e-01
9.525686040640318764e-01
9.508523752400350748e-01
9.583169668149692511e-01
9.538466726409717822e-01
9.522846257160795247e-01
9.527150644876356544e-01
9.497813720190344533e-01
9.529131110374248204e-01
9.496260209709972422e-01
9.583553810177791732e-01
9.600599047213249637e-01
9.602121548341362445e-01
9.521816875037211192e-01
9.580959580958662292e-01
9.561935260598722897e-01
9.588410845575237040e-01
9.532688084297943343e-01
9.493404657112040068e-01
9.530209517771472960e-01
9.592870876411428993e-01
9.441092069723747704e-01
9.554538241291442580e-01
9.534055780982748640e-01
9.523353270461243358e-01
9.556487952797642071e-01
9.568258852418327631e-01
9.569722950631656122e-01
9.468555640062343848e-01
9.537696480220351214e-01
9.592000110070622032e-01
9.435370263190263618e-01
9.549379381944247402e-01
9.486013302814220172e-01
9.472290721282317083e-01
9.579029955144620079e-01
9.566642006370696949e-01
9.499435673381406708e-01
9.519035460767985013e-01
9.547904053489374432e-01
9.611893022021540389e-01
9.586375351093304742e-01
9.551265239102170179e-01
9.536469204952986445e-01
9.530250572861607150e-01
9.551230633386391666e-01
9.547481787084645122e-01
9.503384554759298775e-01
9.588685239371994573e-01
9.583311734217834221e-01
9.546527641339459525e-01
9.567847992581681726e-01
9.570817887959384151e-01
9.513301796353168527e-01
9.486115711543647855e-01
9.504701481928016227e-01
9.549441048734529369e-01
9.530638061241808456e-01
9.558230192487806587e-01
9.521940987367407683e-01
9.569185356625282690e-01
9.581507960320417849e-01
9.562089828295143867e-01
9.512329254150525548e-01
9.551832264658629557e-01
9.479300732378704852e-01
9.522301487401583220e-01
9.572201809923182036e-01
9.555531623013083786e-01
9.538093053898312190e-01
9.519594651169234201e-01
9.580158995926479903e-01
9.501399373961010308e-01
9.547581013148128681e-01
9.531444836720117664e-01
9.561125376484282956e-01
9.599585880055133691e-01
9.535402991751467106e-01
9.587377875402036675e-01
9.528917840042951948e-01
9.545907313450991971e-01
9.478811408096422531e-01
9.555207683461034440e-01
9.477679492280204343e-01
9.564797778412911233e-01
9.581579641305569828e-01
9.568976345149375895e-01
9.504398143208995231e-01
9.576122197916739909e-01
9.502598786766569550e-01
9.519963607341063172e-01
9.511482593132543073e-01
9.535039464748338300e-01
9.532804542458278574e-01
9.524456587619021253e-01
9.553070293549806857e-01
9.567797543141830507e-01
9.481255810141467899e-01
9.534330959394439198e-01
9.576122285049681881e-01
9.551941987045117211e-01
9.491461224204955638e-01
9.508539706788740054e-01
9.612284071796330931e-01
9.529531808302650342e-01
9.552978945618839646e-01
9.542230858917604142e-01
9.536333690996156021e-01
9.526396289929439654e-01
9.536253559687827286e-01
9.482669359893030059e-01
9.561618589981424332e-01
9.581693100115046269e-01
9.525735190739955671e-01
9.576322050356452786e-01
9.463785203930633605e-01
9.549881397318664700e-01
9.561959899207317370e-01
9.570527312858940761e-01
9.506489545891195769e-01
9.573448229798762199e-01
9.488929012854625533e-01
9.537082009814763506e-01
9.585008277495710161e-01
9.533068201791763396e-01
9.467464607337870985e-01
9.595464647965049609e-01
9.571074464670935589e-01
9.577126054113400677e-01
9.596898341490615048e-01
9.530647971766392779e-01
9.537640465847015969e-01
9.507880872469630651e-01
9.556381135602021182e-01
9.489504741433575363e-01
9.571479695070883587e-01
9.563113683122875797e-01
9.556467410881934743e-01
9.499902704419266319e-01
9.506894259722963314e-01
9.533568435787784789e-01
9.602587815257130899e-01
9.578628747177662106e-01
9.507723083913903750e-01
9.560888266225375798e-01
9.558780965917763606e-01
9.546161489502825725e-01
9.485820408736990172e-01
9.528593676314300875e-01
9.563825954936703289e-01
9.542488429901422320e-01
9.535007737665572858e-01
9.537918542302763480e-01
9.569752381020171228e-01
9.536148867233644744e-01
9.511721730301330169e-01
9.542928634757251727e-01
9.576083055084521067e-01
9.498063293767571302e-01
9.521247345671096651e-01
9.553969153347029453e-01
9.558760575802807136e-01
9.599975426081707175e-01
9.558373704142992811e-01
9.578782768237016354e-01
9.574992981535149772e-01
9.600781019858953824e-01
9.548133342411559976e-01
9.538236329506694089e-01
9.538841817702157222e-01
9.566400646070930547e-01
9.564307850992136428e-01
9.559798026248551572e-01
9.545702913553116842e-01
9.567420912412988310e-01
9.551149161357403994e-01
9.604376775139198408e-01
9.532461041257848100e-01
9.553462994544610343e-01
9.551957129480003195e-01
9.452438029847040069e-01
9.531484862786270273e-01
9.549941840523519243e-01
9.579272930816336018e-01
9.629797380038234156e-01
9.499665632196756526e-01
9.501738397841862360e-01
9.493108268402962180e-01
9.604546594770539958e-01
9.578344085326384594e-01
9.525885326910750184e-01
9.631133369424531576e-01
9.541662843033585917e-01
9.554437664443530265e-01
9.486696953605461280e-01
9.592340034618603850e-01
9.582395348429579851e-01
9.558657507961629829e-01
9.549282405084106307e-01
9.556372952974703239e-01
9.578338284745530062e-01
9.577983444864875961e-01
9.534584218629567065e-01
9.565511794873952089e-01
9.542226018997789216e-01
9.531948068203157653e-01
9.542178262707085024e-01
9.542214197991785163e-01
9.618511376089918796e-01
9.539207034788924622e-01
9.505926566037053993e-01
9.613156239423497063e-01
9.524709798063040189e-01
9.536215285373481620e-01
9.568857800286130200e-01
9.600926780997173227e-01
9.558857067928798745e-01
9.511858731970994629e-01
9.541490672106530679e-01
9.571912001279495597e-01
9.537441582978547494e-01
9.570675430883338608e-01
9.553541934845121153e-01
9.539330524140325895e-01
9.557785309854089917e-01
9.530455102772197318e-01
9.528250541910554539e-01
9.511339195373287314e-01
9.529241513260433560e-01
9.560540154789396450e-01
9.564090081513043629e-01
9.540941129675606369e-01
9.540321888723106714e-01
9.533058255829888195e-01
9.589005736960680704e-01
9.544645223402674628e-01
9.494280203260436757e-01
9.563115655805246584e-01
9.507034341405926625e-01
9.421358617031384552e-01
9.608940128338196995e-01
9.548496801066969075e-01
9.596182944588852459e-01
9.573074464082632629e-01
9.545077181407539690e-01
9.559514707176728354e-01
9.441794505109052382e-01
9.549550412629145280e-01
9.556602406408299943e-01
9.537087774412289498e-01
9.471562126506011259e-01
9.536235221573349241e-01
9.580928751338200211e-01
9.539700019662845643e-01
9.551292489791471940e-01
9.584495592486191873e-01
9.477727191250862049e-01
9.537930775153088403e-01
9.571802491004115510e-01
9.561817242783448023e-01
9.570172646117351967e-01
9.590729606316246159e-01
9.486212361915328239e-01
9.522122828587291643e-01
9.506712413589835098e-01
9.602238582052955440e-01
9.605810161547794213e-01
9.598954525302296759e-01
9.534088443510313482e-01
9.591775744703197049e-01
9.514396333023259489e-01
9.601000067291090012e-01
9.562761791431109160e-01
9.543879024375354625e-01
9.559947851811924080e-01
9.524522278627179928e-01
9.591775295576571159e-01
9.633618386264188871e-01
9.563874830226165580e-01
9.475651922024442841e-01
9.575555219840033994e-01
9.563569298310244937e-01
9.519817103759344867e-01
9.534978803775389089e-01
9.586394615746194336e-01
9.545066988022748999e-01
9.544684753707128877e-01
9.499093030456835507e-01
9.542838834203902776e-01
9.591559241307916484e-01
9.536227100362659748e-01
9.529164100627082190e-01
9.546073953826963443e-01
9.511717495569119718e-01
9.546468173877740160e-01
9.545747826163757388e-01
9.499553840721669529e-01
9.540528710843209081e-01
9.570800757686389604e-01
9.539391913333481465e-01
9.517142609359541261e-01
9.529666228710941267e-01
9.551694412435129955e-01
9.640504795365743007e-01
9.528714601544919782e-01
9.510680419106601891e-01
9.589927186865451203e-01
9.545586871634199611e-01
9.560567574988119155e-01
9.529811860289756353e-01
9.570654182196970394e-01
9.528398505032629195e-01
9.507871767338338387e-01
9.593000182775059947e-01
9.525332638711653255e-01
9.594656138552182245e-01
9.603343880884714912e-01
9.507429346748615950e-01
9.554853887359699982e-01
9.519552977552284689e-01
9.533069189537464183e-01
9.592056810297502345e-01
9.550766395062592062e-01
9.473163676219209517e-01
9.525605748588099608e-01
9.579303752090890800e-01
9.619935037148240609e-01
9.579851722411423243e-01
9.560127007457087656e-01
9.553139843468356762e-01
9.586612477771440100e-01
9.562304164832959863e-01
9.508746008241284464e-01
9.499114658562013425e-01
9.513446358560674332e-01
9.420528034198717426e-01
9.538993452829770403e-01
9.560913635092426199e-01
9.558952831606049028e-01
9.581656088323172726e-01
9.598800324422207542e-01
9.619885162487489261e-01
9.554744143070352802e-01
9.595214351180278989e-01
9.465338475907689730e-01
9.557076546191618505e-01
9.549880727834891836e-01
9.619100531011387512e-01
9.599924061913188700e-01
9.535811188773525293e-01
9.628021701295544910e-01
9.553270341952194711e-01
9.476276924726131368e-01
9.528474740848591473e-01
9.579164338791309463e-01
9.525315157593864379e-01
9.650854645836229873e-01
9.547990537530139932e-01
9.591685120106839824e-01
9.605612618692550564e-01
9.553489994256159079e-01
9.520405363558149814e-01
9.502434263495382893e-01
9.583331666876633292e-01
9.587770238133909162e-01
9.547610798721558600e-01
9.489213271365365410e-01
9.535127643469507586e-01
9.527333316402262220e-01
9.585987342872468453e-01
9.531938230848677751e-01
9.569145079678456067e-01
9.564588765201655907e-01
9.560228638369726584e-01
9.498457885545643631e-01
9.544676798230455894e-01
9.637596186599811654e-01
9.617421752100401289e-01
9.575026400174150298e-01
9.570498511594160984e-01
9.592697045075496698e-01
9.578635021414179107e-01
9.551876155392533541e-01
9.549994169552618040e-01
9.551390670850840037e-01
9.531296536009647991e-01
9.491174477606634241e-01
9.539959125413508545e-01
9.573050781997481939e-01
9.479379603044283398e-01
9.548500130248369633e-01
9.539642438754628584e-01
9.536682155745850320e-01
9.587982988698142695e-01
9.532472659319535246e-01
9.575496286247755506e-01
9.571432065334386508e-01
9.613181202032773376e-01
9.539286463517722137e-01
9.569852599774040236e-01
9.565359879699560919e-01
9.531904911683212189e-01
9.475938802364172187e-01
9.602260659850118119e-01
9.560703682426568983e-01
9.587648088704853189e-01
9.540459555021938431e-01
9.547724993025640261e-01
9.572960644678158992e-01
9.471950833169193729e-01
9.533695373915217486e-01
9.595964835034139773e-01
9.619116653962613839e-01
9.607441787493997687e-01
9.544440831404981118e-01
9.553976620928410490e-01
9.519217166323211687e-01
9.517011560455871377e-01
9.509524879205324410e-01
9.507179409617612098e-01
9.587526888239795708e-01
9.573022652520354336e-01
9.499193172329496448e-01
9.595777694166326421e-01
9.519912267349545099e-01
9.531745372616949874e-01
9.566793204256839322e-01
9.491694552538162410e-01
9.578347683080636887e-01
9.603350971174114958e-01
9.519397445273650726e-01
9.539937340400396204e-01
9.593775131547898072e-01
9.581905100912299078e-01
9.580662998213185233e-01
9.551225452747512668e-01
9.514943531456357961e-01
9.540421342403294647e-01
9.543029027373672868e-01
9.611478157095076913e-01
9.572969175975843958e-01
9.553988303724161302e-01
9.569069766308112568e-01
9.601618857750170433e-01
9.543701520022607188e-01
9.613242152991908762e-01
9.571635520367034466e-01
9.623229851960282133e-01
9.507794093763787258e-01
9.526555904207972825e-01
9.568019871680786270e-01
9.585200167484654310e-01
9.559386585138852643e-01
9.490490334410249806e-01
9.618242400320389240e-01
9.510360328098869109e-01
9.577826898456264226e-01
9.535598495909808348e-01
9.530099033169180389e-01
9.505378538030007096e-01
9.505617178461333028e-01
9.543363673616178655e-01
9.592446717888679641e-01
9.506028753867127312e-01
9.557294506006926982e-01
9.591555550410898467e-01
9.554420664482000669e-01
9.560471025972192560e-01
9.463273044656282940e-01
9.521757430004608169e-01
9.490182978151284754e-01
9.563466105580583632e-01
9.535464220536405966e-01
9.590130943088328586e-01
9.552944481216020245e-01
9.571450293870544801e-01
9.553024236772500455e-01
9.554491579948860558e-01
9.505338620612873157e-01
9.610896333694418647e-01
9.539922631975591427e-01
9.621746225066538649e-01
9.526782181010089445e-01
9.582375784249529405e-01
9.502411232405456598e-01
9.503317631846255331e-01
9.532849863269758917e-01
9.586811804781553148e-01
9.570367504794838887e-01
9.537054080919866728e-01
9.504062803464059517e-01
9.529694391327894198e-01
9.573736322182484493e-01
9.522205439416808748e-01
9.596306450451885794e-01
9.528247012285843143e-01
9.570771098896073692e-01
9.511729397406721853e-01
9.510774213311999903e-01
9.603157766445324928e-01
9.500343695504233077e-01
9.551744060626841115e-01
9.469761914373910905e-01
9.558238844326407690e-01
9.612513247450924503e-01
9.607277379479508550e-01
9.522840681590832856e-01
9.543785763276221301e-01
9.606103255853146727e-01
9.454999027677192247e-01
9.668813052264291219e-01
9.585184197029015252e-01
9.563335754995896387e-01
9.537362027093037042e-01
9.614115778858564054e-01
9.594997171964755323e-01
9.470196315052484826e-01
9.635491440841179589e-01
9.592245332645650269e-01
9.551922919096399456e-01
9.600636935407043104e-01
9.573294258337115004e-01
9.556352310793897464e-01
9.514540957482762185e-01
9.546430253868597449e-01
9.579608941297566016e-01
9.526498739779206693e-01
9.516346298567461837e-01
9.586715431530826725e-01
9.558929786395359285e-01
9.654710732577983512e-01
9.545586167716030301e-01
9.595399909458914856e-01
9.577931647645256952e-01
9.457837370102052388e-01
9.560376700063416555e-01
9.548435513554683896e-01
9.616551911988984180e-01
9.598861736550422519e-01
9.523893905823296313e-01
9.622528551205405956e-01
9.589440122962868962e-01
9.576753347421916862e-01
9.622103000223606317e-01
9.559637659302475665e-01
9.532790839315365972e-01
9.577458922255626117e-01
9.536623357478249963e-01
9.569716419031746302e-01
9.541835726884114743e-01
9.570191426140784996e-01
9.572164198536151636e-01
9.580872723733990792e-01
9.529525625496348962e-01
9.534984990622007439e-01
9.529469441562785637e-01
9.507714956657321581e-01
9.566390752337265990e-01
9.470449945208333498e-01
9.543417958480064911e-01
9.605558362968988906e-01
9.552890392141811793e-01
9.531274494922645779e-01
9.510478648277281843e-01
9.526410836245061686e-01
9.514241129388658624e-01
9.536451023800893712e-01
9.522389048379684695e-01
9.524540176819736859e-01
9.591675690978759272e-01
9.542964949823858900e-01
9.554982044618494097e-01
9.548649693975873598e-01
9.575991373120906758e-01
9.612386706606040887e-01
9.491234644071628868e-01
9.531846535705298384e-01
9.546988987231037616e-01
9.539111729381052340e-01
9.582853596922760175e-01
9.504762963020683131e-01
9.553478189450995695e-01
9.554924011852051757e-01
9.585655880384393868e-01
9.542701642360988945e-01
9.524522336118806942e-01
9.564982127342734897e-01
9.531190376366541761e-01
9.591529920784772623e-01
9.504409089045785519e-01
9.482210173305594125e-01
9.571016501791256292e-01
9.555738681157971426e-01
9.558780568986591231e-01
9.542927991597395243e-01
9.572387055529096855e-01
9.586601531471443671e-01
9.606904176071334733e-01
9.542859019902993900e-01
9.610753427193730047e-01
9.558827192373189341e-01
9.574956333443179757e-01
9.533543172178207126e-01
9.527215717316976917e-01
9.557417256711899789e-01
9.497625854202317308e-01
9.508553251611373547e-01
9.542636293179979079e-01
9.589752061008891548e-01
9.561443755068608219e-01
9.528964020684077552e-01
9.569639681346425730e-01
9.512165385506335946e-01
9.629811021728574838e-01
9.540783272262143289e-01
9.595618623952093529e-01
9.617173345994552980e-01
9.572788136384108304e-01
9.580152783269211270e-01
9.628658099498330625e-01
9.578554049156311478e-01
9.549613671714144436e-01
9.563867381758233144e-01
9.552459837332384351e-01
9.556667619866325847e-01
9.548339668981629114e-01
9.552674232540532273e-01
9.599176334807631994e-01
9.518149619323003074e-01
9.612533678898684819e-01
9.520492357600928157e-01
9.560737525115062807e-01
9.582085628960108625e-01
9.597988365911058750e-01
9.547668592869155146e-01
9.566339780696766493e-01
