0.00523936
0.00482440
0.00500128
0.00510800
0.00534433
0.00514459
0.00495663
0.00502801
0.00542244
0.00502402
0.00500044
0.00501626
0.00493258
0.00521749
0.00518818
0.00472717
0.00508015
0.00513770
0.00509309
0.00513148
0.00489300
0.00517449
0.00502324
0.00509473
0.00536486
0.00563434
0.00502680
0.00535398
0.00482386
0.00498101
0.00499178
0.00490387
0.00516466
0.00499820
0.00482243
0.00521053
0.00510899
0.00471651
0.00524424
0.00553597
0.00491613
0.00482576
0.00493601
0.00508944
0.00471953
0.00497393
0.00521489
0.00485066
0.00493883
0.00535719
0.00510342
0.00495256
0.00492495
0.00525916
0.00485421
0.00536852
0.00553643
0.00519358
0.00546171
0.00532800
0.00519403
0.00485918
0.00505961
0.00488773
0.00560700
0.00492140
0.00479858
0.00520462
0.00504618
0.00505827
0.00536970
0.00517767
0.00562638
0.00519087
0.00502461
0.00482168
0.00508477
0.00518117
0.00500794
0.00489234
0.00510576
0.00500475
0.00512166
0.00510814
0.00610339
0.00491873
0.00518855
0.00490727
0.00476858
0.00545953
0.00528968
0.00580511
0.00541163
0.00492228
0.00502046
0.00476530
0.00499302
0.00561158
0.00515160
0.00521661
0.00616910
0.00519649
0.00488091
0.00498069
0.00489403
0.00505283
0.00533874
0.00517459
0.00558303
0.00521806
0.00462477
0.00515066
0.00517502
0.00491461
0.00498188
0.00537286
0.00534685
0.00500998
0.00512533
0.00468252
0.00518915
0.00506100
0.00561501
0.00517375
0.00510686
0.00523347
0.00472728
0.00471367
0.00496609
0.00519085
0.00506220
0.00510653
0.00477219
0.00483142
0.00488073
0.00535973
0.00516651
0.00505833
0.00500650
0.00494032
0.00524259
0.00561140
0.00504658
0.00553983
0.00493002
0.00507773
0.00502560
0.00542740
0.00515174
0.00503611
0.00482772
0.00508831
0.00566623
0.00508113
0.00505129
0.00483318
0.00510795
0.00520169
0.00502860
0.00520175
0.00536730
0.00769473
0.00504748
0.00496580
0.00520535
0.00537692
0.00527726
0.00490014
0.00526495
0.00513442
0.00516390
0.00524632
0.00515700
0.00502811
0.00517395
0.00508454
0.00515604
0.00479821
0.00498781
0.00497996
0.00491224
0.00501448
0.00512248
0.00522182
0.00502496
0.00494945
0.00489656
0.00515505
0.00508867
0.00525183
0.00468543
0.00494608
0.00480327
0.00490239
0.00552311
0.00557164
0.00522312
0.00506189
0.00514940
0.00504560
0.00530318
0.00484883
0.00506404
0.00496655
0.00517910
0.00552699
0.00480334
0.00492847
0.00519275
0.00520269
0.00491256
0.00481353
0.00495018
0.00510193
0.00501780
0.00496084
0.00486020
0.00494909
0.00497539
0.00500865
0.00460039
0.00532486
0.00489201
0.00496832
0.00500993
0.00477593
0.00496826
0.00513633
0.00506938
0.00496324
0.00494940
0.00486170
0.00545586
0.00498304
0.00675380
0.00515532
0.00499387
0.00504712
0.00551032
0.00488561
0.00542553
0.00527169
0.00528448
0.00501407
0.00500633
0.00507972
0.00508992
0.00515484
0.00497412
0.00496526
0.00476906
0.00474617
0.00501403
0.00492925
0.00508975
0.00511091
0.00527848
0.00518384
0.00534569
0.00563753
0.00523324
0.00492937
0.00500537
0.00485509
0.00533771
0.00471828
0.00533219
0.00507459
0.00512013
0.00547430
0.00486420
0.00494739
0.00530208
0.00516920
0.00488519
0.00493400
0.00489388
0.00480109
0.00529317
0.00520863
0.00505863
0.00526142
0.00521858
0.00505264
0.00488222
0.00531653
0.00496140
0.00514543
0.00535381
0.00523474
0.00502739
0.00528065
0.00506522
0.00544100
0.00501596
0.00526883
0.00523776
0.00506598
0.00616758
0.00479646
0.00479967
0.00521147
0.00512097
0.00490077
0.00562984
0.00505628
0.00497446
0.00518338
0.00470470
0.00513518
0.00479657
0.00491944
0.00494098
0.00480225
0.00526625
0.00507022
0.00511110
0.00473414
0.00492164
0.00503658
0.00496833
0.00498175
0.00497872
0.00517864
0.00508187
0.00528864
0.00572588
0.00528634
0.00497839
0.00548368
0.00488059
0.00476230
0.00513285
0.00511083
0.00518062
0.00516213
0.00528309
0.00521599
0.00521063
0.00510578
0.00493797
0.00487459
0.00493133
0.00489042
0.00505730
0.00513975
0.00514972
0.00509569
0.00488556
0.00480450
0.00505984
0.00526994
0.00500579
0.00515562
0.00491007
0.00568585
0.00521577
0.00557474
0.00512344
0.00494900
0.00527301
0.00503921
0.00510838
0.00493322
0.00506623
0.00512577
0.00479960
0.00505999
0.00492924
0.00491107
0.00515835
0.00565174
0.00535460
0.00510986
0.00520698
0.00500695
0.00498935
0.00510695
0.00514261
0.00510176
0.00557375
0.00483858
0.00532164
0.00579234
0.00489507
0.00499330
0.00497969
0.00502642
0.00514329
0.00490367
0.00478500
0.00507405
0.00501046
0.00512789
0.00508109
0.00518373
0.00505789
0.00510338
0.00503036
0.00544167
0.00487334
0.00474121
0.00470619
0.00474761
0.00574650
0.00482595
0.00498731
0.00496166
0.00544718
0.00498545
0.00534631
0.00495359
0.00490806
0.00506583
0.00493902
0.00557328
0.00515150
0.00490970
0.00522336
0.00501587
0.00511407
0.00513585
0.00500980
0.00468867
0.00502416
0.00511618
0.00516346
0.00533953
0.00501658
0.00550289
0.00691861
0.00480255
0.00526233
0.00522255
0.00525244
0.00500994
0.00527936
0.00495658
0.00546224
0.00566206
0.00544727
0.00522370
0.00618447
0.00536034
0.00489497
0.00518313
0.00518512
0.00483222
0.00565344
0.00490110
0.00483641
0.00493631
0.00500416
0.00525850
0.00519350
0.00542123
0.00518021
0.00498932
0.00571750
0.00508846
0.00516281
0.00476106
0.00515641
0.00506476
0.00510360
0.00480551
0.00526852
0.00469412
0.00528639
0.00510043
0.00523802
0.00546435
0.00522505
0.00514289
0.00565477
0.00496526
0.00499943
0.00538695
0.00510673
0.00518374
0.00512353
0.00510832
0.00482638
0.00508554
0.00484707
0.00494569
0.00548267
0.00530096
0.00489914
0.00504988
0.00547352
0.00499757
0.00481304
0.00493744
0.00552407
0.00494824
0.00506476
0.00484053
0.00512581
0.00549619