0.05699733
0.07097026
0.03547909
0.03369279
0.05005003
0.04051286
0.06589515
0.03580732
0.02900396
0.02658402
0.03943748
0.03685741
0.04566591
0.05335853
0.03944468
0.03699337
0.04057374
0.04233321
0.03107319
0.05348519
0.06382475
0.03065767
0.04170912
0.07161022
0.03564094
0.03877445
0.03994734
0.07103989
0.03313616
0.03877080
0.05050232
0.03631068
0.03535410
0.04397070
0.06874794
0.03268111
0.03402838
0.03279435
0.03742052
0.03641754
0.03205897
0.05785441
0.05151948
0.03058393
0.02853848
0.05368118
0.04950818
0.04947503
0.04063519
0.04419842
0.03379020
0.05185869
0.09771786
0.05428662
0.03562484
0.04175373
0.03395057
0.05717376
0.05182944
0.03959130
0.06356151
0.03298664
0.04921540
0.03290193
0.03549010
0.04460982
0.03800569
0.03660161
0.03609059
0.03130526
0.03027594
0.03744625
0.04208629
0.04836773
0.03681145
0.03351174
0.02707909
0.04875020
0.05672149
0.03256080
0.04014388
0.04487972
0.03360554
0.03994880
0.04542718
0.11874056
0.03692911
0.02944415
0.04254827
0.03801156
0.02898585
0.04212963
0.03378962
0.02893883
0.03003919
0.03872412
0.04271517
0.03535131
0.04721310
0.03696094
0.02710742
0.03836563
0.05433860
0.03486069
0.04856091
0.03750702
0.03609679
0.03379950
0.04383828
0.04413664
0.03569973
0.03707525
0.04998347
0.04354429
0.03305312
0.09163435
0.09854279
0.08430870
0.04076436
0.03041178
0.04617655
0.03199105
0.03883743
0.04576058
0.05198824
0.03628705
0.03527125
0.03069062
0.02788036
0.04346316
0.05770449
0.04723697
0.05936346
0.04281745
0.03245654
0.03557699
0.03387297
0.03507856
0.03467233
0.05183748
0.04775351
0.02455345
0.05438600
0.02548082
0.04184035
0.03472095
0.04770859
0.03803692
0.08998686
0.03484600
0.04009680
0.03414504
0.03268665
0.05036044
0.05074972
0.03493218
0.03205767
0.03813471
0.03945364
0.04473143
0.07241248
0.09408490
0.04878063
0.03615003
0.04018815
0.04017996
0.03765370
0.04052793
0.03430665
0.03730572
0.03349434
0.03686735
0.04064858
0.07480743
0.05287627
0.02959006
0.03193951
0.06465140
0.03158780
0.10279525
0.07280905
0.03656462
0.03479770
0.04344983
0.03623245
0.03848623
0.03350787
0.03420048
0.03645427
0.03247250
0.03824341
0.03334251
0.02984802
0.03632760
0.03838991
0.04350509
0.04522556
0.03360172
0.03312673
0.03421729
0.03464483
0.05680000
0.04417768
0.05342723
0.02900052
0.02877714
0.02866340
0.04302299
0.04746595
0.03566706
0.04574349
0.03710388
0.03781546
0.05281102
0.06568053
0.03435608
0.08273802
0.03943029
0.02912109
0.03837236
0.03409912
0.05191943
0.05162605
0.05513593
0.04981288
0.03228760
0.03563947
0.03939304
0.04194574
0.05911142
0.04677089
0.04253948
0.03399667
0.03438106
0.03125981
0.08407690
0.09475118
0.03842848
0.03877089
0.03993812
0.03798765
0.03317346
0.03402892
0.04024059
0.05174537
0.05648596
0.04907397
0.03106387
0.04897442
0.05184197
0.03561215
0.04559062
0.02511329
0.03982967
0.08319076
0.03696029
0.03851194
0.04501448
0.02882876
0.04436361
0.03387862
0.03045316
0.04124366
0.03209653
0.05077203
0.03725317
0.02831571
0.05133148
0.04667180
0.04212743
0.04879948
0.03369052
0.04360225
0.03708455
0.03865367
0.03509271
0.03918893
0.04628127
0.04697822
0.03621260
0.03357856
0.03576221
0.05680750
0.04110266
0.02823000
0.04475235
0.05287846
0.04640512
0.03035115
0.05986655
0.03561708
0.03873293
0.03870080
0.03509287
0.03650776
0.05635141
0.05184236
0.04082562
0.03469749
0.06801690
0.03388594
0.05177201
0.02737300
0.03921140
0.02918001
0.03399696
0.03520240
0.04015730
0.03745842
0.03162047
0.03307006
0.04256132
0.03712999
0.04941727
0.03057550
0.03814849
0.03814516
0.03198430
0.04709582
0.04813600
0.04801680
0.03160790
0.05132440
0.05296326
0.02995892
0.02774677
0.05425827
0.05452039
0.02966374
0.03796644
0.04650986
0.05643775
0.02839002
0.11078427
0.03350371
0.03845292
0.03152136
0.03387917
0.05007592
0.03009110
0.03944095
0.04109732
0.03680773
0.03187351
0.07032928
0.05317488
0.04095114
0.05623499
0.03124058
0.09393155
0.03989093
0.04804412
0.03569679
0.02919316
0.03983467
0.03929606
0.03414080
0.04006482
0.04055140
0.03250928
0.03952541
0.04550060
0.03588584
0.03712370
0.06555703
0.03586347
0.03050497
0.08611615
0.03682237
0.03604997
0.03513446
0.04014763
0.04016331
0.03397090
0.04511253
0.03971331
0.04446935
0.10922691
0.03326913
0.03745621
0.04397732
0.03632708
0.03081704
0.04276821
0.09171349
0.03501814
0.04093944
0.07184024
0.03103808
0.02995503
0.03368557
0.03297837
0.03040082
0.03180872
0.06359367
0.04041619
0.03330321
0.05728370
0.05475627
0.13528974
0.03710405
0.03452313
0.03401453
0.04253491
0.03742445
0.04271285
0.12615865
0.06038914
0.08656011
0.03607757
0.04104472
0.03592585
0.09042845
0.03387131
0.03361963
0.05962212
0.03487776
0.03737270
0.04145348
0.03629005
0.06520840
0.04754593
0.03738577
0.03141759
0.03229805
0.04029580
0.03442469
0.03394010
0.02953153
0.03899358
0.03248150
0.03804779
0.04135584
0.11183923
0.04841971
0.04471447
0.06055866
0.04257935
0.03960646
0.03030473
0.03365838
0.10644849
0.06297221
0.04026431
0.04980510
0.04047298
0.03205130
0.05112687
0.03665418
0.03603996
0.04168366
0.05454794
0.04444492
0.08988507
0.04347849
0.03099086
0.03098846
0.03704117
0.03584671
0.03873950
0.05006114
0.08666380
0.05112929
0.04701628
0.03218229
0.03061159
0.05383401
0.03626955
0.03060710
0.03034877
0.03562041
0.04737986
0.06111110
0.03908303
0.03082030
0.04068375
0.04235833
0.04029817
0.05449053
0.07279559
0.06173673
0.08869749
0.03300237
0.08141220
0.03304390
0.03278448
0.07627511
0.03437938
0.03603696
0.03178914
0.03145873
0.03582871
0.03554320
0.03520421
0.05996055
0.04457294
0.03758846
0.02830999
0.03709327
0.04650412
