0.00315047
0.00291801
0.00270947
0.00294206
0.00284725
0.00272435
0.00300983
0.00289224
0.00279357
0.00299804
0.00289710
0.00287816
0.00322657
0.00288711
0.00303399
0.00278560
0.00285336
0.00283368
0.00288771
0.00277438
0.00302521
0.00292389
0.00376916
0.00296973
0.00288055
0.00287471
0.00283669
0.00314697
0.00289870
0.00319270
0.00274589
0.00296986
0.00286088
0.00308405
0.00290953
0.00284669
0.00284525
0.00283997
0.00283140
0.00289305
0.00308822
0.00287569
0.00288045
0.00289160
0.00303892
0.00307681
0.00294329
0.00284826
0.00283265
0.00298367
0.00287094
0.00304508
0.00313326
0.00294209
0.00328854
0.00300341
0.00284145
0.00279756
0.00277838
0.00286849
0.00279110
0.00275796
0.00290886
0.00292169
0.00294760
0.00284511
0.00297908
0.00283606
0.00295778
0.00301272
0.00314036
0.00297608
0.00296022
0.00291275
0.00287136
0.00303615
0.00284704
0.00285791
0.00283476
0.00284730
0.00286481
0.00307858
0.00292922
0.00298161
0.00282225
0.00290138
0.00310212
0.00290069
0.00307179
0.00288197
0.00271811
0.00285010
0.00292086
0.00317536
0.00305195
0.00305537
0.00327240
0.00295911
0.00310727
0.00276612
0.00300621
0.00320550
0.00278046
0.00303333
0.00280938
0.00268774
0.00289346
0.00290645
0.00347620
0.00291501
0.00312588
0.00289262
0.00315132
0.00287370
0.00298528
0.00300084
0.00297409
0.00311516
0.00288089
0.00285089
0.00302263
0.00298502
0.00278311
0.00302378
0.00306958
0.00292285
0.00291412
0.00276891
0.00294844
0.00282006
0.00303195
0.00289041
0.00289655
0.00290928
0.00288694
0.00278645
0.00281878
0.00289056
0.00288243
0.00292234
0.00286951
0.00295291
0.00282420
0.00297052
0.00277940
0.00300023
0.00289338
0.00277887
0.00310820
0.00279041
0.00304149
0.00278750
0.00311584
0.00288288
0.00278558
0.00317744
0.00283708
0.00280266
0.00276055
0.00286114
0.00271505
0.00297962
0.00265960
0.00288040
0.00301346
0.00281984
0.00292048
0.00284710
0.00296128
0.00279465
0.00291470
0.00308220
0.00297789
0.00291421
0.00290769
0.00267945
0.00286893
0.00295887
0.00287004
0.00281013
0.00306088
0.00280345
0.00309874
0.00336913
0.00324324
0.00299837
0.00306823
0.00313984
0.00285336
0.00299075
0.00291504
0.00311741
0.00271821
0.00297971
0.00281889
0.00292076
0.00311434
0.00277221
0.00293664
0.00283557
0.00293816
0.00295360
0.00292991
0.00307951
0.00297354
0.00294244
0.00287729
0.00286264
0.00289261
0.00289894
0.00295742
0.00295949
0.00290965
0.00292667
0.00299293
0.00277735
0.00274403
0.00299298
0.00304755
0.00285802
0.00292278
0.00303178
0.00284985
0.00301940
0.00296408
0.00287005
0.00281725
0.00276774
0.00273724
0.00291699
0.00298854
0.00299903
0.00297301
0.00297629
0.00298154
0.00295063
0.00303872
0.00294102
0.00281133
0.00291673
0.00325016
0.00277481
0.00301354
0.00269331
0.00275583
0.00310366
0.00290689
0.00285830
0.00288792
0.00301357
0.00282087
0.00299542
0.00276710
0.00271871
0.00314615
0.00305845
0.00268442
0.00309954
0.00303630
0.00287744
0.00296640
0.00305926
0.00300797
0.00288966
0.00278485
0.00283401
0.00286869
0.00280718
0.00305185
0.00314217
0.00279353
0.00295691
0.00281680
0.00277302
0.00279481
0.00300240
0.00292406
0.00288994
0.00294596
0.00268194
0.00296112
0.00297431
0.00305273
0.00291312
0.00283870
0.00304495
0.00299698
0.00303241
0.00297990
0.00274494
0.00278525
0.00292908
0.00291709
0.00311361
0.00282970
0.00284249
0.00275720
0.00307930
0.00290210
0.00305319
0.00321339
0.00288431
0.00282188
0.00289420
0.00310825
0.00314817
0.00302157
0.00310031
0.00308060
0.00291240
0.00303161
0.00290481
0.00285918
0.00309657
0.00286629
0.00292005
0.00279518
0.00293117
0.00278556
0.00299189
0.00292384
0.00298430
0.00293896
0.00295467
0.00285758
0.00269737
0.00286418
0.00297520
0.00281785
0.00317590
0.00292466
0.00407965
0.00278605
0.00312175
0.00358172
0.00301269
0.00376356
0.00306269
0.00290461
0.00290437
0.00309287
0.00320885
0.00275567
0.00302640
0.00280010
0.00277466
0.00305738
0.00294139
0.00310841
0.00297644
0.00300655
0.00276018
0.00299281
0.00319410
0.00281291
0.00305897
0.00277129
0.00319870
0.00301160
0.00283697
0.00301324
0.00291256
0.00290640
0.00300483
0.00288553
0.00322263
0.00302647
0.00300030
0.00294185
0.00303296
0.00295096
0.00308358
0.00297868
0.00313122
0.00294990
0.00288985
0.00280206
0.00320524
0.00295993
0.00302233
0.00300837
0.00282038
0.00291734
0.00280561
0.00277422
0.00281674
0.00274148
0.00320467
0.00296451
0.00290924
0.00288356
0.00301261
0.00282607
0.00302049
0.00280712
0.00290856
0.00303776
0.00314326
0.00306655
0.00289923
0.00313028
0.00293668
0.00302750
0.00363265
0.00304030
0.00299654
0.00294074
0.00301713
0.00282790
0.00300170
0.00278321
0.00279944
0.00288175
0.00298338
0.00292398
0.00284603
0.00286067
0.00297183
0.00281258
0.00307072
0.00295621
0.00295314
0.00305308
0.00270054
0.00284580
0.00330933
0.00285364
0.00297249
0.00303785
0.00302555
0.00284629
0.00290310
0.00306369
0.00277228
0.00306453
0.00291972
0.00311816
0.00282913
0.00286197
0.00299976
0.00291639
0.00275751
0.00279155
0.00297008
0.00299566
0.00277838
0.00285836
0.00287733
0.00321593
0.00276966
0.00330369
0.00296219
0.00272215
0.00319169
0.00307561
0.00295946
0.00279624
0.00293415
0.00283521
0.00301262
0.00280885
0.00285297
0.00285733
0.00272501
0.00304768
0.00291575
0.00281466
0.00323589
0.00307984
0.00279046
0.00285821
0.00320002
0.00299178
0.00301072
0.00309482
0.00297084
0.00297133
0.00299406
0.00289680
0.00311511
0.00289647
0.00286421
0.00279336
0.00301225
0.00295695
0.00304484
0.00296176
0.00280023
0.00309623
0.00285674
0.00300463
0.00287901
0.00301163
0.00295527
0.00294731
0.00286153
0.00298938
0.00303802
0.00290292
0.00300688
