0.01157938
0.01388694
0.01185137
0.01162804
0.01186719
0.01464385
0.01142943
0.01483767
0.01308452
0.01171526
0.01232738
0.01363670
0.01436673
0.01333198
0.01265556
0.01198589
0.01173123
0.01142309
0.01269870
0.01279960
0.01292456
0.01220434
0.01111723
0.01425064
0.01188427
0.01482548
0.01383237
0.01345471
0.01372660
0.01771807
0.01247832
0.01207450
0.01171501
0.01201601
0.01175053
0.01153116
0.01495362
0.01144767
0.01125316
0.01187071
0.01353218
0.01136636
0.01373834
0.01360203
0.01082245
0.01181307
0.01280522
0.01272451
0.01330342
0.01193535
0.01278489
0.01335522
0.01272078
0.01522398
0.01413392
0.01442941
0.01245624
0.01303505
0.01279113
0.01168457
0.01102011
0.01174595
0.01087735
0.01307913
0.01449044
0.01165310
0.01468420
0.01218927
0.01190763
0.01211070
0.01302599
0.01064842
0.01197334
0.01045207
0.01035403
0.01211529
0.01126668
0.01123288
0.01162004
0.01258300
0.01285998
0.01162505
0.01506077
0.01438987
0.01186151
0.01195403
0.01217925
0.01149871
0.01236095
0.01300058
0.01251361
0.01282952
0.01290533
0.01272803
0.01249671
0.01148630
0.01327311
0.01204884
0.01207681
0.01191718
0.01509534
0.01054089
0.01103824
0.01370449
0.01305109
0.01335678
0.01174327
0.01138045
0.01238484
0.01417431
0.01101676
0.01129422
0.01118806
0.01176971
0.01154377
0.01185923
0.01206241
0.01345682
0.01039977
0.01036613
0.01218836
0.01318887
0.01146962
0.01113278
0.01337313
0.01296875
0.01314456
0.01735239
0.01170084
0.01268371
0.01184877
0.01644634
0.01313965
0.01100111
0.01136368
0.01209090
0.01203422
0.01115826
0.01203009
0.01234069
0.01209391
0.01114136
0.01251204
0.01301305
0.01135782
0.01674224
0.01167604
0.01352818
0.01272357
0.01196818
0.01225219
0.01273696
0.01400246
0.01573105
0.01279856
0.01275608
0.01120577
0.01417831
0.01246662
0.01187327
0.01448457
0.01139451
0.01349850
0.01483615
0.01279797
0.02136603
0.01173742
0.01390848
0.01242684
0.01206700
0.01040804
0.01400531
0.01190059
0.01329209
0.01073932
0.01556553
0.01125813
0.01285427
0.01280517
0.01471380
0.01348757
0.01351569
0.01573298
0.01886896
0.01293393
0.02059588
0.01039196
0.01330709
0.01109564
0.01042633
0.01180632
0.01442933
0.01295471
0.01182163
0.01322006
0.01252377
0.01279675
0.01186633
0.01297421
0.01396385
0.01271148
0.01099744
0.01077083
0.01373877
0.01441279
0.01269339
0.01073035
0.01270286
0.01243856
0.01102412
0.01131163
0.01230754
0.01255067
0.01318798
0.01252588
0.01303247
0.01252382
0.01398968
0.01119710
0.01367966
0.01198446
0.01308266
0.01224249
0.01245790
0.01113916
0.01136376
0.01117708
0.01238735
0.01398441
0.01267195
0.01181290
0.01164342
0.01161562
0.01363295
0.01065983
0.01138185
0.01404979
0.01103695
0.01135630
0.01212836
0.01052229
0.01137748
0.01356794
0.01117809
0.01839610
0.01342716
0.01164687
0.01054328
0.01652047
0.01132733
0.01649956
0.01194389
0.01049027
0.01118205
0.01396308
0.01369348
0.01096413
0.01170197
0.01114830
0.01206779
0.01164508
0.01005281
0.01785559
0.01116459
0.01188646
0.01420036
0.01111803
0.01341762
0.01083208
0.01418511
0.01048688
0.01322081
0.01309207
0.01182147
0.01236144
0.01224655
0.01499823
0.01051866
0.01170432
0.01200036
0.01223486
0.01751325
0.01325080
0.01062764
0.01145646
0.01248008
0.01482277
0.01229595
0.01350049
0.01261950
0.01308570
0.01186599
0.01084449
0.01541959
0.01569490
0.01730934
0.01186310
0.01186644
0.01144919
0.01231024
0.01251723
0.01332488
0.01219782
0.01199839
0.01420888
0.01317647
0.01365388
0.01149782
0.01311999
0.01203496
0.01227484
0.01476629
0.01248864
0.01192895
0.01395675
0.01253220
0.01091673
0.01253896
0.01258421
0.01164502
0.01196084
0.01168701
0.01381843
0.01272093
0.01262358
0.01295777
0.01319405
0.01203858
0.01079835
0.01180945
0.01365451
0.01285404
0.01042406
0.01229473
0.01214833
0.01165743
0.01134081
0.01213403
0.01186332
0.01419133
0.01239573
0.01235315
0.01131766
0.01143969
0.01155180
0.01307339
0.01337663
0.01236394
0.01306533
0.01905527
0.01208450
0.01352600
0.01366670
0.01235160
0.01407097
0.01293532
0.01291608
0.01260646
0.01394932
0.01176762
0.01077358
0.01286688
0.01281361
0.01181250
0.01163948
0.01212513
0.01220262
0.01159556
0.01173895
0.01218020
0.01382027
0.01201844
0.01211999
0.01187880
0.01425265
0.01157187
0.01254772
0.01273747
0.01225505
0.01193508
0.01323006
0.01157702
0.01132985
0.01310626
0.01178710
0.01389974
0.01248024
0.01423966
0.01368241
0.01202763
0.01362558
0.01891024
0.01295516
0.01227566
0.01257242
0.01218044
0.01172348
0.01163708
0.01313406
0.01092801
0.01166717
0.01121986
0.01163820
0.01214368
0.01475809
0.01277356
0.01115403
0.01354721
0.01118752
0.01494087
0.01173913
0.01130317
0.01412545
0.01088504
0.01117068
0.01203255
0.01227694
0.01174122
0.01154099
0.01139854
0.01124480
0.01083568
0.01096652
0.01151085
0.01138873
0.01627173
0.01257049
0.01192280
0.01201544
0.01258538
0.01142839
0.01170953
0.01188444
0.01367715
0.03050798
0.01246567
0.01293222
0.01458925
0.01446578
0.01438163
0.01405399
0.01382894
0.01033369
0.01084184
0.01244139
0.01261127
0.01268848
0.01274804
0.01285855
0.01388617
0.01529080
0.01288916
0.01179964
0.01219122
0.01339240
0.01354370
0.01295021
0.01455944
0.01093546
0.01383445
0.01330795
0.01294125
0.01308963
0.01611233
0.01169260
0.01185679
0.01537122
0.01260915
0.01230880
0.01232817
0.01335412
0.01344586
0.01291444
0.01276182
0.01227038
0.01314198
0.01224638
0.01206246
0.01175032
0.01125096
0.01340117
0.01129149
0.01297778
0.01904584
0.01534540
0.01057148
0.01124394
0.01164999
0.01319658
0.01521339
0.01432532
0.01084057
0.01181921
0.01226369
0.01378880
0.01106441
0.01140616
0.01432808
0.01202691
0.01162990
