0.00483204
0.00537844
0.00523496
0.00485380
0.00508123
0.00530413
0.00542919
0.00500535
0.00518445
0.00537688
0.00523739
0.00537900
0.00525121
0.00576897
0.00510895
0.00592923
0.00495323
0.00529457
0.00487346
0.00535885
0.00511287
0.00554149
0.00513080
0.00521619
0.00528748
0.00485638
0.00528404
0.00511472
0.00490845
0.00506245
0.00535305
0.00554972
0.00570655
0.00536770
0.00543034
0.00504638
0.00518425
0.00553618
0.00536632
0.00584734
0.00506985
0.00537063
0.00526907
0.00521107
0.00532809
0.00538631
0.00541435
0.00660030
0.00496218
0.00588103
0.00517194
0.00535353
0.00511516
0.00637028
0.00478681
0.00539690
0.00502665
0.00526510
0.00513239
0.00505244
0.00587186
0.00530149
0.00500036
0.00557186
0.00536780
0.00509231
0.00474731
0.00520960
0.00517873
0.00551524
0.00597253
0.00538057
0.00511464
0.00485948
0.00531075
0.00493746
0.00563061
0.00539237
0.00530967
0.00489204
0.00550840
0.00555644
0.00559229
0.00645530
0.00514691
0.00512719
0.00538527
0.00502540
0.00518908
0.00553633
0.00552288
0.00544319
0.00610090
0.00630953
0.00523519
0.00481961
0.00541621
0.00524672
0.00517798
0.00519051
0.00531110
0.00527304
0.00590041
0.00499889
0.00518623
0.00524989
0.00534768
0.00490760
0.00533004
0.00561662
0.00552978
0.00568798
0.00532442
0.00546046
0.00495570
0.00561535
0.00493910
0.00492027
0.00552229
0.00517319
0.00505355
0.00530183
0.00565010
0.00518071
0.00533314
0.00489481
0.00533762
0.00541725
0.00507545
0.00515213
0.00526689
0.00562511
0.00558412
0.00531297
0.00492363
0.00510293
0.00531285
0.00516749
0.00488187
0.00494215
0.00504643
0.00503156
0.00537726
0.00550032
0.00488284
0.00519439
0.00518158
0.00532334
0.00576279
0.00518906
0.00500095
0.00519383
0.00498042
0.00532489
0.00500427
0.00533635
0.00548329
0.00495113
0.00473997
0.00505222
0.00539899
0.00500725
0.00499333
0.00519470
0.00509810
0.00539098
0.00518450
0.00527721
0.00561648
0.00502332
0.00562410
0.00516317
0.00493223
0.00527817
0.00498361
0.00533714
0.00516325
0.00517435
0.00537562
0.00496775
0.00484933
0.00514543
0.00504668
0.00544132
0.00589068
0.00497744
0.00525520
0.00532463
0.00515488
0.00546543
0.00527670
0.00548099
0.00560717
0.00502451
0.00509701
0.00521979
0.00506035
0.00514555
0.00502415
0.00495934
0.00509205
0.00596557
0.00599240
0.00500779
0.00556359
0.00530798
0.00517004
0.00530027
0.00522189
0.00509438
0.00514747
0.00513812
0.00523652
0.00527138
0.00538076
0.00545337
0.00521552
0.00505392
0.00556060
0.00516625
0.00572516
0.00534558
0.00529943
0.00510896
0.00489548
0.00563942
0.00566262
0.00533679
0.00546792
0.00501758
0.00513657
0.00541056
0.00522743
0.00526077
0.00563353
0.00506672
0.00529532
0.00508071
0.00505795
0.00508796
0.00505407
0.00537811
0.00552588
0.00508475
0.00558831
0.00504833
0.00516787
0.00573692
0.00518504
0.00522537
0.00528228
0.00493565
0.00534425
0.00518029
0.00502934
0.00536512
0.00575529
0.00518265
0.00531826
0.00532041
0.00513340
0.00542549
0.00494895
0.00594243
0.00505019
0.00503313
0.00573123
0.00512695
0.00504436
0.00510751
0.00516811
0.00547553
0.00524559
0.00493550
0.00534179
0.00512756
0.00548020
0.00514192
0.00551616
0.00578877
0.00512523
0.00602366
0.00530086
0.00517097
0.00548414
0.00498256
0.00515962
0.00736597
0.00526359
0.00522090
0.00502465
0.00489509
0.00501786
0.00527231
0.00540058
0.00528905
0.00530366
0.00510129
0.00475234
0.00529621
0.00499246
0.00511868
0.00497595
0.00525313
0.00499807
0.00527511
0.00522703
0.00606863
0.00573065
0.00514770
0.00503914
0.00547308
0.00509746
0.00517650
0.00545853
0.00496765
0.00517192
0.00513832
0.00562130
0.00547772
0.00524959
0.00513643
0.00525453
0.00528565
0.00519994
0.00544902
0.00515669
0.00531674
0.00503816
0.00571399
0.00536147
0.00498175
0.00498992
0.00496423
0.00543348
0.00544001
0.00495598
0.00515305
0.00511492
0.00564885
0.00517918
0.00514940
0.00489565
0.00544223
0.00562970
0.00540869
0.00508173
0.00553295
0.00518226
0.00482503
0.00551531
0.00545892
0.00516419
0.00546761
0.00548437
0.00548405
0.00501090
0.00543639
0.00491847
0.00524781
0.00507621
0.00532604
0.00546464
0.00611439
0.00525532
0.00525406
0.00571744
0.00501406
0.00526129
0.00509481
0.00531563
0.00495387
0.00551158
0.00531853
0.00522538
0.00566637
0.00526224
0.00540646
0.00506883
0.00547227
0.00492165
0.00520812
0.00503325
0.00519916
0.00511157
0.00514139
0.00532892
0.00476539
0.00499742
0.00520351
0.00496434
0.00548622
0.00510264
0.00543225
0.00528682
0.00524448
0.00536378
0.00532295
0.00547060
0.00530390
0.00497782
0.00545632
0.00578002
0.00536361
0.00501330
0.00537060
0.00508937
0.00528090
0.00523797
0.00503857
0.00519395
0.00554774
0.00523053
0.00537879
0.00522739
0.00492790
0.00489888
0.00532686
0.00515545
0.00498281
0.00579162
0.00518926
0.00619056
0.00501600
0.00528927
0.00538902
0.00542447
0.00535225
0.00557824
0.00514033
0.00492208
0.00515758
0.00514515
0.00506109
0.00526490
0.00533754
0.00517567
0.00499866
0.00517339
0.00504880
0.00584183
0.00684023
0.00511184
0.00524140
0.00557929
0.00506420
0.00498693
0.00520884
0.00536631
0.00503378
0.00544359
0.00488948
0.00533860
0.00543202
0.00530326
0.00490223
0.00484918
0.00546286
0.00518623
0.00520231
0.00541133
0.00518653
0.00529817
0.00514464
0.00509951
0.00505212
0.00515027
0.00506539
0.00542820
0.00529955
0.00501604
0.00479367
0.00531076
0.00539104
0.00542896
0.00541214
0.00533357
0.00481229
0.00519305
0.00596852
0.00505600
0.00551076
0.00490040
0.00543581
0.00510426
0.00510232
0.00536244
0.00532396
0.00541101
0.00543991
0.00489308
0.00487343
0.00510182
0.00531156
0.00522404
0.00561105
0.00528023
0.00533915
0.00516972
0.00535098