0.00301023
0.00341838
0.00304309
0.00322475
0.00326113
0.00335757
0.00327139
0.00331648
0.00328593
0.00319878
0.00316995
0.00337430
0.00335733
0.00336488
0.00340596
0.00349964
0.00331610
0.00326851
0.00323347
0.00329411
0.00324528
0.00334972
0.00328100
0.00350340
0.00333716
0.00355810
0.00359914
0.00317268
0.00304234
0.00317689
0.00319024
0.00319198
0.00331559
0.00317268
0.00307403
0.00302308
0.00310439
0.00316841
0.00324821
0.00369665
0.00323069
0.00347625
0.00317516
0.00340158
0.00324588
0.00309375
0.00321305
0.00322765
0.00322865
0.00334487
0.00334093
0.00338826
0.00319644
0.00344953
0.00311032
0.00324123
0.00346324
0.00293400
0.00329354
0.00300233
0.00352346
0.00307413
0.00362488
0.00323529
0.00324654
0.00417234
0.00328520
0.00316589
0.00302087
0.00359316
0.00320371
0.00321066
0.00323343
0.00381707
0.00311940
0.00345650
0.00348095
0.00525507
0.00323490
0.00327014
0.00319099
0.00321820
0.00355032
0.00302245
0.00338404
0.00311110
0.00314664
0.00325468
0.00398782
0.00323257
0.00349745
0.00350831
0.00330025
0.00326628
0.00299884
0.00324381
0.00330917
0.00311170
0.00310946
0.00304486
0.00299815
0.00421592
0.00324991
0.00316844
0.00332035
0.00352586
0.00313603
0.00311570
0.00314907
0.00327345
0.00314953
0.00341978
0.00317575
0.00360341
0.00342168
0.00312521
0.00339479
0.00328136
0.00329973
0.00324478
0.00336880
0.00302450
0.00360958
0.00307159
0.00316817
0.00312400
0.00289660
0.00339065
0.00342011
0.00313734
0.00330888
0.00335740
0.00333314
0.00313556
0.00371104
0.00313468
0.00339918
0.00313097
0.00315731
0.00367583
0.00329728
0.00327670
0.00315863
0.00306496
0.00328460
0.00302640
0.00329004
0.00335360
0.00311585
0.00309223
0.00339300
0.00329860
0.00347403
0.00336960
0.00304064
0.00292557
0.00335502
0.00356410
0.00317796
0.00297397
0.00324541
0.00311461
0.00331941
0.00314541
0.00303896
0.00312447
0.00355810
0.00314882
0.00344518
0.00320027
0.00323795
0.00327131
0.00318415
0.00295270
0.00324402
0.00348845
0.00331716
0.00315225
0.00345779
0.00320505
0.00360586
0.00308623
0.00322503
0.00301731
0.00320195
0.00325325
0.00308024
0.00326877
0.00316151
0.00315328
0.00305571
0.00334211
0.00315814
0.00323531
0.00330877
0.00328729
0.00316399
0.00344536
0.00312231
0.00330599
0.00326922
0.00310816
0.00325835
0.00311311
0.00327187
0.00362332
0.00397706
0.00308819
0.00342597
0.00337822
0.00327246
0.00337477
0.00335520
0.00401011
0.00342588
0.00297408
0.00309031
0.00331675
0.00311297
0.00333967
0.00327879
0.00308532
0.00330262
0.00321037
0.00332917
0.00329079
0.00318217
0.00330413
0.00358174
0.00305108
0.00330376
0.00322072
0.00310764
0.00310582
0.00295643
0.00356117
0.00298191
0.00307862
0.00311641
0.00326890
0.00334096
0.00325345
0.00345238
0.00341858
0.00320413
0.00306201
0.00333295
0.00305848
0.00324390
0.00297850
0.00322953
0.00327469
0.00318694
0.00316217
0.00345807
0.00340622
0.00340652
0.00299386
0.00330036
0.00311798
0.00309920
0.00348249
0.00320530
0.00311995
0.00346757
0.00436868
0.00309101
0.00331698
0.00329349
0.00300512
0.00323197
0.00326822
0.00329687
0.00324584
0.00329509
0.00304042
0.00326859
0.00310169
0.00381302
0.00319327
0.00293981
0.00345265
0.00323340
0.00325843
0.00362506
0.00318468
0.00357414
0.00335418
0.00315355
0.00347447
0.00365731
0.00316304
0.00351393
0.00346662
0.00366192
0.00326863
0.00381908
0.00326525
0.00349538
0.00332602
0.00323665
0.00337547
0.00309558
0.00316039
0.00362134
0.00326526
0.00327566
0.00307574
0.00340027
0.00307977
0.00320189
0.00337223
0.00304087
0.00343384
0.00322690
0.00296422
0.00311743
0.00303890
0.00358383
0.00307750
0.00328397
0.00325414
0.00333657
0.00313221
0.00312630
0.00310734
0.00332627
0.00317565
0.00314980
0.00298476
0.00316962
0.00324433
0.00314691
0.00334196
0.00313208
0.00326190
0.00303524
0.00338623
0.00349527
0.00338157
0.00315781
0.00319996
0.00360949
0.00316346
0.00313857
0.00318359
0.00310127
0.00318449
0.00360545
0.00438805
0.00323045
0.00351812
0.00315826
0.00365733
0.00333608
0.00304482
0.00323750
0.00327615
0.00324583
0.00340080
0.00325584
0.00333765
0.00296276
0.00344472
0.00351018
0.00300053
0.00328224
0.00338774
0.00305094
0.00348388
0.00325074
0.00322360
0.00317526
0.00301104
0.00357667
0.00366347
0.00335184
0.00337462
0.00312671
0.00320474
0.00305861
0.00392057
0.00320806
0.00405930
0.00369684
0.00365483
0.00374902
0.00337485
0.00317718
0.00329259
0.00313023
0.00321337
0.00342534
0.00341325
0.00318978
0.00307032
0.00347653
0.00304454
0.00319280
0.00322788
0.00331342
0.00336175
0.00420477
0.00315946
0.00325536
0.00343270
0.00325880
0.00327676
0.00304892
0.00321308
0.00303997
0.00314055
0.00304387
0.00319216
0.00329253
0.00304207
0.00322473
0.00323127
0.00325624
0.00325996
0.00329684
0.00348958
0.00343884
0.00438034
0.00331053
0.00326001
0.00334557
0.00321772
0.00342170
0.00325851
0.00312278
0.00341770
0.00365699
0.00310004
0.00304436
0.00344676
0.00303551
0.00342694
0.00338074
0.00308078
0.00306294
0.00320861
0.00332641
0.00365417
0.00303531
0.00305243
0.00335873
0.00315511
0.00307746
0.00329099
0.00317618
0.00359277
0.00345388
0.00320242
0.00331900
0.00314217
0.00351551
0.00329875
0.00336630
0.00315342
0.00303293
0.00325590
0.00380227
0.00335554
0.00343224
0.00317594
0.00346594
0.00318112
0.00317725
0.00312804
0.00339611
0.00341687
0.00314057
0.00316009
0.00387349
0.00359180
0.00315193
0.00320722
0.00317673
0.00380093
0.00313146
0.00335411
0.00326950
0.00374171
0.00315595
0.00316483
0.00395111
0.00345442
0.00334895
0.00310019
0.00330159
0.00324978
0.00306677
0.00294789
0.00347549
0.00322557
0.00307073
0.00322001
0.00309677
0.00310506
