0.02262677
0.01821001
0.01912303
0.01677650
0.02229794
0.02140904
0.02365746
0.01954591
0.03156648
0.02201078
0.02246237
0.02051528
0.01956867
0.02537349
0.02019944
0.02415776
0.01664254
0.02532482
0.01897301
0.01500525
0.03979238
0.02667560
0.03383876
0.02160205
0.02320921
0.02885407
0.01682685
0.03318518
0.03142424
0.02294197
0.02602680
0.02383815
0.01918587
0.02100274
0.02245935
0.02083312
0.02240536
0.02318523
0.02077690
0.02100669
0.01756221
0.01926782
0.02227795
0.01797080
0.02421206
0.01821636
0.02072268
0.03860711
0.03816725
0.01705476
0.02215148
0.01759892
0.01340566
0.02233494
0.02080510
0.02127574
0.02702200
0.06706239
0.02381248
0.02542734
0.01833805
0.04213056
0.02192694
0.02170542
0.02519111
0.03366734
0.02135961
0.01790866
0.03321898
0.01955366
0.02046995
0.01934043
0.02079793
0.02215893
0.01919323
0.01894564
0.02719710
0.01964878
0.01875906
0.01983646
0.02946355
0.01833171
0.01758354
0.01678707
0.01728356
0.01686357
0.02154053
0.01756856
0.02372669
0.02321108
0.02263639
0.01966997
0.01608260
0.02254760
0.05592451
0.01688132
0.01944005
0.01693425
0.02567281
0.02784459
0.03478882
0.02277855
0.02947525
0.01625135
0.02330579
0.01720455
0.01817714
0.02211420
0.04713837
0.01998260
0.02624992
0.01798513
0.01544055
0.03417716
0.01893484
0.01789312
0.03432141
0.02596257
0.05505538
0.03354073
0.03736825
0.02260339
0.03224983
0.01823767
0.01680977
0.02095653
0.01693019
0.04785866
0.01770316
0.02258193
0.01800879
0.03153566
0.02041724
0.02232364
0.02260649
0.02607909
0.02106219
0.01745229
0.01914222
0.01888458
0.02346689
0.02028985
0.01900553
0.03877487
0.01863618
0.03872682
0.01986801
0.02063927
0.01820635
0.02074472
0.02128616
0.02973718
0.02317520
0.02063680
0.02569425
0.02036146
0.02688021
0.02667532
0.02046315
0.02226993
0.02136265
0.01610153
0.01840780
0.02584562
0.01963949
0.02117956
0.02460215
0.01812785
0.01754195
0.01880278
0.01692336
0.03751934
0.01827887
0.02183301
0.01865833
0.02255182
0.02370176
0.01810262
0.01830258
0.02396156
0.01905159
0.02654545
0.02637102
0.01837665
0.02119804
0.01803397
0.02258577
0.02491029
0.01740298
0.01959439
0.02501255
0.02299983
0.02369596
0.02352917
0.02086285
0.02498555
0.02279806
0.02258569
0.01894190
0.02030196
0.01994427
0.01870841
0.02240227
0.02433832
0.02135353
0.02986411
0.01747285
0.02018655
0.02512254
0.01835743
0.02074098
0.01849609
0.01741633
0.01739625
0.02241523
0.02122516
0.02315957
0.01656235
0.03491691
0.01917717
0.02024296
0.04368798
0.01793074
0.01785487
0.08337908
0.01907371
0.01785310
0.02005252
0.02934975
0.02527644
0.01884286
0.02037567
0.05194594
0.02016944
0.02239977
0.01902673
0.01590680
0.05012362
0.01595892
0.01723177
0.02391786
0.01815721
0.04634784
0.02097399
0.02679477
0.04138270
0.01894989
0.02256652
0.01832751
0.01764888
0.01675798
0.04153690
0.01918634
0.02608431
0.01813962
0.02318092
0.02279809
0.01852756
0.03013185
0.02115310
0.02261057
0.01583609
0.01890417
0.01855011
0.01682567
0.02375789
0.01829844
0.02294865
0.02703706
0.02710986
0.02059110
0.02181049
0.02192375
0.02258604
0.01874369
0.01751477
0.02054275
0.03047766
0.02128875
0.02462527
0.01904637
0.03330496
0.02169128
0.04898353
0.02249690
0.02214423
0.02476602
0.02768415
0.02542155
0.03755462
0.02360034
0.01723081
0.01828558
0.02546190
0.02524458
0.01479220
0.02559279
0.02141607
0.01608694
0.02230126
0.02567826
0.02076993
0.01989250
0.02070992
0.02071783
0.02208398
0.01805827
0.02570174
0.01735810
0.02356042
0.03317099
0.01849829
0.02889478
0.01790014
0.01702524
0.02584009
0.03711234
0.02906280
0.01897916
0.02448149
0.01955842
0.02084446
0.02114647
0.02515362
0.01982052
0.02218420
0.02050959
0.03501056
0.02208564
0.03282578
0.01882793
0.02557952
0.02324422
0.02411869
0.02098956
0.01922311
0.01846935
0.01989522
0.01681864
0.03362482
0.01846322
0.01992265
0.02218857
0.01774742
0.01855962
0.01772371
0.02216789
0.01922643
0.01442448
0.02075568
0.02048716
0.01828340
0.02418457
0.02090182
0.01620548
0.02534437
0.03730665
0.03974055
0.02390640
0.05600722
0.01612769
0.02137589
0.01593829
0.03610225
0.02945456
0.04006613
0.01899310
0.01631104
0.02432269
0.01892996
0.02684113
0.01981308
0.02126490
0.02890909
0.02233672
0.02093874
0.01979358
0.02773323
0.01651677
0.02349377
0.02358482
0.01763770
0.02276940
0.02104143
0.01788643
0.02038481
0.01692987
0.02028025
0.02205811
0.02164001
0.02603701
0.02771695
0.01987830
0.02126270
0.02933291
0.02379224
0.01935786
0.01647728
0.02367495
0.01624200
0.01839599
0.01970973
0.01931686
0.03353085
0.01802127
0.02613642
0.02342139
0.01833867
0.02346918
0.02181672
0.02847522
0.01875235
0.02325870
0.01603800
0.01974488
0.02163824
0.02485220
0.01707646
0.03383384
0.02381635
0.01977169
0.02306132
0.01930892
0.02458529
0.01956387
0.01993254
0.02147520
0.04178365
0.01988522
0.01755482
0.01568561
0.02768937
0.02989236
0.02808328
0.01915388
0.02051886
0.01890843
0.01744817
0.02833398
0.02376156
0.02674246
0.02007360
0.01676392
0.02308047
0.02343462
0.01845853
0.01933039
0.02930834
0.01615465
0.02412308
0.04159018
0.02176854
0.02166294
0.03382010
0.02775748
0.03621160
0.02400142
0.02230133
0.02360880
0.01679770
0.02523322
0.01665780
0.02135235
0.02601808
0.03794662
0.02005317
0.02627077
0.01950685
0.02403964
0.02433176
0.01911122
0.03523851
0.01732471
0.02315749
0.01544814
0.02551790
0.02085870
0.02694327
0.01906485
0.01753756
0.01781662
0.01894413
0.04026714
0.02011872
0.01674804
0.01830424
0.03210836
0.02131530
0.01771641
0.05660673
0.01738747
0.01678276
0.02007943
0.02085963
0.01914190
0.01808097
0.01671005
0.02726738
0.01918150
0.01796126
