0.01011585
0.01067703
0.01078271
0.01200452
0.01065888
0.01156203
0.01082917
0.01055197
0.01092163
0.01098817
0.01353312
0.01144206
0.01217204
0.01187348
0.01078677
0.01166693
0.01375261
0.01104122
0.01349919
0.01077625
0.01084074
0.01175718
0.01111137
0.01253060
0.01055603
0.01914336
0.01290140
0.01064281
0.01242910
0.01203805
0.01078712
0.01005709
0.01101192
0.01065674
0.01080550
0.01170992
0.01159652
0.01145536
0.01034189
0.01091674
0.01152527
0.01002204
0.01138725
0.01055050
0.01026825
0.01088182
0.01070506
0.01054041
0.01284556
0.01403498
0.01188921
0.01242285
0.01219610
0.01020306
0.01245404
0.01245502
0.00994532
0.01092772
0.01164880
0.01182781
0.01289483
0.01059708
0.01097598
0.01113640
0.01089854
0.01195882
0.01107334
0.01108860
0.01124834
0.01075265
0.01138239
0.01118617
0.01221471
0.01092108
0.01049489
0.01107280
0.01151483
0.01022733
0.01124735
0.01140922
0.01036655
0.01121822
0.02059323
0.01104692
0.01149896
0.01177058
0.01144379
0.01097762
0.01162815
0.01202654
0.01189843
0.01144232
0.01110628
0.01052962
0.01117381
0.01078621
0.01105134
0.01136198
0.01097524
0.01093367
0.01189579
0.01110285
0.01114065
0.01275251
0.01067601
0.01155753
0.01155942
0.01033802
0.01080901
0.01156545
0.01145548
0.01107935
0.01107444
0.01051333
0.01147311
0.01087386
0.01339389
0.01257371
0.01167097
0.01334922
0.01028286
0.00974460
0.01153702
0.01193074
0.01216167
0.01002785
0.01212101
0.01302678
0.01097436
0.01165636
0.01086429
0.01151244
0.01092242
0.01164708
0.01095411
0.01094361
0.01140405
0.01230364
0.01222657
0.01172582
0.01162371
0.01089065
0.01169071
0.01166131
0.01137586
0.01063106
0.01105222
0.01334339
0.01065747
0.01296217
0.00982543
0.01173460
0.01105198
0.01082519
0.01313983
0.01328323
0.01149135
0.00993887
0.01136563
0.01267632
0.01225278
0.01118854
0.01259742
0.01030919
0.01208233
0.01210454
0.01149757
0.01101882
0.01009511
0.01226262
0.01156823
0.01138191
0.01154462
0.01212504
0.01321302
0.01167606
0.01170509
0.01123096
0.01416203
0.01203481
0.01245120
0.01175225
0.01118862
0.01054145
0.01077823
0.01034722
0.01265715
0.01024507
0.01094756
0.01098388
0.01236459
0.01142684
0.01400553
0.01132864
0.01309570
0.01189420
0.01125810
0.01170459
0.01217019
0.01188199
0.01386304
0.01099843
0.01296378
0.01103791
0.01084667
0.01111035
0.01192878
0.01129583
0.01113063
0.02314429
0.01084970
0.01177137
0.01009149
0.01064396
0.01404665
0.01085875
0.01247142
0.01070509
0.01057381
0.01080763
0.01011337
0.01409461
0.01149565
0.01106185
0.01040650
0.01383716
0.01031583
0.01059243
0.01188880
0.01021259
0.01296642
0.01058687
0.01069595
0.01189006
0.01392908
0.00996578
0.01126787
0.01249056
0.01244868
0.01558525
0.01151853
0.01062189
0.01074641
0.01124729
0.01038125
0.01042681
0.01069231
0.01152885
0.01115960
0.01160019
0.01180191
0.01124494
0.01318538
0.01044186
0.01048098
0.01235264
0.01374992
0.01243311
0.01048092
0.01019680
0.01119693
0.01036197
0.01090267
0.01173695
0.01098685
0.01219038
0.01134244
0.01182020
0.01207769
0.01351502
0.01248615
0.01114094
0.01217242
0.01290458
0.01055828
0.01094476
0.01208833
0.01023757
0.01197225
0.01318450
0.01163335
0.01102886
0.01330887
0.01099754
0.01103679
0.01011943
0.01248072
0.01098472
0.01209560
0.00983765
0.01141310
0.01278040
0.01164447
0.01039515
0.01028836
0.01078555
0.01143972
0.01031875
0.01177468
0.01028346
0.01148798
0.01052833
0.01166178
0.01101419
0.01189287
0.01130215
0.01140916
0.01241743
0.01177389
0.01158640
0.01076076
0.01171443
0.01205546
0.01068351
0.01211111
0.01225080
0.01108023
0.01112340
0.01039116
0.01102011
0.01256324
0.01273639
0.00978508
0.01050253
0.01158873
0.01061965
0.01454179
0.01846707
0.01109778
0.01313705
0.01101395
0.01134171
0.01089437
0.01045898
0.01272350
0.01250129
0.01006673
0.01097783
0.01091488
0.01168346
0.01126330
0.01151347
0.01269522
0.01188629
0.01140137
0.01049294
0.01187761
0.01212698
0.01215944
0.01086316
0.01144952
0.01160842
0.01091542
0.01295541
0.01118860
0.01272562
0.01212418
0.01314754
0.01067641
0.01565223
0.01320741
0.01090583
0.01253036
0.01192146
0.01131159
0.01066497
0.01465342
0.01305653
0.01159071
0.01162849
0.01096532
0.01165836
0.01284747
0.01080031
0.01133758
0.01110121
0.01197547
0.01272320
0.01140585
0.01176443
0.01131132
0.01133698
0.01298532
0.01405085
0.01200506
0.01143441
0.01204340
0.01071164
0.01187533
0.01156946
0.01035637
0.01339719
0.01003222
0.01134630
0.01138680
0.01150658
0.01163563
0.01064495
0.01270738
0.01069860
0.01141141
0.01019588
0.01031089
0.01061528
0.01204483
0.01173732
0.01191625
0.01049614
0.01124016
0.01198164
0.01032724
0.01154681
0.01200832
0.01056456
0.01336238
0.01149619
0.01185357
0.01147454
0.01162145
0.01092598
0.01018879
0.01136925
0.01088976
0.01093750
0.01282953
0.01086422
0.01307427
0.01169822
0.01107590
0.01153128
0.01107274
0.01075005
0.01329233
0.01111780
0.01146894
0.00996116
0.01133003
0.01157082
0.01395332
0.01075809
0.01239990
0.01084798
0.01183051
0.01162601
0.01126308
0.01120637
0.01063577
0.01457289
0.01126759
0.01203386
0.01087956
0.01341740
0.01199414
0.01272297
0.01183109
0.01105575
0.01163550
0.01234899
0.01137905
0.01168858
0.01135999
0.01167707
0.02193923
0.01247211
0.01118090
0.01137335
0.01107430
0.01148465
0.01197913
0.01215965
0.01007040
0.01160933
0.01135954
0.01178830
0.01063246
0.01268609
0.01277221
0.03013084
0.01126276
0.01202870
0.01027337
0.01134571
0.01044719
0.01226800
0.01143082
0.01246027
0.01074583
0.01090062
0.01146620
0.01102197
0.01206769
0.01144020
0.01347652
0.01064496
0.01337576
0.01184308
0.01180305
0.01005124
0.01074468
0.01046420
