0.00667879
0.00798847
0.00555091
0.00720815
0.00795092
0.00602920
0.00880566
0.00659536
0.00769349
0.00787366
0.00666422
0.00605600
0.00650600
0.00661545
0.00714786
0.00603446
0.00765187
0.00659896
0.00622373
0.00590705
0.00620982
0.00610754
0.00584538
0.00697892
0.00756110
0.00661478
0.00680819
0.00673829
0.00577842
0.00688496
0.00675495
0.00878068
0.00573575
0.00688558
0.00645569
0.00637813
0.00592805
0.00618072
0.00674823
0.00590921
0.00638034
0.00746604
0.00630802
0.00705477
0.00802795
0.00609373
0.00616582
0.00937156
0.00853142
0.00704449
0.00751751
0.00597045
0.00619072
0.00636314
0.00652802
0.00926398
0.00625038
0.00669257
0.00735706
0.00617539
0.00603612
0.00628917
0.00680380
0.00769041
0.00661086
0.00598041
0.00619139
0.00742044
0.00596149
0.00664235
0.00657832
0.00703613
0.00631210
0.00871616
0.00667529
0.00623261
0.00598261
0.00613569
0.00686432
0.00638663
0.00667970
0.00652090
0.00637964
0.00642997
0.00664897
0.00637344
0.00791833
0.00624079
0.00667888
0.00648090
0.00702296
0.00639282
0.00613641
0.00733010
0.00717008
0.00718986
0.00661315
0.00604421
0.00711621
0.00757106
0.00724475
0.00726722
0.00650398
0.00744812
0.00722302
0.00629022
0.00784459
0.00749271
0.00695341
0.00729086
0.00569538
0.00627032
0.00608620
0.00673415
0.00609960
0.00698812
0.00637432
0.00603913
0.00692743
0.00603412
0.00734377
0.00608854
0.00779692
0.00941830
0.00660696
0.00708373
0.00656594
0.00613466
0.00578375
0.00636115
0.00621360
0.00756353
0.00651538
0.00619839
0.00765131
0.00600441
0.00692676
0.00626502
0.00767642
0.00623965
0.00606760
0.00790346
0.00630005
0.00805012
0.00660041
0.00613325
0.00660302
0.00783442
0.00606699
0.00677192
0.00638134
0.00699891
0.00658861
0.00640137
0.00623553
0.00707457
0.00617201
0.00677829
0.00676562
0.00649358
0.00618502
0.00658404
0.00684497
0.00645740
0.00703083
0.00601958
0.00655234
0.00674929
0.00643557
0.01038799
0.00700043
0.00660168
0.00630870
0.00783547
0.00671847
0.00640267
0.00644946
0.00702446
0.00631879
0.00614234
0.00642107
0.00830303
0.00690104
0.00666343
0.00730712
0.00747371
0.00572625
0.00709688
0.00665551
0.00679703
0.00705547
0.00798815
0.00596548
0.00641711
0.00739327
0.00599679
0.00907455
0.00628001
0.00578784
0.00599165
0.00637475
0.00721663
0.00678498
0.00661158
0.00607806
0.00682022
0.00705530
0.00723117
0.00614404
0.00648784
0.00695921
0.00654705
0.00679740
0.00619908
0.00679753
0.00713146
0.00608545
0.00634216
0.00787277
0.00713710
0.00721532
0.01322105
0.00649057
0.00674069
0.00699284
0.00624967
0.00681831
0.00623736
0.00668974
0.00737717
0.00698369
0.00618624
0.00598502
0.00565308
0.00633700
0.00949412
0.00688663
0.00615735
0.00624344
0.00812286
0.00616860
0.00655684
0.00576934
0.00725492
0.00811971
0.00638693
0.00636202
0.00677318
0.00683110
0.00715647
0.00664102
0.00731192
0.00703183
0.00602095
0.00664944
0.00646060
0.00719985
0.00605356
0.00846106
0.00666612
0.00679339
0.01035177
0.00673293
0.00686487
0.00748052
0.00562025
0.00661181
0.00660317
0.00658845
0.00863446
0.00688789
0.00688062
0.00675495
0.00733160
0.00715890
0.00615051
0.00684571
0.00698791
0.00692437
0.00679820
0.00712459
0.00601109
0.00631512
0.00621662
0.00618172
0.00664673
0.00694071
0.00741790
0.01100025
0.00608729
0.00669542
0.00619756
0.00647805
0.00617318
0.00655467
0.00646950
0.00706073
0.00676082
0.00606835
0.00622442
0.00642281
0.00676709
0.00593470
0.00745277
0.00659947
0.00675809
0.00606381
0.00709624
0.00615620
0.00681211
0.00621574
0.00646460
0.00624427
0.00688889
0.00662797
0.00632041
0.00651078
0.00733017
0.00845124
0.00657887
0.00656596
0.00609674
0.00812839
0.00677519
0.00690600
0.00605727
0.00625093
0.00676576
0.00671012
0.00666053
0.00714034
0.00626102
0.00632990
0.00963335
0.00683007
0.00619348
0.00650183
0.00760714
0.00650144
0.00744745
0.00694720
0.00637948
0.00667770
0.00685295
0.00681724
0.00680408
0.00669302
0.00686264
0.00681848
0.00655732
0.00642096
0.00822412
0.00571557
0.00669258
0.00602579
0.00886805
0.00644773
0.00689807
0.00819844
0.00588489
0.00674946
0.00624621
0.00966110
0.00685250
0.00619503
0.00672671
0.00722158
0.00674210
0.00653550
0.00626830
0.00672732
0.00616538
0.00640490
0.00626815
0.00632535
0.00693142
0.00655067
0.00661801
0.00682647
0.00675630
0.00639016
0.00641965
0.00732733
0.00691240
0.00779173
0.00654575
0.00742412
0.00682944
0.00697799
0.00636513
0.00701221
0.00703173
0.00617400
0.00663574
0.00629074
0.00674874
0.00682754
0.00659905
0.00664161
0.00653138
0.00695714
0.00763958
0.00745518
0.00657062
0.00685831
0.00613362
0.00636631
0.00759228
0.00626785
0.00596226
0.00664408
0.00623125
0.00607935
0.00625976
0.00860767
0.00645211
0.00627399
0.00619739
0.00694804
0.00612816
0.00627353
0.00638644
0.00711111
0.00616604
0.00673922
0.00662434
0.00768652
0.00587549
0.00658387
0.00651680
0.00663045
0.00696866
0.00612030
0.00678753
0.00655347
0.00720081
0.00744683
0.00577631
0.00633319
0.00653613
0.00642692
0.00602262
0.00718658
0.00658018
0.00629026
0.00649914
0.00622570
0.00643432
0.00735621
0.00641138
0.00651602
0.00671208
0.00739986
0.00619553
0.00643467
0.00682874
0.00703063
0.00702140
0.00609904
0.00622255
0.00635656
0.00635624
0.00657904
0.00692585
0.00675242
0.00631754
0.00632664
0.00675690
0.00610968
0.00791138
0.00685821
0.00609645
0.00624304
0.00707191
0.00821227
0.00654341
0.00650721
0.00723254
0.00607148
0.00686873
0.00701618
0.00646618
0.00653541
0.00616516
0.00628500
0.00643712
0.00614108
0.00610324
0.00673344
0.00623879
0.00713378
0.00677809
0.00717316
0.00738300
0.00643699
0.00737055
0.00608681
0.00625451
0.00604588
0.00782772