0.00203870
0.00210412
0.00206076
0.00256755
0.00203143
0.00190717
0.00210366
0.00197588
0.00234392
0.00206647
0.00184786
0.00199918
0.00195437
0.00204793
0.00207870
0.00215557
0.00201650
0.00219801
0.00224534
0.00201632
0.00207563
0.00206279
0.00192220
0.00194950
0.00201058
0.00210278
0.00223427
0.00203648
0.00229558
0.00210281
0.00206898
0.00214394
0.00202504
0.00243969
0.00233098
0.00210963
0.00201212
0.00204343
0.00204172
0.00201144
0.00216046
0.00197481
0.00228724
0.00200465
0.00218663
0.00204794
0.00207142
0.00194251
0.00216950
0.00205879
0.00200222
0.00226545
0.00209884
0.00204222
0.00219301
0.00205298
0.00199397
0.00197483
0.00221438
0.00215356
0.00229647
0.00219587
0.00215433
0.00210626
0.00205538
0.00209488
0.00198909
0.00189486
0.00208937
0.00195840
0.00212639
0.00189629
0.00233094
0.00199763
0.00199009
0.00199522
0.00230900
0.00195488
0.00207223
0.00196922
0.00207510
0.00196445
0.00211407
0.00198819
0.00242096
0.00217055
0.00212991
0.00209524
0.00201282
0.00204349
0.00202811
0.00211468
0.00193670
0.00192899
0.00187149
0.00205841
0.00209432
0.00210785
0.00226312
0.00208679
0.00197909
0.00193794
0.00264343
0.00189251
0.00203285
0.00199351
0.00204749
0.00196810
0.00219104
0.00214118
0.00213461
0.00226335
0.00203463
0.00218877
0.00191728
0.00187257
0.00201211
0.00198790
0.00203656
0.00207527
0.00224647
0.00211377
0.00221565
0.00193486
0.00218731
0.00209973
0.00209906
0.00223379
0.00199246
0.00200283
0.00199297
0.00202283
0.00207835
0.00198419
0.00193532
0.00223196
0.00211773
0.00212346
0.00198581
0.00205303
0.00215500
0.00219654
0.00190772
0.00196257
0.00217524
0.00199196
0.00210072
0.00210303
0.00219599
0.00195681
0.00197034
0.00191812
0.00197863
0.00194547
0.00215020
0.00231218
0.00201325
0.00200041
0.00204694
0.00193017
0.00190892
0.00222507
0.00210710
0.00221748
0.00209734
0.00200639
0.00202599
0.00217969
0.00193859
0.00187252
0.00231146
0.00210383
0.00195100
0.00199471
0.00211094
0.00209566
0.00248082
0.00204261
0.00242372
0.00204944
0.00214412
0.00212530
0.00195942
0.00228650
0.00191692
0.00202887
0.00213523
0.00203475
0.00195966
0.00198776
0.00195997
0.00217816
0.00215189
0.00210010
0.00212607
0.00202379
0.00212971
0.00209669
0.00211195
0.00214202
0.00197249
0.00204318
0.00197774
0.00214225
0.00204557
0.00212216
0.00205291
0.00215142
0.00195204
0.00210361
0.00235165
0.00252172
0.00188156
0.00201782
0.00204787
0.00204137
0.00202430
0.00199023
0.00198117
0.00206723
0.00197674
0.00190405
0.00214686
0.00215186
0.00203381
0.00219236
0.00198774
0.00199863
0.00214190
0.00199598
0.00202430
0.00209600
0.00220209
0.00195463
0.00211566
0.00198276
0.00201487
0.00195401
0.00206554
0.00197534
0.00204005
0.00193254
0.00213501
0.00200813
0.00201664
0.00198280
0.00269909
0.00198163
0.00235701
0.00196064
0.00213796
0.00206557
0.00212641
0.00224103
0.00196584
0.00221318
0.00206655
0.00215723
0.00204976
0.00209218
0.00211067
0.00209891
0.00200414
0.00205941
0.00201434
0.00194545
0.00204975
0.00191045
0.00211618
0.00199869
0.00204444
0.00211818
0.00196555
0.00202693
0.00204009
0.00202194
0.00207618
0.00194359
0.00221021
0.00215263
0.00209128
0.00185415
0.00204017
0.00217118
0.00215006
0.00210045
0.00211599
0.00205836
0.00208058
0.00214436
0.00220761
0.00200073
0.00195245
0.00214580
0.00202924
0.00204622
0.00208040
0.00206183
0.00215230
0.00201521
0.00216681
0.00204089
0.00199725
0.00225464
0.00211501
0.00207868
0.00215121
0.00205596
0.00203181
0.00200824
0.00225115
0.00200564
0.00211726
0.00197382
0.00220131
0.00207292
0.00197680
0.00196033
0.00208122
0.00215404
0.00209755
0.00190154
0.00210305
0.00214800
0.00196290
0.00207270
0.00250217
0.00203794
0.00209996
0.00199584
0.00196772
0.00195139
0.00197387
0.00233088
0.00196020
0.00194111
0.00207676
0.00202227
0.00189298
0.00233408
0.00193587
0.00230967
0.00209376
0.00191692
0.00208895
0.00238895
0.00199400
0.00192351
0.00206152
0.00196213
0.00193758
0.00225031
0.00216609
0.00190831
0.00191266
0.00205428
0.00198566
0.00198384
0.00217545
0.00196950
0.00216616
0.00189298
0.00203059
0.00202659
0.00201385
0.00209397
0.00200260
0.00204811
0.00194483
0.00201131
0.00203621
0.00195568
0.00205169
0.00204865
0.00214079
0.00199257
0.00200367
0.00217787
0.00196902
0.00212892
0.00207806
0.00242924
0.00203215
0.00209898
0.00210070
0.00193192
0.00197675
0.00225839
0.00202081
0.00204146
0.00210785
0.00198741
0.00204538
0.00221962
0.00213031
0.00213578
0.00195336
0.00202268
0.00214142
0.00196528
0.00204637
0.00199391
0.00205998
0.00213105
0.00232236
0.00199603
0.00187015
0.00202115
0.00197335
0.00193565
0.00197269
0.00213917
0.00213781
0.00219113
0.00199023
0.00211739
0.00202715
0.00199102
0.00222981
0.00188496
0.00205406
0.00197291
0.00208863
0.00256865
0.00205404
0.00200260
0.00226984
0.00217011
0.00210564
0.00215043
0.00201349
0.00200436
0.00191656
0.00211580
0.00212782
0.00202995
0.00201022
0.00200515
0.00194823
0.00221486
0.00209640
0.00208400
0.00198303
0.00189029
0.00199691
0.00218014
0.00217183
0.00201337
0.00262403
0.00196514
0.00216655
0.00208168
0.00212160
0.00214137
0.00212417
0.00199669
0.00198066
0.00197437
0.00188424
0.00222564
0.00205374
0.00208808
0.00207508
0.00193959
0.00195135
0.00194347
0.00195602
0.00215438
0.00203153
0.00196802
0.00210300
0.00202982
0.00207751
0.00192216
0.00198795
0.00201490
0.00256330
0.00214588
0.00200305
0.00203036
0.00193911
0.00198211
0.00189508
0.00225868
0.00192896
0.00209349
0.00205389
0.00237273
0.00207068
0.00195638
0.00237138
0.00231516
0.00206179
0.00204934
0.00204020
0.00205025
0.00210126
0.00189734
0.00205995
0.00209926