0.00633959
0.00638695
0.00790338
0.00866011
0.00704920
0.00590572
0.00705248
0.00565798
0.00546993
0.00745925
0.00766915
0.00958054
0.00680844
0.00573584
0.00629077
0.00610371
0.00563830
0.00749704
0.00910564
0.00735926
0.00778474
0.00645434
0.00708696
0.00739933
0.00691252
0.00586673
0.00669468
0.00560047
0.00545798
0.00833404
0.00790794
0.00599080
0.00631470
0.00554437
0.00504200
0.00560766
0.00563463
0.00564152
0.00859030
0.00530134
0.00693507
0.00512189
0.00814422
0.00661537
0.00661717
0.00550570
0.00582481
0.00575398
0.00834111
0.00705225
0.00523575
0.00571416
0.01009522
0.00573564
0.00875427
0.00591222
0.00524392
0.00701082
0.00593350
0.00547844
0.00661079
0.00795327
0.00699550
0.00672138
0.00582678
0.00872165
0.00600241
0.00643997
0.00581407
0.00702297
0.00852071
0.00776076
0.00815493
0.00843020
0.00759293
0.00612485
0.00569442
0.00562090
0.00899313
0.00645794
0.00580230
0.00705763
0.00560007
0.00757947
0.00651193
0.00645853
0.00689188
0.00609682
0.00644586
0.00608545
0.00554186
0.00616750
0.00908093
0.00546912
0.00525167
0.00677487
0.00510364
0.00538293
0.00675585
0.00717094
0.00573974
0.00603785
0.00627876
0.00714286
0.00731913
0.00639282
0.00644560
0.00806147
0.00619058
0.00532787
0.00742958
0.00995764
0.00786332
0.00570908
0.00651533
0.00642234
0.00646438
0.00703264
0.00986282
0.00722863
0.00727939
0.00662833
0.00630374
0.00976427
0.00700276
0.00702473
0.00625094
0.00556923
0.00535929
0.00761685
0.00542344
0.00880409
0.00935237
0.00635330
0.00630130
0.00656578
0.00722180
0.00749513
0.00572796
0.00929629
0.00637624
0.00808999
0.00626574
0.00770885
0.00707375
0.00497285
0.00621140
0.00634812
0.00811095
0.00560030
0.00572501
0.00802463
0.00861646
0.00708786
0.00627862
0.00578054
0.00749913
0.00632005
0.00628858
0.00875003
0.00660651
0.00689608
0.00715831
0.00538228
0.00592287
0.00695943
0.00599283
0.00657128
0.00741413
0.00648779
0.00518665
0.00622125
0.00916606
0.00675751
0.00572333
0.00604368
0.00922649
0.00808001
0.00560277
0.00586712
0.00526606
0.00582660
0.00680708
0.00894034
0.00603193
0.00819124
0.00630804
0.00662265
0.00617153
0.00648688
0.00650853
0.00574139
0.00677971
0.00766688
0.00825104
0.00580285
0.00760840
0.00637857
0.00842139
0.00674374
0.00738540
0.00613361
0.00607304
0.00542283
0.00694175
0.00641790
0.00735791
0.00727700
0.00590078
0.00639961
0.00543127
0.00667586
0.00930364
0.00568940
0.00672286
0.00599151
0.00696725
0.00595998
0.00665811
0.00624480
0.00775414
0.00627635
0.00593730
0.00591625
0.00505630
0.00582941
0.00571962
0.00977145
0.00681961
0.00704735
0.00648505
0.00566365
0.00755015
0.00622788
0.00662839
0.00611871
0.00583688
0.00638965
0.00666371
0.00636742
0.00507802
0.00570160
0.00678494
0.00595161
0.00718824
0.00602908
0.00611300
0.00644615
0.00749073
0.00566764
0.00738845
0.00605332
0.00597685
0.00650146
0.00532615
0.00540629
0.00796127
0.00779028
0.00742248
0.00661093
0.00581347
0.00795549
0.00630850
0.00495966
0.00478667
0.00757847
0.00572896
0.00632719
0.00508345
0.00785465
0.00620501
0.00676980
0.00567826
0.00541266
0.00652295
0.00752573
0.00603606
0.00699242
0.00588107
0.00682248
0.00599912
0.00507264
0.00713745
0.00605312
0.00536596
0.00575908
0.00556269
0.00759363
0.00708542
0.00525169
0.00612189
0.00579541
0.00691307
0.00616500
0.00839424
0.00759754
0.00631240
0.00590467
0.00732034
0.00956825
0.00706531
0.00603804
0.00704593
0.00579410
0.00639985
0.00700466
0.00549686
0.00774449
0.00681555
0.00585420
0.00671528
0.00579860
0.00604663
0.00733731
0.00765186
0.00750533
0.00716407
0.00623732
0.00628712
0.00743967
0.00494686
0.00875160
0.00726927
0.00625557
0.01051949
0.00849651
0.00755381
0.00600516
0.00584798
0.00590175
0.00662584
0.00812668
0.00778551
0.00534556
0.00610846
0.00627942
0.00634625
0.00678283
0.00611618
0.00813028
0.00649637
0.00581432
0.00656837
0.00554030
0.00664303
0.00648109
0.00629908
0.00790534
0.00959157
0.00562069
0.00926166
0.00835721
0.00861901
0.00615304
0.00727118
0.00662856
0.00614497
0.00595593
0.00663874
0.00585863
0.00627638
0.00523654
0.00599631
0.00604113
0.00738393
0.00552008
0.00884065
0.00650039
0.00848054
0.00909843
0.00551263
0.00837725
0.00542991
0.00644158
0.00708895
0.00553702
0.01392131
0.00577149
0.00791170
0.00748704
0.00606405
0.00692722
0.00671892
0.00925659
0.00610231
0.01062270
0.00741203
0.00596620
0.00650327
0.00572233
0.00693596
0.00601747
0.00643783
0.00680529
0.00492139
0.00630628
0.00745641
0.00696357
0.00630593
0.00649078
0.00561896
0.00763517
0.00789497
0.00598065
0.00684054
0.00563451
0.00612380
0.00626112
0.00589739
0.00702652
0.00555580
0.00662284
0.01200246
0.00661468
0.00708737
0.00597655
0.00723462
0.00628093
0.00549208
0.00642527
0.00657016
0.00625853
0.00584318
0.00586369
0.00781870
0.00774055
0.00604393
0.00610836
0.00662476
0.00621443
0.00541843
0.00639297
0.01052857
0.00512715
0.00587185
0.00875745
0.00595041
0.00553316
0.00669434
0.00707151
0.00503282
0.00861389
0.00757393
0.00641904
0.00660920
0.00637563
0.00766599
0.00523695
0.00670992
0.00567862
0.00706428
0.00682253
0.00838146
0.00603647
0.00829256
0.00599345
0.00724174
0.00669966
0.00555048
0.00814656
0.00717580
0.00627313
0.00536484
0.00619214
0.00572774
0.00698059
0.00625680
0.00681160
0.00704070
0.00580640
0.00792362
0.00842511
0.00698672
0.00624867
0.00767678
0.00739127
0.01075267
0.00672811
0.00610817
0.00646874
0.00635754
0.00654123
0.01153759
0.00576522
0.00582682
0.00607395
0.00571099
0.00507604
0.00551354
0.00638331
0.00547983
0.00561840
0.00626519
0.00566890
0.00533476
0.00861444
0.00537273
0.00786618
0.00895186
0.00621160
