0.01757598
0.01878360
0.01708742
0.01715836
0.01723043
0.01839332
0.02153814
0.01917329
0.01867972
0.01885433
0.01816118
0.01859058
0.01740288
0.01740614
0.01892224
0.01801210
0.01947702
0.01790600
0.01934455
0.01697809
0.01712726
0.01833408
0.01818858
0.01825233
0.02024747
0.01863326
0.01791971
0.01725588
0.01722997
0.01832282
0.01822163
0.02105467
0.01780620
0.01713153
0.01708669
0.01723488
0.01755487
0.01730409
0.01759916
0.01724234
0.01937925
0.01802951
0.01883130
0.01746804
0.01888185
0.01818012
0.01816837
0.01813098
0.01739399
0.01838570
0.01891943
0.01834617
0.01833763
0.01779082
0.01913663
0.01788309
0.01868863
0.01835734
0.01759227
0.01820367
0.01909054
0.01725686
0.01748161
0.01772233
0.01738774
0.01711538
0.01818522
0.01796240
0.01810676
0.01760282
0.01854279
0.01823788
0.01832875
0.01719376
0.01748223
0.01857707
0.02074273
0.01702317
0.01708846
0.01775362
0.01825969
0.01817510
0.02058069
0.01991883
0.01821601
0.02234208
0.01814521
0.02025544
0.01876498
0.01775342
0.01783350
0.01760390
0.01801531
0.01740905
0.01806609
0.01821019
0.01736622
0.01807737
0.01818375
0.02048561
0.01871147
0.01901813
0.01695781
0.01768479
0.01832176
0.01734866
0.01779664
0.01848232
0.01902308
0.01706312
0.01957641
0.01998407
0.01781952
0.01717947
0.01809088
0.01702787
0.01768010
0.01643464
0.01830859
0.01753353
0.01848453
0.01755640
0.01907998
0.01997503
0.01829498
0.01844262
0.01818218
0.01861664
0.01684562
0.01739895
0.01690946
0.01874124
0.01814690
0.01709226
0.01764293
0.01938094
0.01754240
0.01800009
0.01779994
0.01641544
0.01940048
0.01730471
0.01793803
0.01786430
0.01788253
0.01916748
0.01952702
0.01776993
0.01782758
0.02014662
0.01730285
0.01981831
0.01804705
0.01893909
0.01788658
0.01713764
0.01777715
0.01690706
0.01677252
0.01645462
0.01736699
0.01952965
0.02070661
0.01834525
0.01626664
0.02068866
0.01737951
0.01769990
0.01833268
0.02157773
0.01697977
0.01950851
0.01841153
0.01663105
0.01752686
0.01807390
0.01807218
0.01717613
0.01759090
0.01878580
0.01750299
0.01805144
0.01815302
0.01688902
0.01853211
0.01763227
0.01703050
0.01766149
0.01794898
0.01721048
0.01713228
0.01689941
0.02048105
0.01952123
0.02073967
0.02198178
0.01799743
0.01752976
0.01736781
0.01851700
0.01777090
0.01730592
0.01900142
0.01885858
0.01922827
0.01778980
0.01869122
0.01964351
0.01757188
0.01777739
0.01861706
0.01751551
0.01947729
0.01796037
0.01685997
0.01717516
0.01871620
0.01759142
0.01713084
0.01787965
0.01726785
0.01815432
0.01812188
0.01818505
0.01723820
0.01737219
0.01995804
0.01876958
0.01758482
0.01672111
0.01757278
0.01837493
0.01817443
0.01741736
0.01778438
0.01734195
0.01900743
0.01757542
0.01641783
0.01901307
0.01932740
0.01691916
0.02007985
0.01770247
0.01861492
0.01742396
0.02016067
0.01922905
0.01757931
0.01876394
0.01786198
0.01908904
0.01772791
0.01791353
0.01865063
0.01830033
0.01815179
0.01792909
0.01847923
0.01699766
0.01939962
0.01801380
0.01770358
0.01777111
0.01764277
0.01904949
0.01780069
0.01789476
0.01822017
0.01741392
0.01758362
0.01799966
0.01934673
0.01836677
0.01905457
0.01821689
0.01718218
0.01733153
0.01721398
0.01865315
0.01769243
0.01838976
0.01750582
0.01806245
0.01917947
0.01777212
0.01796472
0.01580632
0.02038494
0.02267699
0.01847721
0.01853924
0.01784299
0.01666982
0.01679345
0.01861373
0.01720405
0.01873208
0.01871161
0.01789778
0.01965922
0.01800903
0.01814258
0.01811926
0.01998979
0.01768894
0.01757125
0.01739811
0.01976920
0.01736283
0.01919007
0.01865775
0.01707400
0.01787326
0.01823499
0.01782118
0.01725405
0.01745055
0.01735593
0.01885089
0.02135537
0.01775512
0.01741473
0.01689975
0.01747985
0.01863916
0.01788892
0.01829857
0.01812853
0.01829960
0.01974151
0.01797161
0.01790343
0.01800687
0.01801141
0.01852973
0.01758088
0.01736774
0.01855594
0.01958440
0.01726748
0.01699797
0.01886526
0.01699843
0.01893914
0.01821271
0.01762639
0.01748171
0.01967404
0.01821612
0.01687673
0.01972914
0.01889166
0.01730046
0.01744725
0.01792156
0.01838362
0.01726496
0.02286249
0.02010660
0.01871192
0.01715194
0.01903551
0.01928193
0.01895180
0.01747704
0.01650650
0.01819672
0.01793259
0.01791696
0.01769299
0.01833576
0.01823011
0.01826022
0.01736662
0.01793449
0.01765108
0.02342839
0.01865821
0.01753643
0.01733008
0.01834250
0.01780765
0.01792600
0.01805010
0.01750676
0.01798439
0.01798530
0.02032598
0.01904068
0.01859613
0.01866906
0.01805481
0.01687410
0.02068788
0.01783886
0.01693141
0.01784713
0.01623663
0.01813879
0.01799281
0.01658933
0.01756731
0.01930964
0.01775410
0.01983535
0.01730981
0.01706845
0.01828167
0.01712539
0.01768335
0.01849028
0.01791619
0.02048458
0.01725152
0.01920340
0.01831114
0.01830594
0.01595877
0.02093206
0.01884330
0.01824334
0.01741124
0.01827127
0.01712070
0.01992363
0.01821642
0.01725089
0.01758580
0.01773009
0.01871179
0.01865561
0.01935864
0.01773143
0.02037356
0.01927622
0.01876747
0.01806298
0.01746885
0.01898816
0.01808722
0.01688803
0.01906795
0.01808497
0.01844624
0.01695892
0.01688027
0.01781801
0.01755855
0.01783439
0.01960191
0.01894654
0.01788337
0.01664045
0.01854342
0.01773143
0.01799941
0.01821299
0.01724527
0.01728930
0.01779520
0.01927700
0.01778708
0.01859620
0.01801574
0.01696136
0.01930105
0.01814290
0.01861766
0.01728300
0.01782911
0.01771129
0.02253704
0.01732445
0.01794669
0.01654861
0.01836885
0.01764907
0.01711090
0.01713395
0.01768023
0.01823488
0.01822256
0.01834024
0.01846563
0.01957423
0.01914133
0.01787391
0.01792070
0.01737344
0.01742594
0.01689788
0.02015546
0.01824347
0.01878654
0.01758627
0.02013191
0.01699580
0.01749605
0.01796408
