0.00195280
0.00191286
0.00181942
0.00185532
0.00184044
0.00209451
0.00184596
0.00182413
0.00185309
0.00176652
0.00191295
0.00183914
0.00184048
0.00190499
0.00192682
0.00190204
0.00177032
0.00189873
0.00192353
0.00193956
0.00186644
0.00191094
0.00196074
0.00210126
0.00197013
0.00182933
0.00186583
0.00178174
0.00207814
0.00197942
0.00195948
0.00190593
0.00225446
0.00185569
0.00192782
0.00182229
0.00180650
0.00202224
0.00205151
0.00185689
0.00186619
0.00190890
0.00200297
0.00184101
0.00200070
0.00203149
0.00178272
0.00189381
0.00179501
0.00189936
0.00206750
0.00186401
0.00181925
0.00183140
0.00194946
0.00199734
0.00192040
0.00192247
0.00194130
0.00200876
0.00183774
0.00210263
0.00188338
0.00199435
0.00214204
0.00185448
0.00207533
0.00197157
0.00197117
0.00191364
0.00190848
0.00199650
0.00190351
0.00194429
0.00186479
0.00191835
0.00188172
0.00191218
0.00182278
0.00209803
0.00192950
0.00221070
0.00211481
0.00198810
0.00211067
0.00194271
0.00192948
0.00185246
0.00186793
0.00198751
0.00181983
0.00182907
0.00207738
0.00195590
0.00188743
0.00201156
0.00177996
0.00219240
0.00191939
0.00199095
0.00194843
0.00210606
0.00186469
0.00204042
0.00179013
0.00180423
0.00195422
0.00189974
0.00190490
0.00197679
0.00179186
0.00192258
0.00200261
0.00184373
0.00205879
0.00188590
0.00188128
0.00179389
0.00182625
0.00192924
0.00194631
0.00193508
0.00201674
0.00190659
0.00217359
0.00182957
0.00190874
0.00182381
0.00206034
0.00202431
0.00180235
0.00189573
0.00185308
0.00192091
0.00192309
0.00186867
0.00191051
0.00189582
0.00186273
0.00202336
0.00183030
0.00198241
0.00207552
0.00205184
0.00191575
0.00180987
0.00224671
0.00182633
0.00180607
0.00186178
0.00179134
0.00192751
0.00205578
0.00190993
0.00224065
0.00207730
0.00192291
0.00191276
0.00195295
0.00182611
0.00185031
0.00194002
0.00205393
0.00193691
0.00179911
0.00192428
0.00202205
0.00210420
0.00192979
0.00188996
0.00189055
0.00181273
0.00186545
0.00207586
0.00188536
0.00201467
0.00175543
0.00194546
0.00189149
0.00187779
0.00180009
0.00191546
0.00193393
0.00195147
0.00181704
0.00196065
0.00190140
0.00204890
0.00195980
0.00189426
0.00185397
0.00173753
0.00179924
0.00174311
0.00197329
0.00187035
0.00217788
0.00187653
0.00215526
0.00181906
0.00179169
0.00181457
0.00181567
0.00187211
0.00171710
0.00251505
0.00197674
0.00184980
0.00195276
0.00201346
0.00180350
0.00193405
0.00191277
0.00195761
0.00202376
0.00205948
0.00183210
0.00199555
0.00189046
0.00187686
0.00192131
0.00211383
0.00187981
0.00195604
0.00193162
0.00190293
0.00180607
0.00186288
0.00195922
0.00196119
0.00194168
0.00231215
0.00188582
0.00182099
0.00178748
0.00204196
0.00187453
0.00212606
0.00200735
0.00189875
0.00183559
0.00227229
0.00187332
0.00197029
0.00221097
0.00207872
0.00182305
0.00192997
0.00178672
0.00198786
0.00230698
0.00201350
0.00181458
0.00187486
0.00211150
0.00232514
0.00188488
0.00179005
0.00194484
0.00192382
0.00204819
0.00181504
0.00192483
0.00186288
0.00195976
0.00215362
0.00189524
0.00185453
0.00193252
0.00205015
0.00203866
0.00174037
0.00200802
0.00181706
0.00227386
0.00229217
0.00187344
0.00191735
0.00198465
0.00189271
0.00196835
0.00185772
0.00185719
0.00207434
0.00183043
0.00193886
0.00195589
0.00192917
0.00212237
0.00210637
0.00194781
0.00190230
0.00181488
0.00209809
0.00208483
0.00191183
0.00183846
0.00183648
0.00198486
0.00194562
0.00190459
0.00208714
0.00193585
0.00185698
0.00185322
0.00200453
0.00201288
0.00181727
0.00185756
0.00184777
0.00200689
0.00175705
0.00185160
0.00178380
0.00195226
0.00196100
0.00187033
0.00196768
0.00192570
0.00191676
0.00188559
0.00187805
0.00184124
0.00176719
0.00185488
0.00189852
0.00195364
0.00204075
0.00187619
0.00196980
0.00187922
0.00194417
0.00185162
0.00179646
0.00182640
0.00180139
0.00195999
0.00186556
0.00184006
0.00192882
0.00192176
0.00191889
0.00200124
0.00196175
0.00196840
0.00180805
0.00197718
0.00192653
0.00192997
0.00193681
0.00195740
0.00192652
0.00196209
0.00202331
0.00192933
0.00197101
0.00198499
0.00186450
0.00203818
0.00192302
0.00185383
0.00194865
0.00181528
0.00177053
0.00195508
0.00197952
0.00182982
0.00195121
0.00189240
0.00194316
0.00180005
0.00182956
0.00191262
0.00190869
0.00182640
0.00210060
0.00188697
0.00185034
0.00201126
0.00190249
0.00196358
0.00186976
0.00189910
0.00185724
0.00209261
0.00188671
0.00207769
0.00188302
0.00179931
0.00188691
0.00191763
0.00191318
0.00209618
0.00183566
0.00183835
0.00193301
0.00192987
0.00181728
0.00174778
0.00180181
0.00194461
0.00189854
0.00184800
0.00184377
0.00184386
0.00188751
0.00197728
0.00223660
0.00197011
0.00189620
0.00207974
0.00192196
0.00193368
0.00177735
0.00175762
0.00176189
0.00198656
0.00185353
0.00178423
0.00193340
0.00192036
0.00188040
0.00186690
0.00177505
0.00199664
0.00200756
0.00206231
0.00174287
0.00187182
0.00199505
0.00209406
0.00228229
0.00182224
0.00206974
0.00191480
0.00183466
0.00238167
0.00188915
0.00181014
0.00206905
0.00192142
0.00180204
0.00195152
0.00200004
0.00195464
0.00182472
0.00176932
0.00182979
0.00172096
0.00177982
0.00198050
0.00206044
0.00178673
0.00174178
0.00189896
0.00202816
0.00181921
0.00187638
0.00189825
0.00182481
0.00182375
0.00208422
0.00192671
0.00173890
0.00235021
0.00176689
0.00193923
0.00183259
0.00189831
0.00188712
0.00199987
0.00198878
0.00180669
0.00189889
0.00183605
0.00185843
0.00187903
0.00181196
0.00198140
0.00200335
0.00196151
0.00176861
0.00198841
0.00183217
0.00176541
0.00186242
0.00185225
0.00183731
0.00191026
0.00195009
0.00191902
0.00195381
0.00180490
0.00176840
0.00195073
0.00193215
0.00193277
0.00186877
0.00184273
0.00198159