0.02027415
0.02021768
0.02594634
0.02123688
0.02426765
0.02389558
0.02345605
0.02650733
0.02666893
0.02144920
0.02154742
0.02010932
0.02332090
0.02541094
0.02561173
0.02871332
0.02308334
0.03105456
0.02569171
0.02707092
0.02137125
0.02275895
0.02285323
0.02612051
0.02206135
0.02160998
0.02658761
0.02603683
0.02193744
0.02227640
0.02028266
0.02252807
0.02490521
0.02295925
0.02277800
0.02300509
0.02533347
0.02363152
0.02098555
0.02206660
0.02540924
0.02375131
0.02338396
0.03079150
0.02737348
0.02730287
0.02453942
0.02385956
0.02482682
0.02691663
0.02216559
0.02167479
0.02149043
0.02608266
0.02253076
0.02789810
0.02326676
0.02128392
0.02463695
0.02465431
0.02535050
0.02264563
0.02466926
0.02205617
0.02170794
0.02506606
0.02154475
0.02120592
0.02561587
0.02710603
0.02519533
0.02233613
0.02540533
0.02458345
0.02284299
0.02324013
0.02505864
0.02005986
0.02330650
0.02107153
0.02224712
0.02117096
0.02503834
0.02657598
0.02257253
0.02649097
0.02239161
0.01993306
0.01998248
0.01967961
0.02262359
0.02031832
0.02068970
0.01921231
0.02929613
0.02188682
0.02360651
0.02307568
0.02526317
0.02405656
0.02562583
0.02325194
0.02405203
0.02258840
0.02385536
0.02411333
0.01992619
0.01995652
0.02462589
0.02273590
0.02211451
0.02191763
0.02326983
0.02493063
0.02160293
0.02262456
0.02163588
0.02166081
0.02392635
0.02018793
0.02140530
0.02286020
0.02231777
0.02216293
0.02236999
0.02067348
0.02546062
0.02589923
0.02414718
0.02347359
0.02504299
0.02254581
0.02329470
0.02147368
0.02206289
0.02572727
0.02313229
0.02340376
0.02440655
0.02353070
0.02262602
0.02072283
0.02585632
0.02286912
0.02376796
0.02303268
0.01920689
0.02460392
0.02787460
0.01997992
0.02433506
0.02269228
0.02040221
0.02234733
0.02222467
0.02279198
0.02346692
0.02008304
0.02930212
0.02113748
0.02513322
0.02453064
0.02085046
0.02635247
0.02496406
0.02401724
0.02507822
0.02282530
0.02128679
0.02072267
0.02914526
0.02355865
0.02368645
0.02506958
0.02271083
0.02197992
0.02459763
0.02392199
0.02547550
0.02319922
0.02125019
0.02948130
0.01949450
0.03590088
0.02827512
0.02275894
0.02968221
0.02591757
0.02197240
0.02406601
0.02219673
0.02310483
0.02057074
0.02546480
0.02347947
0.02052319
0.02248723
0.02539143
0.02080586
0.02264018
0.02161993
0.03406470
0.02106164
0.02214054
0.02141578
0.02276400
0.03166546
0.02725348
0.02266621
0.02047149
0.02061577
0.02515101
0.02236467
0.02275281
0.02095834
0.02079624
0.02454345
0.02090177
0.02251851
0.02322121
0.02591467
0.02360635
0.02081057
0.02165606
0.02174043
0.02135205
0.02450150
0.02395714
0.02486876
0.02407256
0.02480244
0.02173233
0.02317006
0.02228085
0.02516745
0.02833762
0.02488478
0.02009978
0.02087719
0.02832661
0.02318171
0.02471988
0.02548852
0.02418960
0.02493104
0.02242306
0.02138093
0.02205982
0.02784009
0.02408377
0.02182722
0.02088278
0.02479161
0.02846153
0.01951839
0.02034448
0.02505411
0.02669866
0.02440725
0.02288219
0.02516411
0.02490775
0.02920234
0.01955895
0.02173732
0.03459331
0.01971545
0.02182497
0.02369615
0.02554512
0.02401243
0.02220051
0.02590201
0.02868679
0.02322893
0.02154752
0.02336507
0.02056633
0.02283916
0.02024615
0.02479647
0.02309527
0.02826530
0.01971910
0.02592388
0.02493605
0.02289897
0.02705836
0.02428288
0.02436513
0.02358337
0.02098397
0.02689305
0.02266293
0.01967216
0.01887888
0.02306844
0.02579692
0.02019552
0.02179479
0.02479335
0.02125253
0.02427174
0.02122324
0.02173448
0.02704739
0.02186227
0.02072312
0.02189445
0.02167045
0.01940387
0.02724449
0.02015009
0.02637305
0.02399391
0.02321989
0.03332880
0.02579969
0.02605126
0.02095427
0.02249729
0.02343611
0.02388722
0.03276404
0.02137172
0.02272866
0.01871246
0.02511610
0.02463540
0.02054604
0.02370383
0.02084615
0.02489002
0.02843082
0.02255564
0.04727476
0.02199911
0.02521455
0.02568185
0.02327272
0.02332937
0.02236500
0.02449589
0.02162501
0.02170772
0.02356951
0.02147694
0.03107066
0.01999203
0.02956138
0.02309088
0.02141286
0.02082179
0.02299362
0.02584198
0.02536260
0.02235681
0.02242325
0.02278343
0.02165312
0.02381446
0.02050521
0.02817830
0.02240289
0.02939019
0.02147663
0.02585124
0.02212959
0.02852450
0.02241254
0.02172157
0.02183576
0.01982471
0.02861868
0.02239747
0.02562449
0.02578793
0.02825666
0.02486545
0.02475356
0.02127896
0.02200346
0.02607284
0.02333896
0.02313900
0.02231901
0.02508520
0.02403367
0.02439422
0.02205233
0.02793789
0.02221671
0.02590484
0.02347081
0.02229416
0.02086018
0.02356264
0.02325048
0.02084435
0.02327245
0.02291911
0.02198027
0.02132192
0.02273926
0.02284680
0.02709571
0.02261013
0.02783154
0.02316611
0.02758007
0.02470475
0.02865387
0.02414383
0.02352362
0.02208524
0.02653556
0.02390041
0.01981809
0.02224442
0.02053508
0.02236722
0.02231451
0.02203357
0.02429226
0.02732471
0.02258879
0.02780961
0.03307851
0.02458374
0.02240567
0.02450356
0.02284082
0.02094628
0.02312977
0.02245198
0.02175857
0.02683460
0.03047183
0.02218740
0.02319213
0.02211722
0.02506410
0.02433685
0.02615753
0.01985838
0.02260645
0.02168280
0.03343260
0.02382008
0.02085243
0.02142637
0.01854802
0.02030714
0.02936702
0.02372823
0.02937401
0.02924080
0.02298252
0.02309692
0.02760017
0.02240866
0.02706649
0.02228571
0.02256525
0.02600998
0.02079978
0.02916896
0.02342823
0.02869832
0.02418337
0.02668567
0.02448514
0.02463577
0.02338454
0.02221645
0.02475564
0.02907390
0.02661298
0.02145806
0.02324066
0.02075336
0.02201497
0.02725535
0.02308764
0.03994309
0.02226910
0.02197288
0.02372558
0.02529961
0.02348523
0.02289305
0.02192150
0.02435075
0.02301020
0.02371819
0.02422324
0.02010282
0.02478372
0.03123159
0.02407734
