0.00264515
0.00249811
0.00262520
0.00290085
0.00301450
0.00411546
0.00246911
0.00241139
0.00251673
0.00238321
0.00242253
0.00260093
0.00229497
0.00267628
0.00283284
0.00296543
0.00259139
0.00232214
0.00263726
0.00286477
0.00273875
0.00279265
0.00256246
0.00260965
0.00305262
0.00247362
0.00253296
0.00289891
0.00275847
0.00284585
0.00249454
0.00227807
0.00289611
0.00238882
0.00246920
0.00323224
0.00292016
0.00257375
0.00281707
0.00308633
0.00280683
0.00275245
0.00311961
0.00264146
0.00262733
0.00259032
0.00282544
0.00250092
0.00291082
0.00241587
0.00256695
0.00259789
0.00258742
0.00255278
0.00237454
0.00258149
0.00246703
0.00310679
0.00307375
0.00251697
0.00287916
0.00275278
0.00268225
0.00250702
0.00249848
0.00265702
0.00253004
0.00219901
0.00258369
0.00260393
0.00241559
0.00268730
0.00269406
0.00268215
0.00228501
0.00247571
0.00250184
0.00250924
0.00301378
0.00241726
0.00252191
0.00232843
0.00282439
0.00256081
0.00259421
0.00241514
0.00294763
0.00258169
0.00252051
0.00227410
0.00260368
0.00246237
0.00254156
0.00289504
0.00255746
0.00289169
0.00257082
0.00295918
0.00266972
0.00306656
0.00300978
0.00286675
0.00243171
0.00319296
0.00249277
0.00216116
0.00304855
0.00256362
0.00269428
0.00312154
0.00349564
0.00261988
0.00251469
0.00249615
0.00225797
0.00259083
0.00278052
0.00337524
0.00270551
0.00279726
0.00272088
0.00262490
0.00326940
0.00242911
0.00253530
0.00247730
0.00248987
0.00261961
0.00262612
0.00300047
0.00282197
0.00242824
0.00265246
0.00271461
0.00228560
0.00231532
0.00357874
0.00246640
0.00246079
0.00249088
0.00294699
0.00291191
0.00248091
0.00269997
0.00303455
0.00293413
0.00243373
0.00239789
0.00246356
0.00272926
0.00252165
0.00290930
0.00236373
0.00282182
0.00288772
0.00240301
0.00270819
0.00257267
0.00255023
0.00293028
0.00298188
0.00265296
0.00234593
0.00306763
0.00238965
0.00272227
0.00271745
0.00257653
0.00254218
0.00349988
0.00276892
0.00246964
0.00286740
0.00289595
0.00267656
0.00233405
0.00292339
0.00255029
0.00236878
0.00266926
0.00229437
0.00280454
0.00236940
0.00253014
0.00268283
0.00234004
0.00304310
0.00260957
0.00250234
0.00297460
0.00265497
0.00301814
0.00251118
0.00243924
0.00278213
0.00237181
0.00281712
0.00289879
0.00268575
0.00301399
0.00249235
0.00273248
0.00264586
0.00287690
0.00270120
0.00299811
0.00288975
0.00245850
0.00248831
0.00266124
0.00246160
0.00243913
0.00293050
0.00231680
0.00250655
0.00240171
0.00263981
0.00270474
0.00308701
0.00260636
0.00233109
0.00247096
0.00252074
0.00263829
0.00275686
0.00266059
0.00271250
0.00272553
0.00234340
0.00256266
0.00244814
0.00246196
0.00230134
0.00305180
0.00388835
0.00230492
0.00272099
0.00298471
0.00276723
0.00259011
0.00300285
0.00257756
0.00260231
0.00261162
0.00289667
0.00281345
0.00280893
0.00268552
0.00242419
0.00253937
0.00254003
0.00257640
0.00255496
0.00264863
0.00352852
0.00239179
0.00240504
0.00276288
0.00302122
0.00292289
0.00272183
0.00281792
0.00246552
0.00243382
0.00282266
0.00290131
0.00243793
0.00262523
0.00242329
0.00239863
0.00246718
0.00238132
0.00266846
0.00243472
0.00273802
0.00287473
0.00269198
0.00271155
0.00253727
0.00261234
0.00257296
0.00293642
0.00267078
0.00287963
0.00256679
0.00254302
0.00252517
0.00252659
0.00256912
0.00257541
0.00266641
0.00299093
0.00262642
0.00253466
0.00308336
0.00255822
0.00243575
0.00267721
0.00313069
0.00237074
0.00283405
0.00236315
0.00247709
0.00227351
0.00254558
0.00267503
0.00249795
0.00241860
0.00514194
0.00246916
0.00245013
0.00277331
0.00296308
0.00309410
0.00235884
0.00258910
0.00253274
0.00297980
0.00228690
0.00297032
0.00270001
0.00274219
0.00241552
0.00237840
0.00229645
0.00266194
0.00280694
0.00250741
0.00319952
0.00274143
0.00258906
0.00280933
0.00308941
0.00260001
0.00269209
0.00269284
0.00246886
0.00270896
0.00245218
0.00268684
0.00287069
0.00255024
0.00243801
0.00260175
0.00243928
0.00312280
0.00252728
0.00251151
0.00294288
0.00295269
0.00269164
0.00283847
0.00259472
0.00239608
0.00274094
0.00238510
0.00253339
0.00241973
0.00272027
0.00252233
0.00253508
0.00265267
0.00253142
0.00269467
0.00273534
0.00368941
0.00285014
0.00274393
0.00276413
0.00306221
0.00270767
0.00230206
0.00281273
0.00249222
0.00288741
0.00275485
0.00252981
0.00322296
0.00271203
0.00315422
0.00271185
0.00278894
0.00256090
0.00355255
0.00239790
0.00255639
0.00236536
0.00271069
0.00221329
0.00267250
0.00281412
0.00284459
0.00266291
0.00230633
0.00259849
0.00295663
0.00253878
0.00239541
0.00251096
0.00236824
0.00284226
0.00249853
0.00271052
0.00233853
0.00235107
0.00280458
0.00319288
0.00315836
0.00236173
0.00288960
0.00245573
0.00265036
0.00274395
0.00336484
0.00245682
0.00236658
0.00236080
0.00287308
0.00307344
0.00306277
0.00241286
0.00254399
0.00247572
0.00227682
0.00259533
0.00280215
0.00304234
0.00242159
0.00258185
0.00307977
0.00247334
0.00298225
0.00411714
0.00247366
0.00287499
0.00256387
0.00279888
0.00287213
0.00249545
0.00262977
0.00329420
0.00255256
0.00256657
0.00257126
0.00301121
0.00245825
0.00268870
0.00244920
0.00294313
0.00245663
0.00237479
0.00246691
0.00295695
0.00275418
0.00262317
0.00268778
0.00295043
0.00250017
0.00248456
0.00265799
0.00301211
0.00245917
0.00286176
0.00252540
0.00259176
0.00236304
0.00258193
0.00263730
0.00259478
0.00248203
0.00228730
0.00259115
0.00289724
0.00245802
0.00269692
0.00269139
0.00289112
0.00249935
0.00273839
0.00291191
0.00263851
0.00286888
0.00252001
0.00217858
0.00260751
0.00283715
0.00248248
0.00263292
0.00242550
0.00238943
0.00265750
0.00267904
0.00285190
0.00278670
0.00245887
0.00261447
0.00237275
0.00253317
0.00294667
0.00274870