0.00234124
0.00227438
0.00236718
0.00227167
0.00231845
0.00226965
0.00242938
0.00224787
0.00221781
0.00230499
0.00234451
0.00215238
0.00216831
0.00251939
0.00279198
0.00226659
0.00222103
0.00224355
0.00230052
0.00241289
0.00218209
0.00216377
0.00234928
0.00220459
0.00235743
0.00217971
0.00271922
0.00248517
0.00263323
0.00230779
0.00239674
0.00216037
0.00227105
0.00251566
0.00219351
0.00227992
0.00222783
0.00231245
0.00216227
0.00228457
0.00232416
0.00212820
0.00211414
0.00224051
0.00250082
0.00230034
0.00211842
0.00227304
0.00225730
0.00230344
0.00247664
0.00231925
0.00233266
0.00266665
0.00269369
0.00256422
0.00222702
0.00215797
0.00235705
0.00222104
0.00213018
0.00239615
0.00291036
0.00221593
0.00246770
0.00233459
0.00240515
0.00257744
0.00231436
0.00227728
0.00223511
0.00215977
0.00224732
0.00250363
0.00216405
0.00226951
0.00231023
0.00217332
0.00237191
0.00217443
0.00224451
0.00244918
0.00264529
0.00237012
0.00258567
0.00211688
0.00250692
0.00218348
0.00246210
0.00259486
0.00238741
0.00238883
0.00269937
0.00246709
0.00242814
0.00229191
0.00229965
0.00252993
0.00220277
0.00234549
0.00240927
0.00247204
0.00211876
0.00217214
0.00247461
0.00215425
0.00236820
0.00238484
0.00219162
0.00208330
0.00267938
0.00269174
0.00224784
0.00233259
0.00206391
0.00222597
0.00237368
0.00238634
0.00229835
0.00235786
0.00238357
0.00225902
0.00246742
0.00227594
0.00256332
0.00228866
0.00274953
0.00244342
0.00224800
0.00224121
0.00209872
0.00230738
0.00213498
0.00246996
0.00239732
0.00233836
0.00243971
0.00208674
0.00258230
0.00285442
0.00261888
0.00230209
0.00225840
0.00238853
0.00219337
0.00230339
0.00257657
0.00284440
0.00240207
0.00266417
0.00202772
0.00225631
0.00220576
0.00238728
0.00232906
0.00238360
0.00221987
0.00217881
0.00226430
0.00218715
0.00228088
0.00244393
0.00217404
0.00207895
0.00250843
0.00237939
0.00226228
0.00235800
0.00230591
0.00229675
0.00222266
0.00235977
0.00254361
0.00236099
0.00224632
0.00265751
0.00254108
0.00222478
0.00270719
0.00237492
0.00280758
0.00236229
0.00217781
0.00245028
0.00220762
0.00212505
0.00245543
0.00235682
0.00263364
0.00244615
0.00227547
0.00265472
0.00226309
0.00236206
0.00221178
0.00245808
0.00202565
0.00225687
0.00226491
0.00220594
0.00223933
0.00235753
0.00234343
0.00223375
0.00232443
0.00217578
0.00228392
0.00233519
0.00229133
0.00214093
0.00230124
0.00234933
0.00243843
0.00268020
0.00216234
0.00217058
0.00287230
0.00225324
0.00225369
0.00295014
0.00200867
0.00220683
0.00273409
0.00210537
0.00215109
0.00267360
0.00228896
0.00237480
0.00208386
0.00231525
0.00205293
0.00241247
0.00222930
0.00227944
0.00243069
0.00226218
0.00251697
0.00217425
0.00232420
0.00226029
0.00213579
0.00226786
0.00232489
0.00231386
0.00209946
0.00239662
0.00221374
0.00229096
0.00253601
0.00215872
0.00231084
0.00230246
0.00233450
0.00249736
0.00264807
0.00262074
0.00250016
0.00244276
0.00241345
0.00248411
0.00286320
0.00247208
0.00206221
0.00247777
0.00301699
0.00244600
0.00252361
0.00211027
0.00215756
0.00222710
0.00215403
0.00221519
0.00243072
0.00217084
0.00223426
0.00226133
0.00206472
0.00224757
0.00251361
0.00252660
0.00244292
0.00211462
0.00246841
0.00221321
0.00219212
0.00223816
0.00230003
0.00238276
0.00225593
0.00230832
0.00272894
0.00260600
0.00210883
0.00244360
0.00214588
0.00240749
0.00251047
0.00232609
0.00260565
0.00229012
0.00231517
0.00229230
0.00228796
0.00234765
0.00229018
0.00227232
0.00233351
0.00222620
0.00244592
0.00235042
0.00225819
0.00225874
0.00237834
0.00262891
0.00239779
0.00231630
0.00236396
0.00252088
0.00241068
0.00247229
0.00212645
0.00207444
0.00224828
0.00229101
0.00236833
0.00229464
0.00232664
0.00232398
0.00307810
0.00242545
0.00261954
0.00219794
0.00236483
0.00221671
0.00262205
0.00232483
0.00226633
0.00249232
0.00225243
0.00236465
0.00217969
0.00217958
0.00226020
0.00219717
0.00208661
0.00248407
0.00241349
0.00237059
0.00213950
0.00257839
0.00219421
0.00214320
0.00252802
0.00225058
0.00223463
0.00252631
0.00235401
0.00269617
0.00242787
0.00268750
0.00243375
0.00227224
0.00212825
0.00274622
0.00229685
0.00212924
0.00249079
0.00245123
0.00225677
0.00239644
0.00232249
0.00288186
0.00252665
0.00231480
0.00224313
0.00266544
0.00233328
0.00262530
0.00221202
0.00223713
0.00212157
0.00236479
0.00234588
0.00287331
0.00217586
0.00220605
0.00294945
0.00226746
0.00245481
0.00257532
0.00199480
0.00222947
0.00217482
0.00214220
0.00230648
0.00237034
0.00223313
0.00240817
0.00247341
0.00267040
0.00260282
0.00217865
0.00229840
0.00232569
0.00262577
0.00223117
0.00217122
0.00275294
0.00224447
0.00219310
0.00233798
0.00238547
0.00221710
0.00224206
0.00227839
0.00223137
0.00216265
0.00255006
0.00210323
0.00274530
0.00227227
0.00225920
0.00238825
0.00226894
0.00237441
0.00224109
0.00245467
0.00231615
0.00230875
0.00262806
0.00234684
0.00224640
0.00266282
0.00224067
0.00206490
0.00207213
0.00247835
0.00252050
0.00253542
0.00238713
0.00265180
0.00256552
0.00251104
0.00238300
0.00262439
0.00220056
0.00224840
0.00254192
0.00220635
0.00243243
0.00258415
0.00251921
0.00229782
0.00213537
0.00243017
0.00223215
0.00210606
0.00204761
0.00253476
0.00288881
0.00219750
0.00255065
0.00216659
0.00223016
0.00234259
0.00246363
0.00222432
0.00219668
0.00237912
0.00238949
0.00248901
0.00237969
0.00254402
0.00228388
0.00231945
0.00240044
0.00226385
0.00248275
0.00239027
0.00252085
0.00212660
0.00232591
0.00226581
0.00244057
0.00222627
0.00226580
0.00290368
0.00270478
0.00222651
0.00205695
0.00244130
0.00278336
0.00258213
0.00265896
0.00220893
0.00263222
0.00264787
0.00227512
0.00232957
0.00217400