0.00213165
0.00230108
0.00198892
0.00197667
0.00216464
0.00209412
0.00209623
0.00220618
0.00206463
0.00212055
0.00249942
0.00232529
0.00216656
0.00206372
0.00209719
0.00236233
0.00212133
0.00224622
0.00233111
0.00211819
0.00234014
0.00210560
0.00220779
0.00214334
0.00202196
0.00210856
0.00216003
0.00211595
0.00216447
0.00218030
0.00260958
0.00211058
0.00213614
0.00218467
0.00213055
0.00233513
0.00236185
0.00211300
0.00240779
0.00210569
0.00208437
0.00220947
0.00227765
0.00227831
0.00228340
0.00211053
0.00239286
0.00218042
0.00232369
0.00216526
0.00208923
0.00226228
0.00204222
0.00208690
0.00202433
0.00223755
0.00234538
0.00238484
0.00201484
0.00207274
0.00210166
0.00214864
0.00230451
0.00210321
0.00225683
0.00207192
0.00206413
0.00228420
0.00218345
0.00199157
0.00239752
0.00198469
0.00234150
0.00219184
0.00213218
0.00211936
0.00208057
0.00210954
0.00214797
0.00205818
0.00222802
0.00226951
0.00207538
0.00217989
0.00219440
0.00245751
0.00220318
0.00204127
0.00203641
0.00216691
0.00224369
0.00204483
0.00229053
0.00217668
0.00210223
0.00227687
0.00227466
0.00238802
0.00211563
0.00209760
0.00208536
0.00226080
0.00219949
0.00223823
0.00208142
0.00206314
0.00223713
0.00219445
0.00239277
0.00219065
0.00216602
0.00234229
0.00240134
0.00206037
0.00221076
0.00219141
0.00200252
0.00238459
0.00229827
0.00237096
0.00218282
0.00212417
0.00241549
0.00210694
0.00197880
0.00211832
0.00204378
0.00255681
0.00231581
0.00201849
0.00217797
0.00217135
0.00242187
0.00214665
0.00240315
0.00214835
0.00216323
0.00206442
0.00214947
0.00199716
0.00218187
0.00219158
0.00205821
0.00209557
0.00201937
0.00214091
0.00211926
0.00241129
0.00234426
0.00195944
0.00196691
0.00241604
0.00236090
0.00206799
0.00246650
0.00212364
0.00197088
0.00212407
0.00209636
0.00203839
0.00246671
0.00203768
0.00235870
0.00226876
0.00224784
0.00213868
0.00206566
0.00210898
0.00265741
0.00207729
0.00209546
0.00243848
0.00214515
0.00213848
0.00217962
0.00238442
0.00212636
0.00253235
0.00224454
0.00209630
0.00228148
0.00216507
0.00207232
0.00210261
0.00233859
0.00252082
0.00206088
0.00208873
0.00225837
0.00232780
0.00223882
0.00226926
0.00219728
0.00274780
0.00216821
0.00203061
0.00245731
0.00202061
0.00247478
0.00205376
0.00204712
0.00213127
0.00233086
0.00244379
0.00202699
0.00225815
0.00206729
0.00199874
0.00209969
0.00210261
0.00230446
0.00201867
0.00220325
0.00226765
0.00206509
0.00210095
0.00228572
0.00201587
0.00199790
0.00223686
0.00215062
0.00214085
0.00230093
0.00204918
0.00224680
0.00221092
0.00233769
0.00225652
0.00203309
0.00220550
0.00225574
0.00227581
0.00223076
0.00198515
0.00252205
0.00206806
0.00219440
0.00212018
0.00211502
0.00204675
0.00238853
0.00217641
0.00223212
0.00241408
0.00230193
0.00214673
0.00217842
0.00222891
0.00207190
0.00213469
0.00243964
0.00238728
0.00222968
0.00227330
0.00202442
0.00217546
0.00201943
0.00219913
0.00217509
0.00220166
0.00204729
0.00204549
0.00232555
0.00207379
0.00194512
0.00209352
0.00215393
0.00229291
0.00217529
0.00215085
0.00206377
0.00215338
0.00220931
0.00227423
0.00226707
0.00219991
0.00225448
0.00209235
0.00205585
0.00207012
0.00196225
0.00226384
0.00200457
0.00218155
0.00211670
0.00218859
0.00215857
0.00203836
0.00200228
0.00247699
0.00221581
0.00211463
0.00204821
0.00208879
0.00234589
0.00214372
0.00227398
0.00232522
0.00234097
0.00195609
0.00215803
0.00216792
0.00211874
0.00210195
0.00221982
0.00258997
0.00217857
0.00253847
0.00198530
0.00229169
0.00224014
0.00218038
0.00203465
0.00201277
0.00231288
0.00218652
0.00219490
0.00212475
0.00219293
0.00223538
0.00225942
0.00213732
0.00208123
0.00231727
0.00229094
0.00255569
0.00213422
0.00226383
0.00220429
0.00244268
0.00220978
0.00201675
0.00210734
0.00207615
0.00221367
0.00208626
0.00229734
0.00234183
0.00223561
0.00226334
0.00209743
0.00231518
0.00217267
0.00248428
0.00221169
0.00219668
0.00224020
0.00217896
0.00215334
0.00224042
0.00229687
0.00228810
0.00207563
0.00221470
0.00228531
0.00219128
0.00263733
0.00219024
0.00234428
0.00227512
0.00205312
0.00222993
0.00217803
0.00229498
0.00207248
0.00217259
0.00311343
0.00223528
0.00220464
0.00220550
0.00223904
0.00208125
0.00227096
0.00208733
0.00199763
0.00211052
0.00267517
0.00227313
0.00204438
0.00203907
0.00249819
0.00237121
0.00216041
0.00212423
0.00227234
0.00215812
0.00208498
0.00208737
0.00202818
0.00221749
0.00233579
0.00241196
0.00232050
0.00262578
0.00217375
0.00216349
0.00251679
0.00211918
0.00202976
0.00229482
0.00213350
0.00207457
0.00212000
0.00227443
0.00218339
0.00213199
0.00224491
0.00215149
0.00225902
0.00197937
0.00200864
0.00202561
0.00228308
0.00211866
0.00220918
0.00210219
0.00200444
0.00258462
0.00209085
0.00226631
0.00239993
0.00195571
0.00233309
0.00198656
0.00201662
0.00251986
0.00224964
0.00207832
0.00208072
0.00209843
0.00207944
0.00222156
0.00212873
0.00198744
0.00195491
0.00211119
0.00233110
0.00207143
0.00219288
0.00264480
0.00249245
0.00207271
0.00207624
0.00198481
0.00275660
0.00205918
0.00211134
0.00217258
0.00217803
0.00201536
0.00211405
0.00210294
0.00195371
0.00216955
0.00219198
0.00239959
0.00213426
0.00221737
0.00209761
0.00215058
0.00215523
0.00225281
0.00210397
0.00234425
0.00244937
0.00220263
0.00208902
0.00210313
0.00219732
0.00245008
0.00226013
0.00211756
0.00202476
0.00200586
0.00215406
0.00223900
0.00217629
0.00205768
0.00222851
0.00209497
0.00211161
0.00226190
0.00209927
0.00238873
0.00220463
0.00215366
0.00229649
0.00237123
0.00211480
0.00221044
0.00207897
0.00223812
0.00227788
0.00242252
0.00233962
0.00235762
0.00208561
0.00219202
0.00222460
0.00207291