0.02731970
0.02874268
0.02739792
0.02603463
0.02807003
0.02155359
0.02240810
0.03439956
0.02332185
0.02265545
0.02724617
0.03417101
0.03114330
0.02974710
0.04052349
0.03601326
0.02890141
0.02945520
0.02901161
0.02976559
0.02042170
0.02481866
0.02778999
0.02766027
0.03761038
0.03660631
0.02229233
0.02362050
0.02825834
0.03262530
0.02338123
0.02767617
0.02433041
0.02669577
0.03043180
0.03404090
0.02947090
0.02476234
0.03003773
0.02571342
0.02506484
0.02317570
0.02777846
0.02395892
0.02714927
0.02559662
0.03636262
0.03090224
0.04458363
0.02475219
0.02544494
0.03764044
0.02408820
0.02804701
0.02340290
0.02192403
0.02630171
0.04111460
0.02903474
0.02178270
0.02588959
0.02487309
0.02265900
0.03444383
0.03110111
0.02411038
0.02915388
0.04754587
0.03562422
0.02616801
0.02691600
0.03121653
0.02472469
0.02422916
0.02071667
0.03979541
0.02554710
0.02539823
0.02940865
0.02418433
0.02300915
0.03094298
0.02532397
0.02968588
0.03045322
0.02585177
0.03802409
0.02538878
0.02284831
0.02096419
0.02424748
0.03063449
0.02944281
0.02360987
0.03034000
0.02916771
0.02787227
0.02421285
0.02396354
0.02381294
0.02305946
0.02379104
0.03859008
0.02784396
0.02862110
0.03369426
0.02464656
0.02589036
0.03533680
0.02612128
0.03032103
0.02747594
0.02477627
0.02630786
0.04297904
0.03549843
0.02516223
0.03232255
0.02852934
0.04154257
0.02301040
0.04386394
0.02891429
0.02817504
0.02492249
0.03790900
0.06382022
0.03095920
0.02512969
0.03468763
0.02371842
0.02748460
0.02834881
0.03241208
0.02634983
0.04034672
0.02438225
0.02495453
0.02803003
0.02314060
0.03708052
0.02049640
0.02893887
0.02779128
0.02782545
0.02599444
0.02341136
0.02461695
0.02319778
0.02547390
0.02458287
0.02285130
0.02717700
0.02891085
0.02714902
0.02874914
0.02944686
0.02984489
0.02518303
0.03457984
0.03069436
0.02442842
0.02650404
0.03325867
0.03025839
0.02910383
0.02516255
0.03004793
0.02232250
0.02914660
0.02775972
0.03351521
0.02444128
0.02497362
0.02497704
0.02988825
0.02442271
0.04074024
0.02738499
0.02265344
0.03545362
0.02573745
0.02503897
0.03375012
0.02597889
0.02174359
0.03094461
0.06477690
0.02485454
0.02963072
0.02891787
0.02661366
0.06059396
0.03395279
0.02850625
0.02563747
0.02499446
0.02562395
0.02781470
0.02266943
0.02394602
0.02792610
0.02026570
0.02529758
0.02018762
0.02913990
0.02049672
0.03364524
0.02826573
0.04090448
0.02385413
0.02422461
0.02605899
0.04014986
0.02639416
0.02500443
0.02333063
0.03431638
0.02622158
0.02895869
0.02669846
0.02097125
0.02522790
0.02463024
0.02505838
0.02733163
0.02678497
0.02853664
0.02621087
0.02470948
0.02640752
0.02589961
0.02402471
0.02754419
0.02495077
0.03969788
0.02725585
0.03038787
0.02651888
0.02960414
0.03821479
0.02491706
0.02719211
0.02369736
0.03098174
0.02894588
0.02347418
0.02488797
0.02474957
0.04256503
0.02620137
0.02751649
0.02355317
0.02399882
0.03343377
0.02577826
0.02672889
0.02288582
0.03657881
0.02306888
0.09285295
0.03401603
0.02400046
0.02998172
0.02489327
0.02977062
0.02508595
0.02661213
0.02725557
0.02696450
0.02451675
0.02322923
0.02372410
0.02493817
0.02841766
0.02532551
0.02978685
0.06026002
0.02861007
0.03085230
0.03882461
0.02590384
0.02419946
0.02773456
0.02336201
0.03653338
0.02830050
0.02458301
0.03243586
0.02498326
0.02322039
0.02540610
0.02220381
0.02788050
0.02475848
0.02507935
0.02555424
0.03039160
0.02529104
0.02664021
0.02098155
0.02375838
0.02723042
0.03033416
0.02446794
0.02556771
0.02459646
0.03103515
0.02953899
0.02598854
0.02163892
0.02622654
0.02697888
0.02685564
0.02268862
0.03441601
0.02956879
0.02734432
0.02556827
0.02756060
0.02543094
0.02423494
0.02818621
0.02703932
0.02823223
0.02749860
0.02652707
0.02329918
0.02445547
0.02974248
0.03244999
0.02865748
0.03056011
0.03017756
0.02608800
0.02950669
0.02611340
0.02576282
0.02641616
0.02494224
0.02443657
0.03437371
0.02383842
0.04135796
0.02854175
0.02390246
0.03164132
0.02619866
0.02608932
0.02489065
0.02445099
0.04859949
0.03061026
0.03169506
0.02888328
0.02944895
0.03088936
0.02254057
0.02339140
0.02912278
0.02391657
0.02986291
0.02986902
0.02767082
0.03104593
0.02525263
0.02718061
0.04846980
0.02503699
0.02131555
0.02598037
0.02418629
0.02795059
0.02797453
0.02612542
0.02785405
0.02759620
0.02887492
0.03045091
0.02711192
0.02319616
0.02470573
0.02097719
0.02518049
0.02530543
0.02733301
0.02637040
0.03063914
0.03053703
0.02457021
0.03118064
0.02503028
0.02523960
0.02475911
0.02330211
0.03048410
0.02219597
0.03672988
0.02529701
0.02838610
0.02665360
0.02945663
0.03242212
0.02355863
0.02891506
0.02593208
0.02590656
0.02619850
0.02917126
0.02812962
0.02708292
0.02354530
0.02228600
0.02336357
0.02753695
0.02189709
0.02983379
0.02421502
0.02731894
0.02283753
0.02369665
0.02790672
0.02610949
0.02414543
0.02939874
0.02423463
0.02908424
0.02329048
0.02321727
0.02719257
0.02384850
0.02681394
0.03221740
0.03552418
0.03368960
0.02526685
0.02195170
0.02582827
0.02319584
0.02702043
0.02562714
0.03109682
0.02398250
0.02465568
0.03135501
0.02716400
0.03088051
0.02627103
0.02546522
0.03017931
0.02751563
0.02851657
0.02488340
0.03891625
0.02767174
0.03150648
0.02765043
0.02255351
0.02700353
0.02381017
0.02479368
0.02630464
0.05155977
0.02862739
0.02208400
0.02605523
0.03011900
0.02470613
0.02447949
0.03173934
0.03389321
0.02575278
0.02530051
0.02548999
0.02109807
0.03148761
0.02406462
0.02724680
0.02658190
0.02780897
0.02537089
0.02545353
0.03543402
0.03184725
0.02744865
0.02571100
0.03270327
0.02507072
0.02361367
0.03486595
0.02519165
0.02465803
0.02562327
0.02400479
0.02914849
0.02769949
0.02894860
0.02065131
0.03532782
0.02365677
