0.01113574
0.01357394
0.01375442
0.01015616
0.01046781
0.01021187
0.01673793
0.01876827
0.00889054
0.01033552
0.01124395
0.00929591
0.00843798
0.01221667
0.01109552
0.01037569
0.01355290
0.02385919
0.01228527
0.01024608
0.02001984
0.01163109
0.01131212
0.01331608
0.01244735
0.02573384
0.01821638
0.00987109
0.01232917
0.00954405
0.01308191
0.01382617
0.00967157
0.01232031
0.01583921
0.01178935
0.01428159
0.00978399
0.01079207
0.01022565
0.01084200
0.00996598
0.01184532
0.01580420
0.01124582
0.01014042
0.01098169
0.01080259
0.01249290
0.01163969
0.00948954
0.01830524
0.01344259
0.01014235
0.01177127
0.01170179
0.01317955
0.01268187
0.02017550
0.01148989
0.01444585
0.01182032
0.01300654
0.00939839
0.01096867
0.01039786
0.01233442
0.01651931
0.01058917
0.01097733
0.01175277
0.00937999
0.01258135
0.00948185
0.00892926
0.01108984
0.01045836
0.01181719
0.01103505
0.01293121
0.01173049
0.01374831
0.01056994
0.00974536
0.01009594
0.01012213
0.01679482
0.01286602
0.01961263
0.01441297
0.01492433
0.01167090
0.01167954
0.00879343
0.01092538
0.01139603
0.01132536
0.01169867
0.01537287
0.00935537
0.00971956
0.01039954
0.01668070
0.01098183
0.01144937
0.01348515
0.01222315
0.00978212
0.01324367
0.01214175
0.01682419
0.01160250
0.01009542
0.01367909
0.01168647
0.01091262
0.01567010
0.01251062
0.01457220
0.00982790
0.01263809
0.01161208
0.01407665
0.01040763
0.01570496
0.01085642
0.01107394
0.01182201
0.01320319
0.01546556
0.01050053
0.01087749
0.01615507
0.01189007
0.01472852
0.01249241
0.01523230
0.01259355
0.01074589
0.01079023
0.01718125
0.01225026
0.01039480
0.01221674
0.01096015
0.01587444
0.01190193
0.01201487
0.01003747
0.01520380
0.00959056
0.01018309
0.01607587
0.01057317
0.01289461
0.01262808
0.01372990
0.01253760
0.01066117
0.01398171
0.01166412
0.01124759
0.01372498
0.01257255
0.01021109
0.01482561
0.01348703
0.00873551
0.01064077
0.01592863
0.01042879
0.01172444
0.01032597
0.01113402
0.00979857
0.01460831
0.01143260
0.01149317
0.02222156
0.00883166
0.01034173
0.01024557
0.01150564
0.01111201
0.01430043
0.01512412
0.01186314
0.01110524
0.01633143
0.01224825
0.01911599
0.01517768
0.01024674
0.01171907
0.00939126
0.01091275
0.01614940
0.01020195
0.01481482
0.01247205
0.01520006
0.01053042
0.01165066
0.01125074
0.00980454
0.01171345
0.01015461
0.00867226
0.01135135
0.00908343
0.01264127
0.00920404
0.01158822
0.00812967
0.01073901
0.00944783
0.01337518
0.01221496
0.01081147
0.01255939
0.01195895
0.01060086
0.00914013
0.01209347
0.01240446
0.01132705
0.00917120
0.00861293
0.01181142
0.00925744
0.01628634
0.01346071
0.01051606
0.01430905
0.00982904
0.01138826
0.01450480
0.01038062
0.01056236
0.01104572
0.00998983
0.01081372
0.02260590
0.01192193
0.01538639
0.01782485
0.01176309
0.01180091
0.01722521
0.01224974
0.01377507
0.02095928
0.00908730
0.01275264
0.00915836
0.01140820
0.01237304
0.01229971
0.01598695
0.01222819
0.01163162
0.01187227
0.00992938
0.01078175
0.01208935
0.01810994
0.01087371
0.01674735
0.01155532
0.01683762
0.01105440
0.01331405
0.00977890
0.01315647
0.01191614
0.01223208
0.01195158
0.01253055
0.01797104
0.01234043
0.01331180
0.01000012
0.01218576
0.01476271
0.01143162
0.01015458
0.01049401
0.01725627
0.00949237
0.01367899
0.01152136
0.01175323
0.01809374
0.00899347
0.00867670
0.01110379
0.01144332
0.01032400
0.01188361
0.01149044
0.00964743
0.01221840
0.01155620
0.00923957
0.01050666
0.01935419
0.01028346
0.01074637
0.01040502
0.01101121
0.01274596
0.01178688
0.01355170
0.01136869
0.01011947
0.01564593
0.01213271
0.01254884
0.01220953
0.01203207
0.01106892
0.01269047
0.01105478
0.00921746
0.01072207
0.01563160
0.02055086
0.02026353
0.01262729
0.01194901
0.01065775
0.01266459
0.01269495
0.01088908
0.01481181
0.01196718
0.01137237
0.01024609
0.01238442
0.01265063
0.01768293
0.01295387
0.01158924
0.01230695
0.01126601
0.01948806
0.01024373
0.01202436
0.00938105
0.00960619
0.01000140
0.01089436
0.01494756
0.01082268
0.01326069
0.01204654
0.01449887
0.01143666
0.01067936
0.01438163
0.01265909
0.01185120
0.01022701
0.01346182
0.01134743
0.01013713
0.01183352
0.01413887
0.01192468
0.01030534
0.01746176
0.02939479
0.00991771
0.01272118
0.01616976
0.00958474
0.01195255
0.01044411
0.01025969
0.01152712
0.02783753
0.00885040
0.01126033
0.01472481
0.01224280
0.01295836
0.01029176
0.01080383
0.01256012
0.00950153
0.01087490
0.01224661
0.01237980
0.00934391
0.00965785
0.01346560
0.01567143
0.01273033
0.01271625
0.01152536
0.01284442
0.01060515
0.01334479
0.01336143
0.01149522
0.01103927
0.01572641
0.01423037
0.01080854
0.00892708
0.01329133
0.01402905
0.01317965
0.01042465
0.01659924
0.01432497
0.00918955
0.01079594
0.01046861
0.01104139
0.01091465
0.01277042
0.00924919
0.01279898
0.01628935
0.00949753
0.00887348
0.01089243
0.01194570
0.01121720
0.01265270
0.01746585
0.01348710
0.02995397
0.01178904
0.01068872
0.01434728
0.00892288
0.01258439
0.01067911
0.01271437
0.01146722
0.00994600
0.00981195
0.01468488
0.01152882
0.01277209
0.01704437
0.02261936
0.01234154
0.01314008
0.00938043
0.01153025
0.01425223
0.01041152
0.02686766
0.01104886
0.01091421
0.01908588
0.01225240
0.01205868
0.01172740
0.01096675
0.01445925
0.01049142
0.01283629
0.00962017
0.01225835
0.00996889
0.01077149
0.01052856
0.01154354
0.01325327
0.01606741
0.01347841
0.01689992
0.01127753
0.01268837
0.01156713
0.00976148
0.01087190
0.00954906
0.01085417
0.01607732
0.01184451
0.01152600
0.01105325
0.01167700
0.01162412
0.00971400
0.01086440
0.01188704
0.00988499
0.01061881
0.01259643
0.01219631
0.01367180
0.01184589
0.01082016
0.00882244