0.00351673
0.00364777
0.00354744
0.00370226
0.00342303
0.00336288
0.00342957
0.00356005
0.00345313
0.00378396
0.00348883
0.00355117
0.00346277
0.00379007
0.00348949
0.00333472
0.00334915
0.00349735
0.00330055
0.00320714
0.00366326
0.00364793
0.00321193
0.00332285
0.00366349
0.00374632
0.00378508
0.00382499
0.00309355
0.00355810
0.00328816
0.00369874
0.00321972
0.00451925
0.00367476
0.00321932
0.00372670
0.00341394
0.00341433
0.00332238
0.00343091
0.00339672
0.00314992
0.00360232
0.00328852
0.00353359
0.00347557
0.00358648
0.00323048
0.00342648
0.00363553
0.00343368
0.00319310
0.00343387
0.00330320
0.00344335
0.00348651
0.00341346
0.00335697
0.00351702
0.00338967
0.00338437
0.00342915
0.00339698
0.00329290
0.00335970
0.00350595
0.00335125
0.00367512
0.00341895
0.00381214
0.00381643
0.00357370
0.00373450
0.00353948
0.00333231
0.00309077
0.00359745
0.00368474
0.00369948
0.00328269
0.00348234
0.00335407
0.00373346
0.00323347
0.00324202
0.00336245
0.00393696
0.00312703
0.00338630
0.00358720
0.00366695
0.00370999
0.00334340
0.00315526
0.00330707
0.00356315
0.00343499
0.00361092
0.00389435
0.00334336
0.00344872
0.00343197
0.00390152
0.00410603
0.00307765
0.00324742
0.00324175
0.00344543
0.00357360
0.00322472
0.00361863
0.00347031
0.00361496
0.00348894
0.00332443
0.00340354
0.00365433
0.00362502
0.00345185
0.00339614
0.00355984
0.00317766
0.00362320
0.00332511
0.00329225
0.00340368
0.00327608
0.00334543
0.00380102
0.00357017
0.00345360
0.00334998
0.00425098
0.00421678
0.00324343
0.00329455
0.00332235
0.00339198
0.00360157
0.00347578
0.00325814
0.00354582
0.00361345
0.00313390
0.00349763
0.00354940
0.00329727
0.00336491
0.00335067
0.00347057
0.00328585
0.00350134
0.00328461
0.00388188
0.00357685
0.00345630
0.00329088
0.00332596
0.00365227
0.00330694
0.00332044
0.00347388
0.00335169
0.00347858
0.00340838
0.00341173
0.00376243
0.00339294
0.00362406
0.00347333
0.00396568
0.00327673
0.00341468
0.00343869
0.00359409
0.00329777
0.00375313
0.00387482
0.00363551
0.00328626
0.00328721
0.00320589
0.00311387
0.00343398
0.00357480
0.00352175
0.00318971
0.00356216
0.00328106
0.00363054
0.00346741
0.00320709
0.00350949
0.00351310
0.00330703
0.00337649
0.00359625
0.00354173
0.00337201
0.00350214
0.00307743
0.00357488
0.00383714
0.00408146
0.00342330
0.00315581
0.00352475
0.00356069
0.00333797
0.00381118
0.00352106
0.00359918
0.00353432
0.00355629
0.00336028
0.00375228
0.00358727
0.00354154
0.00361828
0.00361000
0.00338070
0.00342126
0.00339525
0.00348148
0.00346221
0.00417327
0.00354224
0.00359456
0.00326391
0.00320216
0.00342823
0.00331873
0.00328256
0.00357479
0.00342668
0.00382835
0.00371567
0.00335267
0.00386519
0.00343350
0.00345347
0.00342563
0.00325685
0.00327999
0.00363809
0.00329584
0.00356998
0.00331515
0.00342678
0.00355712
0.00387358
0.00410734
0.00347559
0.00349086
0.00350548
0.00356985
0.00344308
0.00338868
0.00334361
0.00325537
0.00352187
0.00364331
0.00331467
0.00348963
0.00328743
0.00323255
0.00448874
0.00355397
0.00373513
0.00341691
0.00345820
0.00327443
0.00346482
0.00319813
0.00327145
0.00352161
0.00370141
0.00370447
0.00342900
0.00357992
0.00326123
0.00367678
0.00346323
0.00391034
0.00343267
0.00346077
0.00319376
0.00358434
0.00425135
0.00395272
0.00361019
0.00339388
0.00333727
0.00324004
0.00352368
0.00347465
0.00353800
0.00356827
0.00330539
0.00404565
0.00360132
0.00379316
0.00343915
0.00365296
0.00343681
0.00331366
0.00347691
0.00425536
0.00351879
0.00318047
0.00353979
0.00361019
0.00342825
0.00397124
0.00340027
0.00384886
0.00356740
0.00322616
0.00364570
0.00310165
0.00355465
0.00410853
0.00353613
0.00383130
0.00317269
0.00325307
0.00375422
0.00322162
0.00373795
0.00378782
0.00374169
0.00354424
0.00419031
0.00372371
0.00340979
0.00368747
0.00354746
0.00428732
0.00337697
0.00329782
0.00335681
0.00360120
0.00378037
0.00312735
0.00357788
0.00336043
0.00421013
0.00342833
0.00338945
0.00426760
0.00324833
0.00380733
0.00354332
0.00317630
0.00307588
0.00333896
0.00303030
0.00350000
0.00397866
0.00307532
0.00353575
0.00342738
0.00345503
0.00364318
0.00315465
0.00381292
0.00326873
0.00327015
0.00360829
0.00319819
0.00354909
0.00329484
0.00336242
0.00366423
0.00327888
0.00340906
0.00376399
0.00337392
0.00378273
0.00361663
0.00345924
0.00387704
0.00353144
0.00333284
0.00340123
0.00342657
0.00362575
0.00330784
0.00319033
0.00320057
0.00403947
0.00325399
0.00331546
0.00372897
0.00328940
0.00369604
0.00358179
0.00435377
0.00341928
0.00326264
0.00322957
0.00367113
0.00328539
0.00354885
0.00334500
0.00336380
0.00365306
0.00380758
0.00371432
0.00349583
0.00417811
0.00357400
0.00360021
0.00338499
0.00363372
0.00316922
0.00405310
0.00352380
0.00364015
0.00327719
0.00354575
0.00329304
0.00360357
0.00370073
0.00348728
0.00330341
0.00342812
0.00316904
0.00358490
0.00368266
0.00371202
0.00317938
0.00345021
0.00350342
0.00412702
0.00341748
0.00345683
0.00356992
0.00335139
0.00354295
0.00309932
0.00368343
0.00348489
0.00340870
0.00369601
0.00374350
0.00325862
0.00344415
0.00386044
0.00328564
0.00349173
0.00380551
0.00317566
0.00421824
0.00322294
0.00376537
0.00392054
0.00337625
0.00332837
0.00333750
0.00375088
0.00348825
0.00336886
0.00354230
0.00368428
0.00345997
0.00356605
0.00354928
0.00327600
0.00335636
0.00324518
0.00316102
0.00362325
0.00370183
0.00404141
0.00355564
0.00336255
0.00368782
0.00348525
0.00347243
0.00327255
0.00364056
0.00352128
0.00343802
0.00341232
0.00316624
0.00429876
0.00344956
0.00332049
0.00360476
0.00339314
0.00347627
0.00361523
0.00340669
0.00328432
0.00350146
0.00323712
0.00348608
0.00334396
