0.00195807
0.00185827
0.00177957
0.00182490
0.00203312
0.00180532
0.00191687
0.00189013
0.00179012
0.00201313
0.00175643
0.00198277
0.00184270
0.00190364
0.00178478
0.00171715
0.00184124
0.00192373
0.00201224
0.00178828
0.00178127
0.00184421
0.00181103
0.00198841
0.00190091
0.00184501
0.00195404
0.00187650
0.00200369
0.00189731
0.00177325
0.00188843
0.00192375
0.00185797
0.00195569
0.00187398
0.00180848
0.00185559
0.00190691
0.00195526
0.00175166
0.00179642
0.00212918
0.00202772
0.00185204
0.00193178
0.00178010
0.00210874
0.00203399
0.00192877
0.00182142
0.00205381
0.00181799
0.00215372
0.00188050
0.00179902
0.00200616
0.00177196
0.00186080
0.00184698
0.00180379
0.00194078
0.00189529
0.00185909
0.00182801
0.00223597
0.00196159
0.00180390
0.00182693
0.00194996
0.00186612
0.00176564
0.00186523
0.00185387
0.00178864
0.00180992
0.00179839
0.00198536
0.00183704
0.00193574
0.00194958
0.00186682
0.00203712
0.00181133
0.00172142
0.00179791
0.00179336
0.00183683
0.00188099
0.00195498
0.00199942
0.00174200
0.00179491
0.00237079
0.00186966
0.00192328
0.00181729
0.00190702
0.00185582
0.00200161
0.00187756
0.00192536
0.00179405
0.00186182
0.00195603
0.00179387
0.00181339
0.00185480
0.00211557
0.00185953
0.00181764
0.00215228
0.00181701
0.00193244
0.00180985
0.00189260
0.00175310
0.00181260
0.00213719
0.00197617
0.00231083
0.00174360
0.00185618
0.00201761
0.00185417
0.00196560
0.00189274
0.00183411
0.00205271
0.00180659
0.00194986
0.00184591
0.00195843
0.00175190
0.00209581
0.00190092
0.00186802
0.00193411
0.00179938
0.00187005
0.00190074
0.00188094
0.00182121
0.00183399
0.00189505
0.00192993
0.00190692
0.00181922
0.00180728
0.00189346
0.00202871
0.00187680
0.00190897
0.00176779
0.00188143
0.00176052
0.00180576
0.00200300
0.00188743
0.00180957
0.00212127
0.00185903
0.00194582
0.00183486
0.00194774
0.00175683
0.00199964
0.00191555
0.00185638
0.00185790
0.00173253
0.00174894
0.00173379
0.00185097
0.00183324
0.00192362
0.00198751
0.00180417
0.00212818
0.00185357
0.00187712
0.00176466
0.00185367
0.00180733
0.00189921
0.00183906
0.00183002
0.00181043
0.00176284
0.00192483
0.00197604
0.00188486
0.00183864
0.00194334
0.00185598
0.00174834
0.00179602
0.00188793
0.00177680
0.00200209
0.00180822
0.00180897
0.00191706
0.00190981
0.00203931
0.00172073
0.00186924
0.00169156
0.00190733
0.00183877
0.00179285
0.00186631
0.00182456
0.00180475
0.00215613
0.00192168
0.00190208
0.00195747
0.00208921
0.00182565
0.00185827
0.00181804
0.00178065
0.00209357
0.00195042
0.00172963
0.00185593
0.00179107
0.00169127
0.00188112
0.00189490
0.00186155
0.00191902
0.00171527
0.00193400
0.00185581
0.00193345
0.00190027
0.00186168
0.00174092
0.00179654
0.00194971
0.00187513
0.00199294
0.00188076
0.00179495
0.00186385
0.00179155
0.00204516
0.00182278
0.00190017
0.00178717
0.00189089
0.00195075
0.00188832
0.00182650
0.00188215
0.00194056
0.00181286
0.00185422
0.00205410
0.00175247
0.00180665
0.00194048
0.00182505
0.00176673
0.00189893
0.00176572
0.00185739
0.00190292
0.00184565
0.00177649
0.00182618
0.00201319
0.00210866
0.00183625
0.00185629
0.00178354
0.00182035
0.00188186
0.00183784
0.00207138
0.00197536
0.00179838
0.00190710
0.00180173
0.00182420
0.00199579
0.00184672
0.00201227
0.00199201
0.00183874
0.00181899
0.00190784
0.00190517
0.00189260
0.00195844
0.00181587
0.00192917
0.00235411
0.00190764
0.00178348
0.00176967
0.00180602
0.00180698
0.00178078
0.00186293
0.00205079
0.00199417
0.00189888
0.00185053
0.00183007
0.00187308
0.00195819
0.00193379
0.00187504
0.00180158
0.00180080
0.00212379
0.00188144
0.00190300
0.00190553
0.00197508
0.00203375
0.00172813
0.00192122
0.00189373
0.00195090
0.00184367
0.00200445
0.00172827
0.00207491
0.00187038
0.00186950
0.00174515
0.00175690
0.00175449
0.00192074
0.00178828
0.00174719
0.00200266
0.00183464
0.00180097
0.00183198
0.00177446
0.00207016
0.00188632
0.00185559
0.00197947
0.00195959
0.00186423
0.00179155
0.00169962
0.00196628
0.00193622
0.00193429
0.00175852
0.00192198
0.00180747
0.00193752
0.00174678
0.00189647
0.00176142
0.00195586
0.00187607
0.00183341
0.00191904
0.00185767
0.00224328
0.00188558
0.00185452
0.00191904
0.00206950
0.00194807
0.00169909
0.00199239
0.00181482
0.00190041
0.00191650
0.00184045
0.00201751
0.00185172
0.00190736
0.00184764
0.00177908
0.00203991
0.00175339
0.00185868
0.00193775
0.00176846
0.00187699
0.00187976
0.00184102
0.00180954
0.00188097
0.00204430
0.00179796
0.00182437
0.00210803
0.00170929
0.00190719
0.00199316
0.00196833
0.00191735
0.00173018
0.00177969
0.00173043
0.00188195
0.00190578
0.00172968
0.00194893
0.00181591
0.00183593
0.00185625
0.00173824
0.00184518
0.00210232
0.00199060
0.00188054
0.00183219
0.00191640
0.00186400
0.00183783
0.00169264
0.00198514
0.00180685
0.00185475
0.00172038
0.00187935
0.00191188
0.00178607
0.00179120
0.00207902
0.00188230
0.00219002
0.00176441
0.00187368
0.00184861
0.00186676
0.00188652
0.00197033
0.00181898
0.00200950
0.00186625
0.00189998
0.00185035
0.00211885
0.00192275
0.00181064
0.00210021
0.00204254
0.00173045
0.00190445
0.00182262
0.00179546
0.00176586
0.00203625
0.00185407
0.00192655
0.00186033
0.00187050
0.00181790
0.00185010
0.00181479
0.00182578
0.00174032
0.00192301
0.00186042
0.00169489
0.00178771
0.00201817
0.00190389
0.00190074
0.00191196
0.00169832
0.00203766
0.00175002
0.00175143
0.00174610
0.00179897
0.00180264
0.00193446
0.00204232
0.00186016
0.00180759
0.00176672
0.00194393
0.00170046
0.00183991
0.00227926
0.00184531
0.00193839
0.00179526
0.00187715
0.00199730
0.00187577
0.00211987
0.00194967
0.00212589
0.00187569