0.00843982
0.00748139
0.00841264
0.00751943
0.00847810
0.00798259
0.00826089
0.00975312
0.01068264
0.00895088
0.00781337
0.00773543
0.00776945
0.00807296
0.00953020
0.00780805
0.00694114
0.00961738
0.00761269
0.00725949
0.01011943
0.00620473
0.00727261
0.00759204
0.00805035
0.00803453
0.00740532
0.00844673
0.00805066
0.00887136
0.00805477
0.00717532
0.00733796
0.00820796
0.00737436
0.00850412
0.00666757
0.00680653
0.00613564
0.00689149
0.00842446
0.00759650
0.00722637
0.00917314
0.01174411
0.00865519
0.00693066
0.00890172
0.00681856
0.00835712
0.00760041
0.00893332
0.00718060
0.00752559
0.00682877
0.00679190
0.00813508
0.00836826
0.00764165
0.00854555
0.00719511
0.00886701
0.00647076
0.00717716
0.00752198
0.00701119
0.00803649
0.00683672
0.00861045
0.00679321
0.01204754
0.00692324
0.00736396
0.00725593
0.00867412
0.00750291
0.00731400
0.00797675
0.00864955
0.00816752
0.00858597
0.00757369
0.00814955
0.00737980
0.00778218
0.00910599
0.00692112
0.01008278
0.00738293
0.00749875
0.00707153
0.00829055
0.00655580
0.00774650
0.00746954
0.00691780
0.00745452
0.00915298
0.00716568
0.00657715
0.00813224
0.00810621
0.00819005
0.00884186
0.00630223
0.00758382
0.00695120
0.00730982
0.01265255
0.00752651
0.00814410
0.00780837
0.00685919
0.00787724
0.00745131
0.00653417
0.00732642
0.00770476
0.00842120
0.00698480
0.00641602
0.01055807
0.00721033
0.00761643
0.00710110
0.00744338
0.00840704
0.00730777
0.00630724
0.00760370
0.00703776
0.00871001
0.00823262
0.00758319
0.00748540
0.00789247
0.00704314
0.00945434
0.00709322
0.00720838
0.00708738
0.00942454
0.01595639
0.00729033
0.00719659
0.00808073
0.00776489
0.00876583
0.00761763
0.00689822
0.02020274
0.00702488
0.00722626
0.00686163
0.00784639
0.01001934
0.00734079
0.00624726
0.00805574
0.00751522
0.00714857
0.00822251
0.00819500
0.00717125
0.00745324
0.01171585
0.00756998
0.00725822
0.00791985
0.00691643
0.00846521
0.00787957
0.00890795
0.00753258
0.00692940
0.00690168
0.00797642
0.01122454
0.00692911
0.00651260
0.00716007
0.00780853
0.00717006
0.00789106
0.00700687
0.00855943
0.00699751
0.00718922
0.00734156
0.00855182
0.00723118
0.00724581
0.00860565
0.00647812
0.01059906
0.00782062
0.00699063
0.00697836
0.00807374
0.00979499
0.00735752
0.00826040
0.00677491
0.00794216
0.00738094
0.00765810
0.00844363
0.00723309
0.00800096
0.00902635
0.00702775
0.00679780
0.00672228
0.01085641
0.00717430
0.00766606
0.00680973
0.00776093
0.00740685
0.00634295
0.00696680
0.00782931
0.00775636
0.00657615
0.00812894
0.00813272
0.00695679
0.00815336
0.00891472
0.00885933
0.00800148
0.00674039
0.00721446
0.00862088
0.00758919
0.00727523
0.01132241
0.00665719
0.00672264
0.00838827
0.00902002
0.00720438
0.00694768
0.00741251
0.00756918
0.00750706
0.00776679
0.00764462
0.00737209
0.00832384
0.00736405
0.00718652
0.00829734
0.00744564
0.00656156
0.00752158
0.00766867
0.00746586
0.00829899
0.00650253
0.00905934
0.00635711
0.00764850
0.00776158
0.00715920
0.00692736
0.00822457
0.00787209
0.00620452
0.00826588
0.00707837
0.00717079
0.00631915
0.00648539
0.00833437
0.00807767
0.00789822
0.00722644
0.00684730
0.00829717
0.00742770
0.00809195
0.00690473
0.00922378
0.00756439
0.00680187
0.00999583
0.00782576
0.00721212
0.00655815
0.00723185
0.01031561
0.00679144
0.00710519
0.00812395
0.00815702
0.00681208
0.00767491
0.00734357
0.00618269
0.00810818
0.00916490
0.00818931
0.00692154
0.00687967
0.00777477
0.00697349
0.00724747
0.00768951
0.00747037
0.00761710
0.00799759
0.00729126
0.00673589
0.00704870
0.00693649
0.00659970
0.00765117
0.00651757
0.00960003
0.00722152
0.00753582
0.00772054
0.00751853
0.00644432
0.00736260
0.00897784
0.00781124
0.00726117
0.00740929
0.00836825
0.00747643
0.00987989
0.00758897
0.00704512
0.00795863
0.00864346
0.00850847
0.00673293
0.00872535
0.00755245
0.00745541
0.00668294
0.00818068
0.00685443
0.00798282
0.00704552
0.00911202
0.00865529
0.00818446
0.00735253
0.00787421
0.00870674
0.00733986
0.00740158
0.00756643
0.00730265
0.00761898
0.00863420
0.00815436
0.00844212
0.00806118
0.01013512
0.00683480
0.00983619
0.00852339
0.00838091
0.00814426
0.00728381
0.00798775
0.00680535
0.00767031
0.00958389
0.00946075
0.00705320
0.00667908
0.00725886
0.00748930
0.00837054
0.01085048
0.00752449
0.00912752
0.00705384
0.00781227
0.00750818
0.01077548
0.00763718
0.00757523
0.00694153
0.00791279
0.00825797
0.00676581
0.00691098
0.00786192
0.00682578
0.00644280
0.00658015
0.00724922
0.00688848
0.00779551
0.00657842
0.00637829
0.00775864
0.00769098
0.00756698
0.00726814
0.00774227
0.00862963
0.00895235
0.00844755
0.00756768
0.00732148
0.00837878
0.00935052
0.00706767
0.00765444
0.00754657
0.00818736
0.00784544
0.00793101
0.00762971
0.00728090
0.01367149
0.00677969
0.01293906
0.00710782
0.00738890
0.00712107
0.00687749
0.00810660
0.00807174
0.00778431
0.00734784
0.00802918
0.00718466
0.00820811
0.00805925
0.00768312
0.00754652
0.00919929
0.00815090
0.00753943
0.00775032
0.00688124
0.00737050
0.00661749
0.00735154
0.00979211
0.00918324
0.00934605
0.00879279
0.00724750
0.00741682
0.00718239
0.00745181
0.00732847
0.00817774
0.01171147
0.00989989
0.00841460
0.00936796
0.00809383
0.00821384
0.00724527
0.00843608
0.00734646
0.00793536
0.00681184
0.00869626
0.00747187
0.00637602
0.00730031
0.00844906
0.00782144
0.01079591
0.00675666
0.00732331
0.00783489
0.00965177
0.01320094
0.00781219
0.00876514
0.00684148
0.00793701
0.00745394
0.00790607
0.00729368
0.00765261
0.00736412
0.00765274
0.00800255
0.00745389
0.00702541
0.00710906
0.00705330
0.00688984
0.00877362
0.00681546
0.00740616
0.00768573