0.00381298
0.00426414
0.00365084
0.00371390
0.00328751
0.00431136
0.00314285
0.00328461
0.00432419
0.00350521
0.00321311
0.00365598
0.00383899
0.00339659
0.00495795
0.00417108
0.00440698
0.00384666
0.00463697
0.00527877
0.00425831
0.00352867
0.00349865
0.00377136
0.00391495
0.00398444
0.00319820
0.00393443
0.00362947
0.00369161
0.00348538
0.00360599
0.00437484
0.00402666
0.00355087
0.00384972
0.00423403
0.00408888
0.00420977
0.00344656
0.00344709
0.00413596
0.00391289
0.00369004
0.00450764
0.00488342
0.00458511
0.00363055
0.00390360
0.00316820
0.00373709
0.00350631
0.00401310
0.00326914
0.00484390
0.00321212
0.00336590
0.00317116
0.00415529
0.00429059
0.00350790
0.00340417
0.00346940
0.00405085
0.00388190
0.00359587
0.00404742
0.00330777
0.00372425
0.00413606
0.00436353
0.00359320
0.00378179
0.00436969
0.00342612
0.00394907
0.00354195
0.00394974
0.00338482
0.00468968
0.00342485
0.00447372
0.00470066
0.00374436
0.00410018
0.00381368
0.00376215
0.00368596
0.00356957
0.00402147
0.00305307
0.00492657
0.00373531
0.00348853
0.00420380
0.00360602
0.00410751
0.00322987
0.00370919
0.00410921
0.00395159
0.00445118
0.00357844
0.00395148
0.00393996
0.00323163
0.00425766
0.00328734
0.00381753
0.00417754
0.00380792
0.00290686
0.00308859
0.00526066
0.00374292
0.00388268
0.00393606
0.00368808
0.00432293
0.00412926
0.00364229
0.00307712
0.00426282
0.00354310
0.00455261
0.00423026
0.00308465
0.00479337
0.00315068
0.00400522
0.00342672
0.00319011
0.00466723
0.00439970
0.00386481
0.00377462
0.00404128
0.00359822
0.00365701
0.00451667
0.00420488
0.00416649
0.00452090
0.00384969
0.00348443
0.00353522
0.00465657
0.00316469
0.00461768
0.00416314
0.00392014
0.00474521
0.00368058
0.00381766
0.00413318
0.00432331
0.00448942
0.00409962
0.00375928
0.00351360
0.00359307
0.00459956
0.00368876
0.00395011
0.00465372
0.00541054
0.00462589
0.00301816
0.00389740
0.00335092
0.00569535
0.00329489
0.00304050
0.00409910
0.00319903
0.00360751
0.00542851
0.00432631
0.00410613
0.00539005
0.00389270
0.00357814
0.00330109
0.00368320
0.00433798
0.00375913
0.00369851
0.00351630
0.00368765
0.00344035
0.00399118
0.00400437
0.00386256
0.00421867
0.00318149
0.00591566
0.00360160
0.00458122
0.00334841
0.00428747
0.00356036
0.00340097
0.00369578
0.00327176
0.00334060
0.00399397
0.00377046
0.00347426
0.00413033
0.00375760
0.00424390
0.00412983
0.00365763
0.00362655
0.00407198
0.00320630
0.00413801
0.00327379
0.00490108
0.00371107
0.00504719
0.00410224
0.00394358
0.00366168
0.00379336
0.00400187
0.00427751
0.00368973
0.00415245
0.00382980
0.00330253
0.00371844
0.00445088
0.00342387
0.00315354
0.00417364
0.00335845
0.00347786
0.00359832
0.00447047
0.00447343
0.00312965
0.00405594
0.00387022
0.00398867
0.00471695
0.00361170
0.00322923
0.00338939
0.00379067
0.00322715
0.00420090
0.00346183
0.00373437
0.00388252
0.00429923
0.00397535
0.00344023
0.00360750
0.00383808
0.00333513
0.00459019
0.00469378
0.00340739
0.00478424
0.00333402
0.00399878
0.00329974
0.00329204
0.00439912
0.00378257
0.00370150
0.00354769
0.00439123
0.00388387
0.00339603
0.00406236
0.00371291
0.00341327
0.00345262
0.00367533
0.00342480
0.00457956
0.00401072
0.00358311
0.00364968
0.00347957
0.00345363
0.00358626
0.00492749
0.00417900
0.00448177
0.00344199
0.00376633
0.00447047
0.00438841
0.00366128
0.00449152
0.00411627
0.00428921
0.00449584
0.00350837
0.00368314
0.00334316
0.00365870
0.00322031
0.00370289
0.00284209
0.00366506
0.00375674
0.00357446
0.00353992
0.00378300
0.00390013
0.00392247
0.00289951
0.00386243
0.00471764
0.00440757
0.00411477
0.00495772
0.00333822
0.00349193
0.00357913
0.00339420
0.00427948
0.00375875
0.00371473
0.00354512
0.00426607
0.00400680
0.00415117
0.00380558
0.00456494
0.00390965
0.00416288
0.00542839
0.00360870
0.00359611
0.00427586
0.00423902
0.00328809
0.00385678
0.00420209
0.00349753
0.00396310
0.00380763
0.00365222
0.00428504
0.00372845
0.00423865
0.00311875
0.00359994
0.00342663
0.00331954
0.00363103
0.00508064
0.00621115
0.00435139
0.00358967
0.00316888
0.00332898
0.00351763
0.00403146
0.00386142
0.00394529
0.00350477
0.00452780
0.00341935
0.00490004
0.00391609
0.00389681
0.00360803
0.00361732
0.00397227
0.00452602
0.00371673
0.00374823
0.00352420
0.00346631
0.00347127
0.00409822
0.00405140
0.00380415
0.00344173
0.00318499
0.00433272
0.00382538
0.00377227
0.00371650
0.00396839
0.00380716
0.00467510
0.00317971
0.00380515
0.00515005
0.00412161
0.00363640
0.00382001
0.00362283
0.00326001
0.00372229
0.00335939
0.00530069
0.00337588
0.00332608
0.00426735
0.00336316
0.00333302
0.00381005
0.00405497
0.00405458
0.00395948
0.00370467
0.00346875
0.00337303
0.00422530
0.00336510
0.00349957
0.00387818
0.00415379
0.00333802
0.00329366
0.00370926
0.00458535
0.00365570
0.00396575
0.00355384
0.00306785
0.00386190
0.00413028
0.00333135
0.00413653
0.00416676
0.00498135
0.00370489
0.00330248
0.00478107
0.00305022
0.00347043
0.00324057
0.00443940
0.00471447
0.00464740
0.00351517
0.00386734
0.00535559
0.00400146
0.00395746
0.00333888
0.00461754
0.00320802
0.00390216
0.00330464
0.00443100
0.00361329
0.00343117
0.00358899
0.00363694
0.00440183
0.00445357
0.00384312
0.00368862
0.00318669
0.00390793
0.00396991
0.00307203
0.00363594
0.00406099
0.00412299
0.00495176
0.00333770
0.00364269
0.00401827
0.00328098
0.00300269
0.00330914
0.00347889
0.00346237
0.00431832
0.00315680
0.00388248
0.00351538
0.00383536
0.00435451
0.00388774
0.00375462
0.00449817
0.00443773
0.00412269
0.00463937
0.00371093
0.00419000
0.00782049
0.00397382
0.00332915
0.00372487
0.00355935
0.00345772
0.00391955