0.02107838
0.02065275
0.02152798
0.02061475
0.02181563
0.01795449
0.02131312
0.01997176
0.01991354
0.01954468
0.01895525
0.02094394
0.01992639
0.01908848
0.01978124
0.02033151
0.02920833
0.01948471
0.01991900
0.01816768
0.02048347
0.01917048
0.01889004
0.01824231
0.02161107
0.01833604
0.01798935
0.03866670
0.01810574
0.02195841
0.02012323
0.02297862
0.02143216
0.01892153
0.02014973
0.02097643
0.02069656
0.01957087
0.01794738
0.01765058
0.02109645
0.01799236
0.01855274
0.01972352
0.02001928
0.02022077
0.02002838
0.02257611
0.01824393
0.01966378
0.02069465
0.02007391
0.01923547
0.01880441
0.04366152
0.01966938
0.02206175
0.01919314
0.01886039
0.02035972
0.02194998
0.02075716
0.01966847
0.01798287
0.01958584
0.02098647
0.02078884
0.02135754
0.01859215
0.01952027
0.02025621
0.01900653
0.01838828
0.02053341
0.01930248
0.02022664
0.02054479
0.01782760
0.01954512
0.01882202
0.02317076
0.02040685
0.01995360
0.01900210
0.02019323
0.02071125
0.01929625
0.01971653
0.02612799
0.02240231
0.01944568
0.01940907
0.02043653
0.02135280
0.02033973
0.01817368
0.01804910
0.02101516
0.01771458
0.02023228
0.01830972
0.02178268
0.02180980
0.02029206
0.02013706
0.01950119
0.02132622
0.02103798
0.01974238
0.02403556
0.01787059
0.02024437
0.01885066
0.01927673
0.01841537
0.01959880
0.01921201
0.02676354
0.01852479
0.02165159
0.01954183
0.02005437
0.01899640
0.01961022
0.02251550
0.01754610
0.02068151
0.01849125
0.01851795
0.01821466
0.01960632
0.02017507
0.02130845
0.01860914
0.02056959
0.02103208
0.01809892
0.01954580
0.01914617
0.01982186
0.02107214
0.02069191
0.01906501
0.01964963
0.01875973
0.01871720
0.02008756
0.01982003
0.02023568
0.02286025
0.01835081
0.01866839
0.02026641
0.01960068
0.02078334
0.01864790
0.01900884
0.02018613
0.02083923
0.02220950
0.02040969
0.02065964
0.02210875
0.01882492
0.01883794
0.01851896
0.01838131
0.01776107
0.01869722
0.02186268
0.01802323
0.01910020
0.01848840
0.01858877
0.02495375
0.02080942
0.02254311
0.01900410
0.01851149
0.02278854
0.01784204
0.02482353
0.01842142
0.02057350
0.02078981
0.02041157
0.01954279
0.01857013
0.01792626
0.01982323
0.01961388
0.02052111
0.01775940
0.01893693
0.01890887
0.01879865
0.01855701
0.01852654
0.01731434
0.02054879
0.01838659
0.01838060
0.01952100
0.02189067
0.02157052
0.01843386
0.01870433
0.01985764
0.01919148
0.01726884
0.01992632
0.01857123
0.02223661
0.02185148
0.01889301
0.01974824
0.01937394
0.01904561
0.01850859
0.02059068
0.01971990
0.01754705
0.01844865
0.01950511
0.01838570
0.02180931
0.01807071
0.01815457
0.02430078
0.01929648
0.02037625
0.02148444
0.02049136
0.01804994
0.01886129
0.01934229
0.01842048
0.01935639
0.01836998
0.02126826
0.01773829
0.01943721
0.01998845
0.02088112
0.02260015
0.02019575
0.01953177
0.02132882
0.02075169
0.01824448
0.02062598
0.01808414
0.01965848
0.01873813
0.01762935
0.01996467
0.01999866
0.02095206
0.02289031
0.02204084
0.01963835
0.01824321
0.01995514
0.01774234
0.01795192
0.02337697
0.02041789
0.02468778
0.01944946
0.02047674
0.01938332
0.01944013
0.01804749
0.01881685
0.01951142
0.01986070
0.02023345
0.01719748
0.02119077
0.02255378
0.02077620
0.01952918
0.01987314
0.01947630
0.01941911
0.02134560
0.01966172
0.02184743
0.01974420
0.01929172
0.02059476
0.01857183
0.01854543
0.02150596
0.01929006
0.02077403
0.01795749
0.01892748
0.01991330
0.01819813
0.02046324
0.02011429
0.01944399
0.01784062
0.02114900
0.02034917
0.01819644
0.01988705
0.01918921
0.01810082
0.02884356
0.02015070
0.01878379
0.02205805
0.02062014
0.02048574
0.02957022
0.02753030
0.02223999
0.02124439
0.02753359
0.01823113
0.02058993
0.01914482
0.01936359
0.01779620
0.01981240
0.02030178
0.02874381
0.02055673
0.01718453
0.02027408
0.01888516
0.01966835
0.01917671
0.02095426
0.01961441
0.01876182
0.01752624
0.02154656
0.01856824
0.01773619
0.01857338
0.01905814
0.01936549
0.02020455
0.02009511
0.01973827
0.01810660
0.01792261
0.01991175
0.02021524
0.01779937
0.01892119
0.01811802
0.02067642
0.02077568
0.01910781
0.02048507
0.01947389
0.01967699
0.02266687
0.02068357
0.01920094
0.02259501
0.02183719
0.01868412
0.01769116
0.01878542
0.01781133
0.02023321
0.02050764
0.01972702
0.01910257
0.01828895
0.02076770
0.01837716
0.02099694
0.01890378
0.02082442
0.01817889
0.02077777
0.01874822
0.01774209
0.02053184
0.01891388
0.01811929
0.01848698
0.02039168
0.01856505
0.01810729
0.01927820
0.01994472
0.02156647
0.01855902
0.01973215
0.01948200
0.01828864
0.01944357
0.01973581
0.02016368
0.01813119
0.01825723
0.01919957
0.01969999
0.02260317
0.01907002
0.02044846
0.01789306
0.01830251
0.01872932
0.01849608
0.02099900
0.01915820
0.02107368
0.01836171
0.01807634
0.01738499
0.01963575
0.01930448
0.01904221
0.01958295
0.01753427
0.01835194
0.02139704
0.01753857
0.01971622
0.01902503
0.02310982
0.01773528
0.01896201
0.02075595
0.01828359
0.02065755
0.02061076
0.01968937
0.02051376
0.02028539
0.02439454
0.01878814
0.01853174
0.02264460
0.01801534
0.01994253
0.02395411
0.01781452
0.01837084
0.01959469
0.02148642
0.01721129
0.01916826
0.01733093
0.02043513
0.01887832
0.01940640
0.02046926
0.01986612
0.02191881
0.01901368
0.02003666
0.01807132
0.01890462
0.01997710
0.02151163
0.02525455
0.02290827
0.01917869
0.01793239
0.01984357
0.01916836
0.02022309
0.01839633
0.01870314
0.01850441
0.02209842
0.01894482
0.01842821
0.01916945
0.01891183
0.01935695
0.01942686
0.01772061
0.01971350
0.02165540
0.01987188
0.02043431
0.01814567
0.01925461
0.01966281
0.01855867
0.02137180
0.02487004
0.01996236
0.01904243
0.02371293
0.01950275
0.02027848
0.01804678
0.01923860
0.02100925
