0.02071485
0.01869951
0.01879992
0.01735228
0.01957095
0.01801751
0.01986600
0.01870352
0.01848007
0.01933787
0.01891238
0.01786064
0.01712968
0.01946981
0.01803612
0.01864550
0.01866802
0.01737096
0.01750784
0.01770794
0.01845548
0.01858586
0.01824204
0.01782706
0.02002430
0.01907576
0.02217484
0.01776476
0.01794932
0.01946075
0.01821548
0.01999807
0.02004652
0.01793660
0.01752379
0.02214485
0.01807457
0.01754213
0.01906558
0.01716205
0.01698703
0.01740745
0.01969145
0.01722989
0.01716895
0.01767901
0.02064164
0.02033903
0.01842183
0.01886964
0.01924956
0.01740963
0.01808409
0.01748355
0.01769423
0.01753999
0.01870200
0.01760063
0.01733856
0.01881731
0.01755531
0.02038905
0.01904619
0.01927732
0.02022447
0.01794569
0.01799710
0.01609733
0.01903564
0.01735847
0.01826591
0.02007774
0.01951791
0.01806240
0.01763470
0.01770551
0.01886566
0.01715324
0.01817579
0.01755359
0.01861764
0.01938651
0.01957035
0.01973839
0.01841208
0.01835148
0.01846415
0.01893337
0.01909028
0.01864782
0.01774601
0.01900104
0.01855339
0.01825761
0.02232457
0.01759538
0.01864059
0.01924369
0.01791127
0.01802814
0.01892212
0.01900554
0.01804246
0.01830623
0.01803732
0.01805255
0.02030125
0.01822518
0.02171691
0.01915141
0.01929136
0.01813059
0.01691806
0.01845932
0.01767563
0.01747939
0.02009469
0.01802242
0.02046724
0.01953550
0.01755504
0.01787736
0.01828561
0.01821999
0.01997292
0.01930532
0.02004481
0.01820272
0.01825011
0.01841374
0.01809168
0.01864993
0.01878057
0.01826689
0.01781924
0.01789834
0.01924387
0.01900790
0.02749587
0.01813849
0.01913944
0.01737910
0.01746184
0.01795685
0.02183884
0.01897566
0.01915609
0.01895083
0.02108312
0.01742675
0.01954955
0.01977308
0.01783928
0.01708223
0.01876000
0.02428928
0.01973348
0.01982079
0.01805557
0.01747793
0.02071860
0.01803524
0.01975778
0.02058058
0.02099342
0.01812232
0.01917056
0.01866148
0.01986340
0.01799354
0.01781419
0.01908007
0.01769333
0.01886047
0.02008305
0.01956115
0.01844333
0.01911539
0.01808567
0.01980389
0.01797481
0.02121112
0.01834519
0.01952272
0.02079391
0.01846548
0.01680983
0.01970810
0.01851123
0.01959124
0.02119726
0.01896736
0.01980237
0.01800418
0.02045698
0.01992170
0.02048839
0.01770520
0.01958127
0.01924074
0.01931883
0.01835661
0.01911334
0.01771848
0.01911566
0.01709670
0.02006021
0.01938240
0.01751027
0.02059686
0.01979892
0.01805914
0.01910863
0.01694536
0.01983111
0.01986150
0.01806167
0.01936443
0.01743405
0.01828701
0.01987224
0.01738724
0.01822943
0.01937561
0.01941007
0.01952355
0.01800140
0.01748767
0.01775077
0.01777382
0.01689403
0.01875184
0.01879880
0.01873485
0.01840503
0.01781159
0.01951973
0.01934646
0.01935758
0.01939209
0.02110166
0.02010448
0.02025548
0.01854223
0.01938632
0.01724316
0.01868845
0.01974675
0.01771088
0.02094564
0.01773318
0.01876802
0.02269498
0.01868402
0.01880674
0.01859552
0.01932705
0.01736371
0.01846684
0.01692805
0.01941481
0.02187428
0.01808011
0.01780961
0.01887387
0.01971070
0.01882522
0.01968246
0.01798790
0.02056804
0.01842016
0.01795958
0.01817920
0.02091132
0.01757956
0.02125198
0.01831348
0.01844475
0.01914326
0.01729778
0.01858295
0.02182744
0.01962759
0.01783764
0.01860748
0.01885672
0.01836186
0.01772427
0.01825263
0.01924180
0.01694550
0.01733734
0.01952115
0.01869190
0.01957172
0.01793558
0.01703901
0.01728955
0.02010290
0.01873694
0.01731587
0.01803090
0.01941931
0.01828718
0.01768558
0.01735254
0.01832982
0.01718413
0.01691444
0.01842980
0.01757242
0.02052260
0.01781734
0.01928225
0.01927515
0.02144071
0.01841775
0.01809933
0.02196223
0.01866531
0.01809046
0.01936421
0.02001292
0.01832169
0.01957588
0.01905718
0.01794847
0.01717868
0.01771250
0.01825990
0.01935951
0.02017835
0.01781807
0.01853296
0.01659854
0.01937717
0.01813210
0.01766476
0.01715700
0.01883900
0.01779740
0.01829333
0.01806249
0.02078475
0.01926816
0.01780269
0.01845785
0.01893555
0.02176887
0.01867960
0.01918432
0.01754861
0.01862022
0.01856132
0.01820700
0.01736108
0.01844318
0.02097621
0.01861998
0.01716341
0.01847434
0.01988776
0.01744584
0.01944663
0.01713134
0.02114652
0.01693630
0.01859496
0.01909710
0.01780919
0.01956334
0.01987999
0.01811852
0.01974728
0.01819020
0.02170493
0.02019161
0.01906794
0.01846532
0.01942217
0.01953248
0.01816397
0.01843472
0.01835679
0.01993201
0.02107945
0.01840893
0.01804736
0.02059280
0.01878965
0.01816880
0.01822306
0.01665276
0.01813140
0.01991025
0.01897273
0.01808432
0.01939460
0.01727101
0.01834510
0.01754775
0.01860180
0.01838721
0.01898500
0.01838608
0.01939842
0.01947871
0.01915882
0.01798093
0.01961813
0.02125992
0.01794024
0.02083925
0.01992917
0.01778800
0.01926875
0.01881180
0.01719767
0.01816098
0.01890775
0.01891800
0.01829298
0.01949321
0.01835842
0.01782769
0.01798770
0.01861594
0.01876426
0.01916383
0.01915273
0.01725294
0.02222853
0.01877608
0.01723492
0.01709778
0.01812950
0.01748689
0.01925897
0.01954470
0.01784674
0.01891399
0.01858425
0.01986059
0.01807106
0.02036519
0.01862497
0.01693582
0.01941155
0.01873849
0.01836069
0.01724373
0.02091035
0.01825170
0.01845718
0.01739834
0.01813229
0.01808937
0.01857863
0.01810665
0.01839453
0.01923424
0.01908971
0.01744665
0.01751481
0.01864924
0.01859487
0.01857618
0.01828497
0.01766618
0.01758469
0.01905867
0.01826815
0.01948362
0.01764532
0.01722864
0.01946159
0.02045472
0.02103435
0.01865980
0.01895140
0.01810387
0.01875472
0.01821819
0.01783548
0.01767606
0.01755129
0.01956972
0.01857740
0.02002662
0.01947536
0.01923037
0.01687001
0.01721896
0.01852339
0.01944664
0.01734746
0.02067261
0.01737066
0.01901716
0.01829752
