0.00950475
0.01124265
0.01057733
0.01211566
0.01100594
0.01010652
0.01106400
0.01143214
0.00987334
0.01006100
0.00986086
0.01003136
0.01014463
0.01133832
0.00987111
0.01250687
0.01033037
0.00961367
0.01029790
0.01128059
0.01015136
0.01102080
0.01042142
0.01055856
0.01109809
0.01058278
0.01076421
0.00923916
0.00990896
0.00950134
0.01015655
0.00980121
0.01177578
0.01162861
0.00915930
0.00944602
0.00959488
0.01035727
0.01015395
0.00960635
0.01012751
0.01090657
0.01201552
0.01078284
0.00974732
0.01087546
0.01034372
0.01082823
0.01091420
0.01056319
0.01056294
0.00967711
0.00946789
0.01154844
0.00986440
0.00960167
0.00936733
0.01073030
0.01036179
0.01110114
0.01023850
0.01007297
0.01038197
0.01012472
0.00967392
0.01030351
0.01034854
0.00911441
0.01188148
0.01007068
0.01028676
0.01136957
0.01128011
0.00968037
0.00974381
0.00983537
0.00960362
0.01076702
0.01024186
0.01066866
0.01065229
0.01032356
0.00971947
0.00998648
0.01163585
0.00974243
0.00964310
0.01046666
0.01061921
0.01140142
0.00995548
0.01017080
0.01023104
0.01043010
0.01020779
0.01082265
0.01060791
0.01257337
0.00956384
0.00993877
0.00946871
0.00947798
0.01186120
0.00988006
0.01023596
0.01102927
0.00981341
0.01029983
0.01024597
0.01081743
0.01040628
0.01115756
0.01007530
0.00943368
0.01083228
0.01103633
0.01181700
0.01150281
0.01119359
0.01082437
0.01042764
0.01160001
0.01019330
0.01040821
0.01072738
0.00996767
0.00989292
0.01080821
0.01114290
0.00974997
0.00936127
0.01115467
0.00961340
0.01074130
0.01037435
0.01056283
0.01017467
0.00989010
0.01016460
0.01028392
0.00999338
0.01005528
0.01023515
0.00995326
0.01104506
0.01025218
0.00981330
0.01026884
0.01065959
0.01016564
0.01131558
0.01097392
0.01030927
0.01182204
0.01010442
0.01041146
0.00949809
0.01048125
0.01224638
0.01035451
0.01070126
0.00959444
0.00958460
0.01168941
0.01013940
0.01052979
0.00949112
0.00922862
0.01285459
0.01076431
0.01031615
0.01023880
0.00914618
0.00933461
0.00998428
0.00978654
0.01070880
0.01042226
0.00974801
0.01000047
0.00954373
0.01187290
0.01165683
0.00981200
0.00940995
0.01092367
0.00957381
0.00991635
0.01033678
0.01018853
0.01094480
0.00967412
0.01016725
0.01072572
0.01222478
0.01078021
0.00993666
0.01518879
0.01020969
0.01070210
0.01251167
0.00992471
0.01044715
0.00974854
0.01050104
0.00995021
0.01414024
0.00947119
0.00983315
0.00925941
0.00943973
0.01001997
0.01196378
0.01008261
0.01052782
0.00962824
0.01039746
0.01036201
0.01057627
0.01122059
0.01065152
0.00995175
0.01054605
0.00989934
0.01024361
0.01010129
0.01243304
0.00964494
0.01145732
0.01043759
0.01041902
0.01081667
0.01057021
0.01006292
0.01065149
0.00995962
0.01099978
0.01048941
0.01114376
0.01027910
0.01092813
0.01003778
0.01098730
0.01002842
0.01134300
0.01064396
0.01034519
0.01008894
0.00985279
0.01054124
0.00928865
0.00989439
0.01051225
0.01041157
0.01088113
0.01025639
0.01045006
0.01129864
0.01053684
0.01018296
0.01115603
0.01015989
0.01127152
0.01016442
0.01060541
0.01050012
0.01093488
0.01025818
0.01060729
0.01216523
0.01147915
0.00967633
0.01002824
0.01001641
0.01072341
0.01006243
0.01004011
0.00922172
0.01041845
0.01101349
0.01080606
0.01069443
0.00987155
0.01015084
0.01029922
0.01062680
0.01017539
0.01151779
0.01032014
0.01057410
0.00961471
0.00929068
0.00995636
0.00971452
0.00993833
0.01036644
0.01169804
0.00989902
0.01177414
0.01024043
0.01006505
0.01040474
0.00939679
0.01013491
0.01004564
0.01023157
0.01002329
0.00976717
0.00995884
0.01005343
0.00978379
0.01054636
0.01044357
0.01069065
0.01000631
0.01035529
0.00991806
0.00996921
0.00989952
0.01020076
0.00941215
0.00966538
0.01024796
0.00932160
0.01046675
0.01041326
0.01016052
0.01003660
0.00973607
0.01014189
0.01038475
0.01042895
0.00996531
0.01047347
0.01100140
0.01313927
0.00950946
0.00946464
0.00953110
0.01344332
0.00935917
0.00971405
0.01150974
0.01024185
0.01105534
0.01044295
0.01096643
0.01135976
0.01036047
0.01032727
0.01186526
0.00958359
0.01070089
0.01013316
0.00938540
0.01100062
0.01271557
0.01266271
0.00961914
0.00940181
0.01091175
0.01039134
0.01009021
0.01182068
0.01130579
0.00997274
0.00991753
0.01053158
0.01131229
0.01042422
0.01189975
0.01032021
0.00954818
0.01062747
0.01074665
0.01047009
0.00979555
0.01024539
0.01024071
0.01079134
0.00999294
0.01087387
0.01096970
0.01078276
0.01087035
0.01048508
0.01053201
0.01039855
0.00966480
0.01038813
0.01033511
0.01037389
0.01139148
0.00953098
0.01085880
0.01044615
0.01041200
0.00981165
0.00957596
0.00953898
0.00983577
0.00988692
0.01272827
0.01007182
0.01021179
0.00958932
0.00960388
0.00952487
0.01037422
0.01087938
0.01092630
0.01036097
0.00998993
0.00983166
0.01099635
0.00954663
0.01105693
0.01186585
0.01027536
0.01083911
0.00946015
0.01103304
0.01147372
0.00938003
0.00969571
0.01056156
0.01176340
0.00974162
0.01013767
0.01043820
0.01068508
0.00983767
0.01069309
0.01026195
0.00952303
0.01024470
0.01012639
0.01037775
0.01086069
0.01007683
0.00981683
0.00955408
0.00991773
0.01056563
0.01062027
0.01137255
0.00945341
0.00917684
0.00994468
0.01199692
0.01010508
0.01126563
0.00904222
0.01047780
0.01022095
0.01120634
0.01079521
0.00961813
0.00948420
0.01080067
0.00921031
0.00950960
0.01129706
0.00991059
0.01129669
0.01165505
0.01069175
0.01043681
0.00893239
0.01102297
0.00977078
0.01152251
0.01104078
0.01032687
0.01032476
0.01042820
0.01238865
0.01064002
0.00986269
0.00959288
0.01003140
0.01219650
0.01102094
0.00975231
0.00967413
0.00935488
0.01067862
0.01077376
0.01017105
0.01013713
0.01054089
0.01078257
0.00979831
0.00974703
0.01125087
0.00985136
0.01012209
0.01023177
0.01017588
0.01101540
