0.00607202
0.00592395
0.00615242
0.00655195
0.00595555
0.00613675
0.00585823
0.00589457
0.00630252
0.00581049
0.00593893
0.00647443
0.00592765
0.00601301
0.00602674
0.00638884
0.00692375
0.00605127
0.00672839
0.00661780
0.00635019
0.00591927
0.00556067
0.00574112
0.00656043
0.00661595
0.00575345
0.00621291
0.00620660
0.00601133
0.00627845
0.00757887
0.00565498
0.00569540
0.00640561
0.00550880
0.00601867
0.00616700
0.00555670
0.00644506
0.00584901
0.00642320
0.00649184
0.00618871
0.00677969
0.00574114
0.00628336
0.00622630
0.00714433
0.00651788
0.00601967
0.00572469
0.00595023
0.00594573
0.00628400
0.00638609
0.00629454
0.00585968
0.00628148
0.00647786
0.00635430
0.00572911
0.00633883
0.00581839
0.00736832
0.00593249
0.00652368
0.00650687
0.00627428
0.00602161
0.00586485
0.00588380
0.00615915
0.00578885
0.00638524
0.00587197
0.00565220
0.00620456
0.00666652
0.00639462
0.00592668
0.00559864
0.00586151
0.00619834
0.00652527
0.00676243
0.00695578
0.00548584
0.00612332
0.00649033
0.00616971
0.00615265
0.00588235
0.00592943
0.00589715
0.00600113
0.00643507
0.00602841
0.00718571
0.00682435
0.00564528
0.00631306
0.00564412
0.00598159
0.00584571
0.00590859
0.00626235
0.00615061
0.00576676
0.00718464
0.00538811
0.00545195
0.00632508
0.00620496
0.00568950
0.00643192
0.00600067
0.00623209
0.00625015
0.00560556
0.00697512
0.00589560
0.00592896
0.00638764
0.00582992
0.00623369
0.00612362
0.00794471
0.00554041
0.00575224
0.00628417
0.00609451
0.00582920
0.00633505
0.00585309
0.00586828
0.00650741
0.00588490
0.00646857
0.00660483
0.00645268
0.00616584
0.00758743
0.00627765
0.00621318
0.00612204
0.00594409
0.00597390
0.00579511
0.00631163
0.00606007
0.00597926
0.00644482
0.00574455
0.00544342
0.00602808
0.00607199
0.00578497
0.00658322
0.00623401
0.00595389
0.00609131
0.00637709
0.00619749
0.00577989
0.00592255
0.00657019
0.00645584
0.00581055
0.00634187
0.00647383
0.00696582
0.00627875
0.00600463
0.00661197
0.00605290
0.00637471
0.00726713
0.00587141
0.00581082
0.00562443
0.00598575
0.00600182
0.00657830
0.00659684
0.00606762
0.00574303
0.00570780
0.00578450
0.00547813
0.00591619
0.00586893
0.00607220
0.00655688
0.00582743
0.00630499
0.00589329
0.00598483
0.00595293
0.00598326
0.00685120
0.00652897
0.00616290
0.00639566
0.00588566
0.00673482
0.00689592
0.00587517
0.00612196
0.00695039
0.00593545
0.00598154
0.00719324
0.00601871
0.00645037
0.00670904
0.00612167
0.00614590
0.00618912
0.00557477
0.00665926
0.00604476
0.00568052
0.00591990
0.00658800
0.00614900
0.00642964
0.00621235
0.00588567
0.00586435
0.00639381
0.00567186
0.00630148
0.00677905
0.00586040
0.00558632
0.00683876
0.00555101
0.00682579
0.00594652
0.00636030
0.00613173
0.00628259
0.00581206
0.00642373
0.00550724
0.00613973
0.00652203
0.00602527
0.00612898
0.00589288
0.00649805
0.00567254
0.00614330
0.00726064
0.00634807
0.00670330
0.00575130
0.00555124
0.00626180
0.00621778
0.00657736
0.00795624
0.00600254
0.00544886
0.00612356
0.00618235
0.00686438
0.00631651
0.00603935
0.00625840
0.00607306
0.00651165
0.00758707
0.00836988
0.00642223
0.00602927
0.00589147
0.00635399
0.00563428
0.00602278
0.00586658
0.00580802
0.00607366
0.00685302
0.00571584
0.00618377
0.00601561
0.00632559
0.00643082
0.00573591
0.00615942
0.00617120
0.00668137
0.00646334
0.00593220
0.00632708
0.00599527
0.00575445
0.00608324
0.00624422
0.00610916
0.00663817
0.00552675
0.00601435
0.00579837
0.00623548
0.00626180
0.00640003
0.00618720
0.00638387
0.00618841
0.00600852
0.00595940
0.00586492
0.00574456
0.00596127
0.00579698
0.00667564
0.00564557
0.00523202
0.00576337
0.00690866
0.00592580
0.00613855
0.00588966
0.00608275
0.00642115
0.00565940
0.00622499
0.00566389
0.00581543
0.00600830
0.00564129
0.00569577
0.00575157
0.00579638
0.00618010
0.00675350
0.00622046
0.00563193
0.00600763
0.00608651
0.00606494
0.00583854
0.00610570
0.00630733
0.00594981
0.00631672
0.00633204
0.00611534
0.00652010
0.00580851
0.00589926
0.00561016
0.00646939
0.00568534
0.00686837
0.00727747
0.00609628
0.00625397
0.00641715
0.00620981
0.00638417
0.00603670
0.00653980
0.00614620
0.00634670
0.00655529
0.00564805
0.00726497
0.00725242
0.00615300
0.00640616
0.00576286
0.00614324
0.00574496
0.00673224
0.00541464
0.00634560
0.00574799
0.00576936
0.00645735
0.00646325
0.00587514
0.00663791
0.00609182
0.00625855
0.00611404
0.00610908
0.00550396
0.00663095
0.00642080
0.00587368
0.00612089
0.00586905
0.00629209
0.00638062
0.00587448
0.00590049
0.00544444
0.00645375
0.00611132
0.00602588
0.00647256
0.00579546
0.00587311
0.00671538
0.00557398
0.00630270
0.00551769
0.00713898
0.00609735
0.00638038
0.00679993
0.00595471
0.00633656
0.00612085
0.00698809
0.00623721
0.00585945
0.00633556
0.00571872
0.00628785
0.00610163
0.00595048
0.00578273
0.00544287
0.00589764
0.00641590
0.00709475
0.00637062
0.00622450
0.00675074
0.00562219
0.00583100
0.00587222
0.00648624
0.00603488
0.00639311
0.00594216
0.00550873
0.00594202
0.00518088
0.00803618
0.00645894
0.00556700
0.00668726
0.00650597
0.00726201
0.00653777
0.00629850
0.00673701
0.00620472
0.00587027
0.00692151
0.00586632
0.00586230
0.00572593
0.00630172
0.00609744
0.00643388
0.00579531
0.00631481
0.00614118
0.00559951
0.00583293
0.00642786
0.00615185
0.00591585
0.00719020
0.00611313
0.00573640
0.00567430
0.00634689
0.00607159
0.00560691
0.00619407
0.00650244
0.00654477
0.00767537
0.00623356
0.00622901
0.00589530
0.00581190
0.00616636
0.00665492
0.00619974
0.00666957
0.00588409
0.00577864
0.00651009
0.00598250
0.00630322
0.00580232
0.00582590
0.00592923
0.00638940
0.00580197
0.00597130