0.00454452
0.00391402
0.00506531
0.00411537
0.00398168
0.00419989
0.00428737
0.00444750
0.00428218
0.00402491
0.00474271
0.00407913
0.00393865
0.00425507
0.00386916
0.00367498
0.00409506
0.00457795
0.00449915
0.00461969
0.00441220
0.00431581
0.00428925
0.00376757
0.00415464
0.00450453
0.00362388
0.00455015
0.00466885
0.00487140
0.00405873
0.00389571
0.00374485
0.00388549
0.00424373
0.00453188
0.00464151
0.00414086
0.00496321
0.00479642
0.00420114
0.00394797
0.00396259
0.00412249
0.00464031
0.00493531
0.00414529
0.00462011
0.00441130
0.00406971
0.00487031
0.00399290
0.00480416
0.00418270
0.00482358
0.00455356
0.00399145
0.00445162
0.00446944
0.00411545
0.00381577
0.00376098
0.00472153
0.00406456
0.00571322
0.00435434
0.00388362
0.00405056
0.00466388
0.00394147
0.00569075
0.00475447
0.00423859
0.00386180
0.00403341
0.00510645
0.00466284
0.00397603
0.00427019
0.00384580
0.00421131
0.00521969
0.00446171
0.00454529
0.00448742
0.00413215
0.00431495
0.00390659
0.00412658
0.00470855
0.00436288
0.00390566
0.00452376
0.00436557
0.00436972
0.00403649
0.00581004
0.00475899
0.00496823
0.00416913
0.00413979
0.00417817
0.00397871
0.00445622
0.00417449
0.00407610
0.00420178
0.00434049
0.00403300
0.00429666
0.00418290
0.00390174
0.00661490
0.00422945
0.00403414
0.00380315
0.00438468
0.00419775
0.00418252
0.00427124
0.00585443
0.00393461
0.00402306
0.00399836
0.00487701
0.00422152
0.00392620
0.00499276
0.00457083
0.00402916
0.00386223
0.00428166
0.00404081
0.00441773
0.00465909
0.00415594
0.00414230
0.00441967
0.00435258
0.00400528
0.00384031
0.00410059
0.00399015
0.00430330
0.00418955
0.00411360
0.00466449
0.00425829
0.00465166
0.00423803
0.00493881
0.00442945
0.00448762
0.00402194
0.00420718
0.00412398
0.00442047
0.00412844
0.00407878
0.00462487
0.00485359
0.00411708
0.00446697
0.00431668
0.00523870
0.00398642
0.00427062
0.00440129
0.00433696
0.00412409
0.00457682
0.00552021
0.00395936
0.00422609
0.00398584
0.00399322
0.00384499
0.00464073
0.00505098
0.00386969
0.00473541
0.00403761
0.00640486
0.00422354
0.00468647
0.00370825
0.00421038
0.00406541
0.00399709
0.00396262
0.00418205
0.00699835
0.00428657
0.00520589
0.00377271
0.00471886
0.00406163
0.00466459
0.00386080
0.00404151
0.00411475
0.00394524
0.00455080
0.00411685
0.00604804
0.00451776
0.00384705
0.00372475
0.00402639
0.00424725
0.00378975
0.00578522
0.00388314
0.00464867
0.00425846
0.00450545
0.00400884
0.00411401
0.00384856
0.00561781
0.00421309
0.00390926
0.00423888
0.00425057
0.00569835
0.00497031
0.00461710
0.00404144
0.00440709
0.00407251
0.00410870
0.00430512
0.00423897
0.00420028
0.00390368
0.00594758
0.00443759
0.00383156
0.00539944
0.00388688
0.00425287
0.00555846
0.00426549
0.00412462
0.00404490
0.00419772
0.00452442
0.00471683
0.00426925
0.00418011
0.00454243
0.00414924
0.00433385
0.00436426
0.00451747
0.00390938
0.00378507
0.00454589
0.00378340
0.00380149
0.00389372
0.00407031
0.00411542
0.00406124
0.00486513
0.00483721
0.00412351
0.00405047
0.00466806
0.00406500
0.00432462
0.00372837
0.00463383
0.00416381
0.00421822
0.00428229
0.00372501
0.00420542
0.00446089
0.00488692
0.00421069
0.00440546
0.00545140
0.00467974
0.00429919
0.00389949
0.00431705
0.00386532
0.00418531
0.00504697
0.00489407
0.00420963
0.00418108
0.00412115
0.00427975
0.00367561
0.00394656
0.00423071
0.00405961
0.00526514
0.00453582
0.00438594
0.00415790
0.00389689
0.00524550
0.00448558
0.00455981
0.00420197
0.00430222
0.00398543
0.00444858
0.00408207
0.00395741
0.00494875
0.00441372
0.00401809
0.00396525
0.00372371
0.00443387
0.00548504
0.00423087
0.00434412
0.00464425
0.00438271
0.00433553
0.00417866
0.00398822
0.00366862
0.00390773
0.00440973
0.00413586
0.00404409
0.00490479
0.00444356
0.00419417
0.00424047
0.00409559
0.00518088
0.00363104
0.00439888
0.00387250
0.00371313
0.00423018
0.00427108
0.00427494
0.00360072
0.00543042
0.00462750
0.00417188
0.00409846
0.00432248
0.00450235
0.00406562
0.00453439
0.00512006
0.00360348
0.00477409
0.00409353
0.00526802
0.00399797
0.00366979
0.00452248
0.00417994
0.00462189
0.00447772
0.00373956
0.00450471
0.00440929
0.00414059
0.00384834
0.00436139
0.00427937
0.00393791
0.00415228
0.00421762
0.00389678
0.00435296
0.00428870
0.00450673
0.00532087
0.00501215
0.00457834
0.00433906
0.00402737
0.00408154
0.00458686
0.00503147
0.00434935
0.00448095
0.00419935
0.00469404
0.00416852
0.00389789
0.00549563
0.00384359
0.00521235
0.00441554
0.00430895
0.00375620
0.00504366
0.00422067
0.00384875
0.00388298
0.00441254
0.00403398
0.00415054
0.00367980
0.00433350
0.00494438
0.00440810
0.00392130
0.00418629
0.00420120
0.00407057
0.00510284
0.00409038
0.00619883
0.00409627
0.00403454
0.00430745
0.00400908
0.00423991
0.00432404
0.00443846
0.00391526
0.00419593
0.00388819
0.00422073
0.00454043
0.00598470
0.00428374
0.00450284
0.00439867
0.00423968
0.00358669
0.00465551
0.00400424
0.00408900
0.00433521
0.00417393
0.00407592
0.00580827
0.00430375
0.00415979
0.00387270
0.00502536
0.00417827
0.00435972
0.00412108
0.00444626
0.00454876
0.00464558
0.00442650
0.00392166
0.00428150
0.00448683
0.00460562
0.00440692
0.00429161
0.00434174
0.00422843
0.00422270
0.00401233
0.00592692
0.00470480
0.00370019
0.00413488
0.00468210
0.00391014
0.00411022
0.00401528
0.00404210
0.00480303
0.00441241
0.00446554
0.00387005
0.00442072
0.00476725
0.00434528
0.00432059
0.00391300
0.00379447
0.00395714
0.00417112
0.00415660
0.00401800
0.00379756
0.00475796
0.00393343
0.00425210
0.00410951
0.00420717
0.00441301
0.00503042
0.00406453
0.00492489
0.00428929
0.00402306
0.00394215
0.00405906
