0.01957206
0.01874117
0.02482200
0.01848452
0.01934906
0.02139449
0.02620810
0.01956123
0.01914394
0.01910466
0.01970470
0.02318433
0.01999075
0.01906256
0.02193920
0.01809242
0.02090282
0.01856812
0.01758930
0.02036024
0.01944005
0.02237034
0.02005721
0.01987756
0.01928564
0.02706869
0.02127811
0.01766292
0.02313447
0.02103053
0.01974600
0.02152416
0.02085971
0.02438476
0.02061245
0.01939463
0.02130636
0.01777508
0.02394712
0.02118929
0.01992195
0.02019952
0.01996120
0.02425360
0.01941252
0.02190602
0.01831072
0.02107391
0.01985181
0.02054592
0.01920949
0.02131016
0.02114052
0.02308104
0.02201662
0.01992322
0.02901152
0.01925651
0.01852029
0.01921847
0.01938334
0.02220470
0.02089194
0.01985737
0.02004723
0.02024728
0.02103856
0.01907332
0.02015706
0.02029757
0.02536258
0.02321189
0.02153734
0.02119557
0.02012078
0.02091267
0.02052636
0.02214991
0.02306338
0.01938489
0.02193085
0.02101288
0.02028079
0.01910525
0.02249215
0.02287075
0.02013692
0.02014698
0.02327113
0.02206930
0.01916909
0.01984917
0.02070331
0.01938706
0.02567736
0.01989014
0.01922184
0.02003299
0.02110272
0.02051984
0.02029032
0.02004114
0.02034025
0.01883134
0.02133293
0.02037643
0.02155389
0.01878648
0.02143657
0.02151696
0.02673703
0.02171539
0.02199221
0.01834071
0.03169279
0.02001765
0.01837932
0.02083752
0.01936255
0.02005279
0.02062247
0.01863153
0.02068533
0.02229778
0.02280545
0.02155900
0.01875052
0.01789415
0.02200776
0.02055627
0.01968818
0.01786267
0.01944871
0.02142072
0.01876349
0.02152515
0.01929311
0.02049767
0.02425941
0.02073982
0.02037254
0.02125409
0.01900335
0.02397434
0.01962766
0.01930210
0.02168913
0.02033133
0.02389591
0.02081265
0.02056253
0.01974178
0.02337354
0.02099617
0.01887480
0.02107798
0.01961018
0.01854811
0.02032507
0.02224045
0.02369889
0.02018467
0.01924703
0.01895793
0.01881091
0.02241059
0.01851743
0.02101226
0.01931880
0.02197132
0.02117677
0.02275983
0.02092429
0.02271256
0.02107856
0.01842528
0.01999137
0.02253239
0.01998092
0.01816813
0.01912149
0.01891653
0.01909509
0.01838337
0.02152587
0.01917111
0.02259355
0.02002397
0.01923826
0.02104726
0.01825018
0.01887614
0.02100907
0.02279383
0.01862639
0.02303998
0.02124164
0.01916312
0.02231683
0.01970494
0.02152186
0.01981167
0.01826843
0.02122528
0.02010358
0.01903011
0.02051909
0.02357323
0.02109758
0.01896993
0.02154595
0.01991543
0.02258703
0.02264771
0.02096301
0.01921884
0.02056675
0.01962783
0.01891815
0.01816528
0.01879100
0.02111041
0.02296395
0.01842499
0.01888007
0.01884612
0.02124789
0.01869191
0.01927839
0.01987406
0.02087916
0.02087404
0.02034205
0.02018186
0.02001845
0.01936098
0.02005336
0.02123240
0.02092377
0.02166039
0.03093287
0.02252033
0.02103843
0.01997611
0.01837310
0.02029965
0.02006220
0.01913374
0.01961775
0.02036076
0.02045826
0.01964560
0.02125687
0.02064939
0.01926053
0.01939448
0.01919193
0.01961208
0.02107132
0.02305170
0.01871709
0.01957663
0.02084723
0.01869940
0.01981880
0.02104812
0.02054104
0.01834276
0.01853199
0.01916513
0.02200500
0.01840394
0.02171936
0.01849438
0.02104068
0.01911697
0.02110671
0.02101792
0.01884243
0.02123337
0.01985003
0.02076558
0.02073474
0.01876926
0.01861565
0.02141658
0.01943299
0.02217141
0.02012116
0.02050541
0.01965976
0.02320496
0.02039179
0.02050642
0.01902227
0.01821665
0.02182095
0.02049319
0.02061500
0.02001937
0.02109926
0.02108951
0.01930267
0.02054095
0.01831334
0.02056872
0.01930993
0.01860467
0.01947651
0.01886184
0.02192784
0.01990219
0.01787351
0.02030588
0.02005144
0.02197261
0.02625808
0.02142999
0.01999750
0.01994010
0.02109007
0.02231406
0.02098391
0.02126686
0.02165467
0.01941906
0.01858124
0.01747868
0.02230421
0.02061550
0.02120316
0.02072948
0.02028245
0.02069472
0.02157484
0.02590239
0.01862419
0.01853572
0.01809426
0.01931827
0.02184859
0.01830958
0.01878407
0.02335747
0.02052181
0.02033263
0.01936817
0.02018461
0.02410886
0.01899585
0.01884782
0.02211443
0.02024946
0.02368538
0.01801283
0.01912987
0.02337133
0.02204924
0.01890587
0.02253845
0.03041561
0.01959523
0.02172440
0.02062072
0.01956771
0.02043191
0.01917374
0.01899837
0.01866469
0.01917616
0.02029579
0.01790150
0.01895956
0.01909581
0.02018653
0.02234050
0.02084676
0.01996136
0.02028899
0.02018023
0.02150486
0.02428921
0.02121251
0.02098213
0.02148084
0.02084820
0.01971343
0.01825706
0.02227363
0.01932334
0.01965632
0.02493789
0.02295723
0.02366086
0.02037757
0.02526773
0.02233474
0.02233888
0.02128003
0.01878688
0.02193205
0.02431092
0.02027567
0.02121254
0.02565860
0.02079017
0.01980604
0.02564950
0.02587529
0.01979031
0.02110150
0.01905171
0.02015575
0.01967471
0.01927293
0.02103009
0.02047590
0.01947485
0.02347023
0.01911892
0.02100734
0.02037543
0.01919394
0.01842241
0.02026554
0.02009519
0.01953932
0.02248399
0.01937791
0.02211316
0.02116025
0.01871268
0.02058163
0.02167088
0.02085595
0.01921938
0.01920981
0.01802376
0.02181860
0.02238946
0.01856090
0.01966666
0.02128340
0.01995385
0.02115924
0.01900573
0.01854280
0.01862843
0.01793828
0.02100836
0.02562274
0.02304656
0.02219160
0.01899657
0.01989322
0.02017472
0.02041209
0.01992214
0.02059224
0.02160085
0.02040622
0.01966484
0.02094050
0.03280299
0.01784048
0.02348243
0.02008239
0.02116496
0.02064680
0.01984117
0.02054329
0.02133222
0.02107151
0.02028748
0.01962317
0.02222160
0.01937621
0.02164407
0.01892285
0.02107362
0.02125988
0.02168961
0.01825652
0.02210150
0.02177824
0.02135333
0.01980074
0.02012736
0.02366174
0.01856507
0.01878315
0.01953055
0.01939500
0.01992582
0.01788950
0.01824038
0.01841130
0.01980063
0.01839291
0.01978099
