0.00915159
0.00889103
0.00933912
0.00840673
0.00857320
0.00895337
0.00936452
0.00992278
0.00928261
0.01062840
0.00832693
0.00921144
0.00880344
0.00898867
0.01064714
0.00860400
0.00848394
0.00854493
0.00872452
0.00941418
0.00899643
0.00841891
0.00920851
0.00847673
0.01022320
0.00897334
0.00872515
0.00915370
0.00908308
0.01017263
0.00905866
0.01120164
0.00879897
0.00844750
0.00982265
0.00888714
0.00876165
0.00856532
0.00885252
0.00936135
0.00943943
0.00888696
0.01118693
0.00910806
0.00922766
0.01010955
0.00813913
0.00891708
0.00861108
0.00874464
0.01039393
0.00869426
0.01029861
0.00867589
0.00860731
0.00862143
0.00970327
0.00857442
0.00889648
0.00891380
0.00960034
0.00893119
0.00922183
0.00888544
0.00871485
0.00929944
0.00914762
0.01069397
0.00806736
0.00931667
0.01023993
0.00863610
0.00823278
0.00964669
0.00978908
0.00945423
0.00890540
0.01059133
0.00885752
0.00805989
0.00805274
0.00867020
0.00991914
0.00934098
0.00887289
0.00911953
0.01010665
0.00997212
0.00914783
0.00872696
0.00891359
0.00882860
0.00989266
0.00946256
0.00841216
0.00911235
0.00857751
0.00897767
0.00901128
0.00852931
0.00915280
0.00833750
0.00899698
0.01008226
0.00932528
0.00901730
0.00842652
0.00845335
0.00985262
0.00877820
0.00864136
0.01111041
0.00904089
0.00884908
0.00836833
0.00813196
0.00894638
0.00848186
0.00878431
0.00934404
0.00909388
0.00827147
0.00914336
0.00888189
0.00817962
0.00860456
0.00849550
0.00985369
0.00841745
0.00860149
0.01059521
0.00920489
0.00816950
0.00899725
0.00900883
0.00806446
0.01021018
0.00934195
0.00912901
0.00866037
0.00935254
0.00963727
0.00845799
0.00884299
0.00898796
0.00823952
0.00804503
0.00906656
0.00868004
0.00803525
0.00989285
0.00840198
0.00898221
0.00960562
0.00845902
0.00880864
0.00919226
0.00912459
0.00874627
0.00854516
0.00919394
0.00951626
0.00858331
0.00887593
0.00885738
0.00846338
0.00900118
0.00827179
0.00952222
0.00850980
0.00862318
0.00783691
0.00808938
0.00887991
0.00866023
0.00859593
0.00986858
0.00816624
0.01245565
0.00829359
0.00888324
0.00900836
0.01106309
0.00872575
0.00905592
0.00822638
0.01030168
0.01169672
0.00979810
0.00874360
0.00943073
0.00906076
0.00863179
0.00964913
0.01050659
0.00965048
0.00873962
0.00876020
0.00910237
0.00875990
0.00933341
0.00910322
0.00936990
0.00952100
0.00893259
0.00934349
0.00802341
0.00869562
0.00879215
0.00836003
0.00873422
0.00893181
0.00926634
0.00816443
0.00853920
0.00942813
0.00830902
0.00800539
0.00840804
0.01018616
0.00994279
0.00880661
0.00862926
0.00884475
0.00846237
0.00922622
0.01010319
0.00843170
0.00919272
0.01009472
0.00844443
0.00955383
0.01089199
0.00944640
0.00906329
0.00937158
0.00898716
0.01021917
0.01128963
0.00907065
0.00950049
0.00841288
0.00906039
0.00939741
0.01084172
0.01103384
0.01040847
0.00930256
0.00827025
0.00848583
0.00887673
0.01052032
0.00928878
0.00893978
0.00880432
0.01015278
0.00855270
0.00876962
0.00875530
0.00962368
0.00906957
0.00871530
0.00950730
0.00950023
0.00912784
0.00911745
0.00912765
0.00949322
0.00817417
0.00895275
0.00840117
0.00899032
0.00845588
0.00888285
0.00891189
0.00902611
0.00825454
0.00864285
0.00943425
0.01304356
0.00999368
0.00918450
0.00908966
0.00881809
0.00883868
0.00876102
0.00772799
0.00900665
0.00859998
0.00906985
0.00804282
0.00938699
0.00967207
0.00865311
0.00917811
0.00968395
0.00940091
0.00807130
0.00916021
0.00907531
0.01086484
0.00853133
0.00873976
0.00826606
0.00886918
0.00971740
0.00885701
0.00940360
0.00883988
0.00923134
0.00906638
0.00861614
0.00852258
0.00913761
0.00884123
0.00890247
0.00915202
0.00873718
0.00906010
0.00887589
0.01425306
0.00863005
0.00809498
0.00889088
0.00935801
0.00856458
0.00787479
0.00864623
0.00998888
0.00885254
0.00966910
0.00893623
0.00900074
0.00947130
0.00884935
0.00917738
0.00859991
0.00864441
0.01057149
0.00948601
0.01050953
0.00896069
0.00895177
0.00819503
0.01007617
0.00985290
0.00861109
0.00883079
0.00875205
0.00850113
0.00837065
0.00872599
0.00886230
0.00899470
0.00832902
0.00972112
0.00895804
0.00902710
0.00907155
0.00866928
0.00944982
0.00932419
0.01087884
0.00933540
0.00916413
0.00892740
0.00868268
0.00946907
0.00922244
0.00935880
0.00898988
0.00884831
0.00845973
0.00826183
0.00894101
0.00973734
0.00827962
0.01000254
0.00944788
0.00937875
0.00909570
0.00850721
0.00821785
0.00846003
0.00867845
0.00829076
0.00933534
0.00878509
0.00865749
0.01040913
0.00927598
0.00904308
0.00962915
0.00887310
0.00955338
0.00839516
0.00900285
0.00900013
0.00859367
0.00949392
0.00845041
0.00888387
0.00868272
0.00919094
0.00935227
0.00881163
0.00838940
0.00811523
0.00894062
0.00907573
0.00857275
0.00893066
0.00876842
0.00909830
0.00923102
0.00945599
0.00997231
0.00854098
0.00895393
0.00974682
0.01010723
0.00902210
0.00920752
0.00959882
0.00906629
0.00933002
0.00909256
0.00809430
0.00830366
0.00872176
0.00918826
0.00958364
0.01373273
0.00881557
0.00821354
0.00947780
0.00907833
0.01021464
0.00870528
0.00812688
0.00895784
0.00864735
0.00936336
0.00966137
0.00868527
0.00909787
0.00884555
0.00878737
0.00922983
0.00873827
0.00836558
0.00842384
0.00988369
0.00837631
0.00998507
0.00876362
0.00898772
0.00895341
0.00936797
0.00859830
0.00858943
0.00922290
0.00896101
0.00988049
0.00793707
0.00848000
0.00903915
0.00845679
0.00919636
0.00811222
0.00867912
0.00891766
0.00880206
0.00926846
0.00916988
0.00885425
0.01054081
0.00867987
0.00918973
0.00950524
0.00808597
0.00914864
0.00911645
0.00902536
0.01104394
0.00868019
0.00890600
0.00911220
0.00882582
0.00901283
0.00961672
0.00920462
0.00870434
0.00840054
0.00956066
0.00902691
0.00880128
0.00917385
0.00840906
0.00914337
