0.00279052
0.00251690
0.00347164
0.00256656
0.00322793
0.00332353
0.00211610
0.00294993
0.00241012
0.00330212
0.00260131
0.00253382
0.00278911
0.00212901
0.00235097
0.00253345
0.00272847
0.00299388
0.00252873
0.00278363
0.00235132
0.00219400
0.00228410
0.00219913
0.00246647
0.00270744
0.00249661
0.00228814
0.00383989
0.00233576
0.00228487
0.00215241
0.00261467
0.00228996
0.00235515
0.00228293
0.00216603
0.00316071
0.00319055
0.00283274
0.00249140
0.00202928
0.00241021
0.00311820
0.00281715
0.00446299
0.00294330
0.00228233
0.00238865
0.00248532
0.00214473
0.00244447
0.00276614
0.00252667
0.00241697
0.00262765
0.00227486
0.00222537
0.00243079
0.00248527
0.00232817
0.00243541
0.00257387
0.00276418
0.00223722
0.00286252
0.00249010
0.00198516
0.00236212
0.00423042
0.00301354
0.00274469
0.00299642
0.00250690
0.00187380
0.00365957
0.00250359
0.00204310
0.00231993
0.00272493
0.00263833
0.00200905
0.00308838
0.00345150
0.00231854
0.00222300
0.00268539
0.00235631
0.00228224
0.00283671
0.00250068
0.00260499
0.00504783
0.00258614
0.00230518
0.00281935
0.00251279
0.00251503
0.00259333
0.00225853
0.00265906
0.00217710
0.00214463
0.00232900
0.00237465
0.00433850
0.00265717
0.00386346
0.00208361
0.00210803
0.00247553
0.00274873
0.00357426
0.00228899
0.00264397
0.00310587
0.00255850
0.00250058
0.00226481
0.00238150
0.00231200
0.00303891
0.00236186
0.00314098
0.00248955
0.00232705
0.00281564
0.00235556
0.00256486
0.00261918
0.00309401
0.00270484
0.00237306
0.00239316
0.00272101
0.00229436
0.00263094
0.00247585
0.00281570
0.00242486
0.00274265
0.00288119
0.00227035
0.00238918
0.00226783
0.00254517
0.00227055
0.00216214
0.00223096
0.00290949
0.00289102
0.00358455
0.00253864
0.00344480
0.00262575
0.00457239
0.00243962
0.00233409
0.00261508
0.00202872
0.00250442
0.00309950
0.00261302
0.00339319
0.00250032
0.00253993
0.00255888
0.00223072
0.00229966
0.00321952
0.00325165
0.00371581
0.00201119
0.00209790
0.00255856
0.00259102
0.00251328
0.00197249
0.00234543
0.00293330
0.00268168
0.00222898
0.00256502
0.00271495
0.00231844
0.00220350
0.00229620
0.00263318
0.00244843
0.00249138
0.00247090
0.00296269
0.00252590
0.00263993
0.00214994
0.00240668
0.00266415
0.00236458
0.00324810
0.00273101
0.00225158
0.00220653
0.00259988
0.00250969
0.00230020
0.00278590
0.00218982
0.00240805
0.00287235
0.00334831
0.00294518
0.00269360
0.00203987
0.00306837
0.00322214
0.00246074
0.00216319
0.00261350
0.00219328
0.00274908
0.00263284
0.00332363
0.00249646
0.00272041
0.00268294
0.00283314
0.00280825
0.00240435
0.00201214
0.00221044
0.00258088
0.00243044
0.00233811
0.00243158
0.00271058
0.00236790
0.00283582
0.00376777
0.00258312
0.00324674
0.00244041
0.00201756
0.00295321
0.00225065
0.00224590
0.00242580
0.00238579
0.00212847
0.00310252
0.00232042
0.00204934
0.00310954
0.00214365
0.00298032
0.00251817
0.00212624
0.00275156
0.00223314
0.00216302
0.00278052
0.00229465
0.00228818
0.00240159
0.00235167
0.00368808
0.00242266
0.00229479
0.00253266
0.00287973
0.00247004
0.00348850
0.00381093
0.00207289
0.00272224
0.00561886
0.00242526
0.00243696
0.00268263
0.00276709
0.00257142
0.00243822
0.00206651
0.00243488
0.00283857
0.00251517
0.00219158
0.00246910
0.00258697
0.00240149
0.00279873
0.00228679
0.00253490
0.00252194
0.00222939
0.00277745
0.00214464
0.00430658
0.00400725
0.00283118
0.00313462
0.00210917
0.00405455
0.00230842
0.00281138
0.00230062
0.00254914
0.00257293
0.00243815
0.00263784
0.00226744
0.00246580
0.00266131
0.00233503
0.00299341
0.00219119
0.00231272
0.00234227
0.00237121
0.00374433
0.00325507
0.00234259
0.00250352
0.00213471
0.00248355
0.00292185
0.00254851
0.00209503
0.00250001
0.00214214
0.00401070
0.00240098
0.00240624
0.00250776
0.00273093
0.00196310
0.00229015
0.00262695
0.00252136
0.00249192
0.00249208
0.00258140
0.00245005
0.00206740
0.00316437
0.00214063
0.00273254
0.00375176
0.00384083
0.00392957
0.00219259
0.00261956
0.00249077
0.00268775
0.00249159
0.00241650
0.00208907
0.00308095
0.00302419
0.00238965
0.00233559
0.00338798
0.00224955
0.00231313
0.00242591
0.00276080
0.00371096
0.00257370
0.00220892
0.00313316
0.00216288
0.00279409
0.00206278
0.00216987
0.00223626
0.00265759
0.00243187
0.00254105
0.00237053
0.00332660
0.00232293
0.00242225
0.00284918
0.00327441
0.00301581
0.00245408
0.00266364
0.00272944
0.00302551
0.00339026
0.00283376
0.00377327
0.00245445
0.00235592
0.00227079
0.00206847
0.00234501
0.00255262
0.00259244
0.00220046
0.00361052
0.00238241
0.00334483
0.00231885
0.00249825
0.00232807
0.00212224
0.00216992
0.00296811
0.00256977
0.00216272
0.00242029
0.00293720
0.00490612
0.00241301
0.00317615
0.00210395
0.00329104
0.00252373
0.00269018
0.00247782
0.00247424
0.00222367
0.00358267
0.00271857
0.00260846
0.00268330
0.00257544
0.00246012
0.00311711
0.00241039
0.00252753
0.00226831
0.00248745
0.00304009
0.00224357
0.00257266
0.00298672
0.00236809
0.00365849
0.00209824
0.00218215
0.00281566
0.00283479
0.00240194
0.00235654
0.00249738
0.00233142
0.00298416
0.00233305
0.00227498
0.00238594
0.00323852
0.00228822
0.00284521
0.00282923
0.00361469
0.00254888
0.00213949
0.00293760
0.00261754
0.00253460
0.00226151
0.00268229
0.00229648
0.00233917
0.00242150
0.00214717
0.00260043
0.00217058
0.00238253
0.00222406
0.00279714
0.00294243
0.00249737
0.00223894
0.00222793
0.00331898
0.00276144
0.00289950
0.00402187
0.00258818
0.00256203
0.00318807
0.00315721
0.00285266
0.00326587
0.00287352
0.00235653
0.00215874
0.00265846
0.00267248
0.00247716
0.00279807
0.00251261
0.00205852
0.00231528
0.00201050
0.00263513
0.00226064
0.00246013