0.00124307
0.00120244
0.00124994
0.00131572
0.00128542
0.00131035
0.00133107
0.00126147
0.00127124
0.00122585
0.00129558
0.00134305
0.00131800
0.00126403
0.00127220
0.00129929
0.00133705
0.00125471
0.00129708
0.00127581
0.00120045
0.00124615
0.00127473
0.00125746
0.00125323
0.00132318
0.00127967
0.00127925
0.00122637
0.00128230
0.00143420
0.00122789
0.00121839
0.00126803
0.00135777
0.00122616
0.00120845
0.00127038
0.00125955
0.00124157
0.00121679
0.00124075
0.00130401
0.00123972
0.00122101
0.00129263
0.00120282
0.00121984
0.00137068
0.00128007
0.00132347
0.00126506
0.00128362
0.00122235
0.00128073
0.00127121
0.00132326
0.00141438
0.00125184
0.00124322
0.00131584
0.00119203
0.00129906
0.00125586
0.00125224
0.00125978
0.00128840
0.00127226
0.00127619
0.00129178
0.00130189
0.00134456
0.00128690
0.00126407
0.00125507
0.00126292
0.00133459
0.00124629
0.00123539
0.00127861
0.00131589
0.00132325
0.00137575
0.00129747
0.00134238
0.00127065
0.00132731
0.00129322
0.00129062
0.00124969
0.00132260
0.00136614
0.00123524
0.00122198
0.00123975
0.00121089
0.00126221
0.00145149
0.00124250
0.00133724
0.00136882
0.00133883
0.00125875
0.00126836
0.00130741
0.00124085
0.00121025
0.00126567
0.00124055
0.00125775
0.00134819
0.00124829
0.00136895
0.00123812
0.00131523
0.00134902
0.00128235
0.00127835
0.00134245
0.00127120
0.00131239
0.00128383
0.00127953
0.00131723
0.00138100
0.00135524
0.00137012
0.00130087
0.00122979
0.00131942
0.00135797
0.00135080
0.00128190
0.00129449
0.00119450
0.00125229
0.00126664
0.00130838
0.00144248
0.00128123
0.00127514
0.00132017
0.00127026
0.00130088
0.00128491
0.00131264
0.00133517
0.00127346
0.00125510
0.00129489
0.00124147
0.00130811
0.00124441
0.00127338
0.00130360
0.00148623
0.00124409
0.00117312
0.00126199
0.00126387
0.00124120
0.00136370
0.00129288
0.00125705
0.00128147
0.00120657
0.00132230
0.00127621
0.00122426
0.00124134
0.00136126
0.00124529
0.00129430
0.00129215
0.00146825
0.00130456
0.00132920
0.00128720
0.00132533
0.00128382
0.00127844
0.00130970
0.00130589
0.00127139
0.00130790
0.00126055
0.00140606
0.00134172
0.00126656
0.00137684
0.00126883
0.00127787
0.00131779
0.00126987
0.00132041
0.00133064
0.00131984
0.00128274
0.00130136
0.00134901
0.00125539
0.00128119
0.00129191
0.00124414
0.00128541
0.00127013
0.00131332
0.00128757
0.00135166
0.00134828
0.00127832
0.00139009
0.00122348
0.00125028
0.00133873
0.00133103
0.00130598
0.00124324
0.00127406
0.00124286
0.00122913
0.00132438
0.00126094
0.00127087
0.00123361
0.00129676
0.00124127
0.00125430
0.00129421
0.00127308
0.00131134
0.00121575
0.00129866
0.00132681
0.00129551
0.00119487
0.00131836
0.00125332
0.00131265
0.00133340
0.00126869
0.00127480
0.00129107
0.00125502
0.00129689
0.00128673
0.00122956
0.00129588
0.00128670
0.00125685
0.00136596
0.00133109
0.00129166
0.00121282
0.00132230
0.00125904
0.00138408
0.00124327
0.00129104
0.00127463
0.00124159
0.00127050
0.00124042
0.00123678
0.00129733
0.00124961
0.00129213
0.00124208
0.00136069
0.00140624
0.00129918
0.00128020
0.00134392
0.00127218
0.00128298
0.00123887
0.00124801
0.00130155
0.00127971
0.00129539
0.00125992
0.00131032
0.00122644
0.00124375
0.00136004
0.00127480
0.00126984
0.00128854
0.00125201
0.00130045
0.00128612
0.00131036
0.00131668
0.00122175
0.00123718
0.00126003
0.00132076
0.00130454
0.00130747
0.00122355
0.00122463
0.00121959
0.00124206
0.00125529
0.00135408
0.00130375
0.00138066
0.00125130
0.00126366
0.00129112
0.00124431
0.00124960
0.00130285
0.00127661
0.00132261
0.00125604
0.00137209
0.00141909
0.00125801
0.00127274
0.00129418
0.00130545
0.00128198
0.00127266
0.00129604
0.00125945
0.00137061
0.00132271
0.00121042
0.00141759
0.00129902
0.00125861
0.00127839
0.00130513
0.00129415
0.00125919
0.00126517
0.00130969
0.00127109
0.00127151
0.00126951
0.00128137
0.00126131
0.00137416
0.00126759
0.00128416
0.00128142
0.00135055
0.00127929
0.00126488
0.00127185
0.00130360
0.00135057
0.00139056
0.00127325
0.00146184
0.00127855
0.00129105
0.00125282
0.00132238
0.00132434
0.00122124
0.00134477
0.00130407
0.00126676
0.00132384
0.00121247
0.00127730
0.00130917
0.00129308
0.00122790
0.00130157
0.00126797
0.00131301
0.00131665
0.00128622
0.00134029
0.00127475
0.00127932
0.00120373
0.00130817
0.00127143
0.00134866
0.00127045
0.00134216
0.00127821
0.00125208
0.00128065
0.00127938
0.00131966
0.00127366
0.00136011
0.00127988
0.00130271
0.00131948
0.00127993
0.00125324
0.00131162
0.00134605
0.00120465
0.00127485
0.00125748
0.00127904
0.00124179
0.00125917
0.00131640
0.00123506
0.00123446
0.00127949
0.00125302
0.00125560
0.00136827
0.00132900
0.00125988
0.00129276
0.00128692
0.00129988
0.00125860
0.00137504
0.00125164
0.00124150
0.00127087
0.00123227
0.00131282
0.00127552
0.00124391
0.00131325
0.00132904
0.00124131
0.00128667
0.00133252
0.00128656
0.00124833
0.00126278
0.00128412
0.00126620
0.00127245
0.00123299
0.00123404
0.00125008
0.00127146
0.00127426
0.00127337
0.00122471
0.00127888
0.00126462
0.00125156
0.00133182
0.00122886
0.00134848
0.00129488
0.00129441
0.00128680
0.00126406
0.00129952
0.00132768
0.00126460
0.00123060
0.00120300
0.00129148
0.00127839
0.00134292
0.00130021
0.00128374
0.00129947
0.00129923
0.00128799
0.00129756
0.00122462
0.00131438
0.00122547
0.00122299
0.00126170
0.00126381
0.00129487
0.00143982
0.00126753
0.00131791
0.00129250
0.00124414
0.00123535
0.00128982
0.00131682
0.00122820
0.00127805
0.00135078
0.00126891
0.00128301
0.00134541
0.00123557
0.00131368
0.00123497
0.00135374
0.00126186
0.00135147
0.00127936
0.00139511
0.00123692
0.00123791
0.00124275
