0.00977158
0.00966835
0.01011144
0.00875277
0.00935766
0.01020280
0.00867671
0.00899560
0.00972416
0.00990742
0.00874646
0.00895897
0.00992594
0.01006442
0.01023353
0.01010399
0.01063520
0.00905727
0.00929112
0.00954404
0.01052344
0.00924273
0.00856513
0.01045867
0.00959614
0.00976683
0.00930357
0.00977495
0.00912305
0.01006025
0.00945226
0.00858246
0.01044139
0.00970274
0.01108895
0.00943198
0.01025243
0.00866147
0.00881130
0.00892225
0.00926501
0.01122957
0.00952671
0.00941999
0.00995259
0.00947135
0.00963197
0.00952295
0.00895282
0.00876338
0.00997298
0.01127425
0.01096031
0.01009105
0.00965687
0.00913232
0.00919412
0.00873685
0.00885921
0.00963238
0.00943889
0.01026144
0.00949900
0.00924017
0.00872281
0.00900131
0.00953692
0.00834578
0.00857113
0.00894358
0.01090973
0.00830654
0.00964168
0.00862891
0.00854771
0.00993707
0.00860559
0.01107559
0.01375445
0.01054314
0.00933299
0.00881435
0.00886441
0.00945088
0.00949186
0.00906694
0.00901049
0.01279660
0.00882997
0.00988427
0.00974145
0.00954920
0.00914777
0.01030158
0.00927788
0.00949355
0.00957585
0.01051779
0.00847363
0.00912755
0.00944016
0.00988305
0.01160890
0.00881209
0.00947839
0.01059828
0.00956610
0.00977525
0.01044260
0.00939439
0.00815160
0.00852375
0.01075039
0.00996808
0.00942164
0.00893795
0.01038125
0.00856980
0.00858364
0.00893718
0.00957833
0.00921927
0.00969157
0.01043193
0.01041964
0.01021394
0.00919288
0.00947023
0.00894100
0.00992876
0.01068742
0.01042399
0.00879887
0.01015661
0.00879142
0.01046715
0.00961823
0.00930764
0.00875211
0.00962704
0.00927805
0.00867253
0.00914583
0.01083370
0.00927273
0.01000744
0.01009950
0.01029861
0.00969160
0.00981187
0.00952803
0.01047022
0.01242895
0.00915975
0.00853578
0.00962799
0.00970753
0.01000772
0.00975167
0.00900254
0.01108650
0.01106196
0.00878354
0.00894410
0.01040505
0.00989220
0.01011570
0.00934562
0.00942242
0.01002286
0.00942911
0.01032684
0.00968855
0.00812767
0.01194295
0.00826741
0.00926575
0.00918237
0.01032543
0.00889353
0.00953823
0.00909664
0.00885667
0.00923967
0.01022392
0.00964548
0.00942768
0.00872854
0.01064390
0.01104926
0.01008754
0.00934978
0.00883123
0.01166791
0.00985227
0.00905660
0.00938911
0.00940571
0.01093150
0.00979615
0.00943293
0.00892955
0.00861218
0.00873245
0.00913552
0.00898912
0.00979623
0.01094205
0.00937918
0.00914870
0.00951983
0.00882855
0.01027761
0.00872733
0.01075702
0.00933549
0.01133334
0.00949053
0.00889894
0.00863210
0.00870933
0.00934555
0.01104313
0.00994965
0.01241062
0.00975376
0.01052197
0.01199181
0.01087138
0.00992367
0.00930201
0.00907694
0.00935168
0.00939006
0.01004161
0.00989630
0.00908839
0.00940978
0.01053644
0.01160663
0.00911549
0.01161727
0.00985611
0.01023086
0.01092902
0.00841170
0.00910461
0.00975604
0.00879930
0.00903857
0.00929887
0.00921233
0.01093282
0.00989567
0.01003389
0.00868069
0.01045111
0.01029826
0.00912383
0.01019981
0.00891198
0.00882031
0.00904417
0.00842888
0.00882748
0.00923395
0.00909600
0.00989046
0.00851683
0.01032375
0.00930648
0.00948938
0.00877495
0.01202251
0.00911519
0.00903869
0.00914943
0.01091540
0.01096172
0.00928070
0.01030427
0.01009987
0.00956932
0.01228933
0.01069593
0.00889735
0.01016539
0.01034809
0.00990653
0.00851077
0.00885731
0.00840706
0.00986577
0.00897435
0.01150850
0.00965829
0.00972148
0.00836656
0.01088318
0.01066243
0.01132029
0.00909124
0.00922992
0.00910142
0.01007748
0.00984940
0.00992467
0.00842208
0.00909330
0.00927273
0.01146129
0.01194956
0.00939512
0.00973067
0.00940594
0.00953110
0.00977489
0.00929208
0.00934219
0.00903236
0.00969562
0.00859734
0.00933525
0.01017056
0.00905789
0.00940943
0.00926327
0.00864914
0.00861749
0.00872128
0.00955287
0.01227228
0.01150776
0.01071682
0.00854465
0.00897191
0.01161252
0.00900104
0.00915842
0.00911280
0.00794217
0.00892864
0.00843683
0.00956788
0.00907643
0.00982764
0.00848980
0.00927152
0.01157800
0.01249821
0.00933435
0.00982830
0.00870087
0.00965622
0.01063062
0.00930102
0.01275794
0.00858191
0.00947969
0.01041447
0.00987592
0.00864307
0.00877123
0.01133340
0.00906955
0.00883950
0.00884454
0.00887760
0.00980639
0.00886913
0.00967269
0.00926809
0.00941655
0.00888149
0.01088210
0.00933445
0.01004818
0.01029677
0.00862198
0.00995768
0.00919511
0.00972961
0.01012151
0.01055483
0.01167355
0.01147032
0.00900939
0.00953365
0.00897027
0.00962109
0.00900785
0.00915072
0.00883826
0.01212877
0.00951625
0.01018516
0.00928746
0.00897711
0.00879362
0.00876714
0.01007371
0.01048816
0.00851438
0.00890102
0.01066590
0.00905790
0.00998794
0.00868161
0.00872663
0.00858610
0.00980975
0.00899447
0.01111430
0.01003786
0.00923218
0.00980911
0.00996906
0.00951352
0.00914335
0.00890061
0.01122032
0.00968212
0.01057555
0.01380741
0.00985637
0.00923061
0.01026437
0.00936876
0.00924392
0.00922461
0.00848855
0.00902990
0.00894348
0.00848618
0.00923907
0.00883219
0.00849997
0.00947081
0.00955508
0.00910682
0.00996863
0.00898197
0.01031181
0.00941374
0.01194500
0.00924412
0.00838224
0.01047578
0.00900115
0.00907125
0.00964803
0.01956604
0.00852153
0.00983780
0.00932245
0.01069466
0.00993559
0.00843589
0.00883937
0.00877257
0.00890368
0.00889830
0.00901667
0.00912095
0.01183964
0.00992127
0.01018266
0.00914342
0.01078438
0.00995168
0.00849120
0.00982058
0.00925191
0.00950709
0.00927059
0.00913701
0.00968172
0.01206637
0.00838701
0.01061781
0.00915465
0.01008577
0.00910758
0.00982126
0.01090162
0.00990907
0.00894942
0.00862486
0.01190219
0.00911094
0.00869664
0.00892677
0.00942857
0.00959599
0.00901302
0.00909142
0.00986860
0.00863866
0.01013323
0.01001946
