0.00037130
0.00037535
0.00037601
0.00037421
0.00037365
0.00037337
0.00037126
0.00038214
0.00036899
0.00037431
0.00037472
0.00037742
0.00038074
0.00037353
0.00037487
0.00037685
0.00037756
0.00037876
0.00037837
0.00037286
0.00038682
0.00037630
0.00037207
0.00037081
0.00037046
0.00037668
0.00037992
0.00037886
0.00038122
0.00038258
0.00037615
0.00038012
0.00037914
0.00037238
0.00037603
0.00037189
0.00037126
0.00036872
0.00037212
0.00037392
0.00037224
0.00037663
0.00036868
0.00037120
0.00036901
0.00037574
0.00036921
0.00037473
0.00037825
0.00037699
0.00036973
0.00036397
0.00036733
0.00037714
0.00038012
0.00037106
0.00037007
0.00037940
0.00037032
0.00037127
0.00037861
0.00037319
0.00037729
0.00036891
0.00037224
0.00036986
0.00037192
0.00037092
0.00037525
0.00037828
0.00037492
0.00037756
0.00037746
0.00037503
0.00037929
0.00037192
0.00037542
0.00036957
0.00037736
0.00037192
0.00037946
0.00036837
0.00037912
0.00037469
0.00038137
0.00037646
0.00036855
0.00036898
0.00037186
0.00037706
0.00036954
0.00037568
0.00037232
0.00037596
0.00037290
0.00038255
0.00037917
0.00037370
0.00037312
0.00037611
0.00037159
0.00038008
0.00036915
0.00037440
0.00037631
0.00037897
0.00037392
0.00037799
0.00037867
0.00037154
0.00037884
0.00036978
0.00037154
0.00037584
0.00037121
0.00036950
0.00038110
0.00037692
0.00037604
0.00037418
0.00037489
0.00037976
0.00037819
0.00038238
0.00038157
0.00037678
0.00037801
0.00037939
0.00037029
0.00037650
0.00037113
0.00037618
0.00037891
0.00037744
0.00037283
0.00038529
0.00037371
0.00037550
0.00037291
0.00037628
0.00037498
0.00036848
0.00037210
0.00037562
0.00037349
0.00037234
0.00037098
0.00037375
0.00037811
0.00037242
0.00037399
0.00037111
0.00037001
0.00037243
0.00036965
0.00037448
0.00037286
0.00036652
0.00037910
0.00037266
0.00037194
0.00037288
0.00037571
0.00037239
0.00037587
0.00037353
0.00037541
0.00037992
0.00037505
0.00037759
0.00037212
0.00036976
0.00037390
0.00037251
0.00037984
0.00037684
0.00037960
0.00037986
0.00036898
0.00037305
0.00037619
0.00037384
0.00037507
0.00037555
0.00037144
0.00038266
0.00037544
0.00037484
0.00037569
0.00037679
0.00037536
0.00037944
0.00037642
0.00037475
0.00036935
0.00037620
0.00036987
0.00037207
0.00037084
0.00037249
0.00037426
0.00037894
0.00037110
0.00037291
0.00037696
0.00037134
0.00037099
0.00038175
0.00037415
0.00037155
0.00037567
0.00037058
0.00037449
0.00038117
0.00037224
0.00038058
0.00037279
0.00037762
0.00036909
0.00037200
0.00038078
0.00037607
0.00037254
0.00037695
0.00037785
0.00037243
0.00037294
0.00037276
0.00037073
0.00037526
0.00037388
0.00037755
0.00037602
0.00037128
0.00037461
0.00037366
0.00037841
0.00036654
0.00037522
0.00037635
0.00037735
0.00037213
0.00036891
0.00037433
0.00037433
0.00037274
0.00037049
0.00037054
0.00037447
0.00037229
0.00037294
0.00037519
0.00037118
0.00037135
0.00037048
0.00037992
0.00037542
0.00037538
0.00037521
0.00037351
0.00038298
0.00037821
0.00038106
0.00037130
0.00037373
0.00037820
0.00037681
0.00037561
0.00037395
0.00036783
0.00037873
0.00037493
0.00037809
0.00038125
0.00037751
0.00038062
0.00037910
0.00036726
0.00037118
0.00037182
0.00037027
0.00037187
0.00037748
0.00036985
0.00037743
0.00037342
0.00037192
0.00037869
0.00036952
0.00038025
0.00037366
0.00037019
0.00037268
0.00037151
0.00038064
0.00037541
0.00037334
0.00037130
0.00038064
0.00037837
0.00037115
0.00037337
0.00037764
0.00038246
0.00037181
0.00037396
0.00037496
0.00037708
0.00037854
0.00037463
0.00037512
0.00037891
0.00037330
0.00037718
0.00037289
0.00037735
0.00036875
0.00037991
0.00037010
0.00037685
0.00038307
0.00037629
0.00037131
0.00037302
0.00037378
0.00037384
0.00036946
0.00038088
0.00037176
0.00037310
0.00037221
0.00037260
0.00037490
0.00037454
0.00037550
0.00037054
0.00037256
0.00036865
0.00038013
0.00038361
0.00036989
0.00037143
0.00037277
0.00037265
0.00037252
0.00037249
0.00037595
0.00037889
0.00036800
0.00036606
0.00037843
0.00037158
0.00037534
0.00037616
0.00036872
0.00037781
0.00037405
0.00036956
0.00037815
0.00036956
0.00036906
0.00037142
0.00037562
0.00037445
0.00038106
0.00037539
0.00037045
0.00037442
0.00037665
0.00037338
0.00036712
0.00038262
0.00037199
0.00037178
0.00037038
0.00037414
0.00037909
0.00037316
0.00037685
0.00037186
0.00037973
0.00038921
0.00037397
0.00037161
0.00037531
0.00037648
0.00037613
0.00037646
0.00037181
0.00037697
0.00037616
0.00037015
0.00037683
0.00037351
0.00037612
0.00037442
0.00037324
0.00037453
0.00037366
0.00036548
0.00037052
0.00037492
0.00037385
0.00036995
0.00037343
0.00037545
0.00037194
0.00037732
0.00037634
0.00037558
0.00037377
0.00037268
0.00038569
0.00037051
0.00037709
0.00036795
0.00037932
0.00037280
0.00037123
0.00037028
0.00037500
0.00036936
0.00037780
0.00037257
0.00037531
0.00038057
0.00037259
0.00037871
0.00037360
0.00037257
0.00037445
0.00038050
0.00038425
0.00038029
0.00037518
0.00037016
0.00037651
0.00037475
0.00037605
0.00037652
0.00037215
0.00037672
0.00037053
0.00038060
0.00037067
0.00037660
0.00037284
0.00037568
0.00037101
0.00037907
0.00037842
0.00037217
0.00038124
0.00037657
0.00036641
0.00037066
0.00036752
0.00037308
0.00038707
0.00037451
0.00037435
0.00038025
0.00037530
0.00037443
0.00037184
0.00036937
0.00037164
0.00037345
0.00037481
0.00037103
0.00036709
0.00037114
0.00037785
0.00037714
0.00037791
0.00037452
0.00038103
0.00037606
0.00037542
0.00037446
0.00037550
0.00037867
0.00037928
0.00037627
0.00037331
0.00037482
0.00037948
0.00036983
0.00037296
0.00037507
0.00036912
0.00037686
0.00037811
0.00036646
0.00037131
0.00037928
0.00037464
0.00036936
0.00037613
0.00037535
