0.01143689
0.01710473
0.01867648
0.01783386
0.01504496
0.02017774
0.02682983
0.02409560
0.01519379
0.02095021
0.01821247
0.02304810
0.01710659
0.02616491
0.01639188
0.01390503
0.03652734
0.01610035
0.01366757
0.02207189
0.01915706
0.01805800
0.02553510
0.01336336
0.01799910
0.01676210
0.01741482
0.01498442
0.01485115
0.01376365
0.01887463
0.01883899
0.01794740
0.01826025
0.01518370
0.01502480
0.01550330
0.01582857
0.02401989
0.02190445
0.01756846
0.01898059
0.01874492
0.01420360
0.02363112
0.01871723
0.02029233
0.03228123
0.02912405
0.01954034
0.01622727
0.02051191
0.01393336
0.01518883
0.02486606
0.01246355
0.01612222
0.01605067
0.01446640
0.02033809
0.01736869
0.01395858
0.02040890
0.01701071
0.01335045
0.01783211
0.01152357
0.01522516
0.05556615
0.01619951
0.01706541
0.02288208
0.01608644
0.03547635
0.01993556
0.01468529
0.01751302
0.02261443
0.01032599
0.02459827
0.01713942
0.01151422
0.03328205
0.01779587
0.01519633
0.04795235
0.02714582
0.01158867
0.03254025
0.03974030
0.02452618
0.01381369
0.01615929
0.01541304
0.02735223
0.01464821
0.01355909
0.01972323
0.04200546
0.02230119
0.05064632
0.01574017
0.01580048
0.01630921
0.02246567
0.01404180
0.01535234
0.01719895
0.01821997
0.01897505
0.01740380
0.01244182
0.01693203
0.03992947
0.01360130
0.01345406
0.01168480
0.01437642
0.01639652
0.01671929
0.03611105
0.02585467
0.01862193
0.01788332
0.01812606
0.03345030
0.01561920
0.02126604
0.03537768
0.01623458
0.01834875
0.01711419
0.01462690
0.02110187
0.01541314
0.01382074
0.03120618
0.02142881
0.01181839
0.03567061
0.02498241
0.06505263
0.01244093
0.01651220
0.01595192
0.01514140
0.01672264
0.01707219
0.01780553
0.01611968
0.01854886
0.02784975
0.01946054
0.01744580
0.02565285
0.03352893
0.01771497
0.01814874
0.03736834
0.02859885
0.02146464
0.02462527
0.02079833
0.01412210
0.01301562
0.08147747
0.01512686
0.05822226
0.01743740
0.01177490
0.01464192
0.01473909
0.01492248
0.01797624
0.02963609
0.01761892
0.01461396
0.02060541
0.01624338
0.01349311
0.01194019
0.03067604
0.01458853
0.01402506
0.01539137
0.01882951
0.01597168
0.02357146
0.01445655
0.01759340
0.01674223
0.02458921
0.01839799
0.02078048
0.01555153
0.01397582
0.02899265
0.02802125
0.01785659
0.02182670
0.01608289
0.01848481
0.02940043
0.01619895
0.01374090
0.02146344
0.01587322
0.01625074
0.01777666
0.02031437
0.05507017
0.02652916
0.01331534
0.01512209
0.01713402
0.01445026
0.01370171
0.01682694
0.02729357
0.06807621
0.01706793
0.01321513
0.01636112
0.01615981
0.01763267
0.01346144
0.01769973
0.02308584
0.01732337
0.02233393
0.01225771
0.01844803
0.02588337
0.03353162
0.08586197
0.01856863
0.01698475
0.01448706
0.01175144
0.02059446
0.01818165
0.02300928
0.03289270
0.01670899
0.01904981
0.01604938
0.01446163
0.02186529
0.01798874
0.01741447
0.01838077
0.01718307
0.01322129
0.01262618
0.01163719
0.02523777
0.01975189
0.01447935
0.01578510
0.06723252
0.01209755
0.03893267
0.01375747
0.01745068
0.01543729
0.01504699
0.01221117
0.01511642
0.01450281
0.03181545
0.01720865
0.01707856
0.03708640
0.01111908
0.02906000
0.01631177
0.01646579
0.02183593
0.02344815
0.01354560
0.02963575
0.01898214
0.02878076
0.01677938
0.01485594
0.02406736
0.01368297
0.01788841
0.01580035
0.13524900
0.01487094
0.01700244
0.01600271
0.01687723
0.01425437
0.02064142
0.01434942
0.02137531
0.02187173
0.07440202
0.02594165
0.01497721
0.01474179
0.01612210
0.01294198
0.01909237
0.01606043
0.01378788
0.01468804
0.02058100
0.01482600
0.02135060
0.01640987
0.01779115
0.01242584
0.01750564
0.01580621
0.06031797
0.01834757
0.03083720
0.02753218
0.02410430
0.02297224
0.02781727
0.01868627
0.01454544
0.02026532
0.01684516
0.01671387
0.02555650
0.01863739
0.01652687
0.01436270
0.01498201
0.03230000
0.01391096
0.01480946
0.01570656
0.01741949
0.02217208
0.02257880
0.03196927
0.01730719
0.01486909
0.02327959
0.02170226
0.04234341
0.01786487
0.02121073
0.02048069
0.01341818
0.02865698
0.01269549
0.07022511
0.01429139
0.01536181
0.01369106
0.01651165
0.01835719
0.01600980
0.03233391
0.01809650
0.01256137
0.01956438
0.01466225
0.01405095
0.01661594
0.01428542
0.01904820
0.01612970
0.02421673
0.01847245
0.01888642
0.01697365
0.01600139
0.02280480
0.02375147
0.02570225
0.01248200
0.01891366
0.01413174
0.01849482
0.01957887
0.01281912
0.01828960
0.01590364
0.02862947
0.02133299
0.01580012
0.01993815
0.01586182
0.01298887
0.01646290
0.01992201
0.02089815
0.01365707
0.03159792
0.01511477
0.01611646
0.01562710
0.01577109
0.01567999
0.01216900
0.02514448
0.01275061
0.02118881
0.01903715
0.01405816
0.02505311
0.02986275
0.02551237
0.02766778
0.01305853
0.01268772
0.02069285
0.01760870
0.02123815
0.01555816
0.02433349
0.01752947
0.01669304
0.01403322
0.01879265
0.01977257
0.03303594
0.01760123
0.01197187
0.01550536
0.01442443
0.01588300
0.01854738
0.07001823
0.02574022
0.01641856
0.02730909
0.03852081
0.01320925
0.01286192
0.01676949
0.02996486
0.01861670
0.01847991
0.01676735
0.02068857
0.01972950
0.02912432
0.01454932
0.02987103
0.01574750
0.03925176
0.02416224
0.01723426
0.01450018
0.04844849
0.03098700
0.02174860
0.01555920
0.01500855
0.01257313
0.02127619
0.02810667
0.01484601
0.02358010
0.01518324
0.01567808
0.02774445
0.01601006
0.01552149
0.02917241
0.01449070
0.01491558
0.01300892
0.01770244
0.01552509
0.01558902
0.02753146
0.02644219
0.01374651
0.03321575
0.01354986
0.01552166
0.01268781
0.01521449
0.01852884
0.01738833
0.01677941
0.01547884
0.02978500
0.01304397
0.01766020
0.01792188
0.02188127
0.01414440
0.01599624
0.02720356
0.06324099
0.02091036
0.01471083
0.01714604
0.01402513