0.00169571
0.00169335
0.00165375
0.00184295
0.00163354
0.00164572
0.00172120
0.00178357
0.00168860
0.00187593
0.00190252
0.00178426
0.00173533
0.00158636
0.00186374
0.00164110
0.00175345
0.00185554
0.00170979
0.00177335
0.00163669
0.00155489
0.00178983
0.00170385
0.00174199
0.00193430
0.00175140
0.00164473
0.00159134
0.00194054
0.00182047
0.00174582
0.00192043
0.00196532
0.00180576
0.00169533
0.00169420
0.00201006
0.00183490
0.00204740
0.00161186
0.00152003
0.00169105
0.00160601
0.00169801
0.00175234
0.00182230
0.00187253
0.00166729
0.00153725
0.00200016
0.00168869
0.00163968
0.00162735
0.00163251
0.00155789
0.00172826
0.00165439
0.00156498
0.00186446
0.00172393
0.00177359
0.00206763
0.00160999
0.00183003
0.00161712
0.00168459
0.00156343
0.00185919
0.00192499
0.00166113
0.00200732
0.00161408
0.00181367
0.00175041
0.00160152
0.00163322
0.00180847
0.00168444
0.00190383
0.00205403
0.00188256
0.00185598
0.00183848
0.00162251
0.00167995
0.00162493
0.00177920
0.00157068
0.00197064
0.00179477
0.00181461
0.00200066
0.00159339
0.00162772
0.00149721
0.00157754
0.00177986
0.00248533
0.00161150
0.00199665
0.00184692
0.00157456
0.00170073
0.00163470
0.00164833
0.00147961
0.00180357
0.00158529
0.00187622
0.00164949
0.00169593
0.00191453
0.00167891
0.00152607
0.00153992
0.00185094
0.00172215
0.00146349
0.00167648
0.00190345
0.00161236
0.00174142
0.00193650
0.00181283
0.00271240
0.00181432
0.00170098
0.00178700
0.00185103
0.00151405
0.00181478
0.00212844
0.00191842
0.00173541
0.00162541
0.00207381
0.00169728
0.00224320
0.00212625
0.00185214
0.00163669
0.00163074
0.00172023
0.00153825
0.00173415
0.00185976
0.00171813
0.00184450
0.00190527
0.00172007
0.00168683
0.00187104
0.00197819
0.00202048
0.00169616
0.00157848
0.00168427
0.00165129
0.00162451
0.00188054
0.00164959
0.00198716
0.00166033
0.00174557
0.00177266
0.00165208
0.00177110
0.00166677
0.00172115
0.00172036
0.00168652
0.00152670
0.00180246
0.00194298
0.00190199
0.00157961
0.00162994
0.00181329
0.00161120
0.00169385
0.00160082
0.00156673
0.00167715
0.00280845
0.00165923
0.00174625
0.00177018
0.00168008
0.00156677
0.00185004
0.00210828
0.00174624
0.00202506
0.00182511
0.00189551
0.00179011
0.00198397
0.00178482
0.00170549
0.00174633
0.00150373
0.00190892
0.00174139
0.00153943
0.00216740
0.00153763
0.00159217
0.00191396
0.00169013
0.00163684
0.00192631
0.00183730
0.00168685
0.00167396
0.00172145
0.00173561
0.00177320
0.00172031
0.00176368
0.00192768
0.00166325
0.00160525
0.00188257
0.00243872
0.00209845
0.00191910
0.00177849
0.00194709
0.00169939
0.00165422
0.00186601
0.00207414
0.00169534
0.00184005
0.00175184
0.00166104
0.00159946
0.00175362
0.00245428
0.00191367
0.00174856
0.00183909
0.00177009
0.00175199
0.00170088
0.00212808
0.00165930
0.00164744
0.00175838
0.00158567
0.00165808
0.00228098
0.00171950
0.00215140
0.00160144
0.00186443
0.00188172
0.00162996
0.00187678
0.00171255
0.00183724
0.00160067
0.00169069
0.00178722
0.00174997
0.00167230
0.00179133
0.00158772
0.00169161
0.00171732
0.00173226
0.00171853
0.00174055
0.00214852
0.00186139
0.00208909
0.00164124
0.00185338
0.00167470
0.00180242
0.00170679
0.00156853
0.00168858
0.00194181
0.00192043
0.00175404
0.00172208
0.00196108
0.00178426
0.00171665
0.00167854
0.00172621
0.00173183
0.00165807
0.00167808
0.00172253
0.00178039
0.00194795
0.00163091
0.00204221
0.00209046
0.00179519
0.00155963
0.00173754
0.00171603
0.00190853
0.00185818
0.00164633
0.00162805
0.00163670
0.00184661
0.00195548
0.00174081
0.00165264
0.00180162
0.00173458
0.00197147
0.00153018
0.00177891
0.00185477
0.00168801
0.00196861
0.00198109
0.00174666
0.00170993
0.00162730
0.00164335
0.00151497
0.00157121
0.00170342
0.00166571
0.00161885
0.00163829
0.00164908
0.00154129
0.00217894
0.00180050
0.00184427
0.00176050
0.00168667
0.00186863
0.00177689
0.00159894
0.00182293
0.00155843
0.00166364
0.00260346
0.00245774
0.00167650
0.00210323
0.00186190
0.00186889
0.00155891
0.00158001
0.00157573
0.00155281
0.00216704
0.00180437
0.00160353
0.00180881
0.00166103
0.00162900
0.00180310
0.00156619
0.00189200
0.00160343
0.00170628
0.00198428
0.00175835
0.00178131
0.00178780
0.00161832
0.00160916
0.00171129
0.00163419
0.00215226
0.00165459
0.00166458
0.00165931
0.00172448
0.00178415
0.00165432
0.00169239
0.00195305
0.00185423
0.00195590
0.00168296
0.00161850
0.00177557
0.00187000
0.00160702
0.00165588
0.00157487
0.00183081
0.00154819
0.00190048
0.00188736
0.00168124
0.00227858
0.00171732
0.00153925
0.00171904
0.00160917
0.00166782
0.00204424
0.00165563
0.00163744
0.00169115
0.00189260
0.00183070
0.00174223
0.00168179
0.00162312
0.00195160
0.00175036
0.00189444
0.00256319
0.00166055
0.00171101
0.00167176
0.00169743
0.00163620
0.00174052
0.00211162
0.00171899
0.00196660
0.00187374
0.00157255
0.00190750
0.00183410
0.00167957
0.00160221
0.00201753
0.00159736
0.00173864
0.00172488
0.00167298
0.00205512
0.00243020
0.00262889
0.00163839
0.00168586
0.00182072
0.00157698
0.00210742
0.00236096
0.00194780
0.00193962
0.00182451
0.00225228
0.00168444
0.00171627
0.00154710
0.00171848
0.00171606
0.00161824
0.00166738
0.00159267
0.00165666
0.00193227
0.00158498
0.00172971
0.00156975
0.00163941
0.00164350
0.00172404
0.00155315
0.00161339
0.00249855
0.00173176
0.00165976
0.00179704
0.00156911
0.00176469
0.00160117
0.00179331
0.00158620
0.00184119
0.00185604
0.00176088
0.00167019
0.00156856
0.00169322
0.00169402
0.00162972
0.00176652
0.00172175
0.00164253
0.00168740
0.00196588
0.00156048
0.00178145
0.00232584
0.00165635
0.00174966
0.00182822
0.00197463
0.00158662
0.00198786
