0.00171905
0.00180947
0.00207706
0.00220028
0.00181293
0.00292595
0.00192499
0.00182815
0.00277304
0.00194701
0.00190081
0.00228105
0.00188941
0.00191649
0.00199944
0.00172449
0.00161724
0.00219774
0.00209961
0.00174350
0.00192233
0.00209326
0.00196147
0.00180726
0.00186564
0.00185707
0.00168821
0.00280076
0.00194528
0.00185688
0.00257686
0.00222248
0.00178568
0.00188604
0.00238902
0.00197871
0.00205856
0.00217475
0.00174970
0.00186820
0.00174960
0.00173902
0.00203259
0.00257053
0.00235370
0.00189343
0.00173430
0.00192566
0.00212849
0.00267161
0.00175566
0.00184343
0.00202509
0.00208730
0.00168169
0.00164060
0.00189711
0.00214693
0.00160761
0.00188120
0.00175573
0.00195743
0.00184150
0.00179008
0.00175739
0.00239772
0.00163004
0.00175761
0.00220343
0.00192864
0.00212578
0.00185099
0.00156611
0.00205448
0.00257475
0.00223796
0.00187137
0.00206999
0.00279368
0.00182800
0.00154967
0.00200220
0.00188788
0.00229604
0.00176752
0.00202366
0.00180362
0.00239714
0.00201174
0.00205811
0.00171179
0.00182742
0.00185354
0.00209118
0.00196016
0.00185719
0.00189157
0.00186761
0.00228521
0.00193606
0.00155459
0.00167502
0.00291464
0.00189685
0.00185965
0.00251287
0.00191696
0.00247635
0.00161659
0.00194882
0.00202261
0.00242962
0.00174804
0.00195018
0.00281493
0.00169965
0.00236910
0.00184776
0.00177957
0.00179225
0.00208525
0.00331773
0.00237272
0.00172861
0.00184649
0.00232814
0.00214447
0.00194813
0.00184986
0.00221296
0.00184264
0.00179747
0.00184402
0.00205955
0.00177196
0.00164626
0.00177709
0.00197695
0.00161458
0.00190741
0.00257876
0.00202139
0.00187245
0.00176587
0.00186174
0.00184346
0.00184832
0.00161890
0.00204764
0.00220502
0.00161428
0.00231810
0.00160962
0.00188399
0.00158760
0.00178578
0.00193499
0.00165635
0.00216589
0.00172525
0.00169548
0.00186063
0.00192843
0.00236287
0.00183088
0.00205337
0.00191767
0.00200445
0.00210100
0.00363109
0.00193231
0.00175724
0.00199287
0.00144094
0.00333702
0.00196555
0.00248790
0.00242780
0.00161480
0.00176810
0.00236040
0.00185297
0.00195878
0.00170256
0.00190426
0.00185298
0.00171117
0.00179785
0.00191592
0.00191459
0.00170735
0.00204019
0.00189327
0.00186002
0.00218748
0.00238142
0.00248471
0.00191044
0.00175574
0.00164329
0.00207294
0.00188900
0.00181160
0.00196069
0.00239373
0.00195177
0.00437838
0.00181057
0.00260734
0.00167408
0.00184069
0.00199233
0.00187043
0.00210782
0.00174737
0.00164045
0.00174980
0.00171672
0.00176353
0.00183793
0.00248933
0.00177766
0.00202628
0.00203459
0.00186417
0.00172566
0.00210674
0.00174709
0.00270359
0.00217485
0.00178857
0.00163949
0.00177578
0.00426928
0.00173260
0.00182597
0.00166423
0.00160915
0.00190960
0.00178275
0.00251371
0.00208857
0.00179329
0.00188826
0.00192391
0.00197784
0.00214984
0.00339843
0.00168546
0.00205499
0.00171186
0.00167518
0.00185508
0.00183858
0.00191466
0.00300932
0.00193125
0.00185427
0.00184409
0.00177921
0.00218976
0.00171895
0.00310153
0.00258092
0.00218904
0.00176366
0.00186025
0.00175669
0.00208762
0.00182874
0.00169769
0.00204997
0.00181899
0.00217898
0.00172744
0.00174873
0.00213715
0.00233695
0.00184350
0.00162226
0.00204538
0.00173889
0.00170447
0.00209042
0.00258335
0.00179366
0.00176228
0.00168791
0.00172621
0.00188954
0.00181394
0.00335149
0.00186200
0.00209853
0.00184731
0.00236732
0.00196312
0.00224199
0.00169444
0.00275006
0.00236509
0.00290449
0.00166492
0.00248769
0.00189744
0.00304032
0.00196906
0.00201908
0.00222697
0.00189733
0.00211396
0.00203319
0.00224107
0.00157128
0.00181551
0.00180037
0.00198851
0.00186221
0.00165797
0.00201996
0.00183421
0.00170179
0.00238966
0.00201950
0.00159257
0.00165781
0.00204952
0.00206577
0.00253069
0.00203635
0.00173833
0.00225965
0.00330521
0.00182780
0.00177808
0.00191105
0.00186975
0.00188442
0.00206270
0.00178011
0.00180657
0.00245752
0.00192912
0.00156246
0.00179478
0.00198753
0.00175675
0.00227119
0.00219565
0.00239489
0.00171021
0.00196585
0.00206225
0.00181634
0.00270936
0.00255887
0.00167250
0.00158607
0.00223277
0.00171814
0.00230768
0.00180947
0.00193300
0.00153693
0.00227248
0.00194742
0.00191973
0.00202956
0.00214506
0.00196611
0.00210037
0.00244812
0.00178903
0.00181230
0.00209418
0.00171497
0.00188280
0.00162211
0.00159696
0.00187363
0.00186333
0.00202432
0.00247627
0.00237478
0.00177353
0.00180593
0.00185505
0.00181980
0.00176205
0.00232591
0.00232437
0.00203985
0.00236136
0.00212815
0.00209900
0.00178927
0.00193542
0.00301424
0.00282953
0.00177751
0.00193128
0.00258372
0.00213930
0.00244258
0.00174939
0.00211247
0.00212125
0.00231807
0.00217141
0.00205201
0.00199888
0.00179201
0.00181201
0.00214590
0.00187669
0.00189463
0.00208162
0.00205754
0.00180448
0.00226498
0.00205894
0.00174668
0.00161117
0.00171362
0.00191576
0.00188669
0.00179859
0.00201452
0.00188815
0.00201057
0.00274696
0.00218491
0.00211259
0.00241225
0.00227032
0.00247291
0.00237010
0.00187981
0.00216673
0.00187936
0.00177010
0.00175901
0.00216164
0.00178387
0.00230798
0.00210601
0.00243524
0.00160465
0.00207697
0.00195815
0.00184303
0.00193735
0.00183312
0.00199331
0.00160993
0.00203044
0.00215772
0.00211571
0.00208417
0.00175021
0.00167812
0.00160854
0.00176103
0.00191399
0.00203813
0.00199215
0.00190208
0.00214406
0.00172199
0.00167370
0.00187784
0.00173402
0.00180858
0.00173868
0.00182680
0.00190980
0.00267421
0.00216819
0.00182960
0.00184883
0.00206355
0.00217521
0.00205329
0.00168050
0.00208023
0.00237655
0.00174671
0.00170993
0.00212932
0.00192148
0.00226975
0.00182497
0.00190245
0.00183807
0.00254227
0.00157191
0.00186889
0.00185299
0.00183890
0.00273186