0.00066485
0.00064385
0.00070106
0.00059737
0.00082500
0.00065878
0.00060115
0.00065450
0.00062386
0.00062418
0.00060335
0.00075075
0.00064888
0.00073172
0.00061863
0.00060315
0.00069287
0.00064227
0.00068411
0.00072287
0.00065119
0.00062061
0.00068043
0.00079606
0.00065180
0.00064502
0.00078208
0.00074254
0.00070215
0.00064255
0.00065213
0.00073211
0.00063577
0.00065677
0.00068366
0.00067657
0.00065148
0.00063073
0.00064247
0.00065766
0.00069011
0.00064637
0.00063283
0.00064168
0.00064378
0.00062729
0.00069100
0.00062379
0.00065039
0.00063291
0.00071620
0.00063449
0.00064809
0.00071425
0.00067215
0.00069568
0.00066867
0.00067912
0.00066680
0.00062894
0.00070913
0.00066415
0.00061313
0.00063798
0.00063547
0.00067331
0.00060197
0.00062033
0.00065468
0.00070874
0.00062762
0.00068951
0.00062619
0.00068018
0.00062626
0.00065074
0.00067519
0.00062409
0.00071984
0.00060838
0.00059530
0.00075961
0.00060803
0.00062083
0.00062361
0.00072230
0.00070223
0.00064978
0.00072160
0.00062502
0.00061112
0.00071007
0.00071440
0.00063050
0.00069883
0.00062396
0.00077452
0.00066137
0.00071851
0.00069493
0.00064095
0.00065389
0.00068949
0.00068599
0.00063104
0.00063406
0.00064447
0.00085758
0.00061693
0.00063493
0.00069303
0.00066242
0.00066765
0.00062498
0.00075501
0.00066727
0.00065373
0.00073434
0.00064095
0.00068100
0.00067130
0.00064574
0.00061640
0.00072967
0.00064538
0.00061764
0.00064347
0.00061058
0.00064963
0.00063210
0.00062771
0.00079817
0.00062282
0.00069430
0.00068632
0.00068627
0.00061256
0.00070899
0.00063511
0.00066583
0.00062986
0.00062769
0.00070806
0.00067574
0.00066226
0.00065399
0.00071881
0.00072417
0.00064033
0.00065218
0.00069793
0.00070019
0.00063789
0.00074119
0.00062882
0.00061129
0.00082033
0.00067571
0.00064447
0.00064632
0.00062539
0.00070410
0.00059655
0.00066889
0.00065962
0.00074330
0.00065795
0.00077114
0.00079573
0.00068682
0.00060963
0.00088449
0.00064357
0.00080344
0.00077929
0.00067629
0.00070199
0.00063367
0.00061442
0.00061561
0.00068043
0.00064813
0.00073723
0.00064990
0.00065350
0.00064959
0.00076839
0.00069708
0.00064123
0.00064520
0.00079345
0.00072686
0.00066553
0.00063352
0.00081614
0.00062863
0.00071118
0.00064878
0.00074081
0.00061782
0.00069962
0.00069691
0.00070320
0.00074334
0.00061356
0.00060792
0.00059510
0.00064133
0.00069174
0.00069699
0.00066454
0.00060685
0.00064267
0.00064740
0.00075051
0.00063652
0.00064339
0.00062272
0.00068799
0.00059840
0.00061157
0.00062669
0.00070391
0.00060355
0.00075706
0.00064928
0.00066129
0.00064303
0.00063448
0.00068453
0.00070312
0.00073125
0.00072025
0.00063038
0.00059897
0.00063212
0.00076147
0.00063135
0.00067205
0.00061969
0.00078578
0.00068209
0.00064849
0.00066955
0.00065543
0.00067219
0.00065038
0.00066761
0.00069289
0.00060095
0.00066617
0.00068548
0.00081429
0.00061099
0.00076897
0.00066137
0.00067953
0.00072884
0.00069206
0.00062214
0.00065917
0.00069209
0.00063231
0.00076476
0.00066953
0.00067159
0.00059936
0.00069224
0.00063717
0.00068723
0.00063990
0.00062206
0.00063108
0.00069893
0.00067277
0.00069718
0.00068488
0.00068033
0.00062900
0.00064225
0.00065982
0.00059644
0.00061123
0.00069519
0.00071678
0.00061723
0.00062394
0.00068954
0.00065700
0.00066303
0.00062208
0.00071066
0.00058654
0.00069996
0.00064292
0.00065067
0.00076544
0.00066586
0.00065078
0.00062066
0.00069206
0.00077157
0.00065697
0.00065743
0.00070855
0.00066867
0.00066617
0.00068087
0.00062037
0.00063598
0.00064545
0.00065677
0.00077636
0.00071839
0.00062536
0.00063566
0.00064415
0.00063915
0.00064811
0.00069091
0.00065263
0.00068138
0.00065772
0.00065580
0.00065951
0.00068199
0.00064330
0.00081436
0.00063634
0.00063927
0.00062694
0.00072551
0.00074736
0.00066470
0.00065772
0.00064034
0.00062723
0.00079817
0.00065771
0.00070241
0.00073774
0.00069739
0.00066701
0.00068628
0.00063697
0.00065359
0.00068505
0.00069784
0.00063599
0.00060848
0.00092225
0.00069470
0.00062891
0.00067515
0.00067069
0.00065401
0.00064134
0.00064633
0.00061603
0.00062811
0.00066271
0.00071931
0.00073810
0.00069138
0.00067447
0.00064699
0.00061404
0.00061146
0.00068325
0.00062022
0.00062535
0.00065237
0.00061940
0.00062143
0.00074377
0.00059027
0.00061644
0.00066375
0.00066400
0.00065094
0.00067266
0.00069560
0.00066065
0.00072218
0.00071053
0.00069977
0.00061884
0.00069759
0.00061698
0.00067647
0.00064758
0.00065001
0.00068123
0.00066159
0.00063531
0.00070977
0.00064326
0.00067130
0.00066489
0.00074427
0.00069211
0.00065212
0.00070799
0.00065798
0.00065552
0.00073623
0.00062974
0.00060700
0.00068744
0.00063506
0.00065147
0.00065029
0.00064713
0.00077762
0.00066443
0.00064768
0.00074376
0.00063451
0.00082521
0.00059794
0.00065216
0.00075209
0.00062010
0.00074360
0.00067640
0.00061893
0.00069838
0.00064201
0.00062149
0.00067278
0.00066591
0.00062983
0.00062594
0.00068168
0.00071914
0.00073801
0.00065842
0.00065749
0.00070884
0.00067462
0.00069437
0.00069345
0.00066485
0.00067174
0.00063108
0.00070520
0.00063279
0.00074270
0.00063915
0.00066598
0.00059793
0.00072726
0.00064512
0.00069577
0.00065681
0.00063284
0.00062860
0.00064561
0.00062947
0.00064539
0.00093071
0.00067418
0.00076992
0.00063014
0.00063866
0.00071659
0.00067961
0.00063400
0.00061809
0.00067714
0.00058179
0.00069637
0.00065577
0.00067453
0.00067792
0.00064315
0.00065752
0.00066050
0.00061397
0.00072877
0.00065725
0.00059975
0.00067428
0.00062738
0.00071763
0.00072352
0.00065524
0.00086045
0.00061315
0.00067757
0.00064684
0.00068329
0.00067563
0.00062007
0.00059895
0.00063227
0.00069378
0.00063999
0.00067603
0.00063378