0.00094231
0.00095203
0.00097599
0.00092742
0.00092900
0.00093273
0.00093604
0.00097224
0.00094516
0.00094096
0.00090682
0.00093538
0.00091530
0.00092750
0.00093035
0.00093571
0.00091823
0.00093515
0.00091654
0.00092836
0.00092028
0.00099843
0.00096217
0.00095295
0.00094024
0.00092520
0.00092470
0.00094843
0.00091308
0.00095462
0.00095288
0.00094051
0.00092944
0.00092427
0.00092522
0.00094923
0.00091264
0.00091795
0.00093446
0.00090937
0.00092296
0.00093231
0.00091446
0.00094524
0.00093460
0.00090785
0.00095952
0.00093243
0.00091149
0.00093805
0.00092826
0.00093636
0.00092268
0.00095184
0.00091002
0.00090687
0.00093603
0.00092991
0.00093558
0.00097196
0.00097448
0.00092861
0.00092528
0.00091936
0.00093993
0.00093463
0.00090574
0.00091279
0.00094551
0.00092794
0.00100132
0.00094612
0.00096867
0.00092824
0.00093550
0.00092105
0.00092762
0.00093243
0.00092817
0.00093105
0.00090833
0.00094177
0.00092744
0.00094352
0.00094585
0.00093938
0.00091627
0.00092945
0.00091312
0.00092086
0.00093889
0.00094866
0.00096849
0.00089124
0.00094302
0.00093009
0.00089665
0.00094847
0.00093327
0.00091809
0.00094362
0.00096416
0.00094743
0.00089911
0.00092849
0.00094326
0.00091818
0.00092180
0.00089670
0.00092826
0.00094204
0.00094886
0.00090610
0.00095275
0.00093811
0.00092717
0.00092160
0.00093665
0.00095860
0.00093687
0.00092812
0.00094428
0.00095472
0.00092649
0.00091932
0.00095950
0.00096626
0.00096550
0.00095421
0.00096001
0.00091421
0.00093442
0.00094043
0.00094419
0.00091312
0.00093366
0.00095637
0.00091058
0.00091786
0.00095052
0.00090930
0.00091717
0.00095537
0.00092493
0.00095582
0.00096031
0.00092165
0.00094661
0.00089950
0.00092206
0.00093111
0.00091985
0.00092023
0.00091276
0.00095616
0.00095018
0.00094943
0.00097162
0.00095536
0.00093741
0.00093967
0.00093390
0.00091308
0.00092568
0.00093493
0.00096074
0.00092815
0.00095768
0.00092421
0.00090881
0.00093912
0.00091734
0.00093729
0.00098047
0.00093971
0.00098575
0.00097086
0.00093929
0.00091747
0.00093663
0.00093535
0.00098352
0.00093505
0.00093700
0.00094138
0.00094379
0.00092286
0.00095120
0.00095089
0.00090792
0.00091377
0.00092808
0.00094742
0.00092008
0.00096690
0.00091569
0.00092698
0.00092194
0.00093836
0.00092663
0.00089665
0.00093128
0.00094209
0.00095448
0.00092271
0.00095346
0.00092479
0.00093329
0.00095352
0.00094487
0.00095629
0.00092213
0.00094522
0.00096081
0.00089947
0.00093237
0.00095391
0.00091224
0.00092069
0.00093511
0.00093919
0.00092935
0.00094835
0.00094073
0.00093723
0.00095531
0.00092166
0.00098034
0.00096634
0.00094501
0.00091732
0.00093398
0.00093572
0.00092398
0.00091647
0.00099928
0.00095479
0.00090582
0.00091359
0.00091716
0.00093433
0.00095268
0.00093284
0.00092135
0.00093433
0.00091697
0.00091730
0.00094488
0.00096029
0.00092797
0.00092281
0.00092647
0.00095469
0.00096241
0.00091487
0.00096234
0.00095737
0.00099286
0.00095072
0.00091774
0.00096797
0.00092463
0.00093997
0.00090180
0.00093334
0.00092146
0.00092849
0.00091754
0.00098724
0.00091363
0.00093670
0.00092551
0.00093895
0.00092306
0.00093399
0.00094968
0.00095103
0.00094874
0.00092381
0.00093427
0.00092579
0.00087821
0.00094051
0.00089537
0.00093764
0.00092528
0.00092347
0.00091114
0.00092954
0.00093015
0.00094105
0.00092777
0.00093874
0.00090961
0.00094182
0.00092061
0.00092029
0.00093016
0.00092901
0.00094174
0.00096685
0.00090844
0.00096192
0.00092585
0.00090530
0.00094760
0.00092561
0.00093527
0.00096505
0.00092244
0.00092111
0.00093275
0.00093886
0.00095985
0.00092689
0.00092328
0.00091261
0.00104668
0.00092315
0.00092981
0.00094142
0.00094326
0.00096723
0.00092378
0.00093784
0.00096354
0.00093019
0.00090620
0.00092716
0.00091186
0.00093216
0.00092930
0.00092098
0.00092688
0.00090700
0.00099723
0.00092354
0.00094175
0.00092556
0.00095458
0.00090988
0.00094136
0.00094555
0.00093652
0.00091124
0.00093092
0.00090262
0.00093394
0.00092898
0.00099644
0.00093431
0.00093456
0.00091536
0.00094473
0.00092398
0.00094742
0.00089568
0.00095056
0.00091696
0.00093169
0.00092737
0.00091174
0.00092260
0.00090001
0.00092262
0.00095189
0.00093023
0.00092458
0.00092627
0.00092249
0.00093501
0.00091564
0.00093404
0.00101534
0.00094974
0.00093624
0.00092795
0.00093843
0.00092037
0.00091385
0.00094015
0.00093606
0.00090497
0.00094891
0.00093598
0.00091651
0.00094654
0.00095193
0.00094731
0.00092410
0.00096787
0.00096007
0.00092565
0.00093979
0.00093184
0.00096496
0.00091769
0.00090863
0.00092440
0.00091247
0.00094248
0.00094136
0.00093510
0.00091178
0.00094796
0.00095857
0.00092171
0.00096519
0.00095310
0.00097471
0.00093038
0.00094039
0.00092960
0.00092506
0.00094181
0.00095741
0.00094476
0.00092347
0.00094895
0.00089797
0.00094758
0.00094643
0.00093993
0.00093506
0.00093955
0.00095944
0.00094984
0.00095502
0.00096240
0.00092371
0.00094479
0.00092955
0.00091467
0.00092884
0.00094327
0.00089913
0.00095744
0.00096401
0.00094474
0.00094485
0.00092752
0.00092584
0.00096533
0.00095316
0.00091084
0.00090842
0.00096249
0.00096152
0.00097898
0.00095454
0.00094555
0.00092675
0.00092795
0.00095233
0.00091919
0.00092591
0.00092608
0.00092018
0.00093780
0.00093372
0.00095123
0.00096670
0.00094951
0.00094459
0.00092687
0.00092901
0.00093544
0.00095784
0.00095956
0.00098665
0.00093159
0.00090645
0.00098447
0.00090019
0.00095521
0.00093389
0.00095826
0.00094172
0.00096928
0.00088899
0.00092028
0.00094323
0.00093576
0.00094172
0.00093748
0.00091883
0.00092656
0.00095084
0.00094606
0.00093845
0.00093148
0.00093274
0.00094160
0.00092510
0.00090439
0.00094106
0.00091358
0.00090823
0.00095153
0.00094606
