0.00823395
0.00876896
0.00617916
0.00665708
0.00761884
0.00636157
0.00539824
0.00615006
0.00594634
0.00551496
0.00858773
0.00597324
0.00641845
0.00900545
0.00698468
0.00748148
0.00754758
0.00688806
0.00661417
0.00986915
0.00678042
0.00599076
0.00888470
0.00620619
0.00564405
0.00650734
0.00732900
0.00713610
0.00926793
0.00703096
0.01082854
0.00621847
0.00792554
0.00600601
0.00686921
0.00850026
0.00727816
0.00569922
0.00761708
0.00765802
0.00541363
0.00948754
0.00626421
0.00591013
0.00721773
0.01247403
0.00847669
0.00546350
0.00633988
0.00618584
0.00660260
0.00535828
0.00746886
0.00687756
0.00712006
0.00725273
0.00756414
0.00600431
0.00554102
0.00581680
0.00863090
0.00901049
0.00702410
0.00735781
0.00696793
0.00637889
0.00592833
0.00662988
0.00759212
0.00641346
0.00640793
0.00631234
0.00645009
0.00557102
0.00503017
0.00621732
0.00886604
0.00622222
0.00591242
0.00696434
0.00695097
0.00639383
0.00735988
0.00699802
0.00619368
0.00592534
0.00611614
0.00544248
0.00698818
0.00716430
0.00584085
0.01060985
0.00511853
0.00729041
0.00697482
0.00667929
0.00562185
0.02184857
0.00584523
0.00568988
0.00682391
0.00978180
0.00631342
0.00544935
0.00643561
0.00555999
0.00643142
0.00589558
0.00663452
0.00631678
0.00531394
0.00608995
0.00615130
0.00870769
0.00727117
0.00699035
0.00698894
0.00685232
0.00603450
0.00648131
0.00660365
0.00681681
0.00555421
0.00687391
0.00647134
0.00786134
0.00674500
0.00687319
0.00761524
0.00564715
0.00735946
0.00649374
0.00746889
0.00741388
0.00636667
0.00635786
0.00609299
0.00650638
0.00724904
0.00685511
0.00639065
0.00690042
0.00589081
0.00800847
0.00567116
0.00690739
0.00775256
0.00708572
0.00728896
0.00924675
0.00612355
0.00604065
0.00694682
0.01501444
0.00644430
0.00523274
0.00619657
0.00674546
0.00655094
0.00713012
0.00665301
0.00565893
0.00644008
0.00681148
0.00644842
0.00690535
0.00829842
0.00628715
0.00669733
0.00669253
0.00583694
0.00681595
0.00714043
0.00716945
0.00948364
0.00825960
0.00614068
0.00737482
0.00559233
0.00588326
0.00619718
0.00609557
0.00599200
0.00655759
0.00580701
0.00810758
0.00743909
0.00789899
0.00896357
0.00751898
0.00587593
0.00714755
0.00593735
0.00741533
0.00657891
0.00628198
0.00585560
0.00534384
0.00838180
0.00715519
0.00706514
0.00751459
0.00746267
0.00960634
0.00709465
0.00622933
0.00603991
0.00592872
0.00673820
0.00626160
0.00799602
0.00588709
0.00610964
0.00701448
0.00673297
0.00556437
0.00667342
0.00649920
0.00736809
0.00568004
0.00548322
0.00567751
0.00560619
0.00601474
0.00580337
0.00654025
0.00616119
0.00556959
0.00625654
0.00737236
0.00535314
0.00560986
0.01058345
0.00617479
0.00614042
0.00552363
0.00737637
0.00679975
0.00694784
0.00805098
0.00574575
0.00888818
0.00749963
0.00672649
0.00630094
0.00684546
0.00647610
0.00723841
0.00921416
0.00937804
0.00677920
0.00660209
0.00741294
0.00578617
0.00609868
0.00766719
0.00593091
0.00741021
0.00613800
0.00720819
0.00601866
0.00554937
0.00536205
0.00647061
0.00811321
0.00908609
0.00646614
0.00697098
0.00662378
0.00596485
0.01062872
0.00545973
0.00740187
0.00533593
0.00666012
0.00655186
0.01007653
0.00629391
0.00534429
0.00816508
0.00658593
0.00645119
0.00907059
0.00534296
0.00610696
0.00780376
0.00596781
0.00596966
0.00901860
0.00622824
0.00611967
0.00665101
0.00657500
0.00607247
0.00762116
0.00592465
0.00706083
0.00780196
0.00721120
0.00649989
0.00605984
0.00651261
0.01196548
0.00812914
0.00687071
0.01126355
0.00705578
0.00615685
0.00634692
0.00622935
0.00702249
0.00697025
0.00784283
0.00820473
0.00787589
0.00672449
0.00541024
0.00600291
0.00671457
0.00676996
0.00561577
0.00522768
0.00823259
0.00624274
0.00603043
0.00570663
0.00617193
0.00629457
0.00567145
0.00631363
0.00637008
0.00662202
0.00675737
0.00742742
0.00761025
0.00709256
0.00602974
0.00692612
0.00864055
0.00578100
0.00697024
0.00701972
0.00782337
0.00532242
0.00613133
0.00634724
0.00693652
0.00582021
0.00595234
0.00622877
0.00759642
0.00669290
0.00587286
0.00549278
0.00516145
0.00657919
0.00734400
0.00790084
0.00746516
0.00655958
0.00672612
0.00908376
0.00985069
0.00595818
0.00620553
0.00613974
0.01112497
0.00634982
0.00646957
0.00599787
0.00710776
0.00742403
0.00675666
0.00546119
0.00855948
0.00632679
0.00804667
0.00651099
0.00723764
0.00586880
0.00692695
0.00791544
0.00583794
0.00768665
0.00679411
0.00601193
0.00704716
0.00626907
0.00833330
0.00591116
0.00597247
0.00581804
0.00754095
0.00647979
0.00670026
0.00586957
0.02405744
0.00709164
0.00769209
0.00591173
0.00668655
0.00627571
0.00633806
0.00877701
0.00687497
0.00562343
0.00556762
0.00895697
0.00753681
0.00638421
0.00588198
0.00627028
0.00693923
0.00591196
0.00532265
0.00634609
0.00623632
0.00679961
0.00577696
0.00734490
0.00600917
0.00641463
0.00525077
0.00620762
0.00665782
0.00543374
0.00556263
0.00960437
0.00591865
0.00665252
0.00814255
0.00785658
0.00687303
0.00571210
0.00783494
0.00533228
0.00625741
0.00904745
0.00890071
0.00649263
0.00570169
0.00574083
0.00566356
0.00616398
0.00761225
0.01093323
0.00768525
0.00716492
0.00545261
0.00661449
0.00676912
0.00783699
0.00569484
0.01168263
0.00631182
0.00788260
0.00759476
0.00696913
0.00980645
0.00688245
0.00593375
0.00785813
0.00985112
0.00673056
0.00805527
0.00610088
0.00579875
0.00740645
0.00537928
0.00620746
0.00726994
0.00680903
0.00842828
0.00711158
0.00561657
0.00888333
0.00912225
0.00581812
0.00710814
0.00628650
0.00747723
0.00601097
0.00646724
0.00594082
0.00535029
0.00903100
0.00650788
0.00521481
0.00731755
0.00589443
0.00893347
0.00514661
0.00599244
0.01169057
0.00572791
0.00768588
0.00544774
0.00598488
0.00605226
0.00606537
