0.01011835
0.01085252
0.01085322
0.00949350
0.01045328
0.01132841
0.01224173
0.00933694
0.01172443
0.00886935
0.00983052
0.00895032
0.03901396
0.01090248
0.01035659
0.00990516
0.00927280
0.01261254
0.01229089
0.00918883
0.01111662
0.01274078
0.00925288
0.01026641
0.00947077
0.01212888
0.00970548
0.01103087
0.01138151
0.01037454
0.00942867
0.00917272
0.01016871
0.00976291
0.01010305
0.01013846
0.00947968
0.00962196
0.01134813
0.01184201
0.01344000
0.01036634
0.01003177
0.01026737
0.00933354
0.01033410
0.01094781
0.01109024
0.01027914
0.00961889
0.01223310
0.01077948
0.00936431
0.01083170
0.00964581
0.01144710
0.00980112
0.01018953
0.00881829
0.01136563
0.01427674
0.00902036
0.01033358
0.00956548
0.01035357
0.00945573
0.00971789
0.00956284
0.01036601
0.01265667
0.01050515
0.00909814
0.01085616
0.01061456
0.01295369
0.01158167
0.01201933
0.02311717
0.00946134
0.00955800
0.00985862
0.01091344
0.01051441
0.00950402
0.00954358
0.01073059
0.01065287
0.00913352
0.01116152
0.00863993
0.01161442
0.01171314
0.00978395
0.01188644
0.01156273
0.00946863
0.01017390
0.01462477
0.00989112
0.00996436
0.01212959
0.00936686
0.01062459
0.01304536
0.00949424
0.00954106
0.01032886
0.01072088
0.01028601
0.01011390
0.01138425
0.01135691
0.00881457
0.00934634
0.01074408
0.01013336
0.01011827
0.00929557
0.01210050
0.01129526
0.00971797
0.01337369
0.00948684
0.01106135
0.01101997
0.01202503
0.01137385
0.00939542
0.01019209
0.01121593
0.01026869
0.01005877
0.00920761
0.01020860
0.00975229
0.01360460
0.01207295
0.01001213
0.00951338
0.00926741
0.01336097
0.01179364
0.02188926
0.00933940
0.01145643
0.01142677
0.01085334
0.01053492
0.00954842
0.01110760
0.00916078
0.00968074
0.00956902
0.01139913
0.01158445
0.00997323
0.01285602
0.00956101
0.00926077
0.01188921
0.00977101
0.01051537
0.01195063
0.01013505
0.01066660
0.01010584
0.01249909
0.00940099
0.00907487
0.00927822
0.01178799
0.01039166
0.01209184
0.01045082
0.01026250
0.00928294
0.01201587
0.01000773
0.01212315
0.00948483
0.01234141
0.01301024
0.00887094
0.01096070
0.01101067
0.01094636
0.00965651
0.01475244
0.00924757
0.01138634
0.01001257
0.01036180
0.01067406
0.01088831
0.01729386
0.01042189
0.00897949
0.01067733
0.01037148
0.01102959
0.00965916
0.01088600
0.01020104
0.01519714
0.01098592
0.01030656
0.00931254
0.00899156
0.01187673
0.01242454
0.01056513
0.01067169
0.01001511
0.01085814
0.01005722
0.01278485
0.00957877
0.00952307
0.01125154
0.01233911
0.00882145
0.01110275
0.01101002
0.00972701
0.00836178
0.00864954
0.01135313
0.00973161
0.00985289
0.00955390
0.00992701
0.00948377
0.01123546
0.01722667
0.01067214
0.00967211
0.01498022
0.00898788
0.00966145
0.01109433
0.00890798
0.00973733
0.01130270
0.01222424
0.01009945
0.00930728
0.01165690
0.01101923
0.01317522
0.01006363
0.01075511
0.01133596
0.00943891
0.01078926
0.01115103
0.01261065
0.00985255
0.00951007
0.01091317
0.00999651
0.01012636
0.00916896
0.01107788
0.01107828
0.00825592
0.01078678
0.00953136
0.01123632
0.00936307
0.01474789
0.01031159
0.00903256
0.00913992
0.01210305
0.01062194
0.01101789
0.01076211
0.00902219
0.00923996
0.01063365
0.00990264
0.01288763
0.01110689
0.00944881
0.01237291
0.01253755
0.01125454
0.01206219
0.01074902
0.01128903
0.01410576
0.00988912
0.00942224
0.01231670
0.01213167
0.01007340
0.01116162
0.00926719
0.00975509
0.00990702
0.00931389
0.00943308
0.01191357
0.01145167
0.00909541
0.01209200
0.00968407
0.01021353
0.00993989
0.01188356
0.01050396
0.01034349
0.01081172
0.01110811
0.01093816
0.01018971
0.01049215
0.00920633
0.01149180
0.00924797
0.00969626
0.01036826
0.01222492
0.01114220
0.00909542
0.00975439
0.01163504
0.00943338
0.01148460
0.01177846
0.01346100
0.01076573
0.01065451
0.00928224
0.01194324
0.00967396
0.00965046
0.00939100
0.01227990
0.00902671
0.01130942
0.01071354
0.00972668
0.00952171
0.00955502
0.00901043
0.00979512
0.00955574
0.00909043
0.01315290
0.01012863
0.01110913
0.01269428
0.01175853
0.01139215
0.01116959
0.01007233
0.01144321
0.01113467
0.01099336
0.00921907
0.00970642
0.00901096
0.01019964
0.01154402
0.01048908
0.01097767
0.01054246
0.00920228
0.01084720
0.01140454
0.00977766
0.01028109
0.00948262
0.01428478
0.00945994
0.00899771
0.01579500
0.00916626
0.00908693
0.01198557
0.01027104
0.00909180
0.01193847
0.01008251
0.01090954
0.01065689
0.01009928
0.00969441
0.01213860
0.01276328
0.00934446
0.01032516
0.01044003
0.00878767
0.00952520
0.01127792
0.01728199
0.00924083
0.01052005
0.00968746
0.00905173
0.00976510
0.01239341
0.04083311
0.00875570
0.00956949
0.00965017
0.00961450
0.01523895
0.01142256
0.01000083
0.01050221
0.00963076
0.00888420
0.01113095
0.01113535
0.01370906
0.00952136
0.01034050
0.01070311
0.01078012
0.00909518
0.01059125
0.00961242
0.00912776
0.00963169
0.01250009
0.00883302
0.01140741
0.01169853
0.00923450
0.01271378
0.00964008
0.01087609
0.01047850
0.01248253
0.01154547
0.00994794
0.00939804
0.01153363
0.01013396
0.01115346
0.00974684
0.01124596
0.00984567
0.01242991
0.00859716
0.01193850
0.01244648
0.01334131
0.01066143
0.01113005
0.01090971
0.01169286
0.01000758
0.01080136
0.01145294
0.01080785
0.00942211
0.01067695
0.01089195
0.01345027
0.01156677
0.01063292
0.00944765
0.01749769
0.01014638
0.00988588
0.00946453
0.01324428
0.01100861
0.01041978
0.01061638
0.01031820
0.00994166
0.01050902
0.01219832
0.00951897
0.01186798
0.01205050
0.01152617
0.00997373
0.00932197
0.01077967
0.01203535
0.01023929
0.01016451
0.02059814
0.01003403
0.01119215
0.01199667
0.00993509
0.01262285
0.01044640
0.01078879
0.00959259
0.00928599
0.01085300
0.01275222