0.01048329
0.01193848
0.01183902
0.01218303
0.01418744
0.01341359
0.01158631
0.01385847
0.00967138
0.01251134
0.01184442
0.01656797
0.01068061
0.01339341
0.01075952
0.01560830
0.01497493
0.01301439
0.01419742
0.01026331
0.02189404
0.01298012
0.01417957
0.01990563
0.00989038
0.01425857
0.01326717
0.01283503
0.01473885
0.01306926
0.01423306
0.01380006
0.01095985
0.01171499
0.01291725
0.01357013
0.01382235
0.01413271
0.01160634
0.01451149
0.02772025
0.01311448
0.01295593
0.01239103
0.01095926
0.01263591
0.02980958
0.01523238
0.01635491
0.01414209
0.01564477
0.01504176
0.01069384
0.01261863
0.01951855
0.01174772
0.01513595
0.01135419
0.00946827
0.01648194
0.01311285
0.01375439
0.01331769
0.01259590
0.01362990
0.01145810
0.01402934
0.01476529
0.01323065
0.08590722
0.01314581
0.01224049
0.01352500
0.01188133
0.01008885
0.02438254
0.01335047
0.01375356
0.01425286
0.01278758
0.01195522
0.01204506
0.01268515
0.01362920
0.01158816
0.01098248
0.01156061
0.01144934
0.01188184
0.01577464
0.01070021
0.01032075
0.01049085
0.01577534
0.01573311
0.00964739
0.01279984
0.01132694
0.01075126
0.01091052
0.01111373
0.01078408
0.01365184
0.01498993
0.01479664
0.01782906
0.01781085
0.01642410
0.01201510
0.01508382
0.01349642
0.01121210
0.01083572
0.01480748
0.01108794
0.01152054
0.01377663
0.01818489
0.01068959
0.01278668
0.01640308
0.01012060
0.01116651
0.01386985
0.01130967
0.01498932
0.01238512
0.00971292
0.01146804
0.01045719
0.01333202
0.01887231
0.01130442
0.01221396
0.02520937
0.01074073
0.01263995
0.01339322
0.01241302
0.01205995
0.01027409
0.01218427
0.01202048
0.02493171
0.01255553
0.00992966
0.01116899
0.01339196
0.01345035
0.01998062
0.01185028
0.01236167
0.01546333
0.01486381
0.01319340
0.01303695
0.01842726
0.01463879
0.01116740
0.01351590
0.01133709
0.01326421
0.01065597
0.01250096
0.02531701
0.01125234
0.01278617
0.01000029
0.01312133
0.01164109
0.01255808
0.01771138
0.01272025
0.01494948
0.01525383
0.01192547
0.01458008
0.01219140
0.01278612
0.01155680
0.01141410
0.01496934
0.01459584
0.01296996
0.01641512
0.00999198
0.01137071
0.01181223
0.01366932
0.01029573
0.01653043
0.01229973
0.01307231
0.01160107
0.00994658
0.01181672
0.01350793
0.02136130
0.02269190
0.01062150
0.01395155
0.01342506
0.01069127
0.01288235
0.02236761
0.01721065
0.01370082
0.00999292
0.02290625
0.01020656
0.01136921
0.01474275
0.01544083
0.01228494
0.01095184
0.01291305
0.01251120
0.01878772
0.01328865
0.01382588
0.01460685
0.01088534
0.01142738
0.02136445
0.01058415
0.01424547
0.01369178
0.01375249
0.01265603
0.01219153
0.01461966
0.01212777
0.00916706
0.01245880
0.01205898
0.01936165
0.01072506
0.01178423
0.01135306
0.01914228
0.01389386
0.01214598
0.01288311
0.01972855
0.01237716
0.01277153
0.02098915
0.01016384
0.02206074
0.01320297
0.01404471
0.01980534
0.01322056
0.00984443
0.01233376
0.01082528
0.01073259
0.01676908
0.01450622
0.01565789
0.01155550
0.01705222
0.01027336
0.01265962
0.01397041
0.01492976
0.01357402
0.01098543
0.01104849
0.01241667
0.02283199
0.01320276
0.00990060
0.01264618
0.01700269
0.01181111
0.01324981
0.01368136
0.01304244
0.01305035
0.01130990
0.02261637
0.01453662
0.01049313
0.01598578
0.01365190
0.01194197
0.01491469
0.01344535
0.01292320
0.01206190
0.01166272
0.01192396
0.01207469
0.01331381
0.01128914
0.01360460
0.02179009
0.01473515
0.01359314
0.01065514
0.01257110
0.01075035
0.01440569
0.01222691
0.01364141
0.01135343
0.01351059
0.01130093
0.01428353
0.01532743
0.02168295
0.01443195
0.01049209
0.01116185
0.01235357
0.01808134
0.01188748
0.01157835
0.01247141
0.02089685
0.01469534
0.01154621
0.01142231
0.01452681
0.01025451
0.01487396
0.01370150
0.01275751
0.01401200
0.01109335
0.01138285
0.01023865
0.01473328
0.01371324
0.01022835
0.01848565
0.01160363
0.01380949
0.01138373
0.01376467
0.01545623
0.01359259
0.01104327
0.01226483
0.01095210
0.01188355
0.01155993
0.01011222
0.01252802
0.01068541
0.01396849
0.01115191
0.01669883
0.01511027
0.01446490
0.01156405
0.01288489
0.01270682
0.01183905
0.01538928
0.01369693
0.01335589
0.01234847
0.01481618
0.01156557
0.02293023
0.01072677
0.01274226
0.01605380
0.01150586
0.01007974
0.07619741
0.01214334
0.01322566
0.01233757
0.01316066
0.01575782
0.00996575
0.01803480
0.01334591
0.01153547
0.01515109
0.01079009
0.01315311
0.01583136
0.01133585
0.01504296
0.01105762
0.01226642
0.01157628
0.01210374
0.01002543
0.01585676
0.01292382
0.01275133
0.01630329
0.01562639
0.01661492
0.01214556
0.01070031
0.01408264
0.01369649
0.01365733
0.02193418
0.01661423
0.01580087
0.01235637
0.01057816
0.01351431
0.01460332
0.00949062
0.01325425
0.01807126
0.01079853
0.01406578
0.01239143
0.01356319
0.01217587
0.01466535
0.01278472
0.01765558
0.01126123
0.02341528
0.01245895
0.01842570
0.01058331
0.13811411
0.01239708
0.01211795
0.01406848
0.01005404
0.02467298
0.01076333
0.01475251
0.01042562
0.01240159
0.01167582
0.01009354
0.01007179
0.01222576
0.01499359
0.01443743
0.01219301
0.01275719
0.01472942
0.01473248
0.01231296
0.01121998
0.01358457
0.01013106
0.01150625
0.01041505
0.01209717
0.01262540
0.01150631
0.01335315
0.01457288
0.01100112
0.01450685
0.01115183
0.01719378
0.01176635
0.01182459
0.01066665
0.01445212
0.01472266
0.01151557
0.01531813
0.01068981
0.01150385
0.01431891
0.01117855
0.01841356
0.01169848
0.01165161
0.01201833
0.01101397
0.01236432
0.01473416
0.01380316
0.01353043
0.01038857
0.01432414
0.01218219
0.01545895
0.01493101
0.01516550
0.01780709
0.01268801
0.01099367
0.01008208
0.01344531
0.01729655
0.01394470
0.01135256
0.01107099
0.01326169
0.01231972
0.01202595
