0.00473442
0.00539124
0.00501259
0.00767592
0.00466330
0.00545145
0.00524651
0.00540775
0.00601789
0.00549737
0.00480959
0.00555840
0.00537569
0.00509480
0.00501459
0.00530281
0.00530409
0.00556876
0.00530759
0.00541648
0.00530583
0.00546615
0.00526409
0.00550744
0.00556341
0.00559815
0.00608316
0.00514759
0.00554347
0.00615079
0.00571647
0.00579891
0.00499761
0.00583024
0.00497526
0.00552685
0.00484529
0.00629643
0.00503742
0.00555786
0.00487905
0.00519186
0.00572134
0.00479203
0.00464799
0.00493343
0.00539026
0.00505211
0.00564003
0.00488813
0.00549016
0.00527811
0.00605430
0.00492939
0.00514031
0.00491438
0.00517077
0.00576816
0.00491032
0.00522356
0.00646777
0.00567211
0.00523068
0.00697054
0.00562078
0.00550156
0.00518531
0.00490267
0.00523828
0.00519664
0.00564216
0.00546582
0.00566625
0.00525664
0.00648288
0.00512367
0.00533286
0.00519913
0.00533023
0.00474266
0.00531329
0.00699877
0.00629427
0.00505553
0.00560452
0.00470550
0.00526091
0.00493477
0.00474414
0.00497131
0.00585866
0.00531228
0.00603935
0.00747122
0.00586615
0.00530019
0.00522126
0.00534861
0.00574694
0.00700138
0.00526635
0.00503986
0.00618063
0.00521995
0.00545349
0.00491291
0.00551645
0.00554368
0.00704870
0.00587352
0.00598030
0.00503665
0.00494676
0.00505073
0.00518645
0.00522302
0.00481679
0.00508646
0.00600089
0.00643111
0.00533936
0.00525323
0.00517684
0.00472351
0.00567786
0.00617107
0.00510571
0.00496674
0.00523627
0.00692992
0.00514306
0.00548605
0.00590622
0.00558279
0.00544927
0.00524079
0.00535556
0.00477797
0.00481128
0.00484959
0.00499003
0.00606363
0.00492572
0.00575630
0.00540193
0.00544630
0.00590868
0.00531695
0.00631358
0.00660933
0.00515707
0.00489358
0.00575145
0.00586721
0.00564174
0.00517525
0.00520600
0.00508855
0.00573562
0.00591502
0.00530141
0.00520253
0.00652779
0.00527379
0.00520767
0.00507774
0.00587731
0.00499041
0.00591078
0.00517694
0.00531837
0.00608447
0.00618078
0.00548201
0.00557710
0.00504060
0.00490294
0.00502679
0.00458031
0.00533219
0.00504965
0.00524043
0.00502126
0.00533116
0.00517988
0.00515484
0.00511119
0.00510907
0.00519834
0.00556530
0.00628633
0.01088903
0.00510906
0.00554958
0.00478545
0.00530045
0.00514852
0.00472525
0.00585291
0.00621515
0.00573513
0.00545176
0.00608490
0.01260573
0.00464374
0.00645129
0.00541836
0.00553715
0.00540308
0.00533978
0.00520674
0.00553351
0.00550016
0.00549732
0.00548785
0.00555720
0.00548285
0.00509269
0.00524939
0.00466745
0.00515112
0.00508777
0.00577346
0.00543795
0.00496003
0.00626619
0.00580261
0.00545912
0.00483399
0.00572774
0.00547442
0.00661446
0.00473361
0.00607103
0.00564249
0.00463156
0.00592762
0.00546204
0.00493917
0.00577833
0.00527306
0.00612035
0.00462391
0.00489092
0.00532483
0.00597079
0.00517072
0.00516042
0.00505510
0.00537171
0.00755413
0.00528217
0.00524597
0.00618316
0.00511178
0.00534975
0.00511836
0.00553297
0.00523605
0.00565707
0.00530796
0.00511804
0.00497566
0.00547870
0.00561043
0.00488247
0.00488296
0.00527966
0.00553459
0.00483768
0.00558280
0.00573140
0.00523531
0.00525930
0.00624757
0.00551489
0.00558547
0.00567949
0.00524857
0.00579211
0.00564454
0.00617745
0.00508225
0.00559935
0.00571709
0.00547555
0.00638994
0.00780492
0.00565450
0.00538418
0.00473807
0.00515208
0.00511897
0.00514298
0.00595211
0.00650529
0.00541118
0.00580141
0.00509700
0.00514024
0.00490563
0.00873020
0.00592285
0.00543412
0.00512249
0.00595974
0.00509747
0.00449322
0.00497052
0.00576512
0.00515893
0.00595545
0.00510357
0.00559979
0.00534265
0.00530608
0.00573248
0.00487869
0.00485844
0.00457797
0.00528938
0.00599109
0.00511571
0.00589092
0.00504723
0.00570424
0.00609549
0.00550351
0.00475272
0.00551450
0.00498655
0.00538062
0.00572479
0.00556499
0.00582667
0.00574186
0.00576650
0.00487203
0.00502377
0.00531162
0.00525469
0.00521076
0.00541552
0.00523698
0.00515435
0.00523995
0.00576238
0.00514954
0.00606709
0.00508311
0.00590299
0.00553524
0.00475073
0.00511480
0.00476690
0.00602779
0.00470944
0.00478046
0.00493248
0.00517147
0.00547160
0.00807484
0.00498715
0.00535940
0.00508393
0.00510415
0.00529708
0.00474653
0.00562385
0.00573139
0.00560713
0.00574053
0.00507055
0.00611121
0.00513203
0.00523363
0.00584109
0.00617648
0.00534685
0.00571482
0.00666029
0.00629840
0.00602333
0.00519835
0.00499593
0.00545469
0.00578310
0.00610736
0.00495910
0.00530684
0.00616567
0.00562440
0.00564706
0.00633815
0.00527254
0.00553241
0.00495261
0.00502363
0.00582657
0.00532749
0.00509757
0.00504743
0.00544800
0.00525450
0.00525855
0.00515333
0.00618131
0.00831843
0.00553115
0.00531494
0.00663603
0.00536929
0.00476796
0.00565090
0.00499137
0.00500773
0.00518365
0.00580107
0.00593182
0.00551477
0.00507948
0.00544800
0.00587142
0.00533303
0.00498883
0.00557748
0.00523673
0.00657770
0.00715860
0.00582829
0.00487089
0.00464731
0.00650400
0.00516001
0.00594122
0.00653440
0.00792425
0.00537167
0.00600233
0.00628801
0.00496512
0.00551426
0.00521021
0.00595667
0.00504934
0.00656620
0.00487496
0.00578509
0.00504864
0.00627191
0.00614053
0.00515832
0.00645849
0.00581967
0.00587639
0.00481149
0.00500970
0.00502961
0.00537444
0.00512601
0.00596476
0.00495904
0.00760379
0.00608503
0.00579333
0.00507748
0.00523356
0.00568374
0.00510455
0.00551460
0.00463454
0.00501535
0.00545632
0.00506503
0.00751324
0.00555134
0.00686122
0.00524379
0.00550567
0.00579766
0.00529102
0.00515954
0.00565429
0.00555178
0.00572996
0.00490561
0.00605605
0.00542179
0.00484217
0.00556557
0.00492082
0.00617945
0.00553314
0.00665589
0.00523162
0.00620751
0.00509771
0.00520744
0.00484842
0.00545480