0.00043347
0.00042580
0.00041418
0.00041521
0.00042648
0.00043432
0.00042608
0.00043341
0.00042382
0.00040967
0.00042190
0.00042063
0.00043705
0.00043708
0.00041687
0.00042056
0.00042017
0.00042552
0.00042575
0.00042526
0.00042692
0.00042089
0.00040929
0.00043145
0.00042456
0.00041732
0.00042545
0.00041416
0.00043723
0.00042618
0.00041260
0.00041805
0.00042998
0.00041999
0.00046991
0.00043117
0.00042212
0.00042934
0.00041937
0.00042955
0.00044828
0.00041625
0.00042766
0.00041648
0.00042070
0.00043468
0.00044481
0.00042254
0.00042063
0.00043309
0.00043052
0.00041746
0.00041556
0.00041809
0.00042787
0.00043688
0.00044870
0.00042553
0.00041903
0.00041617
0.00041480
0.00042127
0.00041163
0.00043010
0.00041618
0.00041227
0.00042830
0.00042730
0.00041571
0.00044288
0.00043578
0.00041827
0.00042750
0.00043335
0.00042835
0.00042556
0.00042996
0.00041901
0.00043282
0.00041458
0.00043018
0.00041463
0.00043028
0.00042728
0.00041933
0.00042048
0.00043684
0.00045375
0.00041825
0.00041264
0.00041895
0.00043756
0.00041687
0.00041331
0.00041255
0.00042171
0.00041652
0.00042271
0.00041839
0.00041329
0.00041799
0.00042677
0.00041208
0.00042940
0.00043615
0.00041906
0.00041988
0.00043825
0.00043412
0.00041405
0.00042836
0.00042351
0.00041949
0.00042353
0.00041616
0.00042739
0.00042379
0.00043088
0.00042219
0.00041399
0.00042417
0.00043171
0.00041563
0.00042437
0.00042145
0.00041850
0.00042200
0.00042884
0.00042839
0.00042160
0.00042021
0.00041048
0.00042555
0.00042409
0.00042931
0.00042420
0.00042177
0.00042590
0.00046527
0.00042367
0.00042620
0.00043330
0.00042184
0.00042939
0.00042479
0.00042555
0.00042207
0.00042501
0.00041564
0.00044599
0.00041351
0.00040936
0.00042772
0.00042570
0.00041926
0.00042068
0.00043185
0.00041616
0.00042946
0.00042224
0.00044679
0.00042595
0.00041132
0.00040692
0.00042098
0.00042486
0.00042196
0.00041226
0.00041485
0.00043319
0.00046014
0.00042434
0.00042831
0.00042218
0.00041394
0.00042181
0.00042128
0.00042382
0.00043050
0.00041545
0.00042985
0.00042813
0.00042418
0.00041714
0.00041498
0.00042380
0.00040915
0.00042153
0.00042385
0.00042421
0.00042422
0.00042021
0.00042405
0.00042213
0.00041376
0.00041459
0.00042671
0.00040821
0.00041011
0.00043134
0.00041283
0.00043452
0.00042509
0.00040458
0.00042263
0.00041681
0.00041952
0.00041739
0.00042471
0.00042604
0.00042459
0.00041891
0.00042588
0.00043260
0.00044521
0.00042883
0.00042624
0.00042093
0.00041841
0.00041441
0.00043396
0.00042952
0.00042168
0.00043374
0.00041632
0.00042666
0.00041868
0.00042074
0.00041308
0.00043590
0.00043190
0.00042436
0.00042001
0.00042089
0.00042499
0.00044389
0.00042501
0.00041632
0.00042511
0.00042292
0.00044659
0.00044246
0.00041806
0.00041507
0.00042444
0.00043276
0.00043215
0.00040817
0.00042604
0.00043051
0.00041519
0.00042296
0.00042270
0.00042468
0.00042083
0.00042930
0.00041898
0.00042200
0.00042072
0.00041530
0.00041935
0.00042339
0.00041954
0.00041959
0.00042950
0.00040851
0.00043678
0.00041151
0.00042120
0.00041159
0.00041587
0.00041824
0.00043419
0.00042217
0.00041790
0.00042689
0.00041347
0.00043347
0.00042372
0.00044073
0.00042118
0.00043151
0.00041094
0.00041986
0.00042125
0.00043590
0.00041522
0.00042385
0.00041590
0.00042810
0.00042604
0.00043132
0.00042745
0.00041381
0.00041766
0.00042155
0.00045373
0.00042456
0.00044090
0.00043661
0.00041691
0.00041723
0.00042769
0.00040897
0.00042671
0.00041456
0.00042799
0.00042653
0.00041906
0.00042829
0.00042565
0.00042515
0.00041225
0.00041284
0.00042115
0.00043085
0.00040887
0.00042089
0.00043856
0.00041143
0.00041454
0.00042375
0.00040319
0.00040778
0.00041332
0.00041953
0.00042878
0.00041558
0.00042282
0.00043726
0.00042403
0.00040691
0.00041159
0.00042323
0.00043044
0.00042893
0.00041480
0.00043684
0.00042079
0.00042937
0.00041727
0.00042415
0.00041750
0.00043397
0.00043486
0.00043421
0.00042473
0.00042634
0.00042197
0.00043421
0.00043143
0.00042559
0.00043474
0.00041857
0.00041674
0.00043009
0.00042267
0.00042343
0.00042571
0.00042326
0.00043210
0.00043059
0.00042378
0.00041934
0.00042228
0.00041387
0.00041753
0.00040832
0.00041399
0.00042555
0.00042755
0.00041015
0.00041757
0.00042382
0.00042903
0.00041373
0.00042271
0.00044783
0.00042189
0.00043684
0.00041517
0.00042314
0.00043059
0.00041400
0.00042302
0.00042005
0.00043017
0.00043552
0.00042518
0.00042182
0.00041980
0.00042693
0.00043623
0.00041927
0.00043550
0.00041761
0.00042020
0.00043230
0.00040848
0.00041709
0.00042369
0.00042660
0.00042377
0.00041794
0.00042029
0.00041027
0.00040880
0.00041795
0.00042092
0.00041511
0.00047173
0.00042131
0.00042004
0.00042971
0.00041532
0.00043719
0.00041464
0.00043208
0.00040892
0.00041342
0.00043099
0.00041814
0.00041506
0.00041235
0.00041576
0.00043093
0.00042598
0.00041033
0.00042988
0.00042472
0.00042531
0.00041689
0.00042972
0.00041969
0.00044177
0.00042524
0.00042724
0.00042386
0.00042603
0.00042241
0.00041791
0.00040746
0.00043276
0.00041621
0.00042593
0.00041882
0.00041524
0.00042299
0.00043329
0.00043752
0.00041514
0.00040416
0.00041125
0.00042236
0.00043333
0.00042028
0.00041616
0.00044324
0.00042174
0.00042923
0.00043592
0.00041469
0.00043233
0.00042534
0.00042498
0.00042390
0.00042074
0.00042992
0.00042257
0.00043715
0.00043164
0.00042284
0.00043412
0.00041936
0.00042039
0.00043504
0.00041662
0.00042614
0.00041910
0.00042272
0.00041257
0.00041625
0.00041986
0.00041565
0.00042248
0.00041896
0.00041000
0.00041928
0.00042951
0.00042057
0.00043852
0.00041470
0.00041574
0.00043547
0.00042126
0.00042554
0.00043801
0.00042199
0.00041448
0.00042330