0.00495642
0.00435923
0.00457335
0.00452598
0.00449146
0.00481861
0.00426982
0.00478888
0.00437600
0.00472503
0.00486496
0.00442969
0.00461130
0.00435138
0.00460755
0.00452205
0.00459917
0.00439614
0.00440568
0.00476430
0.00477540
0.00456118
0.00450738
0.00433462
0.00464205
0.00535523
0.00457855
0.00417854
0.00526236
0.00490734
0.00466012
0.00465347
0.00463888
0.00509830
0.00422327
0.00496813
0.00427193
0.00429861
0.00457991
0.00475873
0.00454266
0.00454547
0.00459666
0.00477242
0.00439317
0.00467465
0.00469907
0.00479241
0.00448036
0.00440393
0.00454642
0.00419436
0.00449549
0.00452990
0.00442031
0.00455704
0.00448195
0.00484769
0.00473704
0.00451618
0.00435936
0.00514434
0.00419367
0.00481165
0.00446271
0.00471992
0.00443358
0.00451647
0.00461614
0.00436771
0.00460313
0.00466246
0.00444428
0.00448331
0.00461100
0.00513945
0.00478240
0.00435373
0.00464162
0.00462269
0.00440784
0.00464773
0.00449085
0.00449929
0.00469324
0.00444843
0.00478279
0.00444247
0.00448037
0.00492747
0.00483981
0.00455289
0.00493784
0.00476338
0.00456339
0.00429681
0.00445208
0.00446428
0.00472170
0.00456423
0.00462753
0.00438894
0.00453058
0.00471014
0.00451159
0.00439734
0.00465748
0.00484116
0.00477842
0.00475662
0.00499948
0.00453414
0.00450928
0.00486688
0.00441836
0.00452409
0.00449260
0.00432448
0.00494164
0.00476524
0.00460184
0.00443539
0.00456723
0.00442630
0.00465767
0.00441904
0.00498201
0.00449065
0.00446126
0.00503458
0.00449668
0.00450166
0.00517158
0.00472183
0.00435233
0.00440637
0.00465634
0.00450713
0.00439343
0.00452833
0.00442478
0.00469499
0.00437827
0.00480719
0.00481377
0.00495062
0.00487697
0.00454630
0.00433844
0.00461295
0.00481336
0.00444845
0.00450720
0.00450642
0.00446886
0.00417983
0.00473773
0.00488479
0.00451728
0.00445354
0.00503198
0.00451376
0.00456587
0.00478677
0.00475659
0.00428644
0.00447728
0.00437124
0.00471480
0.00442627
0.00473386
0.00453740
0.00465400
0.00460251
0.00437547
0.00471684
0.00456898
0.00437068
0.00464848
0.00467123
0.00476000
0.00459145
0.00450172
0.00467996
0.00468388
0.00452836
0.00441344
0.00454373
0.00450949
0.00465973
0.00462189
0.00454261
0.00454018
0.00462756
0.00456695
0.00452317
0.00477605
0.00468320
0.00468385
0.00469399
0.00450273
0.00441008
0.00507296
0.00470229
0.00536967
0.00430296
0.00480049
0.00473021
0.00496548
0.00438706
0.00455508
0.00438186
0.00470540
0.00448689
0.00425427
0.00473060
0.00467492
0.00438766
0.00445223
0.00424448
0.00482079
0.00483752
0.00448780
0.00466920
0.00438913
0.00504274
0.00444893
0.00431744
0.00493025
0.00466220
0.00459493
0.00479482
0.00451885
0.00455495
0.00442055
0.00463106
0.00443875
0.00448682
0.00467032
0.00459782
0.00437434
0.00447083
0.00442912
0.00440326
0.00437038
0.00423841
0.00467547
0.00450949
0.00496648
0.00540623
0.00474837
0.00483194
0.00532361
0.00460274
0.00426933
0.00436287
0.00445076
0.00461957
0.00443809
0.00469191
0.00441167
0.00552920
0.00436908
0.00444973
0.00432113
0.00443412
0.00446860
0.00451256
0.00448008
0.00499000
0.00461035
0.00471136
0.00427513
0.00502385
0.00487092
0.00453000
0.00449206
0.00501631
0.00465655
0.00455775
0.00479090
0.00433495
0.00426676
0.00465419
0.00482804
0.00494779
0.00471595
0.00431812
0.00420022
0.00466533
0.00429274
0.00450975
0.00458441
0.00440651
0.00518310
0.00453041
0.00473930
0.00435976
0.00448760
0.00444576
0.00491806
0.00440511
0.00492228
0.00508902
0.00437887
0.00457169
0.00460094
0.00459087
0.00455282
0.00449678
0.00446988
0.00482417
0.00486699
0.00499309
0.00480946
0.00501214
0.00479175
0.00467985
0.00554229
0.00472562
0.00442928
0.00461671
0.00473604
0.00490976
0.00463888
0.00450602
0.00429480
0.00454614
0.00454672
0.00449338
0.00444547
0.00477049
0.00502082
0.00454284
0.00427695
0.00449898
0.00461303
0.00459625
0.00438103
0.00473265
0.00481402
0.00459094
0.00471000
0.00477139
0.00462029
0.00451031
0.00483341
0.00442382
0.00442195
0.00455632
0.00456370
0.00485496
0.00486086
0.00479539
0.00437580
0.00464837
0.00477575
0.00448414
0.00454042
0.00439661
0.00485974
0.00438470
0.00426523
0.00413536
0.00509421
0.00479229
0.00468277
0.00470519
0.00451793
0.00460969
0.00440068
0.00458207
0.00440350
0.00507122
0.00477517
0.00424369
0.00480150
0.00457068
0.00628920
0.00437742
0.00435961
0.00442522
0.00443236
0.00477306
0.00454052
0.00483661
0.00463593
0.00459595
0.00475086
0.00473201
0.00470706
0.00458364
0.00458084
0.00441817
0.00428669
0.00448802
0.00444098
0.00433217
0.00448319
0.00438743
0.00457457
0.00429249
0.00412201
0.00469561
0.00437975
0.00454682
0.00432985
0.00500507
0.00456940
0.00480577
0.00463848
0.00460548
0.00451507
0.00450518
0.00450522
0.00450258
0.00473773
0.00469358
0.00462036
0.00442604
0.00486642
0.00452388
0.00485797
0.00446452
0.00487398
0.00449166
0.00455255
0.00437964
0.00460334
0.00461608
0.00432876
0.00507942
0.00491545
0.00433981
0.00447374
0.00458936
0.00457102
0.00450554
0.00432688
0.00453706
0.00470331
0.00418770
0.00453135
0.00446862
0.00483304
0.00457146
0.00428192
0.00454562
0.00458044
0.00447341
0.00417907
0.00500564
0.00482129
0.00454765
0.00450964
0.00467434
0.00449791
0.00447795
0.00457535
0.00451858
0.00465617
0.00475891
0.00464300
0.00461389
0.00473207
0.00448737
0.00488154
0.00463723
0.00461183
0.00422473
0.00461282
0.00440251
0.00479430
0.00434601
0.00479673
0.00418818
0.00452333
0.00486222
0.00446936
0.00438701
0.00436529
0.00444215
0.00420998
0.00438757
0.00455545
0.00455329
0.00458741
0.00449609
0.00484646
0.00493843
0.00492612
0.00441347
0.00433464
0.00455796
0.00483025
0.00458928
0.00426877
0.00452691
0.00457717
0.00469763
