0.00517006
0.00407389
0.00300685
0.00416859
0.00364930
0.00393190
0.00341497
0.00382833
0.00443210
0.00621428
0.00429584
0.00324384
0.00416270
0.00431646
0.00497783
0.00342858
0.00294735
0.00435501
0.00353549
0.00327337
0.00602346
0.00350662
0.00501923
0.00343463
0.00371324
0.00676536
0.00481501
0.00327814
0.00456591
0.00441559
0.00338671
0.00312040
0.00351806
0.00491500
0.00316319
0.00376462
0.00382476
0.00396608
0.00465441
0.00472479
0.00356835
0.00355216
0.00523790
0.00341708
0.00316324
0.00321552
0.00298735
0.00320363
0.00387338
0.00429272
0.00384057
0.00462080
0.00711261
0.00621443
0.00421215
0.00313950
0.00353635
0.00420997
0.00672247
0.00342320
0.00408406
0.00279792
0.00304104
0.00335237
0.00349359
0.00400312
0.00514356
0.00649540
0.00363826
0.00394365
0.00385981
0.00485887
0.00433158
0.00337272
0.00529944
0.00400208
0.00368406
0.00328719
0.00427145
0.00541746
0.00369140
0.00351763
0.00564650
0.00634561
0.00330100
0.00371359
0.00351653
0.00384734
0.00290211
0.00402588
0.00309854
0.00297413
0.00368059
0.00366540
0.00303580
0.00314190
0.00374337
0.00329114
0.00297545
0.00386191
0.00367498
0.00422730
0.00600620
0.00383294
0.00544142
0.00457558
0.00399483
0.00297208
0.00288680
0.00376640
0.00339596
0.00345703
0.00352945
0.00304578
0.00317759
0.00358858
0.00586771
0.00440198
0.00447043
0.00516387
0.00394970
0.00829859
0.00326077
0.00414592
0.00374795
0.00496100
0.00335137
0.00365384
0.00409230
0.00367853
0.00304556
0.00304979
0.00364533
0.00323056
0.00561065
0.00350398
0.00427279
0.00364096
0.00348550
0.00301521
0.00315728
0.00357490
0.00449361
0.00441552
0.00375795
0.00430074
0.00518902
0.00301582
0.00473889
0.00360333
0.00490787
0.00427859
0.00983827
0.00307722
0.00379643
0.00352056
0.00310078
0.00404345
0.01206588
0.00351035
0.00433319
0.00286678
0.00323185
0.00448310
0.00321121
0.00514733
0.00386521
0.00619173
0.00290322
0.00490864
0.00499080
0.00406549
0.00362587
0.00328085
0.00360706
0.00574609
0.00469466
0.00324997
0.00503688
0.00302826
0.00426755
0.00352762
0.00335133
0.00384185
0.00393095
0.00453703
0.00366192
0.00350532
0.00383965
0.00387869
0.00320925
0.00352412
0.00721083
0.00364033
0.00338334
0.00299272
0.00390712
0.00356288
0.00346973
0.00376600
0.00367151
0.00352667
0.00390664
0.00375032
0.00343239
0.00316226
0.00350854
0.00388464
0.00354842
0.00437421
0.00376242
0.00346036
0.00369324
0.00537995
0.00369644
0.00540010
0.00342787
0.00408036
0.00455012
0.00572722
0.00375837
0.00383455
0.00367295
0.00505353
0.00315084
0.00290957
0.00346530
0.00326564
0.00306254
0.00657670
0.00337001
0.00295034
0.00397280
0.00580766
0.00357558
0.00654648
0.00367839
0.00374471
0.00440544
0.00393490
0.00291782
0.00391423
0.00318643
0.00359092
0.00384189
0.00298807
0.00452298
0.00468323
0.00744997
0.00328447
0.00514214
0.00406541
0.00340108
0.00398468
0.00978809
0.00356204
0.00384415
0.00386710
0.00333299
0.00398464
0.00337351
0.00322242
0.00387827
0.00406514
0.00303999
0.00569796
0.00348426
0.00725833
0.00352088
0.00323609
0.00521877
0.00297029
0.00334077
0.00354611
0.00322381
0.00416955
0.00700932
0.00365904
0.00563042
0.00463495
0.00375738
0.00306976
0.00300080
0.00381999
0.00410893
0.00298662
0.00402864
0.00325088
0.00474814
0.00381212
0.00335566
0.00343667
0.00342183
0.00340719
0.00498868
0.00338199
0.00361848
0.00368638
0.00530168
0.00730891
0.00463700
0.00404191
0.00342463
0.00452565
0.00348029
0.00335217
0.00392928
0.00366319
0.00408474
0.00298998
0.00378477
0.00446189
0.00461455
0.00380836
0.00350411
0.00441725
0.00495892
0.00477211
0.00470283
0.00347906
0.00382335
0.00396139
0.00343533
0.00295554
0.00385211
0.00365875
0.00377986
0.00365915
0.00326297
0.00390796
0.00375190
0.00335652
0.00330690
0.00516707
0.00342433
0.00352549
0.00369846
0.00304098
0.00417261
0.00329388
0.00404630
0.00459356
0.00372371
0.00555298
0.00305429
0.00379262
0.00649042
0.00427403
0.00908620
0.00364272
0.00352213
0.00329578
0.00619705
0.00615062
0.00548826
0.00374931
0.00417489
0.00403883
0.00435558
0.00403653
0.00429263
0.00311442
0.00364248
0.00313299
0.00353102
0.00367491
0.00372673
0.00573150
0.00307558
0.00359861
0.00372685
0.00471417
0.00505482
0.00412030
0.00311029
0.00306708
0.00457756
0.00350724
0.00406245
0.00353566
0.00398586
0.00415071
0.00323836
0.00388330
0.00341277
0.00390506
0.00549571
0.00513159
0.00350717
0.00352606
0.00258268
0.00421485
0.00418720
0.00544648
0.00374803
0.00411241
0.00287446
0.00443997
0.00304243
0.00378181
0.01220863
0.00412240
0.00410951
0.00460379
0.00320843
0.00345182
0.00660778
0.00474460
0.00306613
0.00280531
0.00436508
0.00413433
0.00412045
0.00499091
0.00396302
0.00508475
0.00317059
0.00316230
0.00581682
0.00479873
0.00563856
0.00335265
0.00330005
0.00407645
0.00349694
0.00361729
0.00422576
0.00321159
0.00331494
0.00675674
0.00352616
0.00685921
0.00427403
0.00482083
0.00340778
0.00319533
0.00377784
0.00353542
0.00325895
0.00388062
0.00364587
0.00298932
0.00370234
0.00462095
0.00354519
0.00293602
0.00381471
0.00336660
0.00340560
0.00336563
0.00670030
0.00289159
0.00292576
0.00574275
0.00428848
0.00384416
0.00681070
0.00649731
0.00439303
0.00380065
0.00394150
0.00378549
0.00352675
0.00323975
0.00373259
0.00368080
0.00428600
0.00356379
0.00384264
0.00431089
0.00329211
0.00330915
0.00330268
0.00377414
0.00416642
0.00385862
0.00488497
0.00732782
0.00344319
0.00329731
0.00508135
0.00384158
0.00410111
0.00312180
0.00388898
0.00364377
0.00350341
0.00296168
0.00392211
0.00320639
0.00502700
0.00385745
0.00400688
0.00332547
0.00403516
0.00393596
0.00418429
0.00382303
0.00445246
0.00402811