0.00052081
0.00050024
0.00050866
0.00050209
0.00049783
0.00048948
0.00050976
0.00047490
0.00052565
0.00049807
0.00048044
0.00049134
0.00047751
0.00049924
0.00051160
0.00047647
0.00048877
0.00049383
0.00047872
0.00051765
0.00049000
0.00048347
0.00048045
0.00050121
0.00051138
0.00047482
0.00050304
0.00049279
0.00050583
0.00048413
0.00047208
0.00048218
0.00052336
0.00051382
0.00052973
0.00047896
0.00048656
0.00047341
0.00047539
0.00049976
0.00048695
0.00048394
0.00051487
0.00050112
0.00049296
0.00047405
0.00050518
0.00050847
0.00047430
0.00049097
0.00050264
0.00046973
0.00049051
0.00047748
0.00051244
0.00049090
0.00053742
0.00049024
0.00047332
0.00047649
0.00048358
0.00049967
0.00052580
0.00051293
0.00049207
0.00046689
0.00049193
0.00047865
0.00048776
0.00050422
0.00048229
0.00049083
0.00047329
0.00047781
0.00049228
0.00050359
0.00053332
0.00051029
0.00050501
0.00048382
0.00050002
0.00047892
0.00049350
0.00046798
0.00047608
0.00049306
0.00050540
0.00049240
0.00050402
0.00050374
0.00049343
0.00048536
0.00049574
0.00047798
0.00047783
0.00052546
0.00048243
0.00049814
0.00048991
0.00049325
0.00049560
0.00046624
0.00049067
0.00049681
0.00056548
0.00051465
0.00052392
0.00047936
0.00049055
0.00048638
0.00049350
0.00051488
0.00049001
0.00051075
0.00049970
0.00050384
0.00056148
0.00052493
0.00049966
0.00049022
0.00049086
0.00049879
0.00048519
0.00048804
0.00048074
0.00048715
0.00050053
0.00048620
0.00048462
0.00049653
0.00048820
0.00047408
0.00049631
0.00048796
0.00055265
0.00051885
0.00049949
0.00047250
0.00048169
0.00048785
0.00048009
0.00049978
0.00049285
0.00052034
0.00050633
0.00049271
0.00048921
0.00052020
0.00050844
0.00051194
0.00049470
0.00048400
0.00049973
0.00049580
0.00048467
0.00049856
0.00050012
0.00051724
0.00048601
0.00049172
0.00050293
0.00049899
0.00048837
0.00050743
0.00050963
0.00052496
0.00050130
0.00047285
0.00052321
0.00047393
0.00048828
0.00047335
0.00049549
0.00049527
0.00049201
0.00050450
0.00048485
0.00046865
0.00048373
0.00048965
0.00050847
0.00050839
0.00048535
0.00050440
0.00047323
0.00048524
0.00051851
0.00050001
0.00046855
0.00047328
0.00047915
0.00051377
0.00049288
0.00049891
0.00048513
0.00049684
0.00049166
0.00051923
0.00051536
0.00046161
0.00055706
0.00049164
0.00049943
0.00051673
0.00049780
0.00050864
0.00048335
0.00047609
0.00049184
0.00048682
0.00057352
0.00047391
0.00047563
0.00049947
0.00048806
0.00049823
0.00049387
0.00047938
0.00047692
0.00050217
0.00053511
0.00053124
0.00048977
0.00048189
0.00048368
0.00049280
0.00051655
0.00047964
0.00048988
0.00050272
0.00048544
0.00049371
0.00046708
0.00047035
0.00048782
0.00049475
0.00046472
0.00054642
0.00053361
0.00049826
0.00048785
0.00049158
0.00051241
0.00049133
0.00049271
0.00046421
0.00049925
0.00046924
0.00046631
0.00047367
0.00047466
0.00048682
0.00049391
0.00047785
0.00048251
0.00048894
0.00046080
0.00050383
0.00048791
0.00047611
0.00047023
0.00048946
0.00049093
0.00047538
0.00052194
0.00048597
0.00046134
0.00051472
0.00053314
0.00049788
0.00050327
0.00050078
0.00049073
0.00049670
0.00050460
0.00049996
0.00048128
0.00051313
0.00052354
0.00049246
0.00051386
0.00047477
0.00047034
0.00051743
0.00049365
0.00048127
0.00050092
0.00051304
0.00048559
0.00050382
0.00050083
0.00051362
0.00049642
0.00048833
0.00049622
0.00049160
0.00050287
0.00047204
0.00047104
0.00048876
0.00049814
0.00050689
0.00045827
0.00049407
0.00049023
0.00052213
0.00048352
0.00050490
0.00048053
0.00051342
0.00052296
0.00051802
0.00057368
0.00050578
0.00046364
0.00050550
0.00052088
0.00050101
0.00047378
0.00050618
0.00050552
0.00051008
0.00049783
0.00047173
0.00048759
0.00048541
0.00049099
0.00049187
0.00047661
0.00048580
0.00051535
0.00048419
0.00048909
0.00051084
0.00048933
0.00049018
0.00046861
0.00047113
0.00052116
0.00047822
0.00047100
0.00052341
0.00049087
0.00048150
0.00051051
0.00051370
0.00049014
0.00048927
0.00048204
0.00049184
0.00048332
0.00047973
0.00053188
0.00046730
0.00048939
0.00048929
0.00049099
0.00049520
0.00048716
0.00052198
0.00048598
0.00049954
0.00048274
0.00049273
0.00049499
0.00047786
0.00049497
0.00048462
0.00049141
0.00050623
0.00050792
0.00048308
0.00049241
0.00049254
0.00051250
0.00049580
0.00048810
0.00050264
0.00050367
0.00049859
0.00048200
0.00051034
0.00050180
0.00049920
0.00050784
0.00048465
0.00049907
0.00047975
0.00048603
0.00047713
0.00050470
0.00049877
0.00049345
0.00051028
0.00050815
0.00047995
0.00050599
0.00047154
0.00049694
0.00049610
0.00048665
0.00049444
0.00048858
0.00049639
0.00049515
0.00049662
0.00049437
0.00048380
0.00051311
0.00047786
0.00049532
0.00048291
0.00047888
0.00050122
0.00048480
0.00053817
0.00048302
0.00050414
0.00048566
0.00055557
0.00048531
0.00047023
0.00049519
0.00048772
0.00049699
0.00050043
0.00049789
0.00050463
0.00049096
0.00050740
0.00048931
0.00046492
0.00050162
0.00048889
0.00049825
0.00049228
0.00048965
0.00050445
0.00047756
0.00047556
0.00046735
0.00047996
0.00048133
0.00047769
0.00047907
0.00049003
0.00048790
0.00048423
0.00051091
0.00051411
0.00049242
0.00047721
0.00049084
0.00050162
0.00048914
0.00051567
0.00053847
0.00049285
0.00049871
0.00048159
0.00051727
0.00048221
0.00046823
0.00049233
0.00050792
0.00049995
0.00046763
0.00050060
0.00051353
0.00049557
0.00048102
0.00052039
0.00049679
0.00051739
0.00052116
0.00049019
0.00049308
0.00048271
0.00048267
0.00047145
0.00049079
0.00048909
0.00047692
0.00049053
0.00048147
0.00049706
0.00047484
0.00050332
0.00049346
0.00049144
0.00049047
0.00049805
0.00050058
0.00048709
0.00049056
0.00050579
0.00049266
0.00048051
0.00049408
0.00050931
