0.00068197
0.00070642
0.00069224
0.00066756
0.00068409
0.00067000
0.00066446
0.00069406
0.00068734
0.00069145
0.00068362
0.00068387
0.00067675
0.00066716
0.00069881
0.00066246
0.00067550
0.00067600
0.00068416
0.00067226
0.00066939
0.00067068
0.00069466
0.00067597
0.00069917
0.00068877
0.00068309
0.00071404
0.00068062
0.00068315
0.00068885
0.00067158
0.00066218
0.00067560
0.00067532
0.00070833
0.00067457
0.00067804
0.00067159
0.00069206
0.00070342
0.00066320
0.00067139
0.00067329
0.00068003
0.00067709
0.00071354
0.00068864
0.00069331
0.00068853
0.00070398
0.00067900
0.00066441
0.00069106
0.00070466
0.00067670
0.00066753
0.00068992
0.00067580
0.00066232
0.00073746
0.00067328
0.00066832
0.00068106
0.00070429
0.00067428
0.00068738
0.00071287
0.00069342
0.00067196
0.00070380
0.00067873
0.00067972
0.00067177
0.00068155
0.00068017
0.00068725
0.00068726
0.00068710
0.00069075
0.00068328
0.00072443
0.00068655
0.00070020
0.00073561
0.00069718
0.00069505
0.00069996
0.00071119
0.00067618
0.00069758
0.00067154
0.00067473
0.00067655
0.00069027
0.00068257
0.00069305
0.00069150
0.00068653
0.00068112
0.00066557
0.00067663
0.00067033
0.00070572
0.00069148
0.00071613
0.00069859
0.00068159
0.00072578
0.00066713
0.00067592
0.00065833
0.00069654
0.00068226
0.00067387
0.00067944
0.00068035
0.00069434
0.00069096
0.00068678
0.00066831
0.00066884
0.00067075
0.00070109
0.00070533
0.00068524
0.00067122
0.00066741
0.00068084
0.00066383
0.00067453
0.00069348
0.00066162
0.00065333
0.00065132
0.00067763
0.00067717
0.00069556
0.00071082
0.00067967
0.00067836
0.00070078
0.00067967
0.00067300
0.00069453
0.00067388
0.00069487
0.00068938
0.00068501
0.00067298
0.00069970
0.00069459
0.00067551
0.00069116
0.00067127
0.00069916
0.00068347
0.00069841
0.00068653
0.00067191
0.00073743
0.00070558
0.00067935
0.00069131
0.00066999
0.00067306
0.00069434
0.00069034
0.00068505
0.00070013
0.00069585
0.00068066
0.00067743
0.00067719
0.00073354
0.00074243
0.00070049
0.00070205
0.00070672
0.00066092
0.00068063
0.00069371
0.00070013
0.00070396
0.00069467
0.00066876
0.00068669
0.00070627
0.00067502
0.00067489
0.00067570
0.00068763
0.00069045
0.00069028
0.00068946
0.00067998
0.00067006
0.00067984
0.00069035
0.00069155
0.00067536
0.00069834
0.00070071
0.00072528
0.00069698
0.00069941
0.00067558
0.00068226
0.00069716
0.00071282
0.00068491
0.00066505
0.00068818
0.00069242
0.00078035
0.00069256
0.00069134
0.00068502
0.00066116
0.00070774
0.00066015
0.00066762
0.00070358
0.00067180
0.00067695
0.00070863
0.00069767
0.00070055
0.00066994
0.00068812
0.00069594
0.00067381
0.00069672
0.00069242
0.00069214
0.00072573
0.00068470
0.00068812
0.00072090
0.00068394
0.00068949
0.00070311
0.00068451
0.00069077
0.00069412
0.00069142
0.00067618
0.00066178
0.00067661
0.00069864
0.00067081
0.00074039
0.00067571
0.00070538
0.00069189
0.00069648
0.00068173
0.00066782
0.00067995
0.00070285
0.00066004
0.00065945
0.00067081
0.00069224
0.00069820
0.00068923
0.00070809
0.00068340
0.00069028
0.00070503
0.00070143
0.00070809
0.00070130
0.00069814
0.00068638
0.00066112
0.00068622
0.00065799
0.00071783
0.00066123
0.00068233
0.00067908
0.00068193
0.00068187
0.00068515
0.00072984
0.00067445
0.00068560
0.00068066
0.00069806
0.00070560
0.00069206
0.00069884
0.00068205
0.00069167
0.00067160
0.00070081
0.00068420
0.00070828
0.00068671
0.00071079
0.00067569
0.00067202
0.00068226
0.00069416
0.00068390
0.00070631
0.00072337
0.00067193
0.00070897
0.00068043
0.00065305
0.00070758
0.00068990
0.00066023
0.00067833
0.00069996
0.00068199
0.00070287
0.00068782
0.00068866
0.00069182
0.00067162
0.00068125
0.00071265
0.00068073
0.00068458
0.00066814
0.00068647
0.00069958
0.00067959
0.00070202
0.00069932
0.00068313
0.00070409
0.00067034
0.00069514
0.00070380
0.00064705
0.00074724
0.00067867
0.00067417
0.00065975
0.00070984
0.00070069
0.00068662
0.00069349
0.00066019
0.00067337
0.00068524
0.00066198
0.00066821
0.00069956
0.00072372
0.00070455
0.00070818
0.00066455
0.00069556
0.00068760
0.00070022
0.00071833
0.00067898
0.00068021
0.00067238
0.00067633
0.00066726
0.00067621
0.00066979
0.00068426
0.00070287
0.00068331
0.00072551
0.00068249
0.00068409
0.00070453
0.00067551
0.00067670
0.00069942
0.00068372
0.00070083
0.00069103
0.00069659
0.00067974
0.00071398
0.00068730
0.00069842
0.00068387
0.00069539
0.00067104
0.00068729
0.00067980
0.00068506
0.00069765
0.00068434
0.00068089
0.00071781
0.00069358
0.00072750
0.00070925
0.00066391
0.00069693
0.00071455
0.00070929
0.00066951
0.00071722
0.00067387
0.00067149
0.00071429
0.00066855
0.00067922
0.00068321
0.00068454
0.00071181
0.00068068
0.00068935
0.00067639
0.00070009
0.00067928
0.00069809
0.00070082
0.00066953
0.00069231
0.00067335
0.00067475
0.00067130
0.00070438
0.00071163
0.00066701
0.00068338
0.00072304
0.00068321
0.00068397
0.00069494
0.00068547
0.00067250
0.00067175
0.00067351
0.00072174
0.00066457
0.00069501
0.00066502
0.00067053
0.00067026
0.00067460
0.00067545
0.00069445
0.00068266
0.00068003
0.00071550
0.00068223
0.00069983
0.00068416
0.00067464
0.00069486
0.00067067
0.00069839
0.00067850
0.00070106
0.00068561
0.00069597
0.00071580
0.00067715
0.00069137
0.00075916
0.00069402
0.00067950
0.00072165
0.00068958
0.00068319
0.00065262
0.00068661
0.00069205
0.00070101
0.00069691
0.00068204
0.00069566
0.00067288
0.00066856
0.00066373
0.00070050
0.00067992
0.00067057
0.00067558
0.00068696
0.00067922
0.00069388
0.00070029
0.00067456
0.00068429
0.00067828
0.00070562
0.00068695
0.00068680
0.00067990
0.00068481
0.00066403
0.00067158
0.00069830
0.00067855
0.00067596
