0.00174917
0.00187138
0.00179024
0.00192800
0.00182008
0.00181795
0.00187035
0.00195373
0.00212452
0.00178780
0.00183159
0.00184308
0.00186148
0.00196648
0.00196151
0.00188511
0.00183989
0.00193960
0.00193443
0.00212685
0.00184753
0.00185539
0.00179839
0.00189722
0.00182126
0.00188602
0.00189051
0.00184850
0.00197325
0.00202171
0.00191659
0.00189046
0.00186992
0.00198221
0.00183459
0.00195354
0.00206594
0.00180221
0.00195690
0.00184761
0.00184264
0.00184113
0.00176589
0.00192577
0.00192948
0.00180723
0.00194145
0.00181962
0.00197705
0.00190881
0.00190370
0.00190080
0.00178236
0.00186177
0.00192445
0.00196656
0.00202543
0.00188792
0.00184013
0.00181195
0.00194691
0.00205258
0.00200062
0.00187590
0.00197371
0.00194190
0.00190183
0.00189244
0.00186823
0.00181431
0.00176229
0.00189725
0.00191409
0.00190489
0.00190562
0.00191875
0.00182921
0.00178316
0.00196302
0.00212432
0.00177963
0.00189184
0.00183545
0.00186930
0.00179796
0.00187315
0.00180293
0.00183590
0.00181033
0.00179235
0.00179488
0.00187173
0.00181902
0.00175005
0.00184357
0.00182098
0.00180754
0.00198020
0.00185828
0.00182208
0.00191708
0.00197170
0.00174727
0.00197173
0.00178875
0.00200853
0.00193207
0.00180159
0.00181720
0.00187879
0.00199775
0.00199294
0.00187621
0.00185479
0.00183620
0.00187716
0.00186364
0.00187904
0.00197816
0.00191462
0.00178882
0.00197377
0.00193266
0.00183062
0.00192380
0.00173154
0.00199134
0.00193163
0.00187544
0.00185936
0.00180980
0.00192736
0.00184780
0.00233761
0.00193765
0.00184527
0.00187714
0.00187579
0.00182877
0.00186863
0.00193829
0.00181918
0.00180057
0.00195027
0.00182986
0.00182042
0.00187831
0.00176699
0.00182408
0.00181221
0.00182049
0.00183094
0.00186552
0.00196074
0.00181705
0.00183595
0.00186749
0.00196558
0.00182521
0.00192587
0.00182914
0.00182428
0.00190561
0.00203496
0.00188692
0.00186811
0.00196534
0.00187023
0.00185744
0.00193533
0.00203760
0.00185359
0.00174724
0.00183847
0.00187630
0.00191358
0.00187586
0.00180269
0.00186180
0.00209068
0.00190968
0.00189672
0.00192824
0.00188965
0.00182432
0.00180665
0.00189674
0.00182885
0.00195000
0.00196336
0.00173225
0.00180453
0.00194479
0.00181021
0.00181438
0.00196905
0.00185475
0.00197535
0.00186985
0.00179679
0.00195271
0.00187298
0.00189292
0.00189624
0.00201056
0.00190062
0.00179222
0.00192864
0.00192115
0.00185625
0.00179935
0.00193525
0.00188271
0.00199456
0.00185827
0.00196843
0.00197758
0.00192676
0.00177020
0.00197430
0.00196810
0.00193275
0.00182778
0.00188754
0.00188156
0.00188531
0.00188147
0.00186579
0.00183018
0.00190060
0.00180701
0.00181726
0.00191145
0.00197918
0.00193718
0.00176933
0.00199995
0.00202516
0.00179111
0.00182698
0.00171300
0.00184790
0.00176616
0.00195084
0.00180133
0.00185541
0.00185408
0.00188013
0.00183642
0.00197016
0.00184416
0.00204892
0.00202373
0.00182569
0.00203229
0.00174200
0.00197499
0.00196465
0.00189440
0.00194180
0.00178162
0.00188640
0.00181612
0.00173819
0.00182172
0.00177399
0.00191918
0.00188423
0.00176458
0.00180559
0.00184394
0.00185491
0.00204017
0.00189563
0.00190622
0.00191013
0.00185270
0.00186564
0.00188917
0.00182024
0.00184428
0.00182646
0.00188045
0.00195538
0.00208345
0.00188023
0.00190599
0.00194836
0.00189072
0.00184742
0.00190162
0.00198269
0.00185163
0.00180380
0.00194246
0.00183025
0.00186536
0.00178315
0.00187255
0.00201421
0.00177222
0.00186644
0.00185121
0.00184970
0.00178817
0.00183647
0.00180902
0.00180991
0.00184020
0.00188091
0.00192881
0.00190710
0.00190540
0.00196058
0.00187230
0.00183563
0.00193186
0.00205697
0.00181818
0.00195687
0.00184981
0.00188226
0.00194607
0.00185345
0.00195033
0.00182555
0.00191418
0.00183867
0.00194076
0.00191417
0.00194640
0.00181360
0.00183566
0.00196810
0.00187931
0.00191458
0.00190046
0.00173848
0.00177309
0.00183958
0.00184857
0.00194803
0.00192195
0.00194729
0.00176494
0.00189564
0.00181220
0.00192920
0.00171227
0.00185848
0.00191340
0.00187098
0.00180012
0.00190232
0.00205951
0.00179155
0.00191885
0.00180829
0.00190690
0.00190471
0.00181461
0.00189097
0.00199005
0.00186260
0.00194982
0.00194331
0.00178245
0.00182215
0.00184885
0.00181791
0.00183002
0.00193569
0.00178449
0.00196054
0.00190224
0.00189233
0.00186738
0.00178897
0.00178676
0.00200052
0.00189144
0.00185735
0.00198920
0.00181767
0.00191440
0.00190757
0.00180334
0.00185015
0.00191130
0.00190389
0.00187371
0.00191340
0.00181767
0.00180101
0.00202060
0.00189093
0.00183976
0.00189887
0.00204055
0.00225295
0.00191789
0.00181758
0.00189565
0.00180576
0.00190902
0.00179524
0.00187622
0.00195258
0.00186109
0.00196179
0.00188714
0.00197497
0.00184711
0.00195282
0.00186630
0.00183858
0.00191922
0.00192883
0.00180480
0.00184380
0.00187040
0.00188892
0.00184457
0.00199618
0.00190799
0.00188212
0.00190867
0.00190732
0.00183812
0.00182167
0.00189307
0.00187808
0.00175572
0.00184239
0.00182485
0.00185635
0.00194132
0.00192675
0.00188001
0.00185342
0.00182423
0.00185129
0.00191189
0.00184009
0.00180590
0.00184776
0.00186465
0.00184705
0.00183408
0.00186544
0.00182120
0.00178685
0.00197195
0.00182644
0.00191935
0.00181129
0.00190860
0.00182135
0.00183139
0.00195889
0.00186738
0.00175736
0.00179508
0.00189568
0.00202876
0.00184556
0.00191069
0.00207568
0.00166820
0.00193736
0.00179664
0.00186202
0.00187556
0.00198476
0.00178141
0.00191925
0.00184908
0.00196204
0.00179584
0.00190845
0.00170253
0.00181327
0.00187175
0.00193384
0.00204975
0.00181102
0.00201458
0.00194364
0.00187340
0.00198577
0.00181281
0.00184096
0.00193252
0.00186286
0.00188759
0.00184352
0.00194192
0.00176859
0.00201477
0.00194290
