0.00473572
0.00499617
0.00472908
0.00476299
0.00505107
0.00512252
0.00517804
0.00479735
0.00487184
0.00493521
0.00496231
0.00441011
0.00488935
0.00466086
0.00439124
0.00481599
0.00438603
0.00476805
0.00453153
0.00471743
0.00544861
0.00455898
0.00484814
0.00494372
0.00503470
0.00470617
0.00479899
0.00488394
0.00626117
0.00494588
0.00525391
0.00471722
0.00477907
0.00522340
0.00510172
0.00508309
0.00513071
0.00534598
0.00502083
0.00435647
0.00487985
0.00543902
0.00469788
0.00459549
0.00468464
0.00506703
0.00486059
0.00481975
0.00491007
0.00502528
0.00473502
0.00462920
0.00481022
0.00467359
0.00461861
0.00462935
0.00532302
0.00491089
0.00479331
0.00457584
0.00507119
0.00467535
0.00528964
0.00465566
0.00475671
0.00503156
0.00466221
0.00594367
0.00477473
0.00472207
0.00506129
0.00484408
0.00446588
0.00555476
0.00509758
0.00527943
0.00455808
0.00502542
0.00448758
0.00473586
0.00494825
0.00475701
0.00494914
0.00505477
0.00527637
0.00459090
0.00490424
0.00476338
0.00541862
0.00517198
0.00464259
0.00457983
0.00560780
0.00477179
0.00451375
0.00480816
0.00495620
0.00448069
0.00778831
0.00463942
0.00479634
0.00429025
0.00424406
0.00496135
0.00537816
0.00517140
0.00545769
0.00455856
0.00450811
0.00484963
0.00512223
0.00458394
0.00512358
0.00463964
0.00549635
0.00476776
0.00490144
0.00455683
0.00495982
0.00464758
0.00469549
0.00486421
0.00554228
0.00469563
0.00474829
0.00549309
0.00437937
0.00504666
0.00469652
0.00454289
0.00487248
0.00479203
0.00457430
0.00435753
0.00467492
0.00466271
0.00486443
0.00486149
0.00443128
0.00540348
0.00492291
0.00489953
0.00453023
0.00462888
0.00448619
0.00458200
0.00456363
0.00498398
0.00492902
0.00501781
0.00457623
0.00466514
0.00449777
0.00471036
0.00459175
0.00500794
0.00494535
0.00472914
0.00457962
0.00479482
0.00503284
0.00466215
0.00484094
0.00519266
0.00509274
0.00489723
0.00468020
0.00548917
0.00487791
0.00513757
0.00455696
0.00506759
0.00492262
0.00549745
0.00490775
0.00460658
0.00464708
0.00468646
0.00452302
0.00747315
0.00477659
0.00478078
0.00473822
0.00460562
0.00482878
0.00517422
0.00503503
0.00483873
0.00517667
0.00673958
0.00527422
0.00451407
0.00457534
0.00466735
0.00461730
0.00469460
0.00448452
0.00532136
0.00452845
0.00556091
0.00497977
0.00484913
0.00489390
0.00549558
0.00444521
0.00456199
0.00508883
0.00482344
0.00465495
0.00477010
0.00454777
0.00494179
0.00501958
0.00507052
0.00444879
0.00433842
0.00493932
0.00535043
0.00473955
0.00447351
0.00465304
0.00448262
0.00444040
0.00513474
0.00441626
0.00467723
0.00434098
0.00509000
0.00469734
0.00520645
0.00493020
0.00452099
0.00535952
0.00492142
0.00492280
0.00490725
0.00461323
0.00494591
0.00476999
0.00461854
0.00531042
0.00447247
0.00509460
0.00550315
0.00522896
0.00492772
0.00520993
0.00462599
0.00466421
0.00525686
0.00472200
0.00501092
0.00448147
0.00440200
0.00480001
0.00539063
0.00516988
0.00536387
0.00503528
0.00536574
0.00602039
0.00462644
0.00499098
0.00576599
0.00456528
0.00499883
0.00568752
0.00445290
0.00437213
0.00492145
0.00479283
0.00452822
0.00433370
0.00518912
0.00471389
0.00528518
0.00463413
0.00492201
0.00490080
0.00508301
0.00460188
0.00483857
0.00500286
0.00448533
0.00495006
0.00493935
0.00449225
0.00486249
0.00518067
0.00459017
0.00530439
0.00546426
0.00472237
0.00508087
0.00481601
0.00513755
0.00501779
0.00482476
0.00442308
0.00481884
0.00466652
0.00512857
0.00470717
0.00520248
0.00468240
0.00480671
0.00492446
0.00481613
0.00495976
0.00472547
0.00478220
0.00469886
0.00493961
0.00495256
0.00479210
0.00458025
0.00477488
0.00490415
0.00530240
0.00486991
0.00464997
0.00497422
0.00467208
0.00453488
0.00456758
0.00454323
0.00650231
0.00513030
0.00522773
0.00452886
0.00461859
0.00536602
0.00500484
0.00498072
0.00498099
0.00492083
0.00570408
0.00594851
0.00502064
0.00491808
0.00483757
0.00498524
0.00467574
0.00556643
0.00493948
0.00490505
0.00521311
0.00527176
0.00451273
0.00526327
0.00457518
0.00469994
0.00486516
0.00519975
0.00470191
0.00507104
0.00444430
0.00539031
0.00498465
0.00472763
0.00479640
0.00518940
0.00507445
0.00464516
0.00441528
0.00490048
0.00534430
0.00469354
0.00463386
0.00493439
0.00537171
0.00485761
0.00482244
0.00521355
0.00493541
0.00486234
0.00487268
0.00464159
0.00467046
0.00457130
0.00490411
0.00505621
0.00473747
0.00489828
0.00489286
0.00481562
0.00477411
0.00520336
0.00488009
0.00471273
0.00486357
0.00502850
0.00448521
0.00478044
0.00459597
0.00470597
0.00553859
0.00492383
0.00528923
0.00435516
0.00475839
0.00543632
0.00501142
0.00572262
0.00489710
0.00517553
0.00458576
0.00463056
0.00464822
0.00498028
0.00556261
0.00476653
0.00453279
0.00461373
0.00491146
0.00490815
0.00493993
0.00479905
0.00487461
0.00456852
0.00458305
0.00465127
0.00497103
0.00457573
0.00432497
0.00562448
0.00477018
0.00463659
0.00531964
0.00447685
0.00520768
0.00450443
0.00484007
0.00437967
0.00491539
0.00467406
0.00489678
0.00499209
0.00486287
0.00498682
0.00537971
0.00483082
0.00471388
0.00487054
0.00479482
0.00551586
0.00434443
0.00438827
0.00480565
0.00435843
0.00490561
0.00471936
0.00463400
0.00481840
0.00486527
0.00496890
0.00443265
0.00521181
0.00501015
0.00534456
0.00490731
0.00448139
0.00531334
0.00488060
0.00458700
0.00452801
0.00455788
0.00497360
0.00494750
0.00453822
0.00459052
0.00516168
0.00493284
0.00455190
0.00503663
0.00514180
0.00462395
0.00492040
0.00451980
0.00448159
0.00467464
0.00461641
0.00450976
0.00516965
0.00491722
0.00496399
0.00522701
0.00522834
0.00542198
0.00516857
0.00451672
0.00464504
0.00456285
0.00510629
0.00486919
0.00448575
0.00458234
0.00535762
0.00492710
0.00533759
