0.00303503
0.00355386
0.00297257
0.00305311
0.00307821
0.00375001
0.00330046
0.00299837
0.00328435
0.00298888
0.00339564
0.00355908
0.00325360
0.00284839
0.00297988
0.00397728
0.00288554
0.00333674
0.00314067
0.00318279
0.00318763
0.00289628
0.00306010
0.00434923
0.00325754
0.00316429
0.00456911
0.00297924
0.00313310
0.00331828
0.00288437
0.00365410
0.00339546
0.00334279
0.00342126
0.00300621
0.00345286
0.00329027
0.00321655
0.00371850
0.00425171
0.00371503
0.00299734
0.00374524
0.00370572
0.00335821
0.00384461
0.00317176
0.00282136
0.00335619
0.00288371
0.00319622
0.00355129
0.00405079
0.00351439
0.00312152
0.00310539
0.00338583
0.00369582
0.00352101
0.00290237
0.00330671
0.00381520
0.00307877
0.00387506
0.00360260
0.00373844
0.00316962
0.00594398
0.00309966
0.00290216
0.00306540
0.00393217
0.00378427
0.00304489
0.00431174
0.00604551
0.00323452
0.00336201
0.00401657
0.00337601
0.00325051
0.00378435
0.00311139
0.00298100
0.00371713
0.00419030
0.00539296
0.00322027
0.00335077
0.00319313
0.00284630
0.00342863
0.00322449
0.00310633
0.00335984
0.00401415
0.00325333
0.00329744
0.00414354
0.00290609
0.00326420
0.00395029
0.00299564
0.00377852
0.00305303
0.00393502
0.00331774
0.00344772
0.00343663
0.00354770
0.00333446
0.00351752
0.00381385
0.00329292
0.00383683
0.00311131
0.00437740
0.00377392
0.00308068
0.00292584
0.00353036
0.00305525
0.00300247
0.00318696
0.00321641
0.00303368
0.00362477
0.00326268
0.00383716
0.00315473
0.00364394
0.00336539
0.00332643
0.00346598
0.00345153
0.00409987
0.00378527
0.00321427
0.00346875
0.00364788
0.00313346
0.00513433
0.00327461
0.00310175
0.00322686
0.00281158
0.00333037
0.00305292
0.00361347
0.00419013
0.00380669
0.00437342
0.00404046
0.00325599
0.00361830
0.00367053
0.00296693
0.00336569
0.00333550
0.00351099
0.00342153
0.00396565
0.00339055
0.00333816
0.00400692
0.00328342
0.00318415
0.00335037
0.00339718
0.00370310
0.00314358
0.00341680
0.00307072
0.00326266
0.00307789
0.00312710
0.00277849
0.00289935
0.00303994
0.00356908
0.00383464
0.00368194
0.00356313
0.00357041
0.00278987
0.00325875
0.00388482
0.00330846
0.00378868
0.00326637
0.00352081
0.00344591
0.00301891
0.00334917
0.00375749
0.00310041
0.00377993
0.00341178
0.00361135
0.00336631
0.00341994
0.00324395
0.00295172
0.00295249
0.00333684
0.00323388
0.00306429
0.00510128
0.00384367
0.00426630
0.00336728
0.00353219
0.00303670
0.00346321
0.00343895
0.00414836
0.00323775
0.00375469
0.00474725
0.00362574
0.00303623
0.00337977
0.00324264
0.00311134
0.00378828
0.00318568
0.00357296
0.00377070
0.00404813
0.00325333
0.00303776
0.00377377
0.00292841
0.00337383
0.00326079
0.00327831
0.00330774
0.00319224
0.00314547
0.00312088
0.00352646
0.00378197
0.00340701
0.00338888
0.00500121
0.00297929
0.00314685
0.00323231
0.00340637
0.00352715
0.00367701
0.00300374
0.00361948
0.00304587
0.00331497
0.00344485
0.00371468
0.00351067
0.00386549
0.00354306
0.00295008
0.00301246
0.00352436
0.00336184
0.00325982
0.00409270
0.00335155
0.00293276
0.00465294
0.00392879
0.00534682
0.00321486
0.00492393
0.00348122
0.00309003
0.00335007
0.00343717
0.00392677
0.00427272
0.00332836
0.00305926
0.00317056
0.00369235
0.00336990
0.00499869
0.00311200
0.00345277
0.00420944
0.00346491
0.00326944
0.00314085
0.00343889
0.00337384
0.00356477
0.00341788
0.00335080
0.00339627
0.00324988
0.00276080
0.00538269
0.00372400
0.00365650
0.00403479
0.00300481
0.00298105
0.00372771
0.00325156
0.00305021
0.00312865
0.00292970
0.00309630
0.00348795
0.00367126
0.00390220
0.00298884
0.00299548
0.00287142
0.00325357
0.00299737
0.00318243
0.00384942
0.00409853
0.00322479
0.00357037
0.00382322
0.00369318
0.00314752
0.00349533
0.00308924
0.00320397
0.00316680
0.00314713
0.00309116
0.00331150
0.00328640
0.00320092
0.00357534
0.00301152
0.00338129
0.00357987
0.00335848
0.00307092
0.00352244
0.00355271
0.00327940
0.00409547
0.00327797
0.00326468
0.00330305
0.00312099
0.00351578
0.00370414
0.00342364
0.00348287
0.00303968
0.00417017
0.00333704
0.00340562
0.00332830
0.00373548
0.00370131
0.00314742
0.00287245
0.00329666
0.00348266
0.00341090
0.00512329
0.00295083
0.00321445
0.00318716
0.00326592
0.00312405
0.00313457
0.00326879
0.00320002
0.00341309
0.00305528
0.00314874
0.00399267
0.00339097
0.00320383
0.00287055
0.00366189
0.00360821
0.00326905
0.00436230
0.00406787
0.00328413
0.00367463
0.00335836
0.00326258
0.00342995
0.00371414
0.00399757
0.00334324
0.00306869
0.00407490
0.00318722
0.00315562
0.00332871
0.00371578
0.00326545
0.00315368
0.00654685
0.00352745
0.00398444
0.00385742
0.00356345
0.00371356
0.00381327
0.00370320
0.00311274
0.00325647
0.00401552
0.00348904
0.00322219
0.00323608
0.00313458
0.00299142
0.00328465
0.00319320
0.00309732
0.00316474
0.00311128
0.00376950
0.00394691
0.00301115
0.00333214
0.00300721
0.00317185
0.00341828
0.00301213
0.00377317
0.00304853
0.00304207
0.00329098
0.00421514
0.00460653
0.00339662
0.00356651
0.00314948
0.00299913
0.00311165
0.00307571
0.00304937
0.00310733
0.00377167
0.00321276
0.00428797
0.00290625
0.00373930
0.00312167
0.00318951
0.00358249
0.00340167
0.00668633
0.00358986
0.00352538
0.00309111
0.00322180
0.00288469
0.00381076
0.00321530
0.00334330
0.00363197
0.00345720
0.00407721
0.00323121
0.00387303
0.00359613
0.00307265
0.00353813
0.00422945
0.00331469
0.00328782
0.00328713
0.00342741
0.00288396
0.00299103
0.00318643
0.00303868
0.00626236
0.00315687
0.00323356
0.00359433
0.00351046
0.00310521
0.00755633
0.00347297
0.00318062
0.00339356
0.00348868
0.00338693
0.00360314
0.00330141
0.00370617
0.00324296
0.00422695
0.00303215
