0.00218252
0.00240026
0.00219908
0.00213092
0.00217107
0.00207643
0.00260590
0.00202443
0.00222932
0.00238758
0.00278379
0.00213718
0.00197558
0.00203516
0.00228116
0.00204322
0.00212711
0.00204806
0.00204655
0.00211327
0.00199795
0.00194784
0.00195604
0.00201905
0.00256172
0.00207411
0.00209071
0.00205290
0.00229367
0.00199124
0.00199673
0.00214426
0.00212437
0.00194948
0.00212932
0.00214682
0.00200009
0.00202269
0.00188102
0.00234074
0.00232611
0.00209098
0.00253139
0.00196040
0.00192143
0.00193858
0.00206255
0.00196234
0.00202032
0.00245428
0.00225975
0.00202543
0.00197785
0.00233247
0.00214023
0.00200769
0.00218729
0.00220057
0.00215635
0.00192075
0.00211547
0.00194936
0.00208918
0.00194554
0.00227048
0.00219155
0.00197322
0.00238518
0.00226869
0.00202652
0.00247280
0.00213826
0.00214695
0.00203602
0.00192764
0.00213438
0.00248072
0.00202827
0.00208996
0.00192739
0.00196675
0.00213971
0.00224335
0.00214649
0.00205104
0.00228577
0.00200683
0.00195253
0.00202284
0.00214015
0.00198371
0.00247711
0.00209485
0.00193245
0.00283928
0.00211690
0.00212114
0.00206658
0.00212098
0.00235967
0.00200425
0.00220982
0.00220109
0.00199225
0.00215150
0.00199974
0.00215792
0.00224861
0.00201803
0.00201102
0.00211084
0.00213541
0.00203256
0.00206850
0.00197209
0.00210248
0.00214464
0.00216573
0.00244156
0.00224049
0.00205861
0.00215441
0.00234555
0.00214294
0.00234653
0.00212259
0.00210394
0.00196516
0.00208815
0.00182662
0.00222501
0.00196401
0.00196045
0.00226178
0.00209023
0.00204212
0.00211124
0.00193382
0.00214968
0.00216399
0.00232533
0.00224047
0.00230176
0.00215551
0.00197177
0.00201946
0.00196872
0.00207123
0.00204748
0.00189073
0.00216186
0.00209270
0.00213447
0.00210890
0.00227937
0.00198013
0.00209979
0.00200141
0.00212853
0.00253830
0.00212397
0.00204313
0.00197398
0.00201455
0.00256595
0.00208877
0.00221847
0.00192690
0.00219740
0.00214974
0.00202114
0.00244287
0.00220959
0.00202847
0.00206559
0.00206543
0.00222940
0.00198153
0.00215497
0.00201077
0.00224373
0.00199013
0.00211103
0.00199610
0.00215673
0.00224939
0.00206993
0.00216899
0.00226561
0.00198119
0.00288007
0.00196583
0.00199876
0.00214300
0.00202154
0.00219379
0.00226630
0.00202520
0.00192043
0.00208138
0.00219592
0.00195013
0.00200736
0.00212426
0.00206867
0.00207493
0.00229123
0.00229126
0.00227435
0.00203005
0.00212672
0.00193115
0.00193507
0.00203152
0.00193931
0.00201992
0.00200446
0.00207269
0.00216101
0.00201973
0.00217858
0.00203650
0.00216992
0.00213830
0.00210141
0.00194760
0.00202964
0.00203146
0.00189967
0.00219272
0.00209719
0.00201425
0.00203526
0.00192098
0.00209954
0.00200997
0.00205363
0.00204803
0.00218697
0.00199037
0.00215244
0.00208728
0.00203765
0.00241454
0.00204987
0.00212437
0.00215151
0.00192312
0.00210278
0.00198921
0.00204705
0.00217557
0.00203848
0.00218753
0.00198038
0.00204719
0.00208878
0.00201798
0.00212398
0.00195345
0.00238898
0.00204123
0.00211896
0.00214217
0.00199824
0.00209143
0.00222588
0.00216520
0.00212327
0.00216280
0.00196846
0.00250544
0.00233568
0.00201122
0.00216312
0.00199099
0.00205875
0.00202842
0.00213317
0.00204923
0.00207404
0.00233677
0.00197442
0.00228225
0.00206805
0.00204390
0.00202829
0.00215392
0.00210279
0.00205550
0.00263165
0.00212216
0.00214483
0.00224423
0.00208996
0.00197450
0.00223972
0.00211649
0.00215226
0.00215620
0.00236838
0.00221523
0.00222578
0.00213175
0.00227797
0.00227548
0.00199350
0.00214427
0.00203188
0.00224237
0.00197687
0.00216128
0.00208274
0.00242823
0.00204937
0.00195780
0.00250873
0.00223614
0.00203487
0.00215230
0.00217885
0.00187788
0.00186597
0.00219208
0.00203177
0.00203496
0.00238304
0.00214025
0.00201798
0.00190957
0.00214493
0.00246004
0.00204592
0.00247205
0.00196408
0.00202341
0.00201216
0.00197327
0.00205049
0.00218531
0.00214327
0.00211984
0.00227543
0.00197751
0.00199941
0.00204303
0.00196548
0.00220932
0.00210875
0.00205735
0.00199008
0.00207943
0.00235092
0.00221402
0.00189680
0.00214540
0.00203837
0.00197238
0.00205300
0.00217950
0.00222394
0.00205027
0.00213967
0.00213781
0.00219827
0.00204594
0.00195357
0.00206419
0.00212605
0.00208171
0.00198934
0.00195827
0.00198654
0.00194181
0.00227027
0.00229065
0.00189521
0.00209326
0.00219018
0.00208138
0.00223566
0.00201192
0.00201033
0.00191992
0.00206745
0.00214301
0.00227133
0.00214816
0.00236979
0.00211671
0.00203801
0.00202788
0.00187290
0.00204498
0.00210184
0.00247955
0.00208773
0.00204731
0.00256492
0.00201894
0.00194609
0.00226375
0.00239895
0.00208923
0.00203485
0.00204945
0.00200210
0.00212165
0.00217396
0.00203911
0.00213765
0.00219477
0.00210759
0.00240136
0.00259884
0.00197646
0.00233755
0.00216898
0.00210269
0.00233797
0.00203118
0.00205914
0.00362861
0.00200801
0.00204254
0.00198722
0.00196635
0.00205445
0.00207859
0.00201366
0.00198725
0.00214641
0.00233103
0.00212244
0.00203812
0.00223504
0.00199163
0.00188281
0.00233524
0.00249505
0.00191395
0.00258560
0.00195077
0.00185751
0.00249567
0.00212007
0.00202206
0.00192257
0.00215410
0.00216137
0.00210561
0.00203805
0.00209122
0.00199859
0.00217209
0.00199162
0.00223951
0.00206516
0.00192456
0.00219618
0.00200138
0.00211132
0.00206863
0.00192146
0.00216292
0.00185515
0.00203122
0.00206219
0.00197972
0.00196841
0.00220084
0.00225135
0.00214354
0.00186479
0.00198953
0.00201589
0.00213027
0.00209806
0.00232512
0.00201879
0.00214537
0.00199383
0.00192110
0.00204532
0.00217030
0.00203480
0.00212003
0.00206719
0.00211464
0.00225108
0.00208433
0.00200992
0.00212549
0.00221225
0.00202931
0.00204126
0.00211195
0.00201093
0.00193108
0.00216675