0.00259415
0.00296369
0.00292020
0.00271731
0.00270379
0.00266628
0.00262039
0.00279879
0.00274651
0.00269981
0.00494637
0.00265144
0.00263333
0.00287484
0.00362317
0.00328996
0.00265429
0.00270803
0.00274505
0.00266414
0.00315394
0.00267778
0.00256648
0.00303492
0.00253302
0.00267528
0.00279542
0.00277491
0.00270309
0.00268200
0.00298455
0.00268813
0.00259895
0.00268121
0.00247836
0.00305324
0.00270987
0.00277382
0.00262665
0.00290922
0.00300865
0.00253660
0.00279812
0.00290852
0.00291021
0.00278420
0.00253227
0.00256574
0.00257728
0.00269465
0.00244966
0.00256774
0.00273630
0.00276767
0.00283744
0.00272919
0.00265869
0.00266426
0.00262955
0.00263544
0.00268764
0.00262437
0.00286197
0.00282111
0.00278363
0.00261870
0.00279273
0.00307718
0.00288766
0.00265548
0.00270484
0.00272738
0.00296805
0.00271738
0.00266468
0.00264686
0.00289227
0.00273161
0.00274267
0.00272309
0.00264460
0.00262869
0.00320121
0.00283286
0.00263616
0.00279076
0.00261124
0.00284714
0.00336695
0.00276836
0.00276014
0.00279786
0.00298625
0.00306546
0.00263963
0.00256027
0.00280988
0.00303277
0.00289075
0.00361612
0.00279166
0.00265264
0.00254276
0.00277205
0.00280183
0.00260888
0.00258520
0.00271269
0.00276254
0.00295905
0.00311043
0.00314184
0.00298865
0.00270473
0.00276482
0.00271714
0.00259918
0.00288468
0.00301936
0.00264744
0.00268486
0.00267728
0.00311893
0.00257758
0.00285595
0.00265005
0.00252078
0.00347852
0.00268344
0.00282320
0.00290800
0.00261323
0.00281086
0.00302012
0.00268131
0.00277448
0.00276026
0.00240534
0.00270352
0.00331208
0.00292551
0.00272362
0.00257649
0.00274627
0.00288629
0.00285943
0.00276841
0.00254631
0.00256954
0.00246066
0.00262274
0.00261356
0.00269513
0.00280934
0.00285343
0.00276936
0.00290631
0.00272369
0.00296778
0.00298334
0.00271947
0.00257077
0.00255329
0.00259830
0.00280396
0.00273673
0.00253655
0.00300610
0.00269476
0.00313878
0.00273683
0.00305052
0.00297362
0.00283595
0.00243802
0.00258686
0.00280993
0.00261301
0.00266849
0.00287342
0.00282674
0.00267067
0.00280474
0.00295485
0.00289889
0.00269968
0.00337228
0.00266253
0.00300182
0.00303726
0.00314952
0.00261710
0.00257150
0.00271532
0.00260474
0.00267780
0.00276048
0.00289553
0.00269173
0.00271506
0.00260155
0.00272114
0.00273903
0.00296230
0.00268780
0.00281545
0.00270996
0.00266852
0.00287232
0.00259039
0.00269564
0.00294050
0.00286160
0.00279351
0.00287437
0.00279894
0.00264563
0.00265962
0.00274461
0.00305608
0.00265042
0.00252773
0.00255744
0.00275067
0.00268469
0.00263045
0.00266630
0.00241744
0.00328286
0.00244752
0.00271165
0.00249779
0.00319173
0.00248235
0.00284880
0.00284019
0.00296500
0.00262114
0.00302075
0.00258972
0.00319706
0.00256407
0.00261693
0.00281823
0.00269645
0.00265368
0.00283550
0.00267179
0.00309761
0.00327403
0.00288273
0.00252924
0.00248387
0.00269338
0.00278184
0.00274459
0.00289092
0.00277274
0.00298855
0.00298803
0.00261059
0.00260011
0.00271968
0.00263813
0.00275346
0.00309869
0.00353716
0.00248440
0.00339935
0.00272646
0.00287925
0.00284395
0.00320060
0.00279600
0.00316158
0.00249995
0.00273733
0.00291314
0.00280223
0.00281637
0.00275784
0.00342822
0.00262245
0.00263243
0.00285270
0.00275878
0.00315489
0.00328558
0.00288762
0.00263386
0.00286638
0.00268255
0.00281921
0.00257066
0.00245884
0.00254435
0.00282393
0.00371253
0.00301909
0.00267152
0.00276972
0.00286867
0.00251573
0.00286849
0.00275413
0.00270084
0.00271002
0.00274923
0.00280380
0.00297950
0.00271389
0.00260159
0.00287195
0.00279505
0.00290019
0.00265887
0.00280123
0.00279245
0.00274358
0.00267145
0.00313333
0.00288070
0.00253433
0.00272165
0.00291787
0.00266525
0.00272593
0.00277332
0.00290093
0.00294789
0.00359644
0.00266448
0.00279749
0.00269759
0.00266400
0.00264206
0.00258729
0.00266588
0.00296022
0.00334803
0.00260188
0.00243054
0.00257374
0.00301371
0.00283842
0.00298913
0.00272972
0.00295086
0.00287915
0.00272526
0.00263263
0.00288648
0.00295771
0.00244631
0.00263767
0.00336060
0.00294953
0.00281160
0.00258776
0.00308632
0.00273798
0.00276301
0.00266011
0.00256589
0.00382525
0.00245651
0.00327265
0.00259967
0.00276712
0.00254844
0.00274334
0.00250340
0.00347181
0.00295800
0.00261618
0.00294950
0.00274271
0.00282610
0.00298580
0.00281894
0.00253440
0.00267905
0.00293956
0.00293650
0.00283048
0.00278092
0.00259593
0.00279131
0.00247874
0.00270509
0.00280763
0.00276734
0.00264022
0.00278311
0.00261884
0.00268520
0.00243616
0.00273455
0.00277311
0.00264858
0.00304530
0.00283027
0.00268563
0.00268022
0.00295055
0.00270645
0.00285722
0.00252417
0.00286400
0.00291254
0.00308496
0.00286707
0.00295342
0.00256757
0.00485066
0.00264643
0.00255250
0.00269002
0.00276772
0.00266825
0.00266167
0.00253918
0.00274700
0.00281457
0.00268497
0.00305277
0.00284421
0.00276507
0.00260435
0.00279995
0.00293692
0.00258701
0.00294164
0.00257431
0.00271529
0.00283217
0.00284137
0.00302127
0.00273526
0.00275114
0.00285865
0.00291785
0.00267405
0.00271113
0.00265963
0.00271274
0.00294363
0.00278965
0.00260316
0.00299405
0.00273365
0.00291004
0.00278499
0.00388782
0.00281359
0.00262425
0.00253611
0.00291149
0.00287818
0.00283936
0.00268885
0.00309196
0.00257649
0.00262078
0.00271654
0.00282156
0.00286463
0.00284426
0.00275885
0.00268758
0.00246424
0.00254149
0.00284834
0.00279318
0.00273931
0.00263260
0.00266334
0.00282656
0.00254551
0.00277516
0.00292226
0.00257102
0.00291731
0.00267162
0.00263244
0.00285046
0.00379105
0.00267418
0.00272172
0.00283494
0.00246162
0.00308625
0.00287376
0.00291380
0.00276548
0.00318568
0.00311248
0.00259400
0.00296834
0.00294588