0.00039099
0.00039373
0.00038377
0.00038851
0.00038914
0.00039193
0.00040506
0.00037647
0.00039143
0.00039112
0.00039650
0.00039153
0.00039032
0.00039672
0.00039743
0.00040328
0.00039094
0.00039216
0.00039346
0.00038251
0.00039325
0.00038374
0.00039257
0.00038754
0.00038980
0.00039249
0.00039867
0.00038132
0.00038363
0.00039163
0.00038700
0.00039299
0.00039735
0.00039381
0.00038080
0.00039252
0.00038227
0.00039324
0.00040139
0.00039159
0.00039834
0.00038949
0.00038344
0.00038243
0.00039333
0.00039577
0.00037575
0.00038836
0.00039005
0.00038461
0.00038656
0.00039331
0.00038311
0.00039086
0.00039757
0.00038946
0.00038669
0.00038787
0.00039291
0.00039292
0.00038975
0.00038797
0.00038928
0.00040432
0.00038976
0.00038723
0.00039610
0.00038899
0.00039491
0.00039402
0.00039422
0.00039339
0.00039074
0.00039066
0.00039061
0.00038923
0.00039322
0.00040411
0.00039124
0.00039686
0.00039367
0.00038726
0.00039107
0.00039100
0.00038790
0.00038933
0.00038986
0.00039412
0.00038824
0.00040832
0.00039801
0.00039846
0.00039165
0.00039179
0.00039011
0.00039718
0.00039396
0.00038341
0.00039256
0.00039745
0.00039531
0.00040235
0.00039737
0.00038673
0.00038444
0.00040033
0.00038638
0.00039497
0.00038421
0.00039072
0.00039105
0.00038613
0.00038682
0.00038342
0.00038555
0.00039564
0.00038835
0.00038114
0.00038538
0.00038408
0.00039454
0.00039688
0.00039282
0.00038993
0.00039482
0.00039443
0.00039545
0.00039242
0.00038956
0.00039221
0.00039424
0.00040124
0.00038846
0.00038754
0.00039329
0.00038584
0.00039292
0.00039344
0.00038311
0.00038587
0.00039015
0.00038095
0.00039843
0.00038981
0.00039033
0.00039298
0.00039999
0.00038694
0.00038662
0.00038014
0.00038960
0.00038466
0.00038893
0.00038211
0.00040150
0.00038913
0.00039919
0.00039384
0.00038731
0.00038444
0.00037887
0.00037881
0.00039026
0.00039330
0.00039424
0.00038097
0.00039340
0.00038496
0.00039099
0.00039086
0.00038726
0.00038903
0.00038747
0.00039423
0.00039424
0.00038887
0.00039015
0.00039485
0.00038532
0.00039028
0.00039402
0.00039450
0.00039098
0.00039231
0.00038972
0.00038718
0.00041262
0.00039773
0.00038867
0.00039828
0.00039403
0.00039247
0.00038644
0.00039070
0.00039100
0.00039332
0.00039306
0.00039670
0.00038981
0.00039012
0.00038670
0.00039325
0.00038663
0.00038809
0.00039270
0.00040465
0.00039080
0.00039828
0.00039603
0.00038441
0.00038979
0.00039020
0.00038458
0.00040078
0.00039309
0.00038622
0.00039157
0.00038739
0.00038699
0.00040305
0.00039443
0.00038900
0.00038527
0.00039261
0.00038514
0.00038899
0.00038528
0.00038543
0.00039394
0.00038169
0.00038551
0.00039565
0.00039119
0.00039268
0.00039649
0.00038831
0.00039140
0.00038539
0.00038798
0.00039259
0.00038790
0.00040529
0.00039611
0.00038288
0.00038825
0.00039076
0.00038740
0.00039324
0.00038851
0.00038482
0.00039308
0.00039905
0.00039045
0.00038361
0.00038105
0.00038671
0.00039076
0.00038981
0.00039216
0.00038563
0.00039843
0.00038679
0.00038513
0.00039815
0.00038047
0.00038923
0.00039018
0.00039591
0.00038576
0.00038797
0.00038899
0.00039136
0.00039557
0.00038817
0.00040008
0.00039263
0.00038785
0.00038990
0.00038499
0.00039724
0.00039354
0.00038839
0.00038979
0.00038952
0.00038200
0.00038706
0.00038244
0.00038613
0.00039208
0.00038956
0.00039188
0.00039221
0.00039359
0.00038718
0.00038952
0.00039119
0.00039107
0.00039474
0.00039447
0.00038944
0.00038963
0.00039856
0.00039153
0.00039026
0.00038431
0.00039358
0.00038724
0.00038394
0.00038749
0.00039483
0.00038267
0.00038526
0.00038889
0.00039956
0.00038227
0.00039448
0.00039301
0.00040008
0.00039035
0.00039059
0.00038730
0.00038771
0.00039083
0.00038706
0.00038689
0.00039522
0.00039035
0.00038438
0.00038899
0.00039516
0.00040014
0.00038954
0.00039598
0.00039710
0.00039164
0.00039739
0.00038713
0.00039229
0.00039500
0.00038207
0.00039380
0.00039494
0.00038823
0.00037969
0.00038685
0.00039076
0.00039150
0.00038281
0.00038684
0.00038724
0.00038940
0.00038439
0.00037988
0.00039035
0.00038976
0.00038784
0.00038248
0.00038481
0.00039109
0.00038879
0.00037929
0.00039624
0.00038068
0.00039379
0.00039199
0.00038812
0.00039404
0.00038540
0.00039037
0.00040666
0.00039442
0.00038751
0.00038640
0.00039198
0.00038483
0.00038234
0.00038849
0.00038898
0.00039422
0.00039507
0.00037665
0.00038334
0.00039013
0.00039607
0.00038643
0.00038751
0.00038651
0.00038977
0.00039007
0.00040442
0.00038229
0.00038876
0.00039202
0.00039952
0.00039148
0.00039474
0.00038957
0.00039019
0.00039720
0.00038946
0.00039250
0.00038100
0.00038622
0.00039139
0.00038849
0.00038689
0.00040435
0.00039034
0.00038773
0.00038962
0.00038843
0.00038358
0.00040026
0.00038383
0.00039081
0.00038971
0.00038848
0.00039092
0.00038789
0.00038987
0.00039019
0.00039062
0.00039395
0.00038058
0.00039454
0.00038044
0.00038940
0.00038460
0.00039462
0.00038654
0.00039149
0.00038954
0.00038635
0.00038370
0.00039230
0.00038786
0.00038528
0.00038901
0.00038881
0.00038691
0.00039575
0.00039682
0.00038406
0.00039522
0.00038778
0.00039645
0.00038806
0.00038870
0.00038778
0.00039616
0.00038878
0.00039667
0.00038812
0.00039377
0.00038338
0.00039522
0.00039500
0.00038960
0.00039443
0.00039611
0.00040286
0.00038704
0.00038241
0.00039494
0.00038922
0.00039083
0.00039119
0.00039366
0.00039814
0.00038771
0.00040003
0.00039540
0.00039017
0.00038715
0.00039408
0.00039517
0.00038954
0.00039214
0.00039888
0.00039142
0.00038523
0.00038775
0.00039186
0.00038503
0.00038831
0.00038182
0.00039115
0.00039309
0.00039262
0.00038915
0.00038710
0.00039313
0.00039546
0.00039145
0.00038828
0.00038497
0.00039386
0.00039543
0.00040316
0.00038783
