0.00103100
0.00101148
0.00095808
0.00100993
0.00098813
0.00094360
0.00097211
0.00107645
0.00099061
0.00096466
0.00096700
0.00098759
0.00100092
0.00099531
0.00096477
0.00098198
0.00095832
0.00097201
0.00098503
0.00098301
0.00102146
0.00096857
0.00098620
0.00097798
0.00102702
0.00100748
0.00101052
0.00099781
0.00101599
0.00099797
0.00098695
0.00098688
0.00097635
0.00096983
0.00103918
0.00101938
0.00099689
0.00102454
0.00097685
0.00094382
0.00106906
0.00098084
0.00098289
0.00099337
0.00096315
0.00099884
0.00100526
0.00099975
0.00104833
0.00094811
0.00100405
0.00097759
0.00094152
0.00100429
0.00099829
0.00102393
0.00096200
0.00103854
0.00097001
0.00095221
0.00095413
0.00100988
0.00099289
0.00101871
0.00097308
0.00101498
0.00097933
0.00096827
0.00100498
0.00096910
0.00098962
0.00095041
0.00099690
0.00098134
0.00099324
0.00099781
0.00098758
0.00100438
0.00102645
0.00101373
0.00096853
0.00098880
0.00102909
0.00093569
0.00100557
0.00096951
0.00105547
0.00097086
0.00101059
0.00097056
0.00096754
0.00098754
0.00099834
0.00100786
0.00100691
0.00101301
0.00100219
0.00103128
0.00100316
0.00100071
0.00104096
0.00095837
0.00095183
0.00102206
0.00096492
0.00107386
0.00094759
0.00096744
0.00098684
0.00100044
0.00099653
0.00098278
0.00098399
0.00099750
0.00097002
0.00100683
0.00093650
0.00095914
0.00097431
0.00096144
0.00097579
0.00104843
0.00094846
0.00099896
0.00101216
0.00094281
0.00101278
0.00098682
0.00097902
0.00099599
0.00099467
0.00102814
0.00100045
0.00097392
0.00100425
0.00095707
0.00098448
0.00095217
0.00093037
0.00094959
0.00105233
0.00097649
0.00095815
0.00098306
0.00100874
0.00098276
0.00097906
0.00103113
0.00103478
0.00096544
0.00100141
0.00096973
0.00093570
0.00098675
0.00096020
0.00096887
0.00097429
0.00098293
0.00098922
0.00099383
0.00097074
0.00096084
0.00104680
0.00107253
0.00098880
0.00097598
0.00100322
0.00093051
0.00100244
0.00094317
0.00096018
0.00102600
0.00099519
0.00101536
0.00101339
0.00101633
0.00093962
0.00099389
0.00097925
0.00099944
0.00104350
0.00098313
0.00096820
0.00100215
0.00097503
0.00099286
0.00093698
0.00099806
0.00094192
0.00096719
0.00099775
0.00098900
0.00099755
0.00095124
0.00098611
0.00096433
0.00100548
0.00096218
0.00097484
0.00098763
0.00101619
0.00098602
0.00097771
0.00095224
0.00102524
0.00103349
0.00096300
0.00097833
0.00096061
0.00099132
0.00095380
0.00097041
0.00098063
0.00095791
0.00098595
0.00100278
0.00096656
0.00116562
0.00096787
0.00107718
0.00100774
0.00097601
0.00096168
0.00098197
0.00093520
0.00096613
0.00099367
0.00097946
0.00097519
0.00099911
0.00096006
0.00097461
0.00096639
0.00100661
0.00100749
0.00101384
0.00102001
0.00096016
0.00093728
0.00096356
0.00098072
0.00095189
0.00101092
0.00096800
0.00098913
0.00101651
0.00094423
0.00093818
0.00097118
0.00095257
0.00099627
0.00097708
0.00095421
0.00095490
0.00095793
0.00100678
0.00097272
0.00099273
0.00095609
0.00092804
0.00095868
0.00096738
0.00095348
0.00101166
0.00092688
0.00096811
0.00100596
0.00101164
0.00096995
0.00097626
0.00097917
0.00100603
0.00106242
0.00098986
0.00098838
0.00097457
0.00099833
0.00094472
0.00097945
0.00096256
0.00100299
0.00102624
0.00094458
0.00097568
0.00098448
0.00098522
0.00099781
0.00098411
0.00098509
0.00096549
0.00095085
0.00099305
0.00103944
0.00106446
0.00098268
0.00102365
0.00097571
0.00096209
0.00098939
0.00096765
0.00099125
0.00099178
0.00098948
0.00097801
0.00099512
0.00097961
0.00097269
0.00100342
0.00097620
0.00098001
0.00098754
0.00099141
0.00098225
0.00099300
0.00100643
0.00095998
0.00095961
0.00105088
0.00101974
0.00099039
0.00099110
0.00097247
0.00101299
0.00096415
0.00093797
0.00098759
0.00101429
0.00097823
0.00097830
0.00099595
0.00097858
0.00101731
0.00099269
0.00098141
0.00104429
0.00095732
0.00097363
0.00101552
0.00100769
0.00115170
0.00096435
0.00097052
0.00101478
0.00095963
0.00095762
0.00098736
0.00105255
0.00097251
0.00099905
0.00103777
0.00097197
0.00098949
0.00100532
0.00102273
0.00102884
0.00097009
0.00094283
0.00096226
0.00101859
0.00104660
0.00097672
0.00101578
0.00099585
0.00097021
0.00094994
0.00099150
0.00096797
0.00095856
0.00101709
0.00097185
0.00096313
0.00095588
0.00095865
0.00099693
0.00102703
0.00100519
0.00098211
0.00096455
0.00094131
0.00099086
0.00099053
0.00099445
0.00097290
0.00094495
0.00094542
0.00094783
0.00102385
0.00097713
0.00099595
0.00098570
0.00101040
0.00097645
0.00093965
0.00098375
0.00100560
0.00097452
0.00096249
0.00095880
0.00097650
0.00099544
0.00098536
0.00097934
0.00097563
0.00101863
0.00097254
0.00097290
0.00097092
0.00100984
0.00094050
0.00098714
0.00096466
0.00098713
0.00101881
0.00097902
0.00099536
0.00102244
0.00100313
0.00097648
0.00096768
0.00098199
0.00094500
0.00100030
0.00097744
0.00096015
0.00098030
0.00100626
0.00103334
0.00095138
0.00100277
0.00097715
0.00094089
0.00096080
0.00103200
0.00100504
0.00104587
0.00099030
0.00099098
0.00098239
0.00102553
0.00097789
0.00101731
0.00098956
0.00093434
0.00098625
0.00096541
0.00101443
0.00097891
0.00098223
0.00096282
0.00093296
0.00098547
0.00097678
0.00096170
0.00099647
0.00094874
0.00099569
0.00103004
0.00101346
0.00101134
0.00098180
0.00099716
0.00098570
0.00102721
0.00096521
0.00101302
0.00100624
0.00101130
0.00105043
0.00096198
0.00101191
0.00094502
0.00101639
0.00102178
0.00096103
0.00102542
0.00097847
0.00097430
0.00097059
0.00098934
0.00098616
0.00101374
0.00097760
0.00096753
0.00102729
0.00103049
0.00097427
0.00100182
0.00098486
0.00097088
0.00099441
0.00103421
0.00101369
0.00095471
0.00097818
0.00094457
0.00099533
0.00099462
0.00100303
0.00094046
0.00102638
