0.00238474
0.00236363
0.00242112
0.00242715
0.00236422
0.00225139
0.00240241
0.00224476
0.00233315
0.00237190
0.00232405
0.00229148
0.00239027
0.00230745
0.00245956
0.00232691
0.00232957
0.00221715
0.00239487
0.00228786
0.00255624
0.00234561
0.00234402
0.00247600
0.00247795
0.00245662
0.00226039
0.00240594
0.00231554
0.00247967
0.00251470
0.00231044
0.00249797
0.00235965
0.00258870
0.00235728
0.00222316
0.00239814
0.00229083
0.00234359
0.00237601
0.00241116
0.00245277
0.00249123
0.00232940
0.00232670
0.00234051
0.00238781
0.00223679
0.00226763
0.00237473
0.00241989
0.00243333
0.00223657
0.00240320
0.00243494
0.00247661
0.00256410
0.00222826
0.00241897
0.00235716
0.00248993
0.00244033
0.00234584
0.00238064
0.00257083
0.00222924
0.00231066
0.00232495
0.00244250
0.00231145
0.00232823
0.00227656
0.00237331
0.00244978
0.00233236
0.00242614
0.00226625
0.00283932
0.00237170
0.00247332
0.00237878
0.00239186
0.00241702
0.00222122
0.00233221
0.00250695
0.00253196
0.00246466
0.00250405
0.00240990
0.00214716
0.00230395
0.00254192
0.00230620
0.00237908
0.00229852
0.00238405
0.00237070
0.00234013
0.00224581
0.00233084
0.00252367
0.00234520
0.00240050
0.00305330
0.00232262
0.00227899
0.00242141
0.00230122
0.00236243
0.00226178
0.00231137
0.00240369
0.00239613
0.00253199
0.00230063
0.00234134
0.00238081
0.00230154
0.00230171
0.00254333
0.00236149
0.00233445
0.00246207
0.00239338
0.00235633
0.00235935
0.00245733
0.00230877
0.00244131
0.00230197
0.00242070
0.00225448
0.00235075
0.00247254
0.00229711
0.00245680
0.00241179
0.00229802
0.00261836
0.00256454
0.00225434
0.00238414
0.00235162
0.00231334
0.00232070
0.00230483
0.00230744
0.00229209
0.00237334
0.00223796
0.00245621
0.00230402
0.00234290
0.00232517
0.00241225
0.00247605
0.00224330
0.00236039
0.00239014
0.00242669
0.00238139
0.00222151
0.00231462
0.00230817
0.00233856
0.00242392
0.00227173
0.00245386
0.00223974
0.00235192
0.00238467
0.00237599
0.00231550
0.00241062
0.00228233
0.00236715
0.00241509
0.00240158
0.00231614
0.00235955
0.00252722
0.00232120
0.00240471
0.00242909
0.00236857
0.00225728
0.00223247
0.00225534
0.00226065
0.00239903
0.00228782
0.00242360
0.00220182
0.00245930
0.00234966
0.00241926
0.00241285
0.00239780
0.00241295
0.00231807
0.00236051
0.00247676
0.00248594
0.00238682
0.00231714
0.00243700
0.00255813
0.00223946
0.00244286
0.00232480
0.00219682
0.00226703
0.00243912
0.00237038
0.00222987
0.00236106
0.00225388
0.00232134
0.00224378
0.00244842
0.00226386
0.00239089
0.00231368
0.00233612
0.00228826
0.00226968
0.00273031
0.00235980
0.00222014
0.00232901
0.00262348
0.00231037
0.00238922
0.00214243
0.00233114
0.00234633
0.00234440
0.00231660
0.00232190
0.00228742
0.00245599
0.00229218
0.00244585
0.00231295
0.00250410
0.00253327
0.00259405
0.00244526
0.00219786
0.00224171
0.00231244
0.00232607
0.00230067
0.00239839
0.00228712
0.00241202
0.00232264
0.00229069
0.00228457
0.00225810
0.00222004
0.00233667
0.00224461
0.00240050
0.00233102
0.00228320
0.00232233
0.00244026
0.00221084
0.00235569
0.00228936
0.00228572
0.00226842
0.00234252
0.00244187
0.00229974
0.00241907
0.00255202
0.00237117
0.00228026
0.00232022
0.00224122
0.00236316
0.00242518
0.00234131
0.00241103
0.00244830
0.00235425
0.00230740
0.00227589
0.00230985
0.00225853
0.00231626
0.00231669
0.00240237
0.00233187
0.00255620
0.00239366
0.00228573
0.00237244
0.00233889
0.00226492
0.00244636
0.00225087
0.00229160
0.00242469
0.00240847
0.00236642
0.00276898
0.00232338
0.00235896
0.00243782
0.00236100
0.00233472
0.00232107
0.00251072
0.00239134
0.00250730
0.00244416
0.00223968
0.00235213
0.00228230
0.00243933
0.00221420
0.00234554
0.00231112
0.00257966
0.00228162
0.00226296
0.00237745
0.00226429
0.00235718
0.00232060
0.00221683
0.00230916
0.00236919
0.00227700
0.00245772
0.00232664
0.00230211
0.00242585
0.00232873
0.00229898
0.00233875
0.00233673
0.00246915
0.00224166
0.00232378
0.00232170
0.00230017
0.00229782
0.00239170
0.00230364
0.00234806
0.00237168
0.00231298
0.00225818
0.00252096
0.00230060
0.00231210
0.00234025
0.00233421
0.00243414
0.00223237
0.00232317
0.00230256
0.00244715
0.00229733
0.00225950
0.00226095
0.00241043
0.00234996
0.00221960
0.00229313
0.00255134
0.00237307
0.00222602
0.00224528
0.00231553
0.00241437
0.00235949
0.00221640
0.00230421
0.00238125
0.00238193
0.00228995
0.00243436
0.00232708
0.00220063
0.00232054
0.00229820
0.00241106
0.00237983
0.00228148
0.00232174
0.00228019
0.00232548
0.00235681
0.00234267
0.00229290
0.00229846
0.00222313
0.00229433
0.00235532
0.00232665
0.00217204
0.00232609
0.00231331
0.00231377
0.00238544
0.00236230
0.00228197
0.00243122
0.00232090
0.00227702
0.00229051
0.00242886
0.00234486
0.00224062
0.00234184
0.00231059
0.00227756
0.00229396
0.00233178
0.00229905
0.00233115
0.00248089
0.00228931
0.00234559
0.00246635
0.00219484
0.00239454
0.00240544
0.00230637
0.00227494
0.00221228
0.00241994
0.00228094
0.00221757
0.00248859
0.00239675
0.00245813
0.00231869
0.00240088
0.00234227
0.00229472
0.00231280
0.00234286
0.00243451
0.00234470
0.00226886
0.00239834
0.00243168
0.00251116
0.00228295
0.00230164
0.00247050
0.00231981
0.00228834
0.00233381
0.00220036
0.00239147
0.00239559
0.00242604
0.00243377
0.00217387
0.00230394
0.00229371
0.00226833
0.00221130
0.00243301
0.00234383
0.00244852
0.00230824
0.00231099
0.00239948
0.00226913
0.00236325
0.00233680
0.00231455
0.00240849
0.00253388
0.00235168
0.00231844
0.00234892
0.00240113
0.00240548
0.00228715
0.00245103
0.00244271
0.00233662
0.00243502
0.00269019
0.00226150
0.00238054
0.00222475
0.00228320
0.00241383
