0.00238653
0.00257160
0.00239922
0.00247089
0.00264442
0.00258654
0.00241577
0.00243394
0.00230913
0.00248925
0.00238232
0.00241502
0.00254020
0.00246477
0.00266181
0.00236194
0.00244041
0.00246216
0.00242459
0.00247117
0.00254629
0.00242538
0.00266629
0.00236579
0.00251237
0.00260028
0.00260416
0.00243421
0.00262230
0.00235890
0.00245788
0.00236227
0.00239023
0.00241820
0.00237194
0.00253925
0.00249474
0.00256207
0.00238566
0.00226406
0.00239242
0.00251524
0.00237991
0.00255651
0.00254958
0.00268303
0.00245852
0.00260781
0.00258952
0.00232256
0.00259625
0.00247201
0.00231744
0.00241255
0.00242006
0.00253473
0.00244100
0.00254288
0.00246541
0.00251507
0.00252432
0.00254555
0.00256606
0.00254154
0.00245351
0.00253709
0.00255539
0.00242843
0.00260326
0.00266666
0.00246679
0.00257225
0.00251970
0.00246280
0.00234540
0.00241674
0.00241151
0.00243369
0.00234700
0.00247400
0.00238450
0.00264127
0.00244083
0.00248448
0.00235588
0.00252646
0.00249096
0.00229952
0.00243374
0.00255251
0.00242325
0.00262461
0.00251564
0.00248423
0.00242918
0.00245302
0.00241288
0.00260531
0.00240611
0.00254829
0.00233716
0.00235230
0.00261484
0.00236832
0.00257045
0.00310239
0.00253023
0.00267274
0.00244451
0.00245996
0.00278508
0.00252991
0.00253540
0.00243162
0.00256000
0.00246732
0.00259329
0.00252095
0.00256119
0.00246619
0.00252378
0.00237114
0.00231307
0.00234352
0.00234360
0.00254871
0.00249635
0.00250468
0.00276416
0.00260825
0.00247690
0.00259428
0.00262095
0.00230297
0.00264216
0.00260892
0.00264484
0.00245377
0.00250028
0.00237037
0.00236483
0.00235785
0.00259097
0.00266396
0.00265594
0.00232748
0.00225903
0.00248777
0.00237562
0.00243163
0.00239246
0.00258212
0.00262395
0.00260618
0.00233859
0.00252447
0.00238424
0.00243868
0.00248638
0.00286678
0.00232156
0.00246685
0.00243147
0.00245846
0.00234996
0.00266197
0.00250541
0.00269079
0.00334270
0.00251784
0.00264154
0.00252389
0.00233098
0.00238680
0.00250076
0.00244617
0.00274561
0.00256211
0.00269331
0.00246156
0.00247890
0.00242346
0.00268062
0.00263037
0.00229001
0.00238617
0.00245867
0.00236522
0.00261513
0.00265763
0.00254546
0.00243304
0.00255953
0.00268645
0.00260677
0.00239199
0.00238246
0.00248780
0.00232991
0.00239473
0.00268417
0.00248865
0.00270660
0.00269412
0.00229941
0.00251256
0.00245806
0.00230568
0.00259916
0.00245092
0.00233206
0.00241901
0.00253267
0.00243137
0.00243402
0.00231597
0.00277079
0.00239788
0.00252523
0.00261187
0.00255397
0.00275628
0.00254942
0.00250750
0.00255857
0.00250204
0.00262317
0.00245914
0.00251355
0.00249518
0.00245253
0.00247336
0.00235698
0.00244802
0.00238055
0.00254705
0.00245562
0.00264806
0.00244132
0.00256005
0.00234803
0.00234732
0.00250953
0.00256274
0.00230685
0.00241532
0.00244613
0.00268731
0.00247856
0.00240270
0.00251315
0.00231971
0.00257090
0.00237016
0.00238098
0.00231603
0.00235432
0.00243392
0.00231467
0.00237772
0.00305905
0.00261613
0.00237858
0.00261304
0.00271600
0.00248641
0.00236239
0.00253662
0.00257937
0.00297815
0.00269983
0.00233077
0.00238935
0.00228300
0.00247348
0.00249213
0.00249727
0.00272887
0.00245969
0.00256838
0.00266588
0.00259905
0.00242027
0.00246504
0.00246255
0.00236537
0.00255227
0.00232281
0.00248199
0.00251402
0.00241212
0.00238031
0.00242084
0.00240676
0.00242554
0.00240934
0.00253998
0.00245717
0.00289676
0.00255852
0.00247941
0.00257536
0.00241970
0.00234810
0.00308176
0.00249284
0.00242459
0.00268217
0.00242378
0.00252299
0.00234961
0.00235327
0.00239336
0.00266614
0.00233352
0.00250204
0.00243259
0.00238302
0.00251879
0.00266280
0.00244287
0.00244806
0.00251558
0.00246867
0.00250393
0.00251912
0.00268831
0.00229896
0.00237733
0.00254491
0.00266865
0.00257713
0.00241659
0.00257144
0.00278343
0.00253479
0.00252637
0.00240659
0.00239412
0.00244066
0.00230646
0.00238318
0.00248668
0.00248025
0.00240319
0.00248045
0.00241066
0.00244792
0.00257631
0.00260963
0.00261804
0.00238750
0.00238877
0.00237454
0.00242222
0.00262868
0.00236052
0.00235629
0.00240169
0.00250271
0.00241536
0.00235326
0.00235944
0.00237255
0.00265291
0.00235554
0.00231274
0.00244729
0.00271617
0.00233015
0.00249367
0.00243027
0.00243958
0.00236919
0.00244607
0.00263846
0.00234238
0.00259839
0.00261731
0.00261408
0.00233931
0.00249745
0.00249082
0.00251798
0.00253060
0.00235717
0.00245234
0.00259706
0.00232095
0.00253780
0.00244896
0.00242011
0.00256753
0.00244454
0.00257867
0.00250524
0.00234162
0.00242917
0.00240510
0.00252079
0.00246888
0.00247131
0.00284045
0.00256398
0.00251272
0.00247463
0.00239961
0.00231332
0.00244527
0.00227119
0.00261257
0.00261987
0.00255523
0.00239467
0.00251816
0.00239134
0.00256109
0.00252707
0.00247156
0.00252808
0.00240346
0.00241590
0.00267042
0.00248889
0.00249879
0.00244979
0.00240594
0.00247235
0.00231409
0.00236420
0.00264470
0.00241177
0.00251777
0.00278740
0.00242906
0.00237416
0.00253241
0.00262011
0.00260927
0.00244157
0.00232123
0.00243269
0.00234594
0.00246674
0.00245167
0.00247773
0.00253123
0.00241290
0.00228803
0.00245590
0.00248720
0.00230131
0.00226122
0.00233773
0.00236338
0.00236386
0.00280517
0.00248898
0.00234888
0.00248205
0.00243105
0.00241880
0.00253687
0.00248669
0.00274281
0.00228135
0.00250651
0.00244938
0.00241141
0.00257288
0.00237573
0.00318196
0.00246230
0.00238275
0.00228624
0.00248294
0.00268035
0.00287740
0.00234245
0.00239789
0.00246217
0.00253185
0.00249801
0.00264551
0.00238190
0.00239032
0.00240279
0.00261972
0.00251063
0.00255802
0.00255135
0.00237074
0.00253468
0.00270335
0.00275848
0.00256556
0.00251356
0.00238923
0.00249138
0.00253727
