0.00272383
0.00281099
0.00208227
0.00247371
0.00266099
0.00258126
0.00243237
0.00258725
0.00246135
0.00323823
0.00242301
0.00224127
0.00265173
0.00256701
0.00239170
0.00316391
0.00230871
0.00243655
0.00236097
0.00236700
0.00251896
0.00547741
0.00247860
0.00243124
0.00229352
0.00231608
0.00275477
0.00262595
0.00311391
0.00305720
0.00232228
0.00234936
0.00257961
0.00249982
0.00241091
0.00224485
0.00252490
0.00296885
0.00269618
0.00256067
0.00230074
0.00244475
0.00250193
0.00232671
0.00268641
0.00222844
0.00227076
0.00265242
0.00245403
0.00249553
0.00247722
0.00271528
0.00348585
0.00262491
0.00257101
0.00275773
0.00255030
0.00224707
0.00248702
0.00266668
0.00242852
0.00263974
0.00252744
0.00254952
0.00239314
0.00273736
0.00264127
0.00226222
0.00246045
0.00255888
0.00242278
0.00312019
0.00240774
0.00247479
0.00246094
0.00254172
0.00299705
0.00260124
0.00248059
0.00242453
0.00278061
0.00237338
0.00253777
0.00235495
0.00238951
0.00249444
0.00248331
0.00257560
0.00267697
0.00257049
0.00257378
0.00262839
0.00250883
0.00276464
0.00242486
0.00249924
0.00265580
0.00251162
0.00297312
0.00262378
0.00240138
0.00236657
0.00256155
0.00247341
0.00277064
0.00230079
0.00247878
0.00262079
0.00221376
0.00231372
0.00244696
0.00265726
0.00285706
0.00274765
0.00262482
0.00248175
0.00333255
0.00252574
0.00247872
0.00276185
0.00240298
0.00253635
0.00261064
0.00262138
0.00255309
0.00231835
0.00246189
0.00340396
0.00379203
0.00245603
0.00254456
0.00298394
0.00243322
0.00233431
0.00255393
0.00367167
0.00241331
0.00274451
0.00241952
0.00269627
0.00265231
0.00255714
0.00259872
0.00240838
0.00261338
0.00272682
0.00247472
0.00223604
0.00266418
0.00255048
0.00309490
0.00233540
0.00285867
0.00286159
0.00234039
0.00226014
0.00264661
0.00237062
0.00237292
0.00241055
0.00245557
0.00239501
0.00226730
0.00254886
0.00240846
0.00354115
0.00295311
0.00253273
0.00316027
0.00253528
0.00245486
0.00286221
0.00238346
0.00223053
0.00272867
0.00238024
0.00253267
0.00252245
0.00306410
0.00287463
0.00248687
0.00267568
0.00251122
0.00279019
0.00244521
0.00248192
0.00281663
0.00252625
0.00246764
0.00248115
0.00674764
0.00252215
0.00256727
0.00218530
0.00226024
0.00254912
0.00294256
0.00253930
0.00506475
0.00236752
0.00273925
0.00247605
0.00242251
0.00254209
0.00234336
0.00270759
0.00359087
0.00238053
0.00237272
0.00247532
0.00246441
0.00268075
0.00227914
0.00247668
0.00253027
0.00254678
0.00238193
0.00297315
0.00275767
0.00261889
0.00277400
0.00245964
0.00238640
0.00243140
0.00285302
0.00235080
0.00278699
0.00229110
0.00242178
0.00277817
0.00238412
0.00278361
0.00232157
0.00242492
0.00231930
0.00282225
0.00234523
0.00273351
0.00274521
0.00230779
0.00227662
0.00245305
0.00255257
0.00270925
0.00264977
0.00242814
0.00249049
0.00252681
0.00251144
0.00237874
0.00264090
0.00302117
0.00257430
0.00268718
0.00292203
0.00247879
0.00285378
0.00229142
0.00259295
0.00282213
0.00251376
0.00302697
0.00240100
0.00238424
0.00298433
0.00252096
0.00231947
0.00252881
0.00296033
0.00229974
0.00237446
0.00242094
0.00271068
0.00264423
0.00267526
0.00266324
0.00258753
0.00253800
0.00261594
0.00271221
0.00256912
0.00258136
0.00239892
0.00236454
0.00286658
0.00266419
0.00254055
0.00248515
0.00229646
0.00310894
0.00236587
0.00268198
0.00276660
0.00252989
0.00276694
0.00234147
0.00255271
0.00225772
0.00289922
0.00232715
0.00278324
0.00250826
0.00246215
0.00246236
0.00247790
0.00258857
0.00240208
0.00222499
0.00259591
0.00253146
0.00299148
0.00273146
0.00247511
0.00251455
0.00238295
0.00244964
0.00282222
0.00270239
0.00239483
0.00279690
0.00243423
0.00227604
0.00276833
0.00297482
0.00231905
0.00260364
0.00221794
0.00239985
0.00269909
0.00237942
0.00231360
0.00247998
0.00245987
0.00272838
0.00276670
0.00260313
0.00271163
0.00266710
0.00265351
0.00282615
0.00300855
0.00231215
0.00229813
0.00260128
0.00252095
0.00268049
0.00234838
0.00452957
0.00354876
0.00249320
0.00255585
0.00251643
0.00261339
0.00263527
0.00233976
0.00226566
0.00309763
0.00236365
0.00271669
0.00259434
0.00223486
0.00245903
0.00331505
0.00220489
0.00239990
0.00259556
0.00254636
0.00251510
0.00225285
0.00244455
0.00224593
0.00238248
0.00262581
0.00239272
0.00250359
0.00239156
0.00248120
0.00271689
0.00233231
0.00281324
0.00239901
0.00244772
0.00256365
0.00296544
0.00269942
0.00258471
0.00270331
0.00243212
0.00264370
0.00235123
0.00237758
0.00296853
0.00237194
0.00261484
0.00231730
0.00243969
0.00265536
0.00247125
0.00252857
0.00252976
0.00241476
0.00280834
0.00218991
0.00314254
0.00257426
0.00268651
0.00283519
0.00243670
0.00224092
0.00271526
0.00240824
0.00283340
0.00241452
0.00217669
0.00303028
0.00268311
0.00221139
0.00292934
0.00231986
0.00244261
0.00263248
0.00272326
0.00263889
0.00438649
0.00275970
0.00234883
0.00254870
0.00270762
0.00238815
0.00246950
0.00297722
0.00274153
0.00260641
0.00239977
0.00241232
0.00223316
0.00248134
0.00317357
0.00253269
0.00369781
0.00257005
0.00255405
0.00271192
0.00272405
0.00228223
0.00275112
0.00253519
0.00250687
0.00264160
0.00264871
0.00338994
0.00252067
0.00249353
0.00235403
0.00295442
0.00246978
0.00263745
0.00257331
0.00247622
0.00238659
0.00254333
0.00238447
0.00270498
0.00283073
0.00246119
0.00256255
0.00247628
0.00308324
0.00268681
0.00372629
0.00269892
0.00274151
0.00279917
0.00283792
0.00286507
0.00261977
0.00289908
0.00221673
0.00298259
0.00247061
0.00243845
0.00317400
0.00261276
0.00291710
0.00252496
0.00239244
0.00291295
0.00240237
0.00240942
0.00229336
0.00270058
0.00303258
0.00236081
0.00259467
0.00243675
0.00238249
0.00281644
0.00272165
0.00315719
0.00236791
