0.00122207
0.00124003
0.00121510
0.00119763
0.00123530
0.00121642
0.00121691
0.00123450
0.00116736
0.00119005
0.00119598
0.00126645
0.00117293
0.00125180
0.00119612
0.00121140
0.00117768
0.00120081
0.00128643
0.00128226
0.00122987
0.00126020
0.00120568
0.00123928
0.00119334
0.00124494
0.00124561
0.00128174
0.00123382
0.00121725
0.00120372
0.00127838
0.00118675
0.00116509
0.00120642
0.00119430
0.00117157
0.00122801
0.00120708
0.00118830
0.00121009
0.00121858
0.00123758
0.00125664
0.00123709
0.00119983
0.00116989
0.00119146
0.00126091
0.00138004
0.00121172
0.00123953
0.00123595
0.00125279
0.00121235
0.00119742
0.00116929
0.00119987
0.00117895
0.00124306
0.00119127
0.00125387
0.00120416
0.00118903
0.00128109
0.00121829
0.00124230
0.00120487
0.00118742
0.00128078
0.00121260
0.00124570
0.00123284
0.00119608
0.00119686
0.00127662
0.00121947
0.00122745
0.00128471
0.00122846
0.00116491
0.00127639
0.00124712
0.00126584
0.00116877
0.00118115
0.00115902
0.00121660
0.00123016
0.00122278
0.00118432
0.00121373
0.00115222
0.00121466
0.00123810
0.00123317
0.00120458
0.00124887
0.00125204
0.00121159
0.00121605
0.00125244
0.00125354
0.00117729
0.00119479
0.00120098
0.00126138
0.00120780
0.00121203
0.00118582
0.00119960
0.00124705
0.00119467
0.00122245
0.00121795
0.00121065
0.00120067
0.00126052
0.00127748
0.00119965
0.00118103
0.00131058
0.00123852
0.00125032
0.00124116
0.00124564
0.00117268
0.00126098
0.00119721
0.00122258
0.00121677
0.00124777
0.00120383
0.00119327
0.00121798
0.00123077
0.00122952
0.00119900
0.00117199
0.00126748
0.00121992
0.00129817
0.00120321
0.00120508
0.00124984
0.00122579
0.00119094
0.00120060
0.00125905
0.00120253
0.00119132
0.00121679
0.00121298
0.00124545
0.00117808
0.00118540
0.00120220
0.00128376
0.00126183
0.00124245
0.00120855
0.00117569
0.00124863
0.00122837
0.00118348
0.00121426
0.00124626
0.00117206
0.00127861
0.00126334
0.00119847
0.00126540
0.00123146
0.00119415
0.00124290
0.00115966
0.00125006
0.00124104
0.00122592
0.00120767
0.00125071
0.00122782
0.00123310
0.00121900
0.00119949
0.00117041
0.00120142
0.00120640
0.00126620
0.00121831
0.00118333
0.00119784
0.00121501
0.00118753
0.00118492
0.00122203
0.00122991
0.00122942
0.00126220
0.00122635
0.00115410
0.00118970
0.00119754
0.00128198
0.00117208
0.00121860
0.00122655
0.00118494
0.00124588
0.00119553
0.00129451
0.00124230
0.00117892
0.00120066
0.00131819
0.00123904
0.00120714
0.00120939
0.00119839
0.00120574
0.00122246
0.00119627
0.00124873
0.00120422
0.00121530
0.00123160
0.00128363
0.00121115
0.00120261
0.00131179
0.00121919
0.00121107
0.00122827
0.00120569
0.00118249
0.00121570
0.00124592
0.00123226
0.00124451
0.00121865
0.00125342
0.00121385
0.00128976
0.00121039
0.00117095
0.00119935
0.00118114
0.00113766
0.00121662
0.00123613
0.00119953
0.00123289
0.00119983
0.00125865
0.00123933
0.00122571
0.00124730
0.00122401
0.00121615
0.00125143
0.00126299
0.00122108
0.00121410
0.00118888
0.00121473
0.00117698
0.00124104
0.00123036
0.00119075
0.00120786
0.00122479
0.00120477
0.00121761
0.00123239
0.00120424
0.00132400
0.00124012
0.00123367
0.00122575
0.00123962
0.00123146
0.00123803
0.00127653
0.00127354
0.00123261
0.00125484
0.00124625
0.00126134
0.00121543
0.00118611
0.00118779
0.00121228
0.00124778
0.00122648
0.00125682
0.00127493
0.00124185
0.00119707
0.00123999
0.00120066
0.00125105
0.00118684
0.00116230
0.00122108
0.00120690
0.00123405
0.00117507
0.00124255
0.00121107
0.00121854
0.00124896
0.00121195
0.00122658
0.00120280
0.00116944
0.00121276
0.00119251
0.00126313
0.00121156
0.00124617
0.00122937
0.00117973
0.00125241
0.00120532
0.00122971
0.00118911
0.00138890
0.00117104
0.00116011
0.00114279
0.00123465
0.00124116
0.00122175
0.00122660
0.00121886
0.00119158
0.00119605
0.00124150
0.00121349
0.00121055
0.00118471
0.00125986
0.00120987
0.00120250
0.00118052
0.00120790
0.00122757
0.00121003
0.00134091
0.00124739
0.00117811
0.00122151
0.00119572
0.00130987
0.00119361
0.00116280
0.00127505
0.00122267
0.00118900
0.00115403
0.00122263
0.00122393
0.00122031
0.00123950
0.00124021
0.00119404
0.00119920
0.00118200
0.00121470
0.00117375
0.00118103
0.00129219
0.00117182
0.00122841
0.00122854
0.00125450
0.00121601
0.00120590
0.00116187
0.00125267
0.00119168
0.00127191
0.00120006
0.00117351
0.00124599
0.00120490
0.00122001
0.00128418
0.00119323
0.00121770
0.00118905
0.00118585
0.00122370
0.00119447
0.00121908
0.00119692
0.00127436
0.00123307
0.00119644
0.00119956
0.00122335
0.00124774
0.00118064
0.00119265
0.00122690
0.00126348
0.00121671
0.00121821
0.00128060
0.00119349
0.00119488
0.00123511
0.00119637
0.00121089
0.00122913
0.00118539
0.00125046
0.00122738
0.00120427
0.00122237
0.00119555
0.00120387
0.00120027
0.00125300
0.00120808
0.00120748
0.00123821
0.00118126
0.00121685
0.00119977
0.00125103
0.00123341
0.00115675
0.00120989
0.00118223
0.00121588
0.00120702
0.00124719
0.00120835
0.00121586
0.00120605
0.00115222
0.00123580
0.00120665
0.00120505
0.00120306
0.00118250
0.00122691
0.00120854
0.00125556
0.00122791
0.00122780
0.00117585
0.00123057
0.00123281
0.00120517
0.00115866
0.00122494
0.00123308
0.00122565
0.00121371
0.00115150
0.00124700
0.00121380
0.00121369
0.00118219
0.00127201
0.00122194
0.00121236
0.00122353
0.00123775
0.00121248
0.00122914
0.00121361
0.00122630
0.00116559
0.00119257
0.00127578
0.00119899
0.00121024
0.00120633
0.00119278
0.00126016
0.00119249
0.00115794
0.00120222
0.00118643
0.00123270
0.00122256
0.00115501
0.00122062
0.00125442
0.00117932
0.00125960
0.00119384
0.00119939
0.00119047
0.00120812
0.00118989
0.00121062
